8.121493939708528398e-01
9.301295594162307667e-01
1.045489829004777604e+00
1.158288380772391823e+00
1.268582100839550586e+00
1.376426612099893143e+00
1.481876302271738277e+00
1.584984351326685026e+00
1.685802758309124627e+00
1.784382367560195526e+00
1.880772894359398650e+00
1.975022949996811716e+00
2.067180066288544005e+00
2.157290719547792612e+00
2.245400354023595391e+00
2.331553404819092901e+00
2.415793320300867020e+00
2.498162584010647613e+00
2.578702736090444425e+00
2.657454394231909323e+00
2.734457274160489781e+00
2.809750209664705345e+00
2.883371172180651865e+00
2.955357289941606069e+00
3.022448311457963666e+00
3.076757348865164943e+00
3.117815325374506674e+00
3.146639525328370990e+00
3.165056358358095512e+00
3.175117791745900586e+00
3.178824742206552312e+00
3.177958875290315177e+00
3.174003940468041574e+00
3.168128552765404837e+00
3.161206314431326270e+00
3.153855703697765467e+00
3.146487637832962481e+00
3.139352945962071484e+00
3.132585254359202764e+00
3.126237106867062021e+00
3.120308702786780408e+00
3.114769598936645956e+00
3.109574250780768878e+00
3.104672487538299830e+00
3.100016044180229802e+00
3.095562178189820379e+00
3.091275246593743198e+00
3.087126947764340379e+00
3.083095764135715733e+00
3.079165994717312227e+00
3.075326640543824208e+00
3.071570311832192868e+00
3.067892252005951725e+00
3.064289522820464740e+00
3.060760360881732645e+00
3.057303695155539458e+00
3.053918804037529799e+00
3.050605086193466597e+00
3.047361919316996293e+00
3.044188583383790281e+00
3.041084228633549102e+00
3.038047872522636084e+00
3.035078413726459257e+00
3.032174654638717382e+00
3.029335326588591393e+00
3.026559114160703778e+00
3.023844676604959147e+00
3.021190665447389900e+00
3.018595738148434737e+00
3.016058568101322113e+00
3.013577851488886683e+00
3.011152311603825016e+00
3.008780701226324794e+00
3.006461803591269355e+00
3.004194432390745906e+00
3.001977431163304288e+00
2.999809672333994648e+00
2.997690056094516553e+00
2.995617509247392451e+00
2.993590984092921570e+00
2.991609457400221217e+00
2.989671929480497425e+00
2.987777423362618201e+00
2.985924984064164622e+00
2.984113677944608245e+00
2.982342592126360437e+00
2.980610833969804752e+00
2.978917530589839213e+00
2.977261828404361488e+00
2.975642892705289810e+00
2.974059907247265766e+00
2.972512073849138403e+00
2.970998612005376405e+00
2.969518758505389489e+00
2.968071767060223465e+00
2.966656907935462772e+00
2.965273467590070933e+00
2.963920748321863474e+00
2.962598067919271827e+00
2.961304759319504321e+00
2.960040170273912974e+00
2.958803663019376362e+00
2.957594613956977092e+00
2.956412413337431655e+00
2.955256464953355700e+00
2.954126185838271912e+00
2.953021005972153112e+00
2.951940367994056125e+00
2.950883726920411565e+00
2.949850549869931449e+00
2.948840315795109746e+00
2.947852515218973402e+00
2.946886649978159411e+00
2.945942232971637154e+00
2.945018787915028469e+00
2.944115849100398030e+00
2.943232961161389660e+00
2.942369678843577585e+00
2.941525566779926049e+00
2.940700199271233828e+00
2.939893160071455736e+00
2.939104042177650644e+00
2.938332447624991239e+00
2.937577987286104086e+00
2.936840280674557491e+00
2.936118955752936355e+00
2.935413648745488491e+00
2.934724003954566562e+00
2.934049673581376805e+00
2.933390317550312432e+00
2.932745603337409968e+00
2.932115205803059066e+00
2.931498807027670850e+00
2.930896096151305752e+00
2.930306769217305707e+00
2.929730529018645502e+00
2.929167084948002042e+00
2.928616152851601040e+00
2.928077454885553266e+00
2.927550719375826116e+00
2.927035680681240759e+00
2.926532079059507296e+00
2.926039660536233544e+00
2.925558176776843489e+00
2.925087384961340575e+00
2.924627047661846557e+00
2.924176932722867051e+00
2.923736813144071522e+00
2.923306466966211659e+00
2.922885677158820972e+00
2.922474231510855613e+00
2.922071922523674647e+00
2.921678547306397089e+00
2.921293907473583307e+00
2.920917809045188385e+00
2.920550062348595599e+00
2.920190481923363279e+00
2.919838886427191582e+00
2.919495098544961031e+00
2.919158944898947450e+00
2.918830255961481601e+00
2.918508865969458022e+00
2.918194612840739222e+00
2.917887338092421068e+00
2.917586886760770604e+00
2.917293107323337686e+00
2.917005851622574752e+00
2.916724974790849245e+00
2.916450335177340314e+00
2.916181794277008521e+00
2.915919216660383118e+00
2.915662469905362375e+00
2.915411424530431894e+00
2.915165953929234277e+00
2.914925934307118549e+00
2.914691244618348609e+00
2.914461766505149765e+00
2.914237384238021811e+00
2.914017984657381266e+00
2.913803457116489692e+00
2.913593693425657438e+00
2.913388587797681062e+00
2.913188036794495783e+00
2.912991939274868880e+00
2.912800196343794390e+00
2.912612711302253299e+00
2.912429389598539586e+00
2.912250138780579256e+00
2.912074868449306297e+00
2.911903490213076484e+00
2.911735917642954252e+00
2.911572066229521027e+00
2.911411853339898048e+00
2.911255198176161407e+00
2.911102021734599088e+00
2.910952246765872165e+00
2.910805797736054412e+00
2.910662600788545440e+00
2.910522583706820487e+00
2.910385675878013334e+00
2.910251808257167117e+00
2.910120913332812975e+00
2.909992925092558025e+00
2.909867778989889242e+00
2.909745411911621726e+00
2.909625762145936267e+00
2.909508769351656365e+00
2.909394374527455085e+00
2.909282519982195225e+00
2.909173149305833483e+00
2.909066207340980537e+00
2.908961640154942518e+00
2.908859395012929117e+00
2.908759420350953029e+00
2.908661665750317482e+00
2.908566081911831525e+00
2.908472620631039618e+00
2.908381234773917523e+00
2.908291878252968310e+00
2.908204506004381074e+00
2.908119073964941403e+00
2.908035539049904195e+00
2.907953859131132024e+00
2.907873993016249159e+00
2.907795900427507352e+00
2.907719541981565126e+00
2.907644879169630325e+00
2.907571874338044537e+00
2.907500490669291615e+00
2.907430692163298414e+00
2.907362443619675219e+00
2.907295710619465456e+00
2.907230459508276965e+00
2.907166657378950081e+00
2.907104272055056171e+00
2.907043272074676388e+00
2.906983626674536580e+00
2.906925305774359813e+00
2.906868279962096846e+00
2.906812520478728512e+00
2.906757999203858578e+00
2.906704688641394085e+00
2.906652561906083232e+00
2.906601592709593174e+00
2.906551755347345889e+00
2.906503024685558323e+00
2.906455376148571634e+00
2.906408785706457554e+00
2.906363229862900521e+00
2.906318685643215272e+00
2.906275130583154898e+00
2.906232542717221090e+00
2.906190900567677371e+00
2.906150183133722198e+00
2.906110369880760658e+00
2.906071440730451538e+00
2.906033376050217054e+00
2.905996156643434247e+00
2.905959763739760060e+00
2.905924178985666462e+00
2.905889384435185629e+00
2.905855362540861631e+00
2.905822096144901057e+00
2.905789568470522610e+00
2.905757763113492764e+00
2.905726664033856377e+00
2.905696255547709050e+00
2.905666522319685363e+00
2.905637449354861790e+00
2.905609021991286678e+00
2.905581225892587938e+00
2.905554047040610932e+00
2.905527471728746036e+00
2.905501486554654900e+00
2.905476078413605112e+00
2.905451234491864376e+00
2.905426942260241230e+00
2.905403189467631098e+00
2.905379964135237802e+00
2.905357254550032575e+00
2.905335049259338387e+00
2.905313337064693080e+00
2.905292107016296033e+00
2.905271348407494791e+00
2.905251050769247279e+00
2.905231203865245249e+00
2.905211797686390263e+00
2.905192822445838097e+00
2.905174268574068464e+00
2.905156126714061315e+00
2.905138387716440729e+00
2.905121042635264050e+00
2.905104082723142245e+00
2.905087499426927344e+00
2.905071284383396790e+00
2.905055429415041246e+00
2.905039926525941230e+00
2.905024767897735227e+00
2.905009945885678402e+00
2.904995453014787898e+00
2.904981281976072971e+00
3.018152721952704454e+00
3.087145848285887340e+00
3.154606896704551300e+00
3.220569888898405342e+00
3.285068091063354956e+00
3.348134030678179052e+00
3.409799512908659569e+00
3.470095636647436699e+00
3.529052810197681467e+00
3.586700766608488689e+00
3.643068578669732105e+00
3.698184673573940096e+00
3.752076847252582503e+00
3.804772278394008556e+00
3.856297542150093349e+00
3.906678623538514028e+00
3.955940930547411583e+00
4.004109306949046321e+00
4.051208044828912946e+00
4.097260896836627531e+00
4.142291088164771651e+00
4.186321328261727537e+00
4.229373822284418161e+00
4.271470282296727206e+00
4.312631938219237071e+00
4.352879548535820931e+00
4.392233410762480972e+00
4.430713371683707713e+00
4.468338837361534033e+00
4.505128782922326103e+00
4.541101762126240615e+00
4.576275916724185322e+00
4.610668985606993786e+00
4.644298313751436424e+00
4.677180860967567355e+00
4.709333210451831064e+00
4.740771577150232119e+00
4.771511815935793877e+00
4.801569429604429118e+00
4.830959576693241608e+00
4.857909931214842381e+00
4.879951997834213628e+00
4.896955632609126141e+00
4.909297758301715220e+00
4.917616864855409275e+00
4.922646866320305570e+00
4.925111909194884952e+00
4.925670906578933916e+00
4.924881002716217537e+00
4.923187553021482366e+00
4.920933445286848062e+00
4.918371673577105696e+00
4.915680563578081141e+00
4.912979203476985468e+00
4.910341636937991083e+00
4.907809088538130027e+00
4.905399968544758238e+00
4.903117705275540139e+00
4.900956624052548172e+00
4.898906171989561464e+00
4.896953808256736096e+00
4.895086863246043585e+00
4.893293633942353615e+00
4.891563938105864651e+00
4.889889305173573675e+00
4.888262938201702212e+00
4.886679546121136752e+00
4.885135115113177662e+00
4.883626664751468560e+00
4.882152016414499585e+00
4.880709589452547625e+00
4.879298231232866101e+00
4.877917081971858693e+00
4.876565471457046996e+00
4.875242843567995976e+00
4.873948703517108072e+00
4.872682582939886764e+00
4.871444018419648359e+00
4.870232539445193076e+00
4.869047663743036658e+00
4.867888896049278991e+00
4.866755730372446465e+00
4.865647652282429014e+00
4.864564143103054406e+00
4.863504682831877091e+00
4.862468753359721063e+00
4.861455841061900429e+00
4.860465438848944331e+00
4.859497047696303085e+00
4.858550177739055620e+00
4.857624348957416238e+00
4.856719091577542002e+00
4.855833946239058285e+00
4.854968463995430916e+00
4.854122206198820066e+00
4.853294744310027831e+00
4.852485659664186102e+00
4.851694543214265742e+00
4.850920995267629543e+00
4.850164625225444226e+00
4.849425051330786829e+00
4.848701900428430633e+00
4.847994807737364908e+00
4.847303416635884155e+00
4.846627378458357782e+00
4.845966352302497171e+00
4.845320004845769191e+00
4.844688010169731385e+00
4.844070049591131522e+00
4.843465811498830043e+00
4.842874991195759371e+00
4.842297290745305460e+00
4.841732418821635520e+00
4.841180090563628191e+00
4.840640027432138837e+00
4.840111957070415194e+00
4.839595613167539057e+00
4.839090735324781178e+00
4.838597068924817890e+00
4.838114365003719719e+00
4.837642380125704911e+00
4.837180876260574358e+00
4.836729620663816398e+00
4.836288385759310415e+00
4.835856949024607943e+00
4.835435092878730856e+00
4.835022604572451144e+00
4.834619276080981187e+00
4.834224903993783684e+00
4.833839289427254826e+00
4.833462237910486792e+00
4.833093559290730923e+00
4.832733067637605018e+00
4.832380581149399390e+00
4.832035922061453270e+00
4.831698916556544710e+00
4.831369394677262008e+00
4.831047190240306932e+00
4.830732140752695969e+00
4.830424087329821425e+00
4.830122874615318196e+00
4.829828350702718431e+00
4.829540367058841710e+00
4.829258778448882516e+00
4.828983442863161279e+00
4.828714221440231213e+00
4.828450978412131889e+00
4.828193581021988479e+00
4.827941899460615360e+00
4.827695806795885503e+00
4.827455178924083157e+00
4.827219894493464558e+00
4.826989834846651561e+00
4.826764883955660501e+00
4.826544928378777577e+00
4.826329857189503691e+00
4.826119561924217649e+00
4.825913936527620685e+00
4.825712877299356940e+00
4.825516282841794791e+00
4.825324054008936159e+00
4.825136093856450259e+00
4.824952307592798917e+00
4.824772602531434806e+00
4.824596888044065501e+00
4.824425075514944261e+00
4.824257078296171564e+00
4.824092811663996727e+00
4.823932192776081429e+00
4.823775140629718017e+00
4.823621576020975965e+00
4.823471421504750722e+00
4.823324601355711394e+00
4.823181041530099300e+00
4.823040669628392507e+00
4.822903414858791926e+00
4.822769208001519203e+00
4.822637981373904204e+00
4.822509668796254978e+00
4.822384205553206016e+00
4.822261528376360573e+00
4.822141575393191104e+00
4.822024286114663383e+00
4.821909601390927058e+00
4.821797463385121496e+00
4.821687815544388300e+00
4.821580602571478025e+00
4.821475770396971505e+00
4.821373266152066073e+00
4.821273038141970169e+00
4.821175035814571075e+00
4.821079209750244843e+00
4.820985511617735142e+00
4.820893894163337912e+00
4.820804311188545022e+00
4.820716717516450700e+00
4.820631068972696553e+00
4.820547322363430531e+00
4.820465435453711756e+00
4.820385366946331018e+00
4.820307076461078033e+00
4.820230524514427906e+00
4.820155672499663702e+00
4.820082482667421786e+00
4.820010918106657272e+00
4.819940942726029576e+00
4.819872521235692986e+00
4.819805619129493124e+00
4.819740202667558648e+00
4.819676238859274875e+00
4.819613695446642865e+00
4.819552540888002667e+00
4.819492744336848489e+00
4.819434275641552468e+00
4.819377105316232424e+00
4.819321204529432023e+00
4.819266545089694098e+00
4.819213099431425285e+00
4.819160840601062645e+00
4.819109742243528949e+00
4.819059778588969500e+00
4.819010924439778520e+00
4.818963155157902634e+00
4.818916446652423247e+00
4.818870775367405379e+00
4.818826118270020054e+00
4.818782452838927810e+00
4.818739757052913575e+00
4.818698009379783542e+00
4.818657188765499200e+00
4.818617274623561819e+00
4.818578246824624323e+00
4.818540085686339403e+00
4.818502771963433240e+00
4.818466286837997714e+00
4.818430611910000216e+00
4.818395729188003962e+00
4.818361621080095247e+00
4.818328270385007883e+00
4.818295660283453685e+00
4.818263774329635041e+00
4.818232596442954652e+00
4.818202110899903801e+00
4.818172302326135359e+00
4.818143155688706436e+00
4.818114656288500441e+00
4.818086789747535903e+00
4.818059542017000041e+00
4.818032899356239795e+00
4.818006848329385861e+00
4.817981375793409349e+00
4.817956468906866796e+00
4.817932115109567093e+00
4.817908302119835895e+00
4.817885017928462688e+00
4.817862250792757983e+00
4.817839989230702002e+00
4.817818222015210594e+00
4.817796938168507737e+00
4.817776126956604621e+00
4.817755777883899526e+00
4.817735880687888717e+00
4.817716425333986585e+00
4.817697402010462149e+00
4.817678801123491006e+00
4.817660613292307659e+00
4.817642829339193966e+00
4.817625440300131956e+00
4.817608437406358135e+00
4.817591812083490410e+00
4.817575555942035237e+00
4.817559660788526266e+00
4.817544118607538728e+00
4.817528921561240907e+00
4.817514061985583851e+00
4.817499532386548822e+00
4.817485325436440924e+00
4.817471433970248462e+00
4.817457850976786915e+00
4.817444569610463745e+00
4.817431583173917176e+00
4.817418885118188498e+00
4.817406469034257732e+00
4.817394328665177916e+00
4.817382457889058500e+00
4.817370850719572495e+00
4.817359501303076996e+00
4.817348403915763910e+00
4.817337552960848868e+00
4.817326942965796555e+00
4.817316568579598446e+00
4.817306424564807621e+00
4.817296505810195306e+00
4.817286807314252961e+00
4.817277324186217236e+00
4.817268051643714522e+00
4.817258985010433037e+00
4.817250119713820666e+00
4.817241451282825437e+00
4.817232975345670631e+00
4.646310905080699882e+00
4.542100292544007267e+00
4.440203805868996767e+00
4.340570057021635009e+00
4.243148799102900881e+00
4.147890901008463693e+00
4.054748322671533067e+00
3.973138773927161527e+00
3.906979136226682581e+00
3.856046015723613607e+00
3.818858426260255179e+00
3.793265372280929970e+00
3.776948822281948726e+00
3.767706179387987575e+00
3.763603988572074677e+00
3.763042652070327954e+00
3.764763452604728222e+00
3.767821382647755790e+00
3.771540581399174918e+00
3.775463745213828215e+00
3.779302670208393167e+00
3.782893989004498803e+00
3.786161984914170997e+00
3.789088930940710753e+00
3.791692522926423781e+00
3.794009508529502028e+00
3.796084417156674551e+00
3.797962291672617674e+00
3.799684412616054274e+00
3.801286155069381056e+00
3.802796281927908861e+00
3.804237137492504583e+00
3.805625347141440962e+00
3.806972746725367784e+00
3.808287360992014925e+00
3.809574320126882796e+00
3.810836658038870173e+00
3.812075965777652620e+00
3.813292903786805077e+00
3.814487583180820263e+00
3.815659837253898790e+00
3.816809403443425008e+00
3.817936036808002864e+00
3.819039573329760184e+00
3.820119958240876912e+00
3.821177251436877143e+00
3.822211619091453016e+00
3.823223318037835661e+00
3.824212677397202498e+00
3.825180080311634701e+00
3.826125947433411500e+00
3.827050722969797203e+00
3.827954863513416406e+00
3.828838829536251875e+00
3.829703079231772112e+00
3.830548064306039446e+00
3.831374227306637792e+00
3.832182000108912856e+00
3.832971803231778107e+00
3.833744045716039661e+00
3.834499125357998306e+00
3.835237429144856325e+00
3.835959333783821812e+00
3.836665206253076388e+00
3.837355404330478947e+00
3.838030277076047270e+00
3.838690165258166420e+00
3.839335401722526075e+00
3.839966311708113533e+00
3.840583213117332306e+00
3.841186416748250121e+00
3.841776226496794067e+00
3.842352939535905065e+00
3.842916846477561155e+00
3.843468231522377376e+00
3.844007372600394934e+00
3.844534541505702840e+00
3.845050004026718149e+00
3.845554020073336243e+00
3.846046843801696369e+00
3.846528723736949651e+00
3.846999902894217005e+00
3.847460618897765361e+00
3.847911104098354684e+00
3.848351585688672749e+00
3.848782285816763515e+00
3.849203421697355854e+00
3.849615205721036659e+00
3.850017845561214624e+00
3.850411544278846687e+00
3.850796500424922719e+00
3.851172908140717777e+00
3.851540957255837672e+00
3.851900833384078737e+00
3.852252718017152411e+00
3.852596788616308832e+00
3.852933218701911411e+00
3.853262177941001454e+00
3.853583832232907014e+00
3.853898343792933723e+00
3.854205871234194891e+00
3.854506569647611069e+00
3.854800590680129702e+00
3.855088082611207501e+00
3.855369190427583526e+00
3.855644055896403799e+00
3.855912817636708123e+00
3.856175611189338159e+00
3.856432569085289863e+00
3.856683820912549798e+00
3.856929493381445972e+00
3.857169710388547834e+00
3.857404593079150956e+00
3.857634259908368612e+00
3.857858826700871546e+00
3.858078406709301689e+00
3.858293110671383364e+00
3.858503046865772834e+00
3.858708321166665289e+00
3.858909037097185912e+00
3.859105295881601005e+00
3.859297196496368265e+00
3.859484835720047080e+00
3.859668308182111929e+00
3.859847706410670209e+00
3.860023120879128466e+00
3.860194640051819448e+00
3.860362350428614864e+00
3.860526336588550489e+00
3.860686681232478712e+00
3.860843465224778281e+00
3.860996767634132798e+00
3.861146665773409037e+00
3.861293235238644428e+00
3.861436549947173003e+00
3.861576682174903574e+00
3.861713702592767916e+00
3.861847680302362917e+00
3.861978682870797375e+00
3.862106776364770511e+00
3.862232025383887546e+00
3.862354493093239416e+00
3.862474241255257734e+00
3.862591330260862765e+00
3.862705819159920839e+00
3.862817765691020533e+00
3.862927226310595596e+00
3.863034256221393292e+00
3.863138909400315679e+00
3.863241238625641394e+00
3.863341295503640360e+00
3.863439130494603191e+00
3.863534792938287055e+00
3.863628331078797107e+00
3.863719792088919913e+00
3.863809222093910645e+00
3.863896666194756691e+00
3.863982168490921243e+00
3.864065772102586394e+00
3.864147519192394853e+00
3.864227450986715162e+00
3.864305607796436615e+00
3.864382029037291222e+00
3.864456753249738252e+00
3.864529818118397575e+00
3.864601260491056234e+00
3.864671116397248252e+00
3.864739421066429426e+00
3.864806208945740451e+00
3.864871513717381468e+00
3.864935368315597586e+00
3.864997804943286930e+00
3.865058855088243650e+00
3.865118549539035886e+00
3.865176918400533346e+00
3.865233991109089828e+00
3.865289796447388238e+00
3.865344362558956970e+00
3.865397716962362562e+00
3.865449886565086146e+00
3.865500897677096592e+00
3.865550776024115898e+00
3.865599546760596361e+00
3.865647234482402883e+00
3.865693863239218153e+00
3.865739456546674280e+00
3.865784037398206863e+00
3.865827628276655936e+00
3.865870251165600457e+00
3.865911927560448103e+00
3.865952678479273708e+00
3.865992524473420122e+00
3.866031485637861920e+00
3.866069581621339069e+00
3.866106831636268559e+00
3.866143254468429991e+00
3.866178868486442877e+00
3.866213691651028128e+00
3.866247741524066139e+00
3.866281035277455924e+00
3.866313589701770415e+00
3.866345421214728795e+00
3.866376545869474324e+00
3.866406979362669638e+00
3.866436737042414862e+00
3.866465833915984529e+00
3.866494284657399305e+00
3.866522103614825401e+00
3.866549304817809229e+00
3.866575901984353525e+00
3.866601908527837583e+00
3.866627337563778521e+00
3.866652201916445986e+00
3.866676514125334307e+00
3.866700286451479229e+00
3.866723530883646287e+00
3.866746259144376641e+00
3.866768482695897013e+00
3.866790212745900845e+00
3.866811460253201549e+00
3.866832235933257866e+00
3.866852550263578880e+00
3.866872413489007343e+00
3.866891835626887541e+00
3.866910826472114149e+00
3.866929395602075825e+00
3.866947552381482911e+00
3.866965305967090760e+00
3.866982665312317824e+00
3.866999639171759817e+00
3.867016236105607518e+00
3.867032464483960208e+00
3.867048332491050289e+00
3.867063848129368431e+00
3.867079019223699454e+00
3.867093853425070726e+00
3.867108358214607744e+00
3.867122540907308004e+00
3.867136408655731827e+00
3.867149968453607922e+00
3.867163227139359005e+00
3.867176191399554153e+00
3.867188867772277217e+00
3.867201262650426408e+00
3.867213382284937939e+00
3.867225232787937728e+00
3.867236820135825592e+00
3.867248150172286181e+00
3.867259228611239497e+00
3.867270061039719486e+00
3.867280652920694006e+00
3.867291009595818174e+00
3.867301136288130881e+00
3.867311038104683796e+00
3.867320720039123305e+00
3.867330186974203610e+00
3.867339443684252753e+00
3.867348494837578698e+00
3.867357344998821667e+00
3.867365998631261181e+00
3.867374460099062716e+00
3.867382733669480821e+00
3.867390823515008957e+00
3.867398733715487147e+00
3.867406468260155439e+00
3.867414031049669632e+00
3.867421425898065479e+00
3.867428656534683373e+00
3.867435726606049951e+00
3.867442639677715732e+00
3.867449399236054131e+00
3.867456008690018265e+00
3.867462471372861810e+00
3.867468790543819424e+00
3.867474969389751216e+00
3.867481011026748572e+00
3.867486918501705340e+00
3.867492694793855268e+00
3.867498342816277024e+00
3.867503865417357467e+00
3.867509265382233163e+00
3.867514545434193707e+00
3.867519708236054399e+00
3.867524756391497398e+00
3.867529692446390222e+00
3.867534518890063389e+00
3.867539238156570303e+00
3.867543852625913825e+00
3.867548364625243984e+00
3.867552776430034367e+00
3.867557090265228759e+00
3.867561308306364687e+00
3.867565432680666770e+00
3.867569465468124079e+00
3.867573408702535520e+00
3.867577264372537904e+00
3.867581034422606923e+00
3.867584720754039918e+00
3.867588325225912449e+00
3.867591849656018432e+00
3.946924332616428277e+00
3.995292933754763354e+00
4.042587450132793414e+00
4.088831733134376201e+00
4.134049104493813687e+00
4.178262368057384712e+00
4.221493821283683445e+00
4.263765266488594996e+00
4.305098021840540135e+00
4.345512932111585513e+00
4.385030379189782224e+00
4.423670292358089284e+00
4.461452158345026398e+00
4.498395031152145229e+00
4.534517541663267259e+00
4.569837907040338543e+00
4.604373939910638924e+00
4.638143057349969567e+00
4.671162289666372480e+00
4.703448288988780313e+00
4.735017337664957360e+00
4.765885356472947976e+00
4.796067912650179288e+00
4.825580227744268313e+00
4.854437185289496526e+00
4.882653338312811897e+00
4.910242916673152713e+00
4.937219834237799532e+00
4.963597695899354179e+00
4.989389804436914488e+00
5.014609167224868713e+00
5.039268502792733528e+00
5.063380247239306797e+00
5.086956560504392044e+00
5.110009332501252999e+00
5.132550189112887296e+00
5.154590498055146242e+00
5.176141374609654733e+00
5.197213687229428558e+00
5.217818063020007280e+00
5.237964893098875585e+00
5.257664337835872281e+00
5.276926331977224827e+00
5.295760589655801098e+00
5.314176609290107045e+00
5.332183678374487812e+00
5.349790878162958840e+00
5.367007088249033941e+00
5.383840991043839175e+00
5.400301076154800484e+00
5.416395644667082010e+00
5.432132813329959120e+00
5.447520518650227572e+00
5.462566520894706734e+00
5.477278408003871668e+00
5.491663599418570740e+00
5.505729349821766760e+00
5.519482752797195246e+00
5.532930744406765911e+00
5.546080106688537903e+00
5.558937471077003423e+00
5.571509321747430299e+00
5.583801998885935092e+00
5.595821701886939614e+00
5.607574492479627359e+00
5.619066297784968356e+00
5.630302913304863210e+00
5.641290005844904698e+00
5.652033116372244592e+00
5.662537662809986827e+00
5.672808942769536067e+00
5.682852136222265926e+00
5.692672308111863089e+00
5.702274410908662716e+00
5.711663287107251463e+00
5.720843671668622399e+00
5.729820194408086209e+00
5.738597382330167918e+00
5.747179661911641091e+00
5.755571361333874592e+00
5.763776712665604762e+00
5.771799853997232610e+00
5.779644831527731341e+00
5.787315601605210524e+00
5.794816032722163612e+00
5.802149907466412238e+00
5.809320924428722499e+00
5.816332700068071127e+00
5.823188770535476344e+00
5.829892593457340233e+00
5.835703775275719707e+00
5.840176504216770148e+00
5.843308392351488578e+00
5.845216463655162897e+00
5.846077252382271716e+00
5.846086819164566073e+00
5.845435786317825233e+00
5.844295255508617615e+00
5.842810269228944975e+00
5.841098226056900877e+00
5.839250318307223075e+00
5.837334607936559117e+00
5.835399794948190610e+00
5.833479067473258617e+00
5.831593670929096973e+00
5.829756008809864554e+00
5.827972205851588150e+00
5.826244139101271813e+00
5.824570985478827012e+00
5.822950355738393036e+00
5.821379089997211764e+00
5.819853788755581014e+00
5.818371143928109390e+00
5.816928125676582795e+00
5.815522068262485966e+00
5.814150690625594642e+00
5.812812076657370319e+00
5.811504633763034278e+00
5.810227042275746712e+00
5.808978203827519948e+00
5.807757193493691794e+00
5.806563218195902820e+00
5.805395582278142008e+00
5.804253660177152163e+00
5.803136875536390349e+00
5.802044685834848892e+00
5.800976571519388614e+00
5.799932028667312167e+00
5.798910564311229088e+00
5.797911693693624358e+00
5.796934938859992670e+00
5.795979828132261424e+00
5.795045896120748274e+00
5.794132684029949409e+00
5.793239740090911027e+00
5.792366620012331602e+00
5.791512887386333297e+00
5.790678114015840094e+00
5.789861880151384810e+00
5.789063774638320226e+00
5.788283394983057661e+00
5.787520347350598726e+00
5.786774246506739772e+00
5.786044715717803655e+00
5.785331386619371408e+00
5.784633899063633677e+00
5.783951900953161918e+00
5.783285048067083878e+00
5.782633003884125600e+00
5.781995439405679171e+00
5.781372032981033193e+00
5.780762470136117770e+00
5.780166443406517196e+00
5.779583652175133146e+00
5.779013802514544551e+00
5.778456607034006431e+00
5.777911784730874523e+00
5.777379060846222991e+00
5.776858166724409216e+00
5.776348839676335167e+00
5.775850822846191335e+00
5.775363865081481585e+00
5.774887720806154867e+00
5.774422149896711431e+00
5.773966917561151213e+00
5.773521794220655146e+00
5.773086555393930119e+00
5.772660981584114559e+00
5.772244858168195769e+00
5.771837975288870659e+00
5.771440127748789450e+00
5.771051114907135293e+00
5.770670740578486502e+00
5.770298812933913446e+00
5.769935144404260363e+00
5.769579551585565014e+00
5.769231855146581545e+00
5.768891879738342610e+00
5.768559453905730550e+00
5.768234410001012336e+00
5.767916584099289423e+00
5.767605815915831435e+00
5.767301948725232386e+00
5.767004829282377010e+00
5.766714307745150592e+00
5.766430237598873632e+00
5.766152475582406289e+00
5.765880881615903952e+00
5.765615318730167971e+00
5.765355652997572022e+00
5.765101753464522361e+00
5.764853492085408426e+00
5.764610743658032277e+00
5.764373385760464430e+00
5.764141298689309245e+00
5.763914365399330997e+00
5.763692471444430865e+00
5.763475504919922443e+00
5.763263356406107540e+00
5.763055918913083886e+00
5.762853087826793619e+00
5.762654760856263714e+00
5.762460837982018802e+00
5.762271221405642407e+00
5.762085815500448405e+00
5.761904526763263590e+00
5.761727263767266294e+00
5.761553937115884594e+00
5.761384459397702607e+00
5.761218745142388187e+00
5.761056710777580747e+00
5.760898274586749856e+00
5.760743356667980208e+00
5.760591878893680295e+00
5.760443764871173933e+00
5.760298939904184401e+00
5.760157330955154364e+00
5.760018866608417554e+00
5.759883477034182242e+00
5.759751093953311418e+00
5.759621650602892551e+00
5.759495081702565855e+00
5.759371323421603073e+00
5.759250313346716332e+00
5.759131990450582883e+00
5.759016295061065271e+00
5.758903168831122521e+00
5.758792554709380340e+00
5.758684396911361247e+00
5.758578640891352407e+00
5.758475233314893416e+00
5.758374122031884923e+00
5.758275256050282565e+00
5.758178585510385972e+00
5.758084061659688224e+00
5.757991636828295512e+00
5.757901264404881481e+00
5.757812898813180702e+00
5.757726495489007945e+00
5.757642010857780157e+00
5.757559402312541152e+00
5.757478628192474801e+00
5.757399647761896055e+00
5.757322421189706496e+00
5.757246909529303736e+00
5.757173074698947346e+00
5.757100879462546672e+00
5.757030287410885627e+00
5.756961262943257829e+00
5.756893771249516512e+00
5.756827778292517017e+00
5.756763250790952746e+00
5.756700156202568586e+00
5.756638462707749149e+00
5.756578139193476495e+00
5.756519155237632468e+00
5.756461481093662513e+00
5.756405087675569909e+00
5.756349946543247498e+00
5.756296029888137156e+00
5.756243310519204570e+00
5.756191761849226651e+00
5.756141357881379150e+00
5.756092073196135139e+00
5.756043882938433498e+00
5.755996762805155598e+00
5.755950689032860446e+00
5.755905638385806711e+00
5.755861588144228769e+00
5.755818516092882753e+00
5.755776400509841295e+00
5.755735220155540510e+00
5.755694954262065899e+00
5.755655582522681613e+00
5.755617085081587980e+00
5.755579442523905520e+00
5.755542635865888990e+00
5.755506646545351046e+00
5.755471456412298181e+00
5.755437047719782484e+00
5.755403403114946137e+00
5.755370505630278188e+00
5.755338338675045406e+00
5.755306886026937185e+00
5.755276131823878316e+00
5.755246060556030052e+00
5.755216657057969698e+00
5.755187906501041617e+00
5.755159794385876992e+00
5.755132306535085895e+00
5.755105429086103896e+00
5.755079148484202101e+00
5.755053451475650839e+00
5.755028325101035236e+00
5.755003756688721772e+00
5.754979733848466950e+00
5.754956244465165405e+00
5.754933276692744570e+00
5.754910818948188123e+00
5.754888859905694432e+00
5.551022571511043502e+00
5.426721714673028885e+00
5.305181112481219152e+00
5.186339470058765500e+00
5.070136853657561282e+00
4.956514660432686625e+00
4.845415588888055680e+00
4.736783609978349574e+00
4.630563938852674255e+00
4.526703007225671982e+00
4.425148436362185578e+00
4.325849010661812599e+00
4.228754651830062272e+00
4.133816393623063412e+00
4.040986357153101949e+00
3.950217726742532687e+00
3.861464726313877716e+00
3.774682596304217430e+00
3.689827571092223923e+00
3.606856856926455634e+00
3.525728610343782155e+00
3.446401917067052789e+00
3.368836771371369831e+00
3.292994055908561535e+00
3.218835521979673153e+00
3.146323770245533336e+00
3.075422231865669875e+00
3.006095150056053988e+00
2.938307562056380995e+00
2.872025281497789795e+00
2.807214881162126030e+00
2.743843676124061659e+00
2.681879707267561752e+00
2.621291725168387376e+00
2.562049174334512180e+00
2.504122177796496374e+00
2.447481522040049207e+00
2.392098642273187359e+00
2.337945608020551624e+00
2.284995109037617489e+00
2.233220441537703049e+00
2.182595494724819396e+00
2.133094737625576442e+00
2.084693206213505956e+00
2.037366490819297660e+00
1.991090723820615471e+00
1.945842567605270412e+00
1.901599202874192152e+00
1.862929450481155103e+00
1.832475112058438160e+00
1.810132679139240475e+00
1.795042703103679305e+00
1.785966816701142879e+00
1.781580837754013658e+00
1.780642831830951067e+00
1.782082426458423186e+00
1.785035535748090041e+00
1.788843953704814860e+00
1.793034609117270195e+00
1.797289086966379346e+00
1.801410538761657687e+00
1.805292376670939447e+00
1.808891118631190675e+00
1.812204346111292663e+00
1.815253824760278079e+00
1.818073300062073461e+00
1.820700221501916349e+00
1.823170569680017339e+00
1.825515999014514890e+00
1.827762608505050457e+00
1.829930779450660960e+00
1.832035648197904987e+00
1.834087900844850738e+00
1.836094675018401290e+00
1.838060434369946705e+00
1.839987740054606080e+00
1.841877885761120437e+00
1.843731390305870521e+00
1.845548358621140972e+00
1.847328730438018374e+00
1.849072439128843337e+00
1.850779502667136756e+00
1.852450066150031383e+00
1.854084411997710680e+00
1.855682950513792173e+00
1.857246199951458898e+00
1.858774762545536419e+00
1.860269300636021361e+00
1.861730515202185021e+00
1.863159128077779947e+00
1.864555867970375536e+00
1.865921460242746965e+00
1.867256619841828558e+00
1.868562046822432876e+00
1.869838423861541532e+00
1.871086415149674664e+00
1.872306666330833869e+00
1.873499804962410531e+00
1.874666441332200062e+00
1.875807169440418809e+00
1.876922567958894561e+00
1.878013201135707355e+00
1.879079619599565376e+00
1.880122361064349157e+00
1.881141950874681168e+00
1.882138902538547764e+00
1.883113718099735046e+00
1.884066888476165325e+00
1.884998893778813578e+00
1.885910203561815823e+00
1.886801277057048365e+00
1.887672563392999825e+00
1.888524501803723998e+00
1.889357521831750431e+00
1.890172043527348800e+00
1.890968477645458945e+00
1.891747225840833879e+00
1.892508680874241733e+00
1.893253226779622267e+00
1.893981239050176235e+00
1.894693084850345377e+00
1.895389123190611036e+00
1.896069705107432668e+00
1.896735173839839472e+00
1.897385865002523042e+00
1.898022106755341554e+00
1.898644219981943104e+00
1.899252518414864088e+00
1.899847308828069625e+00
1.900428891183384206e+00
1.900997558781748031e+00
1.901553598411106716e+00
1.902097290491016723e+00
1.902628909214039599e+00
1.903148722683999150e+00
1.903656993051172863e+00
1.904153976657244174e+00
1.904639924127437656e+00
1.905115080530845217e+00
1.905579685495398579e+00
1.906033973328427500e+00
1.906478173134587673e+00
1.906912508931225769e+00
1.907337199761226065e+00
1.907752459803392142e+00
1.908158498480408305e+00
1.908555520564425567e+00
1.908943726280319497e+00
1.909323311406669221e+00
1.909694467374493998e+00
1.910057381363806650e+00
1.910412236410778952e+00
1.910759211462928597e+00
1.911098481503310520e+00
1.911430217630155859e+00
1.911754587142875383e+00
1.912071753626200410e+00
1.912381877045266299e+00
1.912685113789025948e+00
1.912981616782971184e+00
1.913271535557589775e+00
1.913555016323454927e+00
1.913832202044717379e+00
1.914103232511023212e+00
1.914368244407892217e+00
1.914627371385570376e+00
1.914880744126387757e+00
1.915128490410645590e+00
1.915370735181052497e+00
1.915607600605740979e+00
1.915839206139889228e+00
1.916065668585977821e+00
1.916287102152706590e+00
1.916503618512602536e+00
1.916715326871107461e+00
1.916922333984525606e+00
1.917124744247808765e+00
1.917322659751348635e+00
1.917516180295045558e+00
1.917705403485102877e+00
1.917890424737328514e+00
1.918071337358773887e+00
1.918248232585854751e+00
1.918421199629843477e+00
1.918590325721466039e+00
1.918755696154618828e+00
1.918917394329200610e+00
1.919075501793060967e+00
1.919230098283071007e+00
1.919381261765314539e+00
1.919529068474409073e+00
1.919673592951970820e+00
1.919814908096986183e+00
1.919953085165467366e+00
1.920088193840349344e+00
1.920220302258034195e+00
1.920349477055238507e+00
1.920475783365245270e+00
1.920599284884519475e+00
1.920720043908853647e+00
1.920838121327278714e+00
1.920953576686424968e+00
1.921066468211730882e+00
1.921176852836377069e+00
1.921284786229677577e+00
1.921390322824926278e+00
1.921493515846702582e+00
1.921594417337622041e+00
1.921693078197296511e+00
1.921789548183614249e+00
1.921883875934643271e+00
1.921976109018497469e+00
1.922066293948438531e+00
1.922154476205830909e+00
1.922240700262685342e+00
1.922325009603794710e+00
1.922407446748463311e+00
1.922488053271818043e+00
1.922566869825701685e+00
1.922643936171895218e+00
1.922719291165028155e+00
1.922792972806117717e+00
1.922865018265892845e+00
1.922935463866135564e+00
1.923004345131724468e+00
1.923071696799771191e+00
1.923137552849497611e+00
1.923201946481929436e+00
1.923264910170356057e+00
1.923326475667941793e+00
1.923386674036112964e+00
1.923445535622805291e+00
1.923503090111507552e+00
1.923559366527483272e+00
1.923614393252044641e+00
1.923668198036589727e+00
1.923720808029168117e+00
1.923772249763674669e+00
1.923822549169963647e+00
1.923871731612212033e+00
1.923919821892795978e+00
1.923966844264278775e+00
1.924012822441244719e+00
1.924057779624726683e+00
1.924101738476577506e+00
1.924144721164714245e+00
1.924186749365611959e+00
1.924227844274915444e+00
1.924268026630650663e+00
1.924307316699140236e+00
1.924345734281920572e+00
1.924383298750986793e+00
1.924420029049624059e+00
1.924455943714185269e+00
1.924491060845897383e+00
1.924525398153636102e+00
1.924558972954036662e+00
1.924591802179816069e+00
1.924623902388007624e+00
1.924655289768104405e+00
1.924685980150090625e+00
1.924715989025110208e+00
1.924745331516113156e+00
1.924774022419411423e+00
1.924802076203537604e+00
1.924829507016268648e+00
1.924856328691546992e+00
1.924882554756300879e+00
1.924908198437156992e+00
1.924933272679798302e+00
1.924957790118319467e+00
1.924981763115515720e+00
1.925005203760498107e+00
1.925028123874503061e+00
1.925050535016627151e+00
1.925072448489489885e+00
1.925093875344815242e+00
1.925114826388927947e+00
1.925135312188157144e+00
1.925155343074143044e+00
1.925174929149039427e+00
1.925194080290611565e+00
1.925212806157223344e+00
1.925231116192719583e+00
1.925249019643959114e+00
1.925266525528353645e+00
1.925283642672362960e+00
1.925300379707337584e+00
1.925316745073587743e+00
1.925332747024407709e+00
1.925348393630065047e+00
1.925363692781741909e+00
1.925378652195429030e+00
1.925393279415765102e+00
1.925407581819811531e+00
1.925421566633519932e+00
1.925435240898243139e+00
1.925448611508228991e+00
1.925461685205491991e+00
