-6.642338394836629911e-01
-6.384469482710829480e-01
-6.147505472115201153e-01
-5.924858313282763689e-01
-5.717255378844149361e-01
-5.524960208830004271e-01
-5.346999281780293600e-01
-5.180047234554876479e-01
-5.024681482443367209e-01
-4.878025792340201505e-01
-4.745894835494004482e-01
-4.617958945563438444e-01
-4.503926828532172078e-01
-4.394098391092147171e-01
-4.291759519667575073e-01
-4.197918582963959810e-01
-4.106614316545429411e-01
-4.024586581999218815e-01
-3.946839437156177688e-01
-3.870925915396221662e-01
-3.804050449448013183e-01
-3.739660991397362189e-01
-3.676541314643335667e-01
-3.621248674783221766e-01
-3.556143861319860378e-01
-3.455579833814277357e-01
-3.338136414362136151e-01
-3.219452854660893593e-01
-3.103925030339085289e-01
-2.995562892187497717e-01
-2.896327745193563175e-01
-2.806607307922344141e-01
-2.725834819415400290e-01
-2.652940322082932845e-01
-2.586661047416050074e-01
-2.525740527321791440e-01
-2.469043540149038485e-01
-2.415611527196097619e-01
-2.364677877924239446e-01
-2.315658504643964832e-01
-2.268128953864114727e-01
-2.221795952769611837e-01
-2.176468281335854904e-01
-2.132030231583836866e-01
-2.088418995793523969e-01
-2.045606487409759033e-01
-2.003585541749446364e-01
-1.962359921489680303e-01
-1.921937564460929337e-01
-1.882326216968519539e-01
-1.843531010933214809e-01
-1.805553333326979093e-01
-1.768390566130495500e-01
-1.732036355744726031e-01
-1.696481163422189908e-01
-1.661712925619474035e-01
-1.627717714035186169e-01
-1.594480331798235895e-01
-1.561984814717245484e-01
-1.530214828733109655e-01
-1.499153968352433530e-01
-1.468785968319101798e-01
-1.439094843953458991e-01
-1.410064975956935029e-01
-1.381681154182246019e-01
-1.353928592720086144e-01
-1.326792926295254915e-01
-1.300260195397222596e-01
-1.274316825872010561e-01
-1.248949606435889592e-01
-1.224145666723419623e-01
-1.199892457072815333e-01
-1.176177730718279690e-01
-1.152989528574828171e-01
-1.130316166382998588e-01
-1.108146223945754016e-01
-1.086468536197351398e-01
-1.065272185510961478e-01
-1.044546495145008969e-01
-1.024281023388966538e-01
-1.004465558294924676e-01
-9.850901126738698110e-02
-9.661449194195226298e-02
-9.476204269373855738e-02
-9.295072946795501778e-02
-9.117963887454250127e-02
-8.944787775240792271e-02
-8.775457274303288813e-02
-8.609886985949044558e-02
-8.447993407008391742e-02
-8.289694888337617584e-02
-8.134911594070182161e-02
-7.983565461485930825e-02
-7.835580162013311423e-02
-7.690881062552934466e-02
-7.549395187591967371e-02
-7.411051182601458009e-02
-7.275779277876859297e-02
-7.143511253176715314e-02
-7.014180403626912863e-02
-6.887721505460309146e-02
-6.764070783444475765e-02
-6.643165878597168117e-02
-6.524945816714655678e-02
-6.409350977604688637e-02
-6.296323064915299028e-02
-6.185805077110062555e-02
-6.077741278157144933e-02
-5.972077169692280307e-02
-5.868759463826123124e-02
-5.767736055711658594e-02
-5.668955997633950972e-02
-5.572369473230454062e-02
-5.477927772369417525e-02
-5.385583266585358686e-02
-5.295289385060986120e-02
-5.207000591140342749e-02
-5.120672359365308068e-02
-5.036261153020982206e-02
-4.953724402179160435e-02
-4.873020482134116094e-02
-4.794108692694631912e-02
-4.716949237476075751e-02
-4.641503203634922414e-02
-4.567732542427682674e-02
-4.495600050216896904e-02
-4.425069349430055254e-02
-4.356104870399768458e-02
-4.288671833139945377e-02
-4.222736229989854095e-02
-4.158264808753120434e-02
-4.095225055365814271e-02
-4.033585177771215058e-02
-3.973314090176627289e-02
-3.914381396814547998e-02
-3.856757376884667465e-02
-3.800412969855981871e-02
-3.745319760249143926e-02
-3.691449963673187895e-02
-3.638776412723787601e-02
-3.587272543283326343e-02
-3.536912381123213933e-02
-3.487670528804898140e-02
-3.439522152871887783e-02
-3.392442971324749479e-02
-3.346409241377212851e-02
-3.301397747383916226e-02
-3.257385789514488650e-02
-3.214351171741913760e-02
-3.172272191017100340e-02
-3.131127626233798367e-02
-3.090896727526981635e-02
-3.051559205808462849e-02
-3.013095222534190043e-02
-2.975485379604236869e-02
-2.938710709959080347e-02
-2.902752667356711669e-02
-2.867593117766409350e-02
-2.833214329572175672e-02
-2.799598964998262218e-02
-2.766730071275702585e-02
-2.734591072092840136e-02
-2.703165759236281218e-02
-2.672438284319866852e-02
-2.642393151077371272e-02
-2.613015207363789116e-02
-2.584289637319914235e-02
-2.556201954082393257e-02
-2.528737992768714804e-02
-2.501883902771639967e-02
-2.475626141141296088e-02
-2.449951465666044825e-02
-2.424846928098256527e-02
-2.400299868004607262e-02
-2.376297905818347544e-02
-2.352828936963868856e-02
-2.329881125662680574e-02
-2.307442898964584543e-02
-2.285502940911410263e-02
-2.264050186829935640e-02
-2.243073817751772836e-02
-2.222563254957243828e-02
-2.202508154544835506e-02
-2.182898402593114184e-02
-2.163724109499964854e-02
-2.144975605360510684e-02
-2.126643435002550930e-02
-2.108718353217975405e-02
-2.091191320099916595e-02
-2.074053496388161832e-02
-2.057296239391348536e-02
-2.040911098065745222e-02
-2.024889809120811179e-02
-2.009224292762556985e-02
-1.993906648619203636e-02
-1.978929151756769755e-02
-1.964284248782766085e-02
-1.949964554037153519e-02
-1.935962845868299809e-02
-1.922272062894103684e-02
-1.908885300820895026e-02
-1.895795808400091431e-02
-1.882996984389739836e-02
-1.870482374136805959e-02
-1.858245666226343573e-02
-1.846280689677692877e-02
-1.834581410271063362e-02
-1.823141927871319012e-02
-1.811956473362785758e-02
-1.801019405741088875e-02
-1.790325209171061971e-02
-1.779868490586089536e-02
-1.769643976309076550e-02
-1.759646510140688846e-02
-1.749871050107731918e-02
-1.740312666287646692e-02
-1.730966538232969754e-02
-1.721827952444954235e-02
-1.712892300375656873e-02
-1.704155075542068687e-02
-1.695611871620794631e-02
-1.687258380040246308e-02
-1.679090388188475558e-02
-1.671103776725679779e-02
-1.663294517874458478e-02
-1.655658673299642558e-02
-1.648192392121616834e-02
-1.640891908974895230e-02
-1.633753542012295057e-02
-1.626773691429139745e-02
-1.619948836989060226e-02
-1.613275536995528725e-02
-1.606750425905767443e-02
-1.600370213000523734e-02
-1.594131680634802706e-02
-1.588031682616186657e-02
-1.582067142521337288e-02
-1.576235052524976865e-02
-1.570532471320529311e-02
-1.564956523003679933e-02
-1.559504395437949498e-02
-1.554173339215525473e-02
-1.548960665709087081e-02
-1.543863746082729804e-02
-1.538880009877230393e-02
-1.534006943713883686e-02
-1.529242090027116419e-02
-1.524583045824234873e-02
-1.520027461378736788e-02
-1.515573039424156221e-02
-1.511217533434550120e-02
-1.506958746857200993e-02
-1.502794531917173160e-02
-1.498722788437989450e-02
-1.494741463161641803e-02
-1.490848548152001740e-02
-1.487042080148626155e-02
-1.483320139487709355e-02
-1.479680849134590304e-02
-1.476122373736288296e-02
-1.472642918696331904e-02
-1.469240729269660761e-02
-1.465914089677333720e-02
-1.462661322241665118e-02
-1.459480786539701924e-02
-1.456370878480717224e-02
-1.453330029876243046e-02
-1.450356707087596675e-02
-1.447449410619805477e-02
-1.444606674275705771e-02
-1.441827064322076524e-02
-1.439109179144315576e-02
-1.436451647979275492e-02
-1.433853130590589942e-02
-1.431312316503419169e-02
-1.428827924344000522e-02
-1.426398701097308930e-02
-1.424023421855036275e-02
-1.421700888540122776e-02
-1.419429930048776711e-02
-1.417209401009911218e-02
-1.415038181573802234e-02
-1.412915176758566815e-02
-1.410839315802636662e-02
-1.408809552003420507e-02
-1.406824861628441781e-02
-1.404884243765591734e-02
-1.402986719729248932e-02
-1.401131332567295829e-02
-1.399317146482026430e-02
-1.397543246738441880e-02
-1.395808738640180735e-02
-1.394112747446385470e-02
-1.392454417840971459e-02
-1.390832913500883450e-02
-1.389247416675543079e-02
-1.387697127772780092e-02
-1.386181264957242476e-02
-1.384699063754712967e-02
-1.383249776667705433e-02
-1.381832672701310827e-02
-5.840148911297360357e-02
-6.027241048294529335e-02
-6.260201330909120898e-02
-6.497615992960303899e-02
-6.722807780185302562e-02
-6.935700162610070052e-02
-7.183507972063507552e-02
-7.435696042359296598e-02
-7.674191855224421488e-02
-7.899087793238557254e-02
-8.123023307711418894e-02
-8.371612058416433300e-02
-8.606019159385480677e-02
-8.826442833008796285e-02
-9.033091383288471832e-02
-9.237599914760208364e-02
-9.462023688438314650e-02
-9.672464961565729880e-02
-9.869187124053935278e-02
-1.005244634886124366e-01
-1.022249250074489524e-01
-1.040803712525368852e-01
-1.059665900980126807e-01
-1.077193559144768997e-01
-1.093415751920829848e-01
-1.108362409651064695e-01
-1.122064170479584178e-01
-1.135290594685951504e-01
-1.149962018104799810e-01
-1.163415108598515602e-01
-1.175681522215947794e-01
-1.186792616071450368e-01
-1.196779425387841655e-01
-1.205672642697557251e-01
-1.213502599063618348e-01
-1.222544307962865062e-01
-1.231158744935942906e-01
-1.238746154231140650e-01
-1.245336807400860835e-01
-1.250959889288161264e-01
-1.247874509474815596e-01
-1.229062880689753001e-01
-1.200543057292255966e-01
-1.166730879107626961e-01
-1.130716249874978985e-01
-1.094541455660165141e-01
-1.059798133484495253e-01
-1.026951678281049496e-01
-9.959917708105070489e-02
-9.669754817348152898e-02
-9.398068255880254185e-02
-9.143082248816636337e-02
-8.902693318839371983e-02
-8.674782831562044549e-02
-8.457401205025405488e-02
-8.248860185873230222e-02
-8.047763831245813293e-02
-7.853001026054773348e-02
-7.663716261451547496e-02
-7.479270323783815400e-02
-7.299198562575082150e-02
-7.123171414981133154e-02
-6.950959592299987833e-02
-6.782405551835513080e-02
-6.617400259203076729e-02
-6.455865800051086012e-02
-6.297742593202126926e-02
-6.142980582832890946e-02
-5.991533221858702518e-02
-5.843354012591905899e-02
-5.698394489301428223e-02
-5.556603465015363952e-02
-5.417926804880224267e-02
-5.282307821574860895e-02
-5.149687793671819946e-02
-5.020006579690416970e-02
-4.893203220330466507e-02
-4.769216303394596679e-02
-4.647984933823945397e-02
-4.529448451265505327e-02
-4.413547410138374261e-02
-4.300222830559263798e-02
-4.189417400272699155e-02
-4.081074619479529986e-02
-3.975139366683144715e-02
-3.871557781926071584e-02
-3.770277258081211613e-02
-3.671246415597995139e-02
-3.574415087822391257e-02
-3.479734266291778511e-02
-3.387156080256126245e-02
-3.296633759027489674e-02
-3.208121599033564308e-02
-3.121574932648130130e-02
-3.036950098990320868e-02
-2.954204416655503707e-02
-2.873296158229088348e-02
-2.794184526386178646e-02
-2.716829631345518692e-02
-2.641192469480113658e-02
-2.567234902884596437e-02
-2.494919639748172102e-02
-2.424210215403732604e-02
-2.355070973949402457e-02
-2.287467050366931431e-02
-2.221364353087373900e-02
-2.156729546955649113e-02
-2.093530036571156216e-02
-2.031733949983394183e-02
-1.971310122732905512e-02
-1.912228082223244030e-02
-1.854458032424144420e-02
-1.797970838893458989e-02
-1.742738014121947288e-02
-1.688731703187862365e-02
-1.635924669726041003e-02
-1.584290282199241062e-02
-1.533802500471104224e-02
-1.484435862674615692e-02
-1.436165472367889606e-02
-1.388966985980566449e-02
-1.342816600530749582e-02
-1.297691041620296915e-02
-1.253567551694345639e-02
-1.210423878562849609e-02
-1.168238264175780472e-02
-1.126989433650038563e-02
-1.086656580857781051e-02
-1.047219372498009449e-02
-1.008657916320121473e-02
-9.709527651435401197e-03
-9.340849036392206983e-03
-8.980357387389226176e-03
-8.627870902607526205e-03
-8.283211817374791508e-03
-7.946206314519699276e-03
-7.616684436740683850e-03
-7.294480000826553123e-03
-6.979430513900375388e-03
-6.671377091439723017e-03
-6.370164377155873581e-03
-6.075640464644926908e-03
-5.787656820778863676e-03
-5.506068210775261207e-03
-5.230732588170639019e-03
-4.961511168819043860e-03
-4.698268145682860109e-03
-4.440870760879178647e-03
-4.189189167778550882e-03
-3.943096511197730081e-03
-3.702468648190126999e-03
-3.467184225971031708e-03
-3.237124549772651960e-03
-3.012173668647477598e-03
-2.792218101761889670e-03
-2.577146921683315384e-03
-2.366851664319824522e-03
-2.161226274205674258e-03
-1.960167051018757434e-03
-1.763572597265117281e-03
-1.571343767146515802e-03
-1.383383616532896099e-03
-1.199597354089476653e-03
-1.019892293435020747e-03
-8.441778064272043025e-04
-6.723652774320854064e-04
-5.043680586327425885e-04
-3.401014263495483192e-04
-1.794825382868125985e-04
-2.243039176441641303e-05
1.311342171268492507e-04
2.812887334808777950e-04
4.281088826303403039e-04
5.716687083303639838e-04
7.120406101028819990e-04
8.492953797549773753e-04
9.835022370614510123e-04
1.114728864697767108e-03
1.243041479170869934e-03
1.368504718572083334e-03
1.491181927189444423e-03
1.611134901296829014e-03
1.728424169639808383e-03
1.843108883427646560e-03
1.955246880299910117e-03
2.064894713476483901e-03
2.172107680295631837e-03
2.276939850096582063e-03
2.379444091521243365e-03
2.479672135963895130e-03
2.577674458047241046e-03
2.673500553100005561e-03
2.767198712771978819e-03
2.858816153049836828e-03
2.948399112782773557e-03
3.035992770596962487e-03
3.121641301778943500e-03
3.205387900572453930e-03
3.287274801961892479e-03
3.367343302993930365e-03
3.445633783607071621e-03
3.522185727019788715e-03
3.597037739652364507e-03
3.670227570592210498e-03
3.741792130647958459e-03
3.811767510982555507e-03
3.880189001288947281e-03
3.947091107612266114e-03
4.012507569748358094e-03
4.076471378264834300e-03
4.139014791132211712e-03
4.200169386791685611e-03
4.259965934467757620e-03
4.318434624861922089e-03
4.375604944884869951e-03
4.431505726621765007e-03
4.486165161876165541e-03
4.539610816400418969e-03
4.591869643771673282e-03
4.642967999012981295e-03
4.692931651897325196e-03
4.741785799908804222e-03
4.789555081002205839e-03
4.836263586001088299e-03
4.881934870754278677e-03
4.926591968026805546e-03
4.970257399103950036e-03
5.012953185161705960e-03
5.054700858362792815e-03
5.095521472727959633e-03
5.135435614747940747e-03
5.174463413762708797e-03
5.212624552108025000e-03
5.249938275065701987e-03
5.286423400539419504e-03
5.322098328568003467e-03
5.356981050583797810e-03
5.391089158506723322e-03
5.424439853602081030e-03
5.457049955163384425e-03
5.488935908985581591e-03
5.520113795668635248e-03
5.550599338717709941e-03
5.580407912486151645e-03
5.609554549915962696e-03
5.638053986931623740e-03
5.665920524238643452e-03
5.693168249729652075e-03
5.719810905080002783e-03
5.745861963600162881e-03
5.771334491381452381e-03
5.796241369091958973e-03
5.820595157969954414e-03
5.844408140254664374e-03
5.867692325401741016e-03
5.890459456140639816e-03
5.912721014399657804e-03
5.934488227112844072e-03
5.955772071870590878e-03
5.976583282487624160e-03
5.996932354399575615e-03
6.016829549976954183e-03
6.036284903690791737e-03
6.055308227187694570e-03
6.073909114226339057e-03
6.092096982342809497e-03
6.109880931939315474e-03
6.127269966092363518e-03
6.144272854580634657e-03
6.160898209219389798e-03
6.177154342564605827e-03
6.193049487309920664e-03
6.208591659922824135e-03
6.223788698810572839e-03
6.238648268269919583e-03
6.253177862354242222e-03
6.267384808676723651e-03
6.281276308905958672e-03
6.294859296766652790e-03
6.308140656756222597e-03
6.321127087099753794e-03
6.333825174060336849e-03
6.346241249610251600e-03
6.358381609829599768e-03
6.370252377593921267e-03
6.381859539748013788e-03
6.393208950155049308e-03
6.404306332637332844e-03
6.415157283882422234e-03
6.425767276255989202e-03
6.436141697405695083e-03
6.446285707315091429e-03
6.456204456142700110e-03
6.465902946275470242e-03
6.475386069002553313e-03
6.484658606953352944e-03
6.493725236527581046e-03
6.502590530245377920e-03
6.511258959078780606e-03
6.519734894678386183e-03
8.084771307291749309e-02
9.024693506940995036e-02
9.896136579954539769e-02
1.066050241975888824e-01
1.138429090343127115e-01
1.203185477744046494e-01
1.260032887561868264e-01
1.273507699586029496e-01
1.244606721471428479e-01
1.189412665318183571e-01
1.124583734492530240e-01
1.058184924524074866e-01
9.950879523256039860e-02
9.378621634617800851e-02
8.875029390522293227e-02
8.439990645568551386e-02
8.067545229974060206e-02
7.748871389681477595e-02
7.474283129580561180e-02
7.234471924767182927e-02
7.021193111918666574e-02
6.827568411499385093e-02
6.648136602428555975e-02
6.478753825036465130e-02
6.316413812795218519e-02
6.159041317826607909e-02
6.005285052977615834e-02
5.854331899708320464e-02
5.705749366998080774e-02
5.559359483183312634e-02
5.415142143724560597e-02
5.273164449417055977e-02
5.133532118377814868e-02
4.996357389335148724e-02
4.861740449984131018e-02
4.729758640338221909e-02
4.600464549611160692e-02
4.473885070511762763e-02
4.350024869934676630e-02
4.228869539978274972e-02
4.110389956611282258e-02
3.994546056442160875e-02
3.881290136486503783e-02
3.770569600510365049e-02
3.662329111800266546e-02
3.556512201028683151e-02
3.453062407532447864e-02
3.351924042363352285e-02
3.253042659207627807e-02
3.156365310084208176e-02
3.061840650307567913e-02
2.969418944097101942e-02
2.879052009849525362e-02
2.790693133361221712e-02
2.704296968418162805e-02
2.619819437243675608e-02
2.537217638142674758e-02
2.456449763971857436e-02
2.377475032602927030e-02
2.300253629000659217e-02
2.224746657667164840e-02
2.150916103802069657e-02
2.078724801489473251e-02
2.008136407276595037e-02
1.939115377774713878e-02
1.871626950125726552e-02
1.805637124443881802e-02
1.741112647566689375e-02
1.678020997635254474e-02
1.616330369182694682e-02
1.556009658529911022e-02
1.497028449371828884e-02
1.439356998498908524e-02
1.382966221636605653e-02
1.327827679412596495e-02
1.273913563471040788e-02
1.221196682762615282e-02
1.169650450029724453e-02
1.119248868513045281e-02
1.069966518896681151e-02
1.021778546505958118e-02
9.746606487643916239e-03
9.285890629156856590e-03
8.835405540086771481e-03
8.394924031561945554e-03
7.964223960482463838e-03
7.543088117265117631e-03
7.131304116110737112e-03
6.728664287760199869e-03
6.334965574649409348e-03
5.950009428431268788e-03
5.573601709793596370e-03
5.205552590526352219e-03
4.845676457755576649e-03
4.493791820344483767e-03
4.149721217361790337e-03
3.813291128576423716e-03
3.484331886973279779e-03
3.162677593174567647e-03
2.848166031791610209e-03
2.540638589608956721e-03
2.239940175606580652e-03
1.945919142747332131e-03
1.658427211506108279e-03
1.377319395085674358e-03
1.102453926294266751e-03
8.336921860605528423e-04
5.708986335162258285e-04
3.139407376502312275e-04
6.268891047156444074e-05
-1.829835583562200441e-04
-4.232005654012382934e-04
-6.580832559612836974e-04
-8.877500851500741419e-04
-1.112316877632135714e-03
-1.331896886047623241e-03
-1.546600848118195870e-03
-1.756537042503225621e-03
-1.961811343393460305e-03
-2.162527273913195103e-03
-2.358786058329620516e-03
-2.550686673099988866e-03
-2.738325896781912405e-03
-2.921798358848981536e-03
-3.101196587409038585e-03
-3.276611055869516065e-03
-3.448130228561385735e-03
-3.615840605356357429e-03
-3.779826765291538493e-03
-3.940171409219761500e-03
-4.096955401519331019e-03
-4.250257810873847575e-03
-4.400155950150086426e-03
-4.546725415385477476e-03
-4.690040123914052117e-03
-4.830172351644623774e-03
-4.967192769508965711e-03
-5.101170479103966926e-03
-5.232173047538424271e-03
-5.360266541511560234e-03
-5.485515560628595466e-03
-5.607983269980465479e-03
-5.727731431998783762e-03
-5.844820437603814867e-03
-5.959309336661888779e-03
-6.071255867761582437e-03
-6.180716487336646026e-03
-6.287746398134341774e-03
-6.392399577056728788e-03
-6.494728802382443433e-03
-6.594785680381409776e-03
-6.692620671344240435e-03
-6.788283115028104220e-03
-6.881821255538156379e-03
-6.973282265660962764e-03
-7.062712270651694269e-03
-7.150156371497740082e-03
-7.235658667662292487e-03
-7.319262279327443110e-03
-7.401009369135902460e-03
-7.480941163456211740e-03
-7.559097973177664187e-03
-7.635519214032271407e-03
-7.710243426479301831e-03
-7.783308295138624544e-03
-7.854750667797283370e-03
-7.924606573989301239e-03
-7.992911243170475188e-03
-8.059699122481500666e-03
-8.125003894122517778e-03
-8.188858492338635386e-03
-8.251295120027979380e-03
-8.312345264984699611e-03
-8.372039715776935509e-03
-8.430408577274395299e-03
-8.487481285830877908e-03
-8.543286624129287077e-03
-8.597852735698019444e-03
-8.651207139103611610e-03
-8.703376741827195673e-03
-8.754387853837641842e-03
-8.804266200856947222e-03
-8.853036937337410706e-03
-8.900724659143932627e-03
-8.947353415959202749e-03
-8.992946723415329302e-03
-9.037527574947912257e-03
-9.081118453396985757e-03
-9.123741342341507021e-03
-9.165417737189152092e-03
-9.206168656014757090e-03
-9.246014650161171744e-03
-9.284975814602969280e-03
-9.323071798080118100e-03
-9.360321813009608860e-03
-9.396744645171040133e-03
-9.432358663183926240e-03
-9.467181827769177715e-03
-9.501231700807188929e-03
-9.534525454196973726e-03
-9.567079878511464130e-03
-9.598911391469844290e-03
-9.630036046215373347e-03
-9.660469539410687645e-03
-9.690227219155911342e-03
-9.719324092725578623e-03
-9.747774834140354727e-03
-9.775593791566450363e-03
-9.802794994550279029e-03
-9.829392161094574476e-03
-9.855398704578632874e-03
-9.880827740519571023e-03
-9.905692093187035141e-03
-9.930004302075357003e-03
-9.953776628220278866e-03
-9.977021060387336604e-03
-9.999749321117690215e-03
-1.002197287263806302e-02
-1.004370292264189501e-02
-1.006495042994259848e-02
-1.008572610999891594e-02
-1.010604044031992998e-02
-1.012590366574839251e-02
-1.014532580362859093e-02
-1.016431664885519837e-02
-1.018288577881687473e-02
-1.020104255822396055e-02
-1.021879614383180979e-02
-1.023615548905887351e-02
-1.025312934850086677e-02
-1.026972628234856799e-02
-1.028595466070125752e-02
-1.030182266779133826e-02
-1.031733830610948033e-02
-1.033250940044050381e-02
-1.034734360181177593e-02
-1.036184839134879354e-02
-1.037603108404905328e-02
-1.038989883247287693e-02
-1.040345863034897178e-02
-1.041671731610005480e-02
-1.042968157629520221e-02
-1.044235794901826608e-02
-1.045475282716745724e-02
-1.046687246167898877e-02
-1.047872296467877717e-02
-1.049031031256664193e-02
-1.050164034902723031e-02
-1.051271878798054615e-02
-1.052355121646053604e-02
-1.053414309743505584e-02
-1.054449977255922377e-02
-1.055462646487193012e-02
-1.056452828142484535e-02
-1.057421021586435472e-02
-1.058367715094465922e-02
-1.059293386099380285e-02
-1.060198501431974805e-02
-1.061083517556271616e-02
-1.061948880800223094e-02
-1.062795027580376583e-02
-1.063622384622187056e-02
-1.064431369175000697e-02
-1.065222389222819643e-02
-1.065995843689648837e-02
-1.066752122641068112e-02
-1.067491607480652860e-02
-1.068214671142442285e-02
-1.068921678279100007e-02
-1.069612985445678177e-02
-1.070288941279518014e-02
-1.070949886675931495e-02
-1.071596154960285929e-02
-1.072228072056047310e-02
-1.072845956649226551e-02
-1.073450120348962145e-02
-1.074040867844638925e-02
-1.074618497059631750e-02
-1.075183299301807338e-02
-1.075735559409851660e-02
-1.076275555897421299e-02
-1.076803561093475636e-02
-1.077319841279544832e-02
-1.077824656823844762e-02
-1.078318262313127107e-02
-1.078800906680443816e-02
-1.079272833331135217e-02
-1.079734280265487456e-02
-1.080185480198503356e-02
-1.080626660677541651e-02
-1.081058044196980816e-02
-1.081479848310573644e-02
-1.081892285740782000e-02
-1.082295564486512873e-02
-1.082689887927656969e-02
-1.083075454927895365e-02
-1.083452459934797218e-02
-1.083821093078096709e-02
-1.084181540265349852e-02
-1.084533983275948188e-02
-4.402114042729499133e-02
-4.716761254078338794e-02
-5.015331654692500862e-02
-5.298133183901843068e-02
-5.589539076694460817e-02
-5.886059878107907650e-02
-6.166840777197801771e-02
-6.432224035589850786e-02
-6.682559565179335692e-02
-6.918203363127606309e-02
-7.143558378237635509e-02
-7.384625109501197215e-02
-7.611409008585656721e-02
-7.824272844717405917e-02
-8.023575401642446536e-02
-8.209671268501317343e-02
-8.382910651934150081e-02
-8.543639208017861364e-02
-8.711848923062248673e-02
-8.876841825213954706e-02
-9.029805947002778055e-02
-9.171083489865150540e-02
-9.301004858957195864e-02
-9.419889435670469879e-02
-9.528046285470281873e-02
-9.625774806240805503e-02
-9.713365321964673171e-02
-9.817909385125656030e-02
-9.915908421503338843e-02
-1.000403753633909432e-01
-1.008258671384520966e-01
-1.015184425548802949e-01
-1.021209630244834798e-01
-1.026362640731406373e-01
-1.030671515113512626e-01
-1.034163980225146773e-01
-1.036867401358883001e-01
-1.039037258301602762e-01
-1.042123344584746647e-01
-1.044471284859014304e-01
-1.046106170977205707e-01
-1.047052488979964835e-01
-1.047334202888903221e-01
-1.046974665951365679e-01
-1.045996686672587828e-01
-1.044422524004584574e-01
-1.042273880937907293e-01
-1.039571974280875111e-01
-1.036337438375811715e-01
-1.032590431614046622e-01
-1.028350613870898655e-01
-1.024220468812622187e-01
-1.020463109677658409e-01
-1.016242789824106652e-01
-1.011577901386448985e-01
-1.006486289678898416e-01
-1.000985345866025611e-01
-9.950918965821031748e-02
-9.888223098104909070e-02
-9.821925441050005645e-02
-9.752180112612673923e-02
-9.679136866999904498e-02
-9.602941811243859149e-02
-9.523736163686802314e-02
-9.441656920331276126e-02
-9.356838044315374248e-02
-9.269408410907153950e-02
-9.179494162273904578e-02
-9.087217110377743268e-02
-8.992695363452973822e-02
-8.903240221873254256e-02
-8.815642830598680035e-02
-8.725932773801137188e-02
-8.634220518376789499e-02
-8.540612719824114407e-02
-8.445213621410641025e-02
-8.348123857254030611e-02
-8.249441165315030133e-02
-8.149260270523139837e-02
-8.047673161911994555e-02
-7.944768844047356282e-02
-7.840633801218732657e-02
-7.735351659761757759e-02
-7.629003767570985417e-02
-7.521668430496664115e-02
-7.413421407806097818e-02
-7.304336516498999288e-02
-7.194484956165680956e-02
-7.083935826159137861e-02
-6.972755347350378941e-02
-6.827060772101933850e-02
-6.641457347708445980e-02
-6.430524227688128036e-02
-6.205317570943869043e-02
-5.973887847940684281e-02
-5.741838311413616225e-02
-5.512859162076999553e-02
-5.289202605346599029e-02
-5.072082364961438827e-02
-4.861995589658896222e-02
-4.658971540921186261e-02
-4.462756883459384483e-02
-4.272947769963320042e-02
-4.089079908119330753e-02
-3.910686354127435038e-02
-3.737331570227109268e-02
-3.568628744714619216e-02
-3.404245843744213573e-02
-3.243904805246522471e-02
-3.087376178486067602e-02
-2.934472474659965968e-02
-2.785040464507471114e-02
-2.638954363895340549e-02
-2.496108940578345425e-02
-2.356414576973175912e-02
-2.219792792625252531e-02
-2.086172915953365958e-02
-1.955489590519121634e-02
-1.827680982189683334e-02
-1.702687548719250543e-02
-1.580451238984625917e-02
-1.460915008472252197e-02
-1.344022557967416986e-02
-1.229718222260434146e-02
-1.117946953441251168e-02
-1.008654358473659585e-02
-9.017867629753872905e-03
-7.972912826584632739e-03
-6.951158910045052153e-03
-5.952094769012816755e-03
-4.975218894805344405e-03
-4.020039696839283749e-03
-3.086075694554324400e-03
-2.172855601970447026e-03
-1.279918323861650720e-03
-4.068128825300831863e-04
4.469017071944136887e-04
1.281656599924296813e-03
2.097873306354358647e-03
2.895963894840924979e-03
3.676331200845872615e-03
4.439369038800933254e-03
5.185462412889307871e-03
5.914987724318976348e-03
6.628312973743888392e-03
7.325797957993707143e-03
8.007794460925587998e-03
8.674646438409538973e-03
9.326690197644538216e-03
9.964254571080743972e-03
1.058766108542297246e-02
1.119722412584245319e-02
1.179325109591822240e-02
1.237604257346092140e-02
1.294589246251476311e-02
1.350308814170375626e-02
1.404791060916288359e-02
1.458063462411196554e-02
1.510152884527382611e-02
1.561085596618649873e-02
1.610887284749296100e-02
1.659583064637804029e-02
1.707197494305923158e-02
1.753754586455880116e-02
1.799277820573408349e-02
1.843790154760593936e-02
1.887314037311949022e-02
1.929871418033179964e-02
1.971483759303627181e-02
2.012172046908045075e-02
2.051956800611698384e-02
2.090858084512525750e-02
2.128895517158557738e-02
2.166088281442579699e-02
2.202455134276171123e-02
2.238014416049516342e-02
2.272784059879739971e-02
2.306781600658602827e-02
2.340024183892186471e-02
2.372528574347931851e-02
2.404311164512584753e-02
2.435387982856340727e-02
2.465774701917577971e-02
2.495486646206224179e-02
2.524538799932685151e-02
2.552945814564644422e-02
2.580722016215641901e-02
2.607881412870227678e-02
2.634437701447023272e-02
2.660404274708749739e-02
2.685794228015669916e-02
2.710620365927951525e-02
2.734895208666898725e-02
2.758630998424838054e-02
2.781839705540445351e-02
2.804533034538447822e-02
2.826722430028461019e-02
2.848419082479125564e-02
2.869633933860527009e-02
2.890377683162892453e-02
2.910660791791919166e-02
2.930493488844909677e-02
2.949885776269134396e-02
2.968847433906418587e-02
2.987388024426529398e-02
3.005516898144655613e-02
3.023243197744207578e-02
3.040575862882466396e-02
3.057523634700665127e-02
3.074095060232107102e-02
3.090298496712851062e-02
3.106142115795940128e-02
3.121633907672904940e-02
3.136781685102896233e-02
3.151593087353532496e-02
3.166075584052485681e-02
3.180236478955489332e-02
3.194082913629170406e-02
3.207621871052701579e-02
3.220860179139783952e-02
3.233804514181670697e-02
3.246461404214340263e-02
3.258837232310618504e-02
3.270938239799292546e-02
3.282770529412637472e-02
3.294340068364398633e-02
3.305652691358673678e-02
3.316714103532891755e-02
3.327529883334801042e-02
3.338105485335685074e-02
3.348446242981584220e-02
3.358557371282433479e-02
3.368443969442669328e-02
3.378111023432328608e-02
3.387563408502103357e-02
3.396805891641374586e-02
3.405843133982777715e-02
3.414679693152855577e-02
3.423320025570131264e-02
3.431768488692910068e-02
3.440029343216810531e-02
3.448106755223445674e-02
3.456004798281320234e-02
3.463727455500276164e-02
3.471278621540552223e-02
3.478662104576191183e-02
3.485881628216258576e-02
3.492940833382363053e-02
3.499843280145142899e-02
3.506592449519274624e-02
3.513191745219224060e-02
3.519644495375651161e-02
3.525953954214067210e-02
3.532123303696010908e-02
3.538155655123276233e-02
3.544054050707678982e-02
3.549821465104674445e-02
3.555460806913934846e-02
3.560974920146176004e-02
3.566366585657210209e-02
3.571638522550468764e-02
3.576793389548260649e-02
3.581833786333010750e-02
3.586762254857411847e-02
3.591581280627575978e-02
3.596293293955366011e-02
3.600900671184881219e-02
3.605405735890254704e-02
3.609810760048048905e-02
3.614117965182650494e-02
3.618329523486796262e-02
3.622447558916874755e-02
3.626474148264335895e-02
3.630411322202764524e-02
3.634261066312127753e-02
3.638025322080373769e-02
3.641705987882026818e-02
3.645304919935821175e-02
3.648823933241107653e-02
3.652264802492677376e-02
3.655629262976312077e-02
3.658919011443106939e-02
3.662135706966385129e-02
3.665280971777207242e-02
3.668356392083094164e-02
3.671363518867920561e-02
3.674303868673955975e-02
3.677178924366764079e-02
3.679990135883226543e-02
3.682738920962336238e-02
3.685426665860536133e-02
3.688054726050715715e-02
3.690624426905841915e-02
3.693137064367402189e-02
3.695593905598748563e-02
3.697996189624230823e-02
3.700345127954385305e-02
3.702641905196468741e-02
3.704887679652113519e-02
3.707083583901482626e-02
1.300671967740143486e-01
1.454935403198538424e-01
1.591363006855370799e-01
1.720898682136011715e-01
1.837727852236277215e-01
1.945334793285864450e-01
2.045411946893826993e-01
2.132808419687650670e-01
2.215139788419735467e-01
2.285612045613616417e-01
2.347593093465620839e-01
2.405549571750160709e-01
2.451590559000180747e-01
2.493878931268547205e-01
2.531567255755842183e-01
2.559525927797818845e-01
2.584824679736938968e-01
2.605462495833852365e-01
2.617086843183997757e-01
2.626766690543949068e-01
2.633411209607983139e-01
2.632171336332027600e-01
2.629567298570489875e-01
2.625724955906094671e-01
2.614253122318452860e-01
2.601270936374633358e-01
2.587533353301161299e-01
2.569609835830672928e-01
2.546992940930303817e-01
2.524078683291230973e-01
2.500950651854703111e-01
2.472061430708958341e-01
2.441536491363831551e-01
2.411176385513686959e-01
2.381034460636541894e-01
2.346992201225077679e-01
2.312359198442930364e-01
2.278174486833015600e-01
2.244478411046171296e-01
2.208029788064038712e-01
2.169145691906195772e-01
2.131005024483387800e-01
2.093633444438709468e-01
2.057051287439000120e-01
2.017044693292979751e-01
1.977060542554978095e-01
1.938021865226755569e-01
1.899937327295480038e-01
1.845574250555601648e-01
1.773654028154756368e-01
1.695060263988932281e-01
1.618377801942829652e-01
1.547408457763037593e-01
1.483854711900509660e-01
1.428030659809162994e-01
1.379412684059606597e-01
1.337042249509330372e-01
1.299802632035598204e-01
1.266595260934189060e-01
1.236440235512434871e-01
1.208522658012942674e-01
1.182203267775365774e-01
1.157007145976611806e-01
1.132600723661725262e-01
1.108764499774810286e-01
1.085365818254058201e-01
1.062334487546439110e-01
1.039642426685141174e-01
1.017287686093710786e-01
9.952826031881656377e-02
9.736455444406266757e-02
9.523954969484571542e-02
9.315489382342501123e-02
9.111182636259806955e-02
8.911113142082727201e-02
8.715315700827641621e-02
8.523787234457635975e-02
8.336494051451603937e-02
8.153379342938626984e-02
7.974369998748254140e-02
7.799382366011831103e-02
7.628326852302635963e-02
7.461111384721763606e-02
7.297643776792028802e-02
7.137833347223154767e-02
6.981591851887092304e-02
6.828833943266987561e-02
6.679477350392493129e-02
6.533442755741258878e-02
6.390653686737479688e-02
6.251036222947825571e-02
6.114518787283440560e-02
5.981031908875800163e-02
5.850508013269273278e-02
5.722881289957615358e-02
5.598087496038184341e-02
5.476063911370143700e-02
5.356749232385027426e-02
5.240083492575875468e-02
5.126008041670360171e-02
5.014465500968201539e-02
4.905399733918280880e-02
4.798755812134514187e-02
4.694480028095338042e-02
4.592519812416573366e-02
4.492823773382781383e-02
4.395341650443773673e-02
4.300024274575342531e-02
4.206823572390927524e-02
4.115692535777437655e-02
4.026585199658505587e-02
3.939456619740555610e-02
3.854262850364809090e-02
3.770960922572630381e-02
3.689508822475762173e-02
3.609865469991468956e-02
3.531990689089270496e-02
3.455845213816299832e-02
3.381390651322302432e-02
3.308589444219633968e-02
3.237404877474192588e-02
3.167801051521101918e-02
3.099742864092647210e-02
3.033195992466053426e-02
2.968126876119536739e-02
2.904502690883203897e-02
2.842291367717009187e-02
2.781461524166295440e-02
2.721982482756546418e-02
2.663824247242829735e-02
2.606957487484673486e-02
2.551353524654320637e-02
2.496984316774031321e-02
2.443822444574506036e-02
2.391841097666502769e-02
2.341014052117307287e-02
2.291315692569950713e-02
2.242720946959009254e-02
2.195205308088810092e-02
2.148744812993408360e-02
2.103316030851076768e-02
2.058896051164138541e-02
2.015462472202744770e-02
1.972993389703625589e-02
1.931467385821084015e-02
1.890863518323571135e-02
1.851161310030091656e-02
1.812340738482665081e-02
1.774382225846982131e-02
1.737266629039080357e-02
1.700975221168254947e-02
1.665489717437007577e-02
1.630792213554066450e-02
1.596865210927611578e-02
1.563691599560423917e-02
1.531254649420010772e-02
1.499537993096189403e-02
1.468525652888175159e-02
1.438201980378939204e-02
1.408551682762571033e-02
1.379559806850627623e-02
1.351211731527168780e-02
1.323493160371724819e-02
1.296390114445777897e-02
1.269888925238804589e-02
1.243976227772880527e-02
1.218638953859541019e-02
1.193864325507965063e-02
1.169639848479619992e-02
1.145953305985880633e-02
1.122792752527024263e-02
1.100146507867383328e-02
1.078003151144923955e-02
1.056351506209129987e-02
1.035180671328683744e-02
1.014479961328662583e-02
9.942389275220397948e-03
9.744473795041619368e-03
9.550953187450472726e-03
9.361730031109294359e-03
9.176708813025902245e-03
8.995796222569962808e-03
8.818901021562242093e-03
8.645933998198795933e-03
8.476807921987239425e-03
8.311437499685103703e-03
8.149739332226735300e-03
7.991631872619420207e-03
7.837035384772317315e-03
7.685871903265306671e-03
7.538065194004239800e-03
7.393540626745354061e-03
7.252225490895103377e-03
7.114048435175046592e-03
6.978939773869763386e-03
6.846831279859300068e-03
6.717656503641977750e-03
6.591350216143876395e-03
6.467848628995076510e-03
6.347089632978919482e-03
6.229012243012421735e-03
6.113556909572714915e-03
6.000665405815786002e-03
5.890280798161784404e-03
5.782347417516708887e-03
5.676810831148682013e-03
5.573617815176623580e-03
5.472716238675845446e-03
5.374055301770042092e-03
5.277585339780177520e-03
5.183257616730996276e-03
5.091024560190948733e-03
5.000839654455191408e-03
4.912657417055488196e-03
4.826433375758387712e-03
4.742124046082096811e-03
4.659686909318505599e-03
4.579080391031720154e-03
4.500263751042066218e-03
4.423197416292934392e-03
4.347842437213200739e-03
4.274160721267072915e-03
4.202115284378082904e-03
4.131669708601570790e-03
4.062788465960309736e-03
3.995436728671197812e-03
3.929580704982171824e-03
3.865187098428091161e-03
3.802223433207130299e-03
3.740657865943575189e-03
3.680459523016432755e-03
3.621597961276812327e-03
3.564043494874491458e-03
3.507767097437719528e-03
3.452740387387631671e-03
3.398935524547175291e-03
3.346325460475307878e-03
3.294883754563215916e-03
3.244584379243908856e-03
3.195401966257893633e-03
3.147311711033440318e-03
3.100289360118635429e-03
3.054311109868645957e-03
3.009353947820869735e-03
2.965395117377589429e-03
2.922412448499889237e-03
2.880384263697965963e-03
2.839289278025569629e-03
2.799106852729549288e-03
2.759816814581261823e-03
2.721399264233870241e-03
2.683834825582653849e-03
2.647104464138294588e-03
2.611189830810323187e-03
2.576072728933676004e-03
2.541735447247450708e-03
2.508160668112990876e-03
2.475331458700269494e-03
2.443231262405864967e-03
2.411843890427478598e-03
2.381153424535042973e-03
2.351144562446894071e-03
2.321802086423074840e-03
2.293111197799291290e-03
2.265057426709349286e-03
2.237626624767452554e-03
2.210804957899270562e-03
2.184578899336875324e-03
2.158935133745654156e-03
2.133860903925643981e-03
2.109343480699799045e-03
2.085370498712935117e-03
2.061929867374301395e-03
2.039009764746690934e-03
2.016598631551902443e-03
1.994685165308318631e-03
1.973258314601045171e-03
1.952307273488163020e-03
1.931821476021777784e-03
1.911790590902961995e-03
1.892204516269035963e-03
1.873053374581878927e-03
1.854327507648800832e-03
1.836017382718324598e-03
1.818113941122412314e-03
1.800608070045450759e-03
1.783490940159504490e-03
1.766753918368557663e-03
1.750388563444227330e-03
1.734386621744299362e-03
1.718740023019194041e-03
1.703440876313688790e-03
1.688481465966340522e-03
1.673854247691730635e-03
1.659551755734955947e-03
1.645566952543253691e-03
1.631892701547510427e-03
1.618522105782727039e-03
1.605448421613253629e-03
