-6.642338394836629911e-01
-6.384469482710829480e-01
-6.147505472115201153e-01
-5.924858313282763689e-01
-5.717255378844149361e-01
-5.524960208830004271e-01
-5.346999281780293600e-01
-5.180047234554876479e-01
-5.024681482443367209e-01
-4.878025792340201505e-01
-4.745894835494004482e-01
-4.617958945563438444e-01
-4.503926828532172078e-01
-4.394098391092147171e-01
-4.291759519667575073e-01
-4.197918582963959810e-01
-4.106614316545429411e-01
-4.024586581999218815e-01
-3.946839437156177688e-01
-3.870925915396221662e-01
-3.804050449448013183e-01
-3.739660991397362189e-01
-3.676541314643335667e-01
-3.621248674783221766e-01
-3.568972095185114490e-01
-3.517462474448564969e-01
-3.468908668364503178e-01
-3.424692529919926010e-01
-3.256188228493064329e-01
-3.055223057651326179e-01
-2.889207895621819233e-01
-2.772439652258724685e-01
-2.694239121728272401e-01
-2.638026150521506352e-01
-2.590542289922432850e-01
-2.544234554644244639e-01
-2.496243254473662354e-01
-2.446441452906911174e-01
-2.395773178159186223e-01
-2.345263244774873357e-01
-2.295614523570241872e-01
-2.247163427326697160e-01
-2.199986346199351850e-01
-2.154027500804400752e-01
-2.109192113000371016e-01
-2.065394989883730936e-01
-2.022575870874998571e-01
-1.980697097593462352e-01
-1.939735268328495188e-01
-1.899673440599762841e-01
-1.860496153526569607e-01
-1.822187189053336986e-01
-1.784729121333068491e-01
-1.748103692869298342e-01
-1.712292374912256498e-01
-1.677276806456839964e-01
-1.643039036697104827e-01
-1.609561608511365094e-01
-1.576827550703696623e-01
-1.544820335418437551e-01
-1.513523833899053095e-01
-1.482922283796734853e-01
-1.453000269219968388e-01
-1.423742709755355662e-01
-1.395134854072446196e-01
-1.367162274963296120e-01
-1.339810864194417306e-01
-1.313066826671378529e-01
-1.286916674009712658e-01
-1.261347217797976761e-01
-1.236345562814369359e-01
-1.211899100360671611e-01
-1.187995501783971619e-01
-1.164622712195884091e-01
-1.141768944372651973e-01
-1.119422672813286113e-01
-1.097572627937495326e-01
-1.076207790412260223e-01
-1.055317385601060032e-01
-1.034890878132830316e-01
-1.014917966589461429e-01
-9.953885783101945606e-02
-9.762928643110635463e-02
-9.576211943173085217e-02
-9.393641519063899992e-02
-9.215125297589610298e-02
-9.040573250155281571e-02
-8.869897347361099804e-02
-8.703011514609437782e-02
-8.539831588695578901e-02
-8.380275275362780718e-02
-8.224262107800672794e-02
-8.071713406064384699e-02
-7.922552237394464569e-02
-7.776703377419247332e-02
-7.634093272217068460e-02
-7.494650001222824542e-02
-7.358303240956010072e-02
-7.224984229556685733e-02
-7.094625732107173732e-02
-6.967162006724514356e-02
-6.842528771405564925e-02
-6.720663171609375652e-02
-6.601503748557124851e-02
-6.484990408239088566e-02
-6.371064391107195135e-02
-6.259668242442018027e-02
-6.150745783377775666e-02
-6.044242082569439845e-02
-5.940103428490983717e-02
-5.838277302347538722e-02
-5.738712351588892702e-02
-5.641358364011983539e-02
-5.546166242437999827e-02
-5.453087979951920516e-02
-5.362076635691659376e-02
-5.273086311175312346e-02
-5.186072127153584788e-02
-5.100990200976607269e-02
-5.017797624463060657e-02
-4.936452442261174411e-02
-4.856913630689607686e-02
-4.779141077048842945e-02
-4.703095559391545777e-02
-4.628738726742342990e-02
-4.556033079756804938e-02
-4.484941951810039740e-02
-4.415429490504862997e-02
-4.347460639591238518e-02
-4.281001121286553968e-02
-4.216017418988649013e-02
-4.152476760373247089e-02
-4.090347100866109642e-02
-4.029597107482807417e-02
-3.970196143026161195e-02
-3.912114250636200552e-02
-3.855322138682382160e-02
-3.799791165990784592e-02
-3.745493327400373218e-02
-3.692401239639497845e-02
-3.640488127516094963e-02
-3.589727810414267140e-02
-3.540094689091155544e-02
-3.491563732766911343e-02
-3.444110466501104639e-02
-3.397710958849931018e-02
-3.352341809796710592e-02
-3.307980138951194249e-02
-3.264603574010660481e-02
-3.222190239477118467e-02
-3.180718745624933064e-02
-3.140168177714075526e-02
-3.100518085442205418e-02
-3.061748472631187212e-02
-3.023839787142890145e-02
-2.986772911018720222e-02
-2.950529150837866155e-02
-2.915090228290395657e-02
-2.880438270958762814e-02
-2.846555803304440246e-02
-2.813425737855057562e-02
-2.781031366586717013e-02
-2.749356352498244505e-02
-2.718384721371203128e-02
-2.688100853714869842e-02
-2.658489476888803438e-02
-2.629535657400161597e-02
-2.601224793372969302e-02
-2.573542607184053921e-02
-2.546475138262360716e-02
-2.520008736049117459e-02
-2.494130053112497691e-02
-2.468826038417271107e-02
-2.444083930742824151e-02
-2.419891252246930691e-02
-2.396235802173318774e-02
-2.373105650698992264e-02
-2.350489132917132906e-02
-2.328374842954694657e-02
-2.306751628220293782e-02
-2.285608583779641378e-02
-2.264935046855942602e-02
-2.244720591452686875e-02
-2.224955023095365192e-02
-2.205628373690826649e-02
-2.186730896499344823e-02
-2.168253061219749256e-02
-2.150185549183136757e-02
-2.132519248653030886e-02
-2.115245250230746166e-02
-2.098354842361294104e-02
-2.081839506940852402e-02
-2.065690915020823581e-02
-2.049900922606928688e-02
-2.034461566552536738e-02
-2.019365060542499535e-02
-2.004603791166426063e-02
-1.990170314079398040e-02
-1.976057350247151234e-02
-1.962257782275367290e-02
-1.948764650820367095e-02
-1.935571151079340524e-02
-1.922670629358780303e-02
-1.910056579718366621e-02
-1.897722640690213680e-02
-1.885662592070991295e-02
-1.873870351784479027e-02
-1.862339972814774924e-02
-1.851065640206561724e-02
-1.840041668132874619e-02
-1.829262497027706047e-02
-1.818722690781937601e-02
-1.808416934002154974e-02
-1.798340029329725809e-02
-1.788486894819829587e-02
-1.778852561378618802e-02
-1.769432170257045911e-02
-1.760220970600512302e-02
-1.751214317053406688e-02
-1.742407667415690753e-02
-1.733796580352420236e-02
-1.725376713154247454e-02
-1.717143819546862460e-02
-1.709093747550038955e-02
-1.701222437383176356e-02
-1.693525919418181758e-02
-1.686000312177471372e-02
-1.678641820376514104e-02
-1.671446733009762653e-02
-1.664411421479039532e-02
-1.657532337764111574e-02
-1.650806012632344277e-02
-1.644229053889967318e-02
-1.637798144671398504e-02
-1.631510041765560359e-02
-1.625361573981320973e-02
-1.619349640547795843e-02
-1.613471209550265684e-02
-1.607723316401576952e-02
-1.602103062347159934e-02
-1.596607613002509751e-02
-1.591234196924284916e-02
-1.585980104212714181e-02
-1.580842685144245863e-02
-1.575819348836082767e-02
-1.570907561939050012e-02
-1.566104847360039187e-02
-1.561408783013229495e-02
-1.556817000597998657e-02
-1.552327184404500571e-02
-1.547937070146510052e-02
-1.543644443818781298e-02
-1.539447140581229334e-02
-1.535343043666248519e-02
-1.531330083311788215e-02
-1.527406235717787553e-02
-1.523569522024725842e-02
-1.519818007316375841e-02
-1.516149799643606855e-02
-1.512563049070392296e-02
-1.509055946740867071e-02
-1.505626723967035119e-02
-1.502273651336727411e-02
-1.498995037841677203e-02
-1.495789230024380245e-02
-1.492654611144583754e-02
-1.489589600363538935e-02
-1.486592651947260535e-02
-1.483662254486439736e-02
-1.480796930134520295e-02
-1.477995233862738900e-02
-1.475255752730353365e-02
-1.472577105173167311e-02
-1.469957940306354516e-02
-1.467396937242826382e-02
-1.464892804427719852e-02
-1.462444278986607671e-02
-1.460050126088852096e-02
-1.457709138324680964e-02
-1.455420135096385792e-02
-1.453181962022798146e-02
-1.450993490357577187e-02
-1.448853616419132351e-02
-1.446761261034668067e-02
-1.444715368995863614e-02
-1.442714908526454565e-02
-1.440758870762071098e-02
-1.438846269241622622e-02
-1.436976139409296138e-02
-1.435147538128722644e-02
-1.433359543206780273e-02
-1.431611252929076983e-02
-1.429901785604625886e-02
-1.428230279121711632e-02
-1.426595890512682985e-02
-1.424997795529314715e-02
-1.423435188226562786e-02
-1.421907280556355957e-02
-1.420413301970357978e-02
-1.418952499031211900e-02
-1.417524135032710575e-02
-5.789000069886407474e-02
-6.021062019808720578e-02
-6.264423099064053702e-02
-6.495463623616881677e-02
-6.714106381659812328e-02
-6.961463160214442780e-02
-7.219332079612250652e-02
-7.463404899934245051e-02
-7.693772059193948465e-02
-7.918260855300562895e-02
-8.172206343946131213e-02
-8.411863008149467191e-02
-8.637430037930693416e-02
-8.849116769171549990e-02
-9.054303092397342212e-02
-9.283642945160730520e-02
-9.498895469341839259e-02
-9.700326553690707954e-02
-9.888194739032174496e-02
-1.006275213882759090e-01
-1.024849421265621174e-01
-1.044152104368638589e-01
-1.062110612375546381e-01
-1.078754074426493403e-01
-1.094112497301678033e-01
-1.108216606463718890e-01
-1.121515371949390882e-01
-1.136577030369423369e-01
-1.150411278493539413e-01
-1.163049934279198894e-01
-1.174524516031700827e-01
-1.184866219302520562e-01
-1.194105895958550434e-01
-1.202274035282053788e-01
-1.211377111984193178e-01
-1.220318695651512186e-01
-1.228225260056525769e-01
-1.235127296067295433e-01
-1.241054197948372462e-01
-1.246034338749382187e-01
-1.250095139268081468e-01
-1.253263131106949757e-01
-1.255564014303267584e-01
-1.259715577127114017e-01
-1.263340770053789086e-01
-1.266116114872088971e-01
-1.235764727620960457e-01
-1.172092060642340172e-01
-1.107468277852579064e-01
-1.054678839564600068e-01
-1.015099243682273666e-01
-9.853352540933180137e-02
-9.612246435436855307e-02
-9.395970950069898464e-02
-9.186367646778315077e-02
-8.976012727490090271e-02
-8.763827803999912902e-02
-8.551448131755545745e-02
-8.341002274341047240e-02
-8.134116648268285843e-02
-7.931691133801344051e-02
-7.734040591498025918e-02
-7.541129848064986874e-02
-7.352772103985394381e-02
-7.168751962698838298e-02
-6.988881712648975508e-02
-6.813014794493188475e-02
-6.641038802379384265e-02
-6.472862851992466915e-02
-6.308406700478386142e-02
-6.147593885679825121e-02
-5.990348503990627904e-02
-5.836594356785695936e-02
-5.686255249689509128e-02
-5.539255625956851503e-02
-5.395521119498525309e-02
-5.254978894865480754e-02
-5.117557790006888041e-02
-4.983188329015231233e-02
-4.851802670906035786e-02
-4.723334539570078761e-02
-4.597719158137980600e-02
-4.474893195397999790e-02
-4.354794723797361655e-02
-4.237363185311426861e-02
-4.122539361634203203e-02
-4.010265346264052511e-02
-3.900484517041480359e-02
-3.793141508718100852e-02
-3.688182185655808354e-02
-3.585553614639458431e-02
-3.485204038194211762e-02
-3.387082848359312948e-02
-3.291140561080752036e-02
-3.197328791161346828e-02
-3.105600227871274654e-02
-3.015908611053319532e-02
-2.928208707799750954e-02
-2.842456289645678424e-02
-2.758608110268045976e-02
-2.676621883690000203e-02
-2.596456262922508529e-02
-2.518070819160556084e-02
-2.441426021366055465e-02
-2.366483216337567086e-02
-2.293204609215404588e-02
-2.221553244422214135e-02
-2.151492987032987969e-02
-2.082988504520510986e-02
-2.016005248979002573e-02
-1.950509439678249635e-02
-1.886468046039002644e-02
-1.823848770952718468e-02
-1.762620034511730438e-02
-1.702750958071508336e-02
-1.644211348711710485e-02
-1.586971683953652956e-02
-1.531003096920802165e-02
-1.476277361757993845e-02
-1.422766879398729145e-02
-1.370444663647685246e-02
-1.319284327572045612e-02
-1.269260070192856915e-02
-1.220346663473570459e-02
-1.172519439597863311e-02
-1.125754278537982600e-02
-1.080027595856769551e-02
-1.035316330859537004e-02
-9.915979349382375574e-03
-9.488503602039344287e-03
-9.070520483689392677e-03
-8.661819198737319425e-03
-8.262193632567971235e-03
-7.871442247592952413e-03
-7.489367981612815584e-03
-7.115778148437890138e-03
-6.750484340724227650e-03
-6.393302334933181896e-03
-6.044051998451038799e-03
-5.702557198726587728e-03
-5.368645714444397754e-03
-5.042149148689389904e-03
-4.722902844085830054e-03
-4.410745799443560600e-03
-4.105520589006594889e-03
-3.807073282808381975e-03
-3.515253369081428048e-03
-3.229913678362450469e-03
-2.950910309265530884e-03
-2.678102555921491046e-03
-2.411352836994673510e-03
-2.150526626317983414e-03
-1.895492385044050820e-03
-1.646121495315178151e-03
-1.402288195388123881e-03
-1.163869516211946120e-03
-9.307452194233789555e-04
-7.027977366904636369e-04
-4.799121104452908071e-04
-2.619759358877260524e-04
-4.887930439068099986e-05
1.594852521629164244e-04
3.632228154710759327e-04
5.624361335971883591e-04
7.572256729977411283e-04
9.476896691573699627e-04
1.133924176132339312e-03
1.316023114964259833e-03
1.494078321070624327e-03
1.668179590465612705e-03
1.838414725283676887e-03
2.004869577856283058e-03
2.167628094132290073e-03
2.326772355774942014e-03
2.482382621685985669e-03
2.634537368773059995e-03
2.783313331050862871e-03
2.928785538624190110e-03
3.071027355376898527e-03
3.210110516284281346e-03
3.346105163166690488e-03
3.479079880301938488e-03
3.609101728971886303e-03
3.736236281280724825e-03
3.860547653129486889e-03
3.982098536809530742e-03
4.100950232404088069e-03
4.217162678827435229e-03
4.330794483808020345e-03
4.441902953586485125e-03
4.550544122102984090e-03
4.656772778775852828e-03
4.760642496419720260e-03
4.862205658196394609e-03
4.961513484038171384e-03
5.058616056472509115e-03
5.153562345885376317e-03
5.246400235218828811e-03
5.337176544113475529e-03
5.425937052514484549e-03
5.512726523770439258e-03
5.597588727209945603e-03
5.680566460200431322e-03
5.761701569747756935e-03
5.841034973586012313e-03
5.918606680831217659e-03
5.994455812133203665e-03
6.068620619428699570e-03
6.141138505223686650e-03
6.212046041447649714e-03
6.281378987824659532e-03
6.349172310228468064e-03
6.415460197780831209e-03
6.480276080673696981e-03
6.543652646541886497e-03
6.605621857186605439e-03
6.666214964592853676e-03
6.725462526980585665e-03
6.783394423710120691e-03
6.840039870833258817e-03
6.895427435646972469e-03
6.949585050930018326e-03
7.002540029221293594e-03
7.054319076562620694e-03
7.104948305960867572e-03
7.154453250538317377e-03
7.202858876437900904e-03
7.250189595395362119e-03
7.296469277054740132e-03
7.341721260913480762e-03
7.385968368338602374e-03
7.429232913879424416e-03
7.471536716634474828e-03
7.512901111018877032e-03
7.553346957661410954e-03
7.592894654200321725e-03
7.631564145109237529e-03
7.669374932031125525e-03
7.706346083464765684e-03
7.742496244703467312e-03
7.777843646800342015e-03
7.812406116014969371e-03
7.846201082664983062e-03
7.879245590240557817e-03
7.911556303564992731e-03
7.943149517445569074e-03
7.974041164841239038e-03
8.004246824906857682e-03
8.033781730835798385e-03
8.062660777556018843e-03
8.090898529236056902e-03
8.118509226626713371e-03
8.145506794250856331e-03
8.171904847408484329e-03
8.197716698978396721e-03
8.222955366446349501e-03
8.247633578021940082e-03
8.271763779234220237e-03
8.295358139481123771e-03
8.318428557716472937e-03
8.340986668714300833e-03
8.363043848889972764e-03
8.384611222035154299e-03
8.405699664913335312e-03
8.426319812766536188e-03
8.446482064669247336e-03
8.466196588769570042e-03
8.485473327330517179e-03
8.504322001989805813e-03
8.522752118539145272e-03
8.540772971524113188e-03
8.558393649132689518e-03
8.575623037748059119e-03
8.592469826426807344e-03
8.608942511184380919e-03
8.625049399528350591e-03
8.640798614441891345e-03
8.656198098512035699e-03
8.671255618034834356e-03
8.685978766692414865e-03
8.700374969586199825e-03
8.714451486942387248e-03
8.728215417777462903e-03
8.741673703456243061e-03
8.754833131125572265e-03
8.767700337361183927e-03
8.780281811410439730e-03
8.792583898255657004e-03
8.804612802015832074e-03
8.816374589054376543e-03
8.827875191032674707e-03
8.839120407881928543e-03
8.850115910741251923e-03
8.860867244737669068e-03
8.871379832010362065e-03
8.881658974329020850e-03
8.891709855488372227e-03
8.901537544353743669e-03
8.911146997200525277e-03
8.920543060322749795e-03
8.580242482154698536e-02
9.550187862681891460e-02
1.045849138089520736e-01
1.130189335314257804e-01
1.203587902177902791e-01
1.272991607709332840e-01
1.335115078354363050e-01
1.389103974769181349e-01
1.439886905405565187e-01
1.478504786274026372e-01
1.325819437071498186e-01
1.142907857737709421e-01
1.000024551631355507e-01
9.111197613836763409e-02
8.642588661322525567e-02
8.415153607835490490e-02
8.284594936769007489e-02
8.166372446343483915e-02
8.025865708153556710e-02
7.858548025201983478e-02
7.672754510043455767e-02
7.478988770422834165e-02
7.285162290994140477e-02
7.095621563603105031e-02
6.911928546492385195e-02
6.734054243961606900e-02
6.561347515655890916e-02
6.393102678937667704e-02
6.228794156142836158e-02
6.068107968818958753e-02
5.910886061035069972e-02
5.757055480210038212e-02
5.606574692152577200e-02
5.459403474252200184e-02
5.315491641776892706e-02
5.174778487189435339e-02
5.037196513424513356e-02
4.902675407511214445e-02
4.771145076800298312e-02
4.642537151262082773e-02
4.516785472736106755e-02
4.393826022667379760e-02
4.273596649690292182e-02
4.156036799096352041e-02
4.041087320557235074e-02
3.928690358115582981e-02
3.818789297661817628e-02
3.711328744154362980e-02
3.606254508657480429e-02
3.503513594656970653e-02
3.403054180075093527e-02
3.304825595197824484e-02
3.208778298094294712e-02
3.114863849118743033e-02
3.023034885568920416e-02
2.933245097029901771e-02
2.845449201551808471e-02
2.759602922610371323e-02
2.675662966741265691e-02
2.593587001746566756e-02
2.513333635398584676e-02
2.434862394609949021e-02
2.358133705046228101e-02
2.283108871177574883e-02
2.209750056766512927e-02
2.138020265782092366e-02
2.067883323739705403e-02
1.999303859455148213e-02
1.932247287204846842e-02
1.866679789284120261e-02
1.802568298951934267e-02
1.739880483754197016e-02
1.678584729219556593e-02
1.618650122914999656e-02
1.560046438856188544e-02
1.502744122264054738e-02
1.446714274660632071e-02
1.391928639294270909e-02
1.338359586890058850e-02
1.285980101714567780e-02
1.234763767952129498e-02
1.184684756384113413e-02
1.135717811360814622e-02
1.087838238065330643e-02
1.041021890060900290e-02
9.952451571110021433e-03
9.504849532748771423e-03
9.067187052626657362e-03
8.639243410534902523e-03
8.220802787617831342e-03
7.811654157559466682e-03
7.411591180128684897e-03
7.020412097152650688e-03
6.637919630731570209e-03
6.263920883781803894e-03
5.898227242723486086e-03
5.540654282390811147e-03
5.191021672992679470e-03
4.849153089195201716e-03
4.514876121183508673e-03
4.188022187711304412e-03
3.868426451100415164e-03
3.555927734089525671e-03
3.250368438551642924e-03
2.951594466030993402e-03
2.659455140020750008e-03
2.373803129967821945e-03
2.094494376973177197e-03
1.821388021155279091e-03
1.554346330592260017e-03
1.293234631868589446e-03
1.037921242170281033e-03
7.882774028531436272e-04
5.441772145164947005e-04
3.054975735246046042e-04
7.211810989460332166e-05
-1.560788733749873813e-04
-3.792084596949685249e-04
-5.973831768888437921e-04
-8.107130539771745248e-04
-1.019305676637216607e-03
-1.223266241472842353e-03
-1.422697609078760195e-03
-1.617700355894147179e-03
-1.808372824932735767e-03
-1.994811175384914037e-03
-2.177109431102497439e-03
-2.355359528018130533e-03
-2.529651360518858638e-03
-2.700072826775645751e-03
-2.866709873072359471e-03
-3.029646537141328366e-03
-3.188964990559206569e-03
-3.344745580184937950e-03
-3.497066868662468409e-03
-3.646005674065477820e-03
-3.791637108630396824e-03
-3.934034616618564684e-03
-4.073270011387020162e-03
-4.209413511574666700e-03
-4.342533776539703183e-03
-4.472697940964387442e-03
-4.599971648724388018e-03
-4.724419085999631562e-03
-4.846103013629310396e-03
-4.965084798770114105e-03
-5.081424445849247462e-03
-5.195180626816675584e-03
-5.306410710737896608e-03
-5.415170792730350513e-03
-5.521515722251457703e-03
-5.625499130757827260e-03
-5.727173458748513468e-03
-5.826589982219854136e-03
-5.923798838525229371e-03
-6.018849051644181714e-03
-6.111788556924402371e-03
-6.202664225259724162e-03
-6.291521886703677069e-03
-6.378406353602983359e-03
-6.463361443183046617e-03
-6.546429999663594401e-03
-6.627653915855180600e-03
-6.707074154274739186e-03
-6.784730767824154185e-03
-6.860662919987881025e-03
-6.934908904565162402e-03
-7.007506164996790687e-03
-7.078491313246448868e-03
-7.147900148269048515e-03
-7.215767674046968949e-03
-7.282128117265251888e-03
-7.347014944565799510e-03
-7.410460879410329937e-03
-7.472497918603604461e-03
-7.533157348426300359e-03
-7.592469760394848777e-03
-7.650465066717515583e-03
-7.707172515352134212e-03
-7.762620704782285941e-03
-7.816837598412451626e-03
-7.869850538699374454e-03
-7.921686260914384548e-03
-7.972370906645931399e-03
-8.021930036980151613e-03
-8.070388645372794656e-03
-8.117771170282228610e-03
-8.164101507479593067e-03
-8.209403022091166235e-03
-8.253698560405364759e-03
-8.297010461365328382e-03
-8.339360567866105356e-03
-8.380770237738754957e-03
-8.421260354551485250e-03
-8.460851338115027431e-03
-8.499563154799272269e-03
-8.537415327598996129e-03
-8.574426945965107905e-03
-8.610616675451598923e-03
-8.646002767128013744e-03
-8.680603066764991382e-03
-8.714435023849276263e-03
-8.747515700374464132e-03
-8.779861779461217708e-03
-8.811489573759434535e-03
-8.842415033666561897e-03
-8.872653755388260066e-03
-8.902220988805886748e-03
-8.931131645145917730e-03
-8.959400304517473046e-03
-8.987041223253999789e-03
-9.014068341117731364e-03
-9.040495288318961542e-03
-9.066335392393209958e-03
-9.091601684915406878e-03
-9.116306908083959826e-03
-9.140463521144059911e-03
-9.164083706656001027e-03
-9.187179376661358532e-03
-9.209762178681302203e-03
-9.231843501578129718e-03
-9.253434481325317762e-03
-9.274546006595052461e-03
-9.295188724266267855e-03
-9.315373044800789870e-03
-9.335109147472042679e-03
-9.354406985514263084e-03
-9.373276291132270899e-03
-9.391726580421977388e-03
-9.409767158166548739e-03
-9.427407122510000903e-03
-9.444655369569954217e-03
-9.461520597922490339e-03
-9.478011312969325530e-03
-9.494135831242811463e-03
-9.509902284592364197e-03
-9.525318624296286174e-03
-9.540392625062121823e-03
-9.555131888952850261e-03
-9.569543849212713837e-03
-9.583635774024212850e-03
-9.597414770177614685e-03
-9.610887786632993368e-03
-9.624061618049406519e-03
-9.636942908209267245e-03
-9.649538153350345482e-03
-9.661853705457801311e-03
-9.673895775457630464e-03
-9.685670436361704105e-03
-9.697183626325767136e-03
-9.708441151626612253e-03
-9.719448689619714088e-03
-9.730211791587173309e-03
-9.740735885526152771e-03
-9.751026278913776935e-03
-9.761088161356124004e-03
-9.770926607221674942e-03
-9.780546578201931851e-03
-9.789952925795208927e-03
-9.799150393774880285e-03
-9.808143620577691735e-03
-9.816937141629455965e-03
-9.825535391644990568e-03
-9.833942706854781335e-03
-9.842163327205000201e-03
-9.850201398492242078e-03
-9.858060974436533286e-03
-9.865746018749010915e-03
-9.873260407128103822e-03
-9.880607929197093853e-03
-9.887792290427466213e-03
-9.894817114006748682e-03
-9.901685942672600049e-03
-9.908402240477620637e-03
-9.914969394559491889e-03
-9.921390716846723024e-03
-9.927669445711551077e-03
-9.933808747618844137e-03
-9.939811718711055732e-03
-9.945681386386961975e-03
-9.951420710818670301e-03
-9.957032586431768806e-03
-9.962519843387251939e-03
-9.967885249002161885e-03
-9.973131509129373740e-03
-9.978261269548482915e-03
-9.983277117275868306e-03
-9.988181581884081339e-03
-9.992977136779046532e-03
-9.997666200427968164e-03
-1.000225113760322415e-02
-1.000673426056808424e-02
-1.001111783022423651e-02
-1.001540405728418293e-02
-1.001959510335748149e-02
-1.002369308205164344e-02
-1.002770006005171410e-02
-1.003161805813768126e-02
-1.003544905222009120e-02
-1.003919497432592678e-02
-4.202161266757720171e-02
-4.504955181230307915e-02
-4.806433515561447933e-02
-5.122275991788516336e-02
-5.421953130067436177e-02
-5.705813227913481001e-02
-5.974212408377876926e-02
-6.227513027396369694e-02
-6.466082225424063523e-02
-6.720986139782691993e-02
-6.964389959810013409e-02
-7.193494666859656661e-02
-7.408666627363391655e-02
-7.610267906235979041e-02
-7.798656077924359664e-02
-7.974184057510402823e-02
-8.150809125798907928e-02
-8.330037992211369868e-02
-8.496905497492068804e-02
-8.651762185357814161e-02
-8.794946503669365256e-02
-8.926785594144082125e-02
-9.047596016180659007e-02
-9.157684410071098569e-02
-9.257348104499296682e-02
-9.367306010582954201e-02
-9.476945352218280050e-02
-9.576441984465322577e-02
-9.666090874374866360e-02
-9.746185309618393688e-02
-9.817016412324797159e-02
-9.878872702976426723e-02
-9.932039710394224841e-02
-9.976799624192622673e-02
-1.001343098632538897e-01
-1.004220841862339952e-01
-1.008054892330072505e-01
-1.011300100158845083e-01
-1.013810507920975823e-01
-1.015611094042583318e-01
-1.016726267997558608e-01
-1.017179866810433708e-01
-1.016995158108029429e-01
-1.016194855428880217e-01
-1.014801113987928716e-01
-1.012835557327935732e-01
-1.010319266800916438e-01
-1.007272787083497434e-01
-1.003716203462854395e-01
-9.999508223406028407e-02
-9.968488774415451559e-02
-9.932676903855686135e-02
-9.892260369228278449e-02
-9.847421602978556621e-02
-9.798338011070661935e-02
-9.745181424151461158e-02
-9.688119420184992947e-02
-9.627314155920085881e-02
-9.562923770070508311e-02
-9.495101286144347341e-02
-9.423995683766417386e-02
-9.349751308145837214e-02
-9.272508705088799985e-02
-9.192404183892666225e-02
-9.109570213628703783e-02
-9.024134985604437276e-02
-8.936223460936876251e-02
-8.845956608975846791e-02
-8.758281891981223310e-02
-8.674769060638620743e-02
-8.589039446088975183e-02
-8.501205773982256630e-02
-8.411377520353191528e-02
-8.319660730476829968e-02
-8.226158640791059184e-02
-8.130971390696206669e-02
-8.034195957817757971e-02
-7.935926258890368956e-02
-7.836253717861030310e-02
-7.735266507168425676e-02
-7.633050454511192129e-02
-7.529688905214282357e-02
-7.425262022982082044e-02
-7.319847396993051092e-02
-7.213521152237767353e-02
-7.106355935712205252e-02
-6.998422382144209308e-02
-6.889788666528673389e-02
-6.780521202850131601e-02
-6.670683728234472198e-02
-6.560338022773581912e-02
-6.449543814727221047e-02
-6.338358542889910296e-02
-6.226838200870155049e-02
-6.115036432466780525e-02
-6.003005095939606406e-02
-5.890794198781534874e-02
-5.778452001425904427e-02
-5.671737241660057549e-02
-5.565519154000142521e-02
-5.459190539016578470e-02
-5.352795109810948304e-02
-5.246375099001454601e-02
-5.139971121046738034e-02
-5.033622274974369759e-02
-4.927366099743313299e-02
-4.821238817209660965e-02
-4.715275199030344311e-02
-4.609508306779552811e-02
-4.503970367338983039e-02
-4.398692963793315869e-02
-4.223770168606755249e-02
-3.976921841722180773e-02
-3.724021474504457530e-02
-3.493112055837865881e-02
-3.289455297372700926e-02
-3.108046479586334954e-02
-2.941438151728892336e-02
-2.783446398578170999e-02
-2.630186443063298185e-02
-2.479782693630472323e-02
-2.331660124907131149e-02
-2.185888887398501623e-02
-2.042741989533158886e-02
-1.902467682123454296e-02
-1.765210003503447922e-02
-1.631010290008649832e-02
-1.499838934254071887e-02
-1.371628890626030994e-02
-1.246300037352199297e-02
-1.123772763192754098e-02
-1.003973396346768965e-02
-8.868349016558418896e-03
-7.722955597829539443e-03
-6.602972627055336829e-03
-5.507841622291564931e-03
-4.437018470778930634e-03
-3.389969581949259236e-03
-2.366170775214726518e-03
-1.365107462824255435e-03
-3.862751956544840937e-04
5.708198893268345842e-04
1.506660864691866664e-03
2.421720032232954622e-03
3.316459091698753525e-03
4.191329382875252918e-03
5.046772150464562401e-03
5.883218803017342680e-03
6.701091155854044246e-03
7.500801657347899720e-03
8.282753602006032168e-03
9.047341334154523906e-03
9.794950445217054380e-03
1.052595796633770675e-02
1.124073255713398112e-02
1.193963469080117079e-02
1.262301683557698340e-02
1.329122363244561456e-02
1.394459206898090997e-02
1.458345164940677563e-02
1.520812456083486808e-02
1.581892583580035705e-02
1.641616351115438022e-02
1.700013878341977147e-02
1.757114616069532786e-02
1.812947361115835321e-02
1.867540270831202776e-02
1.920920877287546347e-02
1.973116101197991412e-02
2.024152265446765853e-02
2.074055108380257195e-02
2.122849796818560009e-02
2.170560938701537879e-02
2.217212595523321284e-02
2.262828294462160272e-02
2.307431040246754606e-02
2.351043326758261998e-02
2.393687148372869444e-02
2.435384011054697595e-02
2.476154943200992165e-02
2.516020506247329536e-02
2.555000805037010991e-02
2.593115497960507554e-02
2.630383806869396324e-02
2.666824526770206205e-02
2.702456035302880366e-02
2.737296302009184501e-02
2.771362897394968883e-02
2.804673001791346820e-02
2.837243414018342236e-02
2.869090559858022971e-02
2.900230500337208639e-02
2.930678939827835450e-02
2.960451233966576723e-02
2.989562397399492255e-02
3.018027111353482894e-02
3.045859731040945206e-02
3.073074292898603233e-02
3.099684521667001036e-02
3.125703837311721855e-02
3.151145361791218846e-02
3.176021925674898938e-02
3.200346074613147351e-02
3.224130075664799477e-02
3.247385923483392389e-02
3.270125346366459240e-02
3.292359812169820543e-02
3.314100534091579675e-02
3.335358476326799604e-02
3.356144359597124094e-02
3.376468666557030929e-02
3.396341647080980408e-02
3.415773323431903208e-02
3.434773495316267855e-02
3.453351744825639003e-02
3.471517441269611481e-02
3.489279745900386587e-02
3.506647616533609124e-02
3.523629812064932310e-02
3.540234896888350136e-02
3.556471245214698484e-02
3.572347045295032331e-02
3.587870303550211304e-02
3.603048848608736421e-02
3.617890335254259071e-02
3.632402248287025515e-02
3.646591906297658170e-02
3.660466465358425125e-02
3.674032922632264331e-02
3.687298119901338822e-02
3.700268747017609883e-02
3.712951345276493953e-02
3.725352310715912552e-02
3.737477897341889843e-02
3.749334220282385388e-02
3.760927258871404888e-02
3.772262859664277102e-02
3.783346739386672652e-02
3.794184487817009455e-02
3.804781570605708652e-02
3.815143332031745160e-02
3.825274997697913903e-02
3.835181677165699909e-02
3.844868366532683268e-02
3.854339950951768401e-02
3.863601207095079815e-02
3.872656805562613158e-02
3.881511313238394933e-02
3.890169195592374507e-02
3.898634818933910395e-02
3.906912452612676390e-02
3.915006271172138952e-02
3.922920356455072977e-02
3.930658699661648825e-02
3.938225203362577531e-02
3.945623683467136544e-02
3.952857871147497093e-02
3.959931414720951892e-02
3.966847881488888561e-02
3.973610759536505554e-02
3.980223459491849525e-02
3.986689316245506376e-02
3.993011590633166463e-02
3.999193471078932305e-02
4.005238075204609061e-02
4.011148451400892156e-02
4.016927580365514672e-02
4.022578376606045225e-02
4.028103689909556806e-02
4.033506306780321182e-02
4.038788951844818342e-02
4.043954289225659693e-02
4.049004923885579643e-02
4.053943402940696217e-02
4.058772216945083500e-02
4.063493801147277651e-02
4.068110536718005932e-02
4.072624751951092748e-02
4.077038723437809153e-02
4.081354677214754645e-02
4.085574789886781133e-02
4.089701189724337382e-02
4.093735957737276721e-02
4.097681128723795752e-02
4.101538692296902155e-02
4.105310593887878667e-02
4.108998735727364959e-02
4.112604977804412698e-02
4.116131138804668410e-02
4.119578997027861789e-02
4.122950291284155355e-02
4.126246721771487103e-02
4.129469950932662670e-02
4.132621604293795770e-02
4.135703271284363325e-02
4.138716506038431220e-02
4.141662828178738209e-02
4.144543723582838624e-02
4.147360645132458501e-02
4.150115013446242784e-02
1.371427806501976931e-01
1.529049685204721953e-01
1.678941234888329248e-01
1.810850308322207169e-01
1.935742219774745365e-01
2.048582351270873403e-01
2.151718223554528464e-01
2.247962900584772328e-01
2.331057239555391902e-01
2.409171965122984815e-01
2.476192588500785163e-01
2.534107909854830254e-01
2.588080007863764465e-01
2.630727814235758188e-01
2.669180704886642275e-01
2.703610831548211024e-01
2.727877375032448093e-01
2.749558462817738302e-01
2.767200051629634672e-01
2.775339439780966089e-01
2.781604680822029607e-01
2.785364917025763276e-01
2.780838775482346037e-01
2.775015473399324861e-01
2.768019653090449950e-01
2.753891249866491364e-01
2.737874679338512252e-01
2.721164783411569310e-01
2.700803020552009492e-01
2.675324153043323605e-01
2.649606655313614390e-01
2.623733049728564914e-01
2.592599045411430048e-01
2.559430778681459628e-01
2.526482229755004916e-01
2.493806154525781693e-01
2.457594893358225896e-01
2.420526938932456851e-01
2.383958378278574486e-01
2.347928241316159514e-01
2.309582176259397102e-01
2.268451779797997503e-01
2.228111959804874864e-01
2.188587631044285331e-01
2.149898377090151413e-01
2.108139730026366010e-01
2.066130194842932255e-01
2.025109235146254072e-01
1.985084682496018882e-01
1.946062229628269247e-01
1.900110337540950045e-01
1.767405025598665080e-01
1.636406993423027423e-01
1.539944773216161966e-01
1.478647298772335361e-01
1.440715486628330044e-01
1.413759792247826219e-01
1.389493462153064129e-01
1.364077132092460509e-01
1.336694300304355210e-01
1.307954578122469957e-01
1.278789744523638472e-01
1.249922822101352526e-01
1.221739961878920422e-01
1.194359789552392748e-01
1.167753354127587517e-01
1.141841302171071604e-01
1.116548436530451216e-01
1.091823041607073996e-01
1.067636093954964505e-01
1.043973122974282131e-01
1.020826130007308485e-01
9.981883517864975630e-02
9.760519389968869142e-02
9.544075340510005390e-02
9.332447303458746291e-02
9.125526942066586322e-02
8.923206317269283261e-02
8.725380314556807626e-02
8.531947354889424240e-02
8.342809189327882180e-02
8.157870385149101899e-02
7.977037936513342586e-02
7.800220887460329600e-02
7.627330234619833504e-02
7.458278865431977600e-02
7.292981525943154075e-02
7.131354871587736177e-02
6.973317362354558568e-02
6.818789280512005391e-02
6.667692685701154254e-02
6.519951374239463249e-02
6.375490838022801476e-02
6.234238224730370703e-02
6.096122299810735612e-02
5.961073410088091329e-02
5.829023448633807725e-02
5.699905820596673500e-02
5.573655409800393201e-02
5.450208546025825385e-02
5.329502972955912909e-02
5.211477816789966688e-02
5.096073555534363919e-02
4.983231988970282522e-02
4.872896209292520986e-02
4.765010572402794686e-02
4.659520669846939356e-02
4.556373285244985638e-02
4.455516429175032656e-02
4.356899227714272627e-02
4.260471944684818268e-02
4.166185949104939112e-02
4.073993690579991167e-02
3.983848675044554533e-02
3.895705441062413676e-02
3.809519536742667078e-02
3.725247497258088458e-02
3.642846822918133221e-02
3.562275957751803723e-02
3.483494268571285524e-02
3.406462008364052885e-02
3.331140357975037603e-02
3.257491305160420403e-02
3.185477735039299318e-02
3.115063318666999592e-02
3.046212542531057110e-02
2.978890682896717657e-02
2.913063787958702910e-02
2.848698644155223114e-02
2.785762820820836261e-02
2.724224552296949931e-02
2.664052831487451201e-02
2.605217301526718821e-02
2.547688288320060224e-02
2.491436777862365837e-02
2.436434401285225704e-02
2.382653403993928443e-02
2.330066693072452289e-02
2.278647738215067164e-02
2.228370606199092663e-02
2.179209940350967933e-02
2.131140947705634225e-02
2.084139386253380799e-02
2.038181552477191794e-02
1.993244269249405676e-02
1.949304874079338390e-02
1.906341207674766558e-02
1.864331586652134831e-02
1.823254854339118047e-02
1.783090284878641185e-02
1.743817620685228498e-02
1.705417054764057916e-02
1.667869220638173999e-02
1.631155182303056783e-02
1.595256408292344830e-02
1.560154823895487652e-02
1.525832716737540729e-02
1.492272775741487756e-02
1.459458074947828088e-02
1.427372064915788386e-02
1.395998564114564466e-02
1.365321750516490518e-02
1.335326153463478605e-02
1.305996645800533429e-02
1.277318436237884214e-02
1.249277061906872710e-02
1.221858381086016188e-02
1.195048566083078967e-02
1.168834096268644984e-02
1.143201751259370624e-02
1.118138604250495938e-02
1.093631999364497176e-02
1.069669606987755373e-02
1.046239316180930246e-02
1.023329338193113003e-02
1.000928107809628820e-02
9.790243253378516641e-03
9.576069431647349361e-03
9.366651598492481412e-03
9.161884142418141863e-03
8.961663637107708524e-03
8.765889404830140563e-03
8.574462612790156868e-03
8.387286702435936547e-03
8.204267266406661818e-03
8.025312000365270038e-03
7.850330492533919013e-03
7.679234792832279055e-03
7.511938353263136747e-03
7.348357079818068627e-03
7.188408201607154879e-03
7.032011324647147177e-03
6.879087461680644111e-03
6.729559468128698541e-03
6.583351762962541542e-03
6.440390903799997346e-03
6.300604693052269667e-03
6.163922456214887546e-03
6.030275547317387463e-03
5.899596460726685976e-03
5.771819112252885020e-03
5.646879346151933987e-03
5.524714048239731667e-03
5.405261589818577406e-03
5.288461719378467762e-03
5.174255529986071522e-03
5.062585426337973260e-03
4.953395093235224422e-03
4.846629304550820194e-03
4.742234512146836778e-03
4.640157966528946076e-03
4.540348169490782126e-03
4.442754773688939451e-03
4.347328395243321708e-03
4.254021203315971889e-03
4.162786041058907927e-03
4.073576879284779295e-03
3.986348717919030449e-03
3.901057562392340472e-03
3.817660237542597201e-03
3.736114980710691924e-03
3.656380566862793557e-03
3.578416766245817726e-03
3.502184249376094627e-03
3.427644566543097682e-03
3.354760125824807204e-03
3.283494171739675949e-03
3.213810765204883069e-03
3.145674764790662437e-03
3.079051808917210309e-03
3.013908298681311493e-03
2.950211381103073904e-03
2.887928932692851447e-03
2.827029543321257776e-03
2.767482500399598422e-03
2.709257773376272382e-03
2.652325998590443490e-03
2.596658303137600043e-03
2.542226907511491163e-03
2.489004259184302015e-03
2.436963497729482953e-03
2.386078366608979096e-03
2.336323199101819625e-03
2.287672902584692025e-03
2.240102943352972886e-03
2.193589332682988058e-03
2.148108614091981394e-03
2.103637851440520734e-03
2.060154617529841303e-03
2.017636982995174577e-03
1.976063505394698439e-03
1.935413218460579898e-03
1.895665621547193425e-03
1.856800507983091819e-03
1.818798572066349095e-03
1.781640546911766876e-03
1.745307673745033483e-03
1.709781617775796292e-03
1.675044458110841461e-03
1.641078514651450604e-03
1.607866953845737967e-03
1.575392926231655721e-03
1.543640036321569653e-03
1.512592259592882016e-03
1.482233933742138632e-03
1.452549748216958037e-03
1.423524734106118572e-03
1.395144255105229547e-03
1.367393838207942025e-03
1.340259783528807702e-03
1.313728305143202491e-03
1.287786003345114949e-03
1.262419783358392777e-03
1.237616847969302825e-03
1.213364688317009055e-03
1.189651075049313889e-03
1.166464050580184875e-03
1.143791922408432526e-03
1.121623257140047514e-03
1.099946874885349146e-03
1.078751843830660917e-03
1.058027474863054707e-03
1.037763154954296496e-03
1.017948959026293565e-03
9.985747925340682229e-04
9.796307040816909506e-04
9.611074229214366937e-04
9.429955010320512088e-04
9.252857846040463130e-04
9.079693322175952375e-04
8.910374079460492425e-04
8.744813122347760981e-04
8.582929921112647520e-04
8.424641833288948334e-04
8.269868847825545544e-04
8.118532798730981881e-04
7.970557319723070577e-04
7.825867780251183348e-04
7.684391223883313415e-04
