-6.285211507511738738e-01
-6.312674101149426953e-01
-6.203251344153948299e-01
-5.979147030886047265e-01
-5.764905224816913032e-01
-5.561750398145893781e-01
-5.378252292691955150e-01
-5.204236151864386484e-01
-5.044257036372921110e-01
-4.892452779545082286e-01
-4.753168717164020229e-01
-4.624206864107494042e-01
-4.501754905322197242e-01
-4.391362106466853987e-01
-4.284269242321636639e-01
-4.187516224996459258e-01
-4.096138478386648352e-01
-4.007672990071857733e-01
-3.921085740303507094e-01
-3.827591376893009212e-01
-3.729653765615315031e-01
-3.636377935254859750e-01
-3.541710431083791022e-01
-3.446902472987165567e-01
-3.352938171592416694e-01
-3.264313799935814053e-01
-3.178552375808108010e-01
-3.094809749429310308e-01
-3.013398366569179920e-01
-2.934528380703795847e-01
-2.858325709760913824e-01
-2.784848057989823822e-01
-2.714098915883447205e-01
-2.646039661223449357e-01
-2.580599878103644329e-01
-2.517686064460269435e-01
-2.457188871871744951e-01
-2.398989042369970015e-01
-2.342962121625933314e-01
-2.288982409176378852e-01
-2.236925701790193344e-01
-2.186671592664293229e-01
-2.138105050700911391e-01
-2.091117498055252710e-01
-2.045607498190795681e-01
-2.001481101575799393e-01
-1.958651935018029810e-01
-1.917041091268445463e-01
-1.876576869383543844e-01
-1.837194407967763787e-01
-1.798835245986780684e-01
-1.761446839320051083e-01
-1.724982055553025972e-01
-1.689398664638908087e-01
-1.654658838918288133e-01
-1.620728672501559053e-01
-1.587577727125752958e-01
-1.555178609222909181e-01
-1.523506581018145845e-01
-1.492539206949117236e-01
-1.462256035509366114e-01
-1.432638315713363752e-01
-1.403668746716082438e-01
-1.375331258650862587e-01
-1.347610822444331724e-01
-1.320493286190034254e-01
-1.293965235588241391e-01
-1.268013875968541093e-01
-1.242626933474815232e-01
-1.217792573106528664e-01
-1.193499331448975020e-01
-1.169736062088233552e-01
-1.146491891876930680e-01
-1.123756186394011536e-01
-1.101518523115627701e-01
-1.079768670983853873e-01
-1.058496575220329028e-01
-1.037692346383116693e-01
-1.017346252803776885e-01
-9.974487156687095180e-02
-9.779903061228978345e-02
-9.589617438771691482e-02
-9.403538968895031047e-02
-9.221577817705561841e-02
-9.043645646327735932e-02
-8.869655621601379991e-02
-8.699522427271233482e-02
-8.533162274374328504e-02
-8.370492909875792975e-02
-8.211433622909058982e-02
-8.055905248197525736e-02
-7.903830166433190030e-02
-7.755132301538880668e-02
-7.609737114839854044e-02
-7.467571596275668355e-02
-7.328564252829794512e-02
-7.192645094403005146e-02
-7.059745617381718574e-02
-6.929798786161089907e-02
-6.802739012892500270e-02
-6.678502135713948462e-02
-6.557025395714477511e-02
-6.438247412866493491e-02
-6.322108161153350281e-02
-6.208548943079339466e-02
-6.097512363753043729e-02
-5.988942304702860042e-02
-5.882783897562093856e-02
-5.778983497752943066e-02
-5.677488658271112598e-02
-5.578248103664495972e-02
-5.481211704280353203e-02
-5.386330450840182138e-02
-5.293556429400370078e-02
-5.202842796729312269e-02
-5.114143756138123109e-02
-5.027414533787233353e-02
-4.942611355478243595e-02
-4.859691423952039457e-02
-4.778612896686995626e-02
-4.699334864207527218e-02
-4.621817328894151089e-02
-4.546021184293147499e-02
-4.471908194920004576e-02
-4.399440976545099247e-02
-4.328582976951445005e-02
-4.259298457158999796e-02
-4.191552473096527009e-02
-4.125310857715236423e-02
-4.060540203530837999e-02
-3.997207845579708874e-02
-3.935281844780691429e-02
-3.874730971690176773e-02
-3.815524690636262761e-02
-3.757633144228700317e-02
-3.701027138222068302e-02
-3.645678126734841484e-02
-3.591558197807698249e-02
-3.538640059289432926e-02
-3.486897025048429910e-02
-3.436303001496066045e-02
-3.386832474416578975e-02
-3.338460496091899543e-02
-3.291162672718828119e-02
-3.244915152105853906e-02
-3.199694611649039899e-02
-3.155478246573473200e-02
-3.112243758438859587e-02
-3.069969343900069703e-02
-3.028633683719084146e-02
-2.988215932020255039e-02
-2.948695705784709631e-02
-2.910053074576968157e-02
-2.872268550501244633e-02
-2.835323078378815254e-02
-2.799198026143523421e-02
-2.763875175451113719e-02
-2.729336712495644690e-02
-2.695565219030582327e-02
-2.662543663586536269e-02
-2.630255392886393651e-02
-2.598684123449457317e-02
-2.567813933381435376e-02
-2.537629254346818186e-02
-2.508114863719912435e-02
-2.479255876907782152e-02
-2.451037739846650965e-02
-2.423446221661018640e-02
-2.396467407489311086e-02
-2.370087691465982971e-02
-2.344293769860605892e-02
-2.319072634368923858e-02
-2.294411565553033938e-02
-2.270298126425762675e-02
-2.246720156180970207e-02
-2.223665764057480843e-02
-2.201123323345788307e-02
-2.179081465521859329e-02
-2.157529074514652478e-02
-2.136455281100513304e-02
-2.115849457420759805e-02
-2.095701211623124394e-02
-2.076000382619058726e-02
-2.056737034960587351e-02
-2.037901453829027432e-02
-2.019484140136151851e-02
-2.001475805732733093e-02
-1.983867368725533709e-02
-1.966649948895549116e-02
-1.949814863220211691e-02
-1.933353621495470520e-02
-1.917257922051796015e-02
-1.901519647569482885e-02
-1.886130860984103208e-02
-1.871083801483353071e-02
-1.856370880593383177e-02
-1.841984678352215354e-02
-1.827917939566825467e-02
-1.814163570155402638e-02
-1.800714633568922807e-02
-1.787564347293457701e-02
-1.774706079427978977e-02
-1.762133345342009605e-02
-1.749839804404285104e-02
-1.737819256784556288e-02
-1.726065640327956174e-02
-1.714573027497268143e-02
-1.703335622383317371e-02
-1.692347757782597384e-02
-1.681603892338356943e-02
-1.671098607747545373e-02
-1.660826606025977981e-02
-1.650782706838649361e-02
-1.640961844885824306e-02
-1.631359067349302805e-02
-1.621969531394373831e-02
-1.612788501727413504e-02
-1.603811348207440091e-02
-1.595033543512380803e-02
-1.586450660853655492e-02
-1.578058371746449140e-02
-1.569852443824348853e-02
-1.561828738706472208e-02
-1.553983209909182150e-02
-1.546311900806518480e-02
-1.538810942633883627e-02
-1.531476552538135749e-02
-1.524305031668449217e-02
-1.517292763311539616e-02
-1.510436211067878176e-02
-1.503731917068451551e-02
-1.497176500229802087e-02
-1.490766654550323977e-02
-1.484499147441376010e-02
-1.478370818099028483e-02
-1.472378575908317444e-02
-1.466519398885113290e-02
-1.460790332152095417e-02
-1.455188486449676688e-02
-1.449711036676815112e-02
-1.444355220467707923e-02
-1.439118336797973186e-02
-1.433997744623427550e-02
-1.428990861547152491e-02
-1.424095162517557966e-02
-1.419308178555089839e-02
-1.414627495506870503e-02
-1.410050752829183907e-02
-1.405575642397449698e-02
-1.401199907341466044e-02
-1.396921340908141573e-02
-1.392737785347275548e-02
-1.388647130824871567e-02
-1.384647314358034009e-02
-1.380736318775444005e-02
-1.376912171698974063e-02
-1.373172944549638785e-02
-1.369516751575439173e-02
-1.365941748899546226e-02
-1.362446133590689001e-02
-1.359028142753748725e-02
-1.355686052641180694e-02
-1.352418177783354380e-02
-1.349222870139099584e-02
-1.346098518262861532e-02
-1.343043546493882801e-02
-1.340056414160795129e-02
-1.337135614805040618e-02
-1.334279675420324551e-02
-1.331487155710808779e-02
-1.328756647363826815e-02
-1.326086773340229286e-02
-1.323476187179428720e-02
-1.320923572321408557e-02
-1.318427641441433096e-02
-1.315987135801188757e-02
-1.313600824614757911e-02
-1.311267504426938402e-02
-1.308985998506617676e-02
-1.306755156254491013e-02
-1.304573852620505292e-02
-1.302440987538400208e-02
-1.300355485369886210e-02
-1.298316294362900081e-02
-1.296322386120518644e-02
-1.294372755082573434e-02
-1.292466418019566632e-02
-1.290602413534625015e-02
-1.288779801580597351e-02
-1.286997662984701307e-02
-1.285255098986048949e-02
-1.283551230781609931e-02
-1.281885199082877236e-02
-1.280256163684123649e-02
-1.278663303036164933e-02
-1.277105813833978587e-02
-1.275582910610539855e-02
-1.274093825341493513e-02
-1.272637807057108716e-02
-1.271214121463737357e-02
-1.269822050574509475e-02
-1.270922956813391735e-02
-3.919220968769643321e-02
-5.574937135369317787e-02
-6.167337808934458820e-02
-6.348797350251578209e-02
-6.556324296405202645e-02
-6.789028155261256359e-02
-7.009715848671405070e-02
-7.218297804207907120e-02
-7.443953825293991855e-02
-7.692562491664078905e-02
-7.927625357087908498e-02
-8.149218910790256842e-02
-8.357461892095852107e-02
-8.601565197176475053e-02
-8.833284330477431112e-02
-9.051110652342853058e-02
-9.255246521759907807e-02
-9.445903646041120538e-02
-9.667067633355541645e-02
-9.875460123355805919e-02
-1.007019225650407357e-01
-1.025151920196663013e-01
-1.041968964444137669e-01
-1.059095736931112697e-01
-1.077805773967757119e-01
-1.095185105825198235e-01
-1.111262266660579812e-01
-1.126066708315098808e-01
-1.139628638407073069e-01
-1.150252507191495965e-01
-1.157786490568257776e-01
-1.160090910561661914e-01
-1.157668644775800004e-01
-1.151194293234318877e-01
-1.141285342959257321e-01
-1.128501604919556200e-01
-1.113345978084181453e-01
-1.096266369171363664e-01
-1.077658324770744969e-01
-1.057868188274184718e-01
-1.037544724766377158e-01
-1.017232661948064276e-01
-9.963901884903325623e-02
-9.752153122880180547e-02
-9.538752543259576555e-02
-9.325098134422482588e-02
-9.112344649841030986e-02
-8.901434931369411885e-02
-8.693125539562629456e-02
-8.488012443088521763e-02
-8.286555658425687199e-02
-8.089097131767086779e-02
-7.895881244854141556e-02
-7.707070317911046686e-02
-7.522758962192810372e-02
-7.342986227339221017e-02
-7.167747161550241941e-02
-6.997001258480661789e-02
-6.830681029561613826e-02
-6.668697812585211437e-02
-6.510948227019497381e-02
-6.357318186120242132e-02
-6.207686863448813597e-02
-6.061929678384458953e-02
-5.919921007339823404e-02
-5.781535524954151128e-02
-5.646650002369657528e-02
-5.515144720568088132e-02
-5.386903727424385835e-02
-5.261815600192587539e-02
-5.139773467079766789e-02
-5.020676303066107238e-02
-4.904427263575161788e-02
-4.790934887694753286e-02
-4.680112133623914872e-02
-4.571877025218729074e-02
-4.466151835824838656e-02
-4.362862993853333649e-02
-4.261940813170372877e-02
-4.163319223184736018e-02
-4.066935501668123010e-02
-3.972730091269127684e-02
-3.880646123143716153e-02
-3.790629411313783947e-02
-3.702628157691201238e-02
-3.616592749680513919e-02
-3.532475633248122193e-02
-3.450230966923584219e-02
-3.369814645485558202e-02
-3.291184103071564948e-02
-3.214298189584052778e-02
-3.139117060609564192e-02
-3.065602079642992805e-02
-2.993715731598811658e-02
-2.923421546517701586e-02
-2.854684032477372568e-02
-2.787468616631638696e-02
-2.721741593488502531e-02
-2.657470079634283167e-02
-2.594621973951216631e-02
-2.533165922721014596e-02
-2.473071288919470589e-02
-2.414308125070441235e-02
-2.356847149260055119e-02
-2.300659723680542612e-02
-2.245717835432703424e-02
-2.191994079138570584e-02
-2.139461641186191088e-02
-2.088094285182062748e-02
-2.037866338515303966e-02
-1.988752679798277967e-02
-1.940728726990226249e-02
-1.893770426195384715e-02
-1.847854240855895114e-02
-1.802957141386318796e-02
-1.759056595125230160e-02
-1.716130556514539052e-02
-1.674157457581593178e-02
-1.633116198535500274e-02
-1.592986138529273177e-02
-1.553747086597656590e-02
-1.515379292737684125e-02
-1.477863439011350977e-02
-1.441180630895644299e-02
-1.405312388636748011e-02
-1.370240638765629626e-02
-1.335947705712570155e-02
-1.302416303530673503e-02
-1.269629527741766850e-02
-1.237570847301139310e-02
-1.206224096651098421e-02
-1.175573467942836459e-02
-1.145603503378023191e-02
-1.116299087642236287e-02
-1.087645440498530292e-02
-1.059628109513433003e-02
-1.032232962875490045e-02
-1.005446182430880242e-02
-9.792542567695683431e-03
-9.536439744971758614e-03
-9.286024175879425968e-03
-9.041169549632854796e-03
-8.801752361097037181e-03
-8.567651848789381575e-03
-8.338749934075018189e-03
-8.114931161639304946e-03
-7.896082641262403001e-03
-7.682093990942995276e-03
-7.472857280792943868e-03
-7.268266979072457445e-03
-7.068219898500593956e-03
-6.872615144209781590e-03
-6.681354062774147451e-03
-6.494340192309877580e-03
-6.311479213766624241e-03
-6.132678903327359876e-03
-5.957849085477029405e-03
-5.786901587931048141e-03
-5.619750196773409812e-03
-5.456310612976800201e-03
-5.296500409823323707e-03
-5.140238991279133529e-03
-4.987447551296320114e-03
-4.838049034034064277e-03
-4.691968094928888888e-03
-4.549131062701938788e-03
-4.409465902143416827e-03
-4.272902177773651999e-03
-4.139371018296422733e-03
-4.008805081848976215e-03
-3.881138522015881165e-03
-3.756306954620036720e-03
-3.634247425235770379e-03
-3.514898377527053697e-03
-3.398199621837072470e-03
-3.284092305361419051e-03
-3.172518882110786365e-03
-3.063423084048721989e-03
-2.956749892476295827e-03
-2.852445510437284781e-03
-2.750457335768174971e-03
-2.650733934314253304e-03
-2.553225014065851894e-03
-2.457881399804406897e-03
-2.364655008301852490e-03
-2.273498824150621545e-03
-2.184366875708221301e-03
-2.097214212458453630e-03
-2.011996882041344747e-03
-1.928671907859502710e-03
-1.847197267914602037e-03
-1.767531873269057030e-03
-1.689635547409196192e-03
-1.613469005989465188e-03
-1.538993837014501764e-03
-1.466172481481287093e-03
-1.394968214419201047e-03
-1.325345126387489358e-03
-1.257268105349318432e-03
-1.190702818972155796e-03
-1.125615697318060882e-03
-1.061973915998493112e-03
-9.997453792678356876e-04
-9.388987043639218655e-04
-8.794032053316414022e-04
-8.212288776379139676e-04
-7.643463830300234463e-04
-7.087270347607699250e-04
-6.543427830942860624e-04
-6.011662011733420741e-04
-5.491704711992895227e-04
-4.983293708855640602e-04
-4.486172602522486841e-04
-4.000090686835378051e-04
-3.524802822800765512e-04
-3.060069315186098038e-04
-2.605655792216055033e-04
-2.161333084167438301e-04
-1.726877113696900778e-04
-1.302068775874687390e-04
-8.866938339657792767e-05
-4.805428076970486018e-05
-8.341086853214108032e-06
3.049022634904474671e-05
6.845924209386566872e-05
1.055851087672365907e-04
1.418865495379506569e-04
1.773818717998310035e-04
2.120889764247735343e-04
2.460253666676237572e-04
2.792081572859927974e-04
3.116540829832814552e-04
3.433795066731804013e-04
3.744004279919721512e-04
4.047324912859195933e-04
4.343909935080603191e-04
4.633908919151608075e-04
4.917468116225620633e-04
5.194730529751723225e-04
5.465835987648048899e-04
5.730921211810624527e-04
5.990119890766365529e-04
6.243562741676811356e-04
6.491377579838086831e-04
6.733689382256713429e-04
6.970620350665868159e-04
7.202289973156084102e-04
7.428815084438156191e-04
7.650309924773779358e-04
7.866886196614686355e-04
8.078653123826384785e-04
8.285717504721290538e-04
8.488183764283618871e-04
8.686154009538427090e-04
8.879728080026794146e-04
9.069003598281000222e-04
9.254076018967438699e-04
9.435038677088058989e-04
9.611982835027177430e-04
9.784997727662059219e-04
9.954170610955159759e-04
1.011958680062541305e-03
1.028132971872430801e-03
1.043948093477631289e-03
1.059412020699035395e-03
1.074532552149953801e-03
1.089317313543780585e-03
1.103773760979365193e-03
1.117909185076371159e-03
1.131730714555523321e-03
1.145245319834842235e-03
1.158459816455348346e-03
1.171380868884241977e-03
1.184014993232729296e-03
1.196368561272365127e-03
1.208447803016987621e-03
1.220258810221253043e-03
1.231807539367579807e-03
1.243099814663750635e-03
1.254141330987224023e-03
1.264937656750397821e-03
1.275494236716134822e-03
1.285816394734240475e-03
1.295909336341161122e-03
1.305778151757586159e-03
1.315427817802472532e-03
1.324863201134895974e-03
1.334089060081034006e-03
1.343110047391071760e-03
1.351930712493398801e-03
1.360555503791438525e-03
1.368988770905410490e-03
1.377234766867019289e-03
1.385297650266181790e-03
1.393181487247652228e-03
1.400890253855813228e-03
1.408427837829684393e-03
1.415798040405036318e-03
1.423004578496644967e-03
7.124789809825493592e-02
7.860444708746783249e-02
8.437425195939329825e-02
8.843541794395726185e-02
9.092712594394924963e-02
9.244063424753523606e-02
9.313444585910657381e-02
9.267402045262773669e-02
9.158754779484601372e-02
9.010910646457137574e-02
8.832947076244535012e-02
8.632527711134141413e-02
8.416065202775246945e-02
8.174574813692325748e-02
7.920480747427482981e-02
7.666557712019672621e-02
7.415334557100372592e-02
7.168738175444566707e-02
6.928192321178849866e-02
6.694704596650780104e-02
6.468941851468601456e-02
6.251295694670355729e-02
6.041938344274422334e-02
5.840870310931478571e-02
5.647960510925775779e-02
5.462979442099413774e-02
5.285627725118047238e-02
5.115558235077610760e-02
4.952394662865122754e-02
4.795746186683791379e-02
4.645218943378637277e-02
4.500424882516096403e-02
4.360988374740637497e-02
4.226550807281803657e-02
4.096773960667077219e-02
3.971341872924005756e-02
3.849961982495830881e-02
3.732365175012164471e-02
3.618305486673323301e-02
3.507559380666158688e-02
3.399924574607471328e-02
3.295218716979819717e-02
3.193278174816160941e-02
3.093955492575650723e-02
2.997119369248579801e-02
2.902652166718322491e-02
2.810448915722130181e-02
2.720414961899209061e-02
2.632466024709811947e-02
2.546526363943391047e-02
2.462527485690113593e-02
2.380407478647450503e-02
2.300110021132351079e-02
2.221583483780387169e-02
2.144780443885885290e-02
2.069656944029185652e-02
1.996171961608883549e-02
1.924287026169269055e-02
1.853965764238285630e-02
1.785173591494970680e-02
1.717877431031933355e-02
1.652045496440956995e-02
1.587647068135478179e-02
1.524652322694031170e-02
1.463032305416955836e-02
1.402758691250349798e-02
1.343803804345045094e-02
1.286140512746181130e-02
1.229742187702509426e-02
1.174582642186150494e-02
1.120636205888025927e-02
1.067877554301333021e-02
1.016281797840878909e-02
9.658244485592604178e-03
9.164814157665013283e-03
8.682290041439166828e-03
8.210439135566627300e-03
7.749032399213984235e-03
7.297844646251050449e-03
6.856655117609022909e-03
6.425246545796792219e-03
6.003405875634637567e-03
5.590924073439751396e-03
5.187596126673632568e-03
4.793221037044492761e-03
4.407601613224620962e-03
4.030545032045029785e-03
3.661862228645951234e-03
3.301368057493370145e-03
2.948881446826145947e-03
2.604224772677188326e-03
2.267224392740629924e-03
1.937710205705656108e-03
1.615516176677544991e-03
1.300479695286682613e-03
9.924417084876679951e-04
6.912466570967445989e-04
3.967424109427852841e-04
1.087802029759998845e-04
-1.727854372726156384e-04
-4.480967505404720441e-04
-7.172928147007873179e-04
-9.805096114274824970e-04
-1.237880092426646428e-03
-1.489534245036505666e-03
-1.735599157081768595e-03
-1.976199080804263986e-03
-2.211455495839675933e-03
-2.441487171078726703e-03
-2.666410225417248370e-03
-2.886338187316095372e-03
-3.101382053158907581e-03
-3.311650344360206333e-03
-3.517249163254465572e-03
-3.718282247720416933e-03
-3.914851024584997674e-03
-4.107054661806941454e-03
-4.294990119430686093e-03
-4.478752199379432142e-03
-4.658433594058930538e-03
-4.834124933831063231e-03
-5.005914833363434013e-03
-5.173889936896269859e-03
-5.338134962442619980e-03
-5.498732744950718399e-03
-5.655764278456931748e-03
-5.809308757256825828e-03
-5.959443616125881249e-03
-6.106244569592522708e-03
-6.249785650326966646e-03
-6.390139246629455982e-03
-6.527376139062734950e-03
-6.661565536262070708e-03
-6.792775109914384046e-03
-6.921071028946457204e-03
-7.046517992947531894e-03
-7.169179264832070686e-03
-7.289116702767994838e-03
-7.406390791386829875e-03
-7.521060672296631111e-03
-7.633184173909679515e-03
-7.742817840612037372e-03
-7.850016961261196968e-03
-7.954835597075327058e-03
-8.057326608880810426e-03
-8.157541683765145990e-03
-8.255531361135659552e-03
-8.351345058188908155e-03
-8.445031094830302010e-03
-8.536636718027512671e-03
-8.626208125636747326e-03
-8.713790489686790153e-03
-8.799427979143015222e-03
-8.883163782195335756e-03
-8.965040128015466792e-03
-9.045098308055443681e-03
-9.123378696859418824e-03
-9.199920772433145544e-03
-9.274763136137398334e-03
-9.347943532151514745e-03
-9.419498866515052526e-03
-9.489465225733795251e-03
-9.557877894967425902e-03
-9.624771375836171927e-03
-9.690179403810006420e-03
-9.754134965224814380e-03
-9.816670313919750868e-03
-9.877816987492238354e-03
-9.937605823209239020e-03
-9.996066973561479330e-03
-1.005322992145885053e-02
-1.010912349511361441e-02
-1.016377588256878184e-02
-1.021721464591740514e-02
-1.026946673519546493e-02
-1.032055850198210223e-02
-1.037051571268676753e-02
-1.041936356154327115e-02
-1.046712668331606366e-02
-1.051382916571963477e-02
-1.055949456157190269e-02
-1.060414590066960372e-02
-1.064780570140433369e-02
-1.069049598211568863e-02
-1.073223827220592952e-02
-1.077305362298375258e-02
-1.081296261828601502e-02
-1.085198538486320530e-02
-1.089014160251933205e-02
-1.092745051405374923e-02
-1.096393093495162674e-02
-1.099960126286880779e-02
-1.103447948693059288e-02
-1.106858319678449831e-02
-1.110192959147582314e-02
-1.113453548812692873e-02
-1.116641733041889850e-02
-1.119759119687735449e-02
-1.122807280898108218e-02
-1.125787753909568423e-02
-1.128702041822515767e-02
-1.131551614358805580e-02
-1.134337908604265976e-02
-1.137062329731275412e-02
-1.139726251709438642e-02
-1.142331017996944809e-02
-1.144877942219579836e-02
-1.147368308832197314e-02
-1.149803373766156156e-02
-1.152184365064234939e-02
-1.154512483498271180e-02
-1.156788903175831607e-02
-1.159014772132005433e-02
-1.161191212907874970e-02
-1.163319323118106041e-02
-1.165400176002506782e-02
-1.167434820968793474e-02
-1.169424284120657020e-02
-1.171369568776814418e-02
-1.173271655975138827e-02
-1.175131504968263130e-02
-1.176950053708614163e-02
-1.178728219319546966e-02
-1.180466898558396593e-02
-1.182166968269227070e-02
-1.183829285823989608e-02
-1.185454689556486585e-02
-1.187043999183501342e-02
-1.188598016219666320e-02
-1.190117524381006930e-02
-1.191603289979559221e-02
-1.193056062310793308e-02
-1.194476574031000382e-02
-1.195865541527307840e-02
-1.197223665278057680e-02
-1.198551630207100871e-02
-1.199850106028366170e-02
-1.201119747584034059e-02
-1.202361195174761477e-02
-1.203575074882401452e-02
-1.204761998886016983e-02
-1.205922565770523036e-02
-1.207057360828311943e-02
-1.208166956354883581e-02
-1.209251911937014867e-02
-1.210312774735200492e-02
-1.211350079759609955e-02
-1.212364350139782943e-02
-1.213356097388640364e-02
-1.214325821660100502e-02
-1.215274012001765769e-02
-1.216201146601214589e-02
-1.217107693027408288e-02
-1.217994108466102787e-02
-1.218860839950997033e-02
-1.219708324588575366e-02
-1.220536989778997494e-02
-1.221347253431392943e-02
-1.222139524174803427e-02
-1.222914201563973791e-02
-1.223671676281190557e-02
-1.224412330333146670e-02
-1.225136537243498580e-02
-1.225844662241515337e-02
-1.226537062445931525e-02
-1.227214087045291890e-02
-1.227876077473988303e-02
-1.228523367584388737e-02
-1.229156283815369122e-02
-1.229775145356670762e-02
-1.230380264310104721e-02
-1.230971945846892623e-02
-1.231550488361543572e-02
-1.232116183622355976e-02
-1.232669316918499902e-02
-1.233210167203946384e-02
-1.233739007238243701e-02
-1.234256103723874176e-02
-1.234761717440813200e-02
-1.235256103378334913e-02
-1.235739510863131940e-02
-1.236212183685259092e-02
-1.236674360221368119e-02
-1.237126273554478573e-02
-1.237568151591617038e-02
-1.238000217179102691e-02
-1.238422688214502188e-02
-1.238835777756719381e-02
-1.239239694133464909e-02
-1.239634641046327701e-02
-1.240020817673226361e-02
-1.240398418769306232e-02
-1.240767634764861072e-02
-1.241128651861478360e-02
-1.241481652125830948e-02
-1.241826813581603517e-02
-1.242164310299287422e-02
-1.242494312483888308e-02
-1.242816986560857373e-02
-1.243132495259802184e-02
-3.214332225189853176e-03
-3.168621717780428781e-02
-4.827428248566878466e-02
-5.137184485625123642e-02
-5.454264096770877757e-02
-5.755311869168799888e-02
-6.040637031038542659e-02
-6.310540432077971218e-02
-6.565315494939749641e-02
-6.825722537830269943e-02
-7.095526308007205074e-02
-7.350184749184585087e-02
-7.590025631903696279e-02
-7.815384815641213123e-02
-8.026604665089553947e-02
-8.225339061284486775e-02
-8.443102012127390310e-02
-8.647096146164567898e-02
-8.837672478190494729e-02
-9.015178323174399821e-02
-9.179957079420031363e-02
-9.332348033204596049e-02
-9.472686183479872568e-02
-9.618660989424121510e-02
-9.764191729542037734e-02
-9.898119646083713974e-02
-1.002077784209420841e-01
-1.013248778322379806e-01
-1.023356007070361784e-01
-1.032429514931205716e-01
-1.040498395556133104e-01
-1.047590851095172582e-01
-1.056173202568917446e-01
-1.064383393661776367e-01
-1.071641348108274272e-01
-1.077975252010299201e-01
-1.083413145542335698e-01
-1.087982874378559117e-01
-1.091712046084811760e-01
-1.094627991085230789e-01
-1.096757727842350150e-01
-1.098127931918817524e-01
-1.098841277831796859e-01
-1.100653461294847091e-01
-1.101755086847768794e-01
-1.102170634436694385e-01
-1.101923998560847551e-01
-1.101038558364075826e-01
-1.099537090574838061e-01
-1.097441851526568257e-01
-1.094774526646684620e-01
-1.091556353365774612e-01
-1.087807992983353955e-01
-1.083549585737380028e-01
-1.078800780084829825e-01
-1.073580733502907947e-01
-1.068377060142244872e-01
-1.063683353734869996e-01
-1.058546809845912762e-01
-1.052985394880057157e-01
-1.047016562035150145e-01
-1.040657218867728773e-01
-1.033923826369500532e-01
-1.024986583858842337e-01
-1.013784739452354700e-01
-1.000558579851675844e-01
-9.855479510066889048e-02
-9.689866085622256264e-02
-9.510983977769260633e-02
-9.320944118875740259e-02
-9.121711200827942179e-02
-8.915093187335809688e-02
-8.702735431871655436e-02
-8.486122125294404128e-02
-8.266578982467809311e-02
-8.045278843797820656e-02
-7.823250799524572585e-02
-7.601389696198257440e-02
-7.380465641292488499e-02
-7.161135257434381174e-02
-6.943951878932619337e-02
-6.729376115198437702e-02
-6.517785983068513644e-02
-6.309486263483421453e-02
-6.104717352615818271e-02
-5.903663640916878563e-02
-5.706461028693787796e-02
-5.513203734871652273e-02
-5.323950531235244199e-02
-5.138730242754263600e-02
-4.957546649611810352e-02
-4.780382816668371504e-02
-4.607204897135819266e-02
-4.437965387522257998e-02
-4.272605976628440771e-02
-4.111059983070664003e-02
-3.953254408945028331e-02
-3.799111720976089401e-02
-3.648551241335074025e-02
-3.501490432405240938e-02
-3.357845821101346218e-02
-3.217533857508847461e-02
-3.080471494522640796e-02
-2.946576763400177157e-02
-2.815769093296616177e-02
-2.687969634006304176e-02
-2.563101462263261965e-02
-2.441089526204009985e-02
-2.321861520173840177e-02
-2.205346699510268849e-02
-2.091476747900689048e-02
-1.980185518461219374e-02
-1.871408980575139935e-02
-1.765085230896445978e-02
-1.661154119008667607e-02
-1.559557848335835217e-02
-1.460240456318206981e-02
-1.363147415302368159e-02
-1.268226041684705763e-02
-1.175425251797346249e-02
-1.084695509819511017e-02
-9.959886756490732296e-03
-9.092581385429454599e-03
-8.244585429252104802e-03
-7.415457273908465652e-03
-6.604767551890766697e-03
-5.812098514009989003e-03
-5.037043185301293136e-03
-4.279205000325525532e-03
-3.538197364084005869e-03
-2.813643246772024042e-03
-2.105174809215348830e-03
-1.412433058490591975e-03
-7.350675281765362001e-04
-7.273598442480988524e-05
5.748958474436349775e-04
1.208154536118222211e-03
1.827359179936927092e-03
2.432821626651815450e-03
3.024846679016590656e-03
3.603732288313565846e-03
4.169769735533179755e-03
4.723243803755217129e-03
5.264432941076258032e-03
5.793609415841061150e-03
6.311039464701906354e-03
6.816983434943857389e-03
7.311695920650507219e-03
7.795425893855956190e-03
8.268416831820779578e-03
8.730906839763186156e-03
9.183128769890025467e-03
9.625310337529668914e-03
1.005767423356562773e-02
1.048043823399869012e-02
1.089381530739608195e-02
1.129801371934568976e-02
1.169323713469072601e-02
1.207968471742759675e-02
1.245755122846858853e-02
1.282702712135908030e-02
1.318829863591108875e-02
1.354154788996009273e-02
1.388695296913677879e-02
1.422468801488907530e-02
1.455492331061059019e-02
1.487782536593762472e-02
1.519355699974767049e-02
1.550227742087262328e-02
1.580414230710847079e-02
1.609930388310853999e-02
1.638791099671266238e-02
1.667010919265798918e-02
1.694604078575334682e-02
1.721584493253924819e-02
1.747965770035442290e-02
1.773761213607638609e-02
1.798983833285738854e-02
1.823646349547392020e-02
1.847761200432085360e-02
1.871340547797029075e-02
1.894396283440968887e-02
1.916940035080472171e-02
1.938983172253383458e-02
1.960536811978030869e-02
1.981611824403728406e-02
2.002218838279201663e-02
2.022368246310879414e-02
2.042070210404922648e-02
2.061334666790681780e-02
2.080171331034641469e-02
2.098589702938546964e-02
2.116599071334146487e-02
2.134208518767177765e-02
2.151426926079835766e-02
2.168262976891810467e-02
2.184725161978740005e-02
2.200821783559447908e-02
2.216560959480506909e-02
2.231950627301682033e-02
2.246998548347090008e-02
2.261712311537689146e-02
2.276099337302373016e-02
2.290166881284871891e-02
2.303922037981021020e-02
2.317371744352225704e-02
2.330522783313071500e-02
2.343381787152942763e-02
2.355955240879392676e-02
2.368249485492146533e-02
2.380270721179478244e-02
2.392025010432075049e-02
2.403518281152372538e-02
2.414756329568579218e-02
2.425744823208386691e-02
2.436489303744071577e-02
2.446995189788125913e-02
2.457267779626182147e-02
2.467312253888120921e-02
2.477133678161180796e-02
2.486737005534056522e-02
2.496127079129450976e-02
2.505308634510239330e-02
2.514286302092205716e-02
2.523064609443714801e-02
2.531647983605012087e-02
2.540040753308581145e-02
2.548247151160865087e-02
2.556271315779579112e-02
2.564117293879064619e-02
2.571789042310435036e-02
2.579290430059266725e-02
2.586625240195150610e-02
2.593797171780032329e-02
2.600809841733742189e-02
2.607666786645612689e-02
2.614371464607145867e-02
2.620927256869531874e-02
2.627337469649582147e-02
2.633605335694966243e-02
2.639734016015626850e-02
2.645726601391551469e-02
2.651586113979309545e-02
2.657315508824620309e-02
2.662917675354048441e-02
2.668395438829573862e-02
2.673751561775450369e-02
2.678988745369892399e-02
2.684109630809405900e-02
2.689116800637680882e-02
2.694012780051746603e-02
2.698800038160520387e-02
2.703480989279061220e-02
2.708057994073787000e-02
2.712533360802282800e-02
2.716909346463314279e-02
2.721188157924991913e-02
2.725371953072297515e-02
2.729462841872543066e-02
2.733462887414894738e-02
2.737374106986223410e-02
2.741198473065775687e-02
2.744937914366474274e-02
2.748594316724428666e-02
2.752169524145742230e-02
2.755665339653123880e-02
2.759083526243255591e-02
2.762425807750101825e-02
2.765693869764085377e-02
2.768889360397075450e-02
2.772013891210534098e-02
2.775069037930943949e-02
2.778056341342338698e-02
2.780977307977483548e-02
2.783833410927183394e-02
2.786626090569477299e-02
2.789356755297589530e-02
2.792026782230294657e-02
2.794637517892084588e-02
2.797190278943340047e-02
2.799686352770347497e-02
2.802126998183318562e-02
2.804513446038292557e-02
2.806846899860016009e-02
2.809128536446348079e-02
2.811359506463428914e-02
2.813540935025127254e-02
2.815673922260675255e-02
2.817759543869957639e-02
2.819798851653398941e-02
2.821792874091055836e-02
2.823742616775959391e-02
2.825649063007329431e-02
2.827513174248075245e-02
2.829335890587181268e-02
2.831118131238685720e-02
2.832860795038172341e-02
2.834564760827440466e-02
2.836230887943536061e-02
2.837860016629267790e-02
1.165946427070032598e-01
1.304223054780679902e-01
1.427901499377952632e-01
1.543961592692779661e-01
1.650637900862346186e-01
1.746200648849542958e-01
1.836548300510738585e-01
1.912793087175224116e-01
1.982543589679144347e-01
2.046858937957090063e-01
2.100072777358734655e-01
2.149730605056419108e-01
2.193110391765982214e-01
2.228191970626509644e-01
2.260478732575528227e-01
2.286284554915383183e-01
2.304670566591449088e-01
2.320983341241911191e-01
2.332714912883240288e-01
2.337883096697135343e-01
2.341563132718191831e-01
2.343174079245078367e-01
2.337122660614614489e-01
2.330091541234580177e-01
2.322189275785668805e-01
2.308531449962827331e-01
2.291555663005953036e-01
2.274172024650731316e-01
2.256465847581661244e-01
2.231525094930537634e-01
2.206240232037708360e-01
2.181015354276665263e-01
2.155904226534115509e-01
2.125830781203550401e-01
2.096044904957552468e-01
2.066608915872594210e-01
2.037565884413785611e-01
2.004483298526866797e-01
1.970093172861511199e-01
1.936354995166307269e-01
1.903295530342710151e-01
1.870872334593913777e-01
1.831800614658294357e-01
1.787860674396641869e-01
1.740665796740310522e-01
1.691538891174853010e-01
1.641547371093967644e-01
1.590970416656991571e-01
1.538478590913088251e-01
1.487449261215574303e-01
1.438234777591294034e-01
1.391067977805535705e-01
1.346084889201122348e-01
1.303344580446674783e-01
1.262846092216918237e-01
1.224542867262032875e-01
1.188354847607000497e-01
1.154178488806050229e-01
1.121894935818494865e-01
1.091376609102834294e-01
1.062492394327467782e-01
1.035111681667735262e-01
1.009107391837678058e-01
9.843581605981710503e-02
9.607498548321236065e-02
9.381765962314769780e-02
9.165411978558557493e-02
8.957553885059432730e-02
8.757397085445006724e-02
8.564232302418539611e-02
8.377430328762858203e-02
8.196438032888631042e-02
8.020771482614441616e-02
7.850009770218524530e-02
7.683789172535449019e-02
7.521796143664971623e-02
7.363762242428228966e-02
7.209457703220745195e-02
7.058686589252349819e-02
6.911282246114192063e-02
6.767102257745616356e-02
6.626025376483224427e-02
6.487947619123723975e-02
6.352778593453356493e-02
6.220440795411796842e-02
6.090864924492223054e-02
5.963990197222024392e-02
5.839760745018129917e-02
5.718126013936508656e-02
5.599038605679984570e-02
5.482453654688312916e-02
5.368328111902376243e-02
5.256620165825487412e-02
5.147288931292259839e-02
5.040293867016210072e-02
4.935594798905573732e-02
4.833151645576161393e-02
4.732924356922629805e-02
4.634872856556593312e-02
4.538957029290302536e-02
4.445136727393617093e-02
4.353371839720798775e-02
4.263622288230939361e-02
4.175848110862800944e-02
4.090009548774675707e-02
4.006067057397655340e-02
3.923981402822085407e-02
3.843713712141783034e-02
3.765225528345128581e-02
3.688478860258448400e-02
3.613436227027033709e-02
3.540060696901803361e-02
3.468315920304854139e-02
3.398166157319026937e-02
3.329576299852887722e-02
3.262511888826602480e-02
3.196939126771125572e-02
3.132824886267471243e-02
3.070136714663451727e-02
3.008842835501490676e-02
2.948912147082505264e-02
2.890314218563450055e-02
2.833019275377202106e-02
2.776998225941817999e-02
2.722222600709267581e-02
2.668664576419033096e-02
2.616296956226760173e-02
2.565093157798492562e-02
2.515027200911168492e-02
2.466073694722115128e-02
2.418207824844920140e-02
2.371405340348542445e-02
2.325642540773364964e-02
2.280896254652486910e-02
2.237143861227464114e-02
2.194363226138351664e-02
2.152532723713607155e-02
2.111631216304377112e-02
2.071638042555368209e-02
2.032533005974812568e-02
1.994296363809211492e-02
1.956908807635215908e-02
1.920351478703596904e-02
1.884605940387551470e-02
1.849654151053559126e-02
1.815478480347754164e-02
1.782061682594560104e-02
1.749386922145124146e-02
1.717437712751301859e-02
1.686197943540457267e-02
1.655651862000739882e-02
1.625784065839974701e-02
1.596579495058758624e-02
1.568023424229081364e-02
1.540101454970010941e-02
1.512799508611939459e-02
1.486103810454020291e-02
1.460000917229264950e-02
1.434477658510524556e-02
1.409521164633731338e-02
1.385118842964017105e-02
1.361258397409748078e-02
1.337927804887240057e-02
1.315115292055657470e-02
1.292809355321633547e-02
1.270998746402685065e-02
1.249672458081074744e-02
1.228819753118437497e-02
1.208430107064395465e-02
1.188493237542731507e-02
1.168999081840649268e-02
1.149937826298441657e-02
1.131299849579647798e-02
1.113075752408709818e-02
1.095256344190742581e-02
1.077832638384546016e-02
1.060795847977913375e-02
1.044137381062326675e-02
1.027848836505618202e-02
1.011921999718778942e-02
9.963488385180685469e-03
9.811214904879017595e-03
9.662322934692157972e-03
9.516737299069655265e-03
9.374384576386063372e-03
9.235192975434403095e-03
9.099092299236000159e-03
8.966013909635695001e-03
8.835890606809115866e-03
8.708656853997798208e-03
8.584248485167256248e-03
8.462602845038746935e-03
8.343658498867201345e-03
8.227355460760144013e-03
8.113635076923308986e-03
8.002439996084298457e-03
7.893714140556173930e-03
7.787402677961852149e-03
7.683451993570011851e-03
7.581809663259830856e-03
7.482424427071254769e-03
7.385246077467266801e-03
7.290225692634155763e-03
7.197315438402629439e-03
7.106468372002350264e-03
7.017638677674131742e-03
6.930781557076937105e-03
6.845853206687735337e-03
6.762810709822986155e-03
6.681612359501265530e-03
6.602217119500597420e-03
6.524584949441303294e-03
6.448676612220261006e-03
6.374453998725604364e-03
6.301879590704384526e-03
6.230916787631324283e-03
6.161529801755438740e-03
6.093683554158291216e-03
6.027344001578116561e-03
5.962477601322513365e-03
5.899051554255629881e-03
5.837034046270561660e-03
5.776393714332694884e-03
5.717099976452200139e-03
5.659122929761561949e-03
5.602433335436973749e-03
5.547002603951467492e-03
5.492802780651562244e-03
5.439806531660762445e-03
5.387987130093918609e-03
5.337318442575123001e-03
5.287774916056697805e-03
5.239331564934168739e-03
5.191963872553717607e-03
5.145648123361379334e-03
5.100360873025566733e-03
5.056079282407255349e-03
5.012781019544387817e-03
4.970444248392436037e-03
4.929047617807214010e-03
4.888570164888639269e-03
4.848991648925382592e-03
4.810292023268658568e-03
4.772451771008379140e-03
4.735451808642432425e-03
4.699273476448384557e-03
4.663898529074783639e-03
4.629309126336300650e-03
4.595487824214261607e-03
4.562417566064125296e-03
4.530081674007035986e-03
4.498463840522326507e-03
4.467548120218989283e-03
4.437318921798549809e-03
4.407761000187138123e-03
4.378859448846972313e-03
4.350599692261925000e-03
4.322967478582517842e-03
4.295948872441890387e-03
4.269530247924535615e-03
4.243698281695795771e-03
4.218439946282792619e-03
4.193742503504571673e-03
4.169593412159722234e-03
4.145980666210746790e-03
4.122892270820299743e-03
4.100316582087870643e-03
4.078242128799480781e-03
4.056657951150732799e-03
4.035553077308851044e-03
4.014916863665618507e-03
3.994738902974415140e-03
3.975008933221779728e-03
3.955717176952200376e-03
3.936853818427010765e-03
3.918409258577559839e-03
3.900374368176251494e-03
3.882739965323178666e-03
3.865497156600561368e-03
3.848637246093078446e-03
3.832151731002486628e-03
3.816032297358162850e-03
3.800270815820239179e-03
3.784859337580659400e-03
3.769790090351277101e-03
3.755055474444768393e-03
3.740648058939921583e-03
3.726560577931969931e-03
3.712785926870409980e-03
3.699317158972315056e-03
3.686147481718915486e-03
3.673270253429450349e-03
3.660678979912956876e-03
3.648367311189559814e-03
3.636329038291252758e-03
3.624558090128848775e-03
3.613048444538247139e-03
3.601794469761721018e-03
3.590790403689592125e-03
