-6.642338394836629911e-01
-6.384469482710829480e-01
-6.147505472115201153e-01
-5.924858313282763689e-01
-5.717255378844149361e-01
-5.524960208830004271e-01
-5.346999281780293600e-01
-5.180047234554876479e-01
-5.024681482443367209e-01
-4.878025792340201505e-01
-4.745894835494004482e-01
-4.617958945563438444e-01
-4.503926828532172078e-01
-4.394098391092147171e-01
-4.291759519667575073e-01
-4.197918582963959810e-01
-4.106614316545429411e-01
-4.024586581999218815e-01
-3.946839437156177688e-01
-3.870925915396221662e-01
-3.804050449448013183e-01
-3.739660991397362189e-01
-3.676541314643335667e-01
-3.621248674783221766e-01
-3.568972095185114490e-01
-3.517462474448564969e-01
-3.468908668364503178e-01
-3.424692529919926010e-01
-3.256188228493064329e-01
-3.055223057651317298e-01
-2.889207895621836997e-01
-2.772439652258742449e-01
-2.694239121728276842e-01
-2.638026150521515234e-01
-2.590542289922428409e-01
-2.544234554644240198e-01
-2.496243254473666795e-01
-2.446441452906911174e-01
-2.395773178159159578e-01
-2.345263244774851152e-01
-2.295614523570161936e-01
-2.247163427326590579e-01
-2.199986346199227505e-01
-2.154027500804289730e-01
-2.109192113000264435e-01
-2.065394989883606591e-01
-2.022575870874878667e-01
-1.980697097593338007e-01
-1.939735268328384166e-01
-1.899673440599660701e-01
-1.860496153526458585e-01
-1.822187189053221523e-01
-1.784729121332957469e-01
-1.748103692869182879e-01
-1.712292374912136594e-01
-1.677276806456720060e-01
-1.643039036696976041e-01
-1.609561608511254072e-01
-1.576827550703612246e-01
-1.544820335418388701e-01
-1.513523833899004245e-01
-1.482922283796712648e-01
-1.453000269219941742e-01
-1.423742709755360103e-01
-1.395134854072432873e-01
-1.367162274963287238e-01
-1.339810864194395101e-01
-1.313066826671356324e-01
-1.286916674009686012e-01
-1.261347217797963438e-01
-1.236345562814351595e-01
-1.211899100360653847e-01
-1.187995501783940533e-01
-1.164622712195857446e-01
-1.141768944372603123e-01
-1.119422672813232822e-01
-1.097572627937442036e-01
-1.076207790412238019e-01
-1.055317385601051150e-01
-1.034890878132794789e-01
-1.014917966589430343e-01
-9.953885783101634743e-02
-9.762928643110235782e-02
-9.576211943172685537e-02
-9.393641519063544720e-02
-9.215125297589388254e-02
-9.040573250154970708e-02
-8.869897347360744533e-02
-8.703011514609082511e-02
-8.539831588695268039e-02
-8.380275275362514265e-02
-8.224262107800406341e-02
-8.071713406063985019e-02
-7.922552237394198116e-02
-7.776703377419069696e-02
-7.634093272216890824e-02
-7.494650001222469271e-02
-7.358303240955743618e-02
-7.224984229556463688e-02
-7.094625732106951688e-02
-6.967162006724159085e-02
-6.842528771405476107e-02
-6.720663171609153608e-02
-6.601503748556858397e-02
-6.484990408238910931e-02
-6.371064391107017499e-02
-6.259668242441884800e-02
-6.150745783377598030e-02
-6.044242082569306618e-02
-5.940103428490850490e-02
-5.838277302347494313e-02
-5.738712351588803884e-02
-5.641358364011805904e-02
-5.546166242437866600e-02
-5.453087979951787290e-02
-5.362076635691437332e-02
-5.273086311175223528e-02
-5.186072127153451561e-02
-5.100990200976474043e-02
-5.017797624462838613e-02
-4.936452442261041185e-02
-4.856913630689474459e-02
-4.779141077048709718e-02
-4.703095559391323732e-02
-4.628738726742209764e-02
-4.556033079756671711e-02
-4.484941951809817695e-02
-4.415429490504818588e-02
-4.347460639591194109e-02
-4.281001121286331923e-02
-4.216017418988471377e-02
-4.152476760373069453e-02
-4.090347100865932006e-02
-4.029597107482674190e-02
-3.970196143026027968e-02
-3.912114250636067325e-02
-3.855322138682248934e-02
-3.799791165990695774e-02
-3.745493327400284400e-02
-3.692401239639453436e-02
-3.640488127515961736e-02
-3.589727810414178322e-02
-3.540094689091066726e-02
-3.491563732766733708e-02
-3.444110466501104639e-02
-3.397710958849931018e-02
-3.352341809796577365e-02
-3.307980138951149840e-02
-3.264603574010660481e-02
-3.222190239476985241e-02
-3.180718745624844246e-02
-3.140168177713986708e-02
-3.100518085441983374e-02
-3.061748472631098394e-02
-3.023839787142845736e-02
-2.986772911018586996e-02
-2.950529150837910564e-02
-2.915090228290440066e-02
-2.880438270958718405e-02
-2.846555803304262611e-02
-2.813425737854968745e-02
-2.781031366586717013e-02
-2.749356352498066869e-02
-2.718384721371158719e-02
-2.688100853714869842e-02
-2.658489476888714620e-02
-2.629535657400161597e-02
-2.601224793372969302e-02
-2.573542607183965103e-02
-2.546475138262449533e-02
-2.520008736049073050e-02
-2.494130053112453282e-02
-2.468826038417315516e-02
-2.444083930742912969e-02
-2.419891252246975100e-02
-2.396235802173452001e-02
-2.373105650699036673e-02
-2.350489132917221724e-02
-2.328374842954783475e-02
-2.306751628220382599e-02
-2.285608583779730196e-02
-2.264935046855942602e-02
-2.244720591452686875e-02
-2.224955023095454010e-02
-2.205628373690782240e-02
-2.186730896499344823e-02
-2.168253061219749256e-02
-2.150185549183047939e-02
-2.132519248653119703e-02
-2.115245250230746166e-02
-2.098354842361205286e-02
-2.081839506940941220e-02
-2.065690915020912399e-02
-2.049900922606928688e-02
-2.034461566552581147e-02
-2.019365060542588353e-02
-2.004603791166470472e-02
-1.990170314079531266e-02
-1.976057350247195643e-02
-1.962257782275367290e-02
-1.948764650820278277e-02
-1.935571151079473751e-02
-1.922670629358824712e-02
-1.910056579718322212e-02
-1.897722640690080453e-02
-1.885662592070991295e-02
-1.873870351784567845e-02
-1.862339972814730515e-02
-1.851065640206606133e-02
-1.840041668132919028e-02
-1.829262497027617229e-02
-1.818722690781982010e-02
-1.808416934002199383e-02
-1.798340029329681400e-02
-1.788486894819873996e-02
-1.778852561378663211e-02
-1.769432170257090320e-02
-1.760220970600556711e-02
-1.751214317053495506e-02
-1.742407667415690753e-02
-1.733796580352420236e-02
-1.725376713154158637e-02
-1.717143819546951278e-02
-1.709093747550127773e-02
-1.701222437383265174e-02
-1.693525919418181758e-02
-1.686000312177560190e-02
-1.678641820376602922e-02
-1.671446733009851471e-02
-1.664411421479128350e-02
-1.657532337764200392e-02
-1.650806012632388686e-02
-1.644229053890056136e-02
-1.637798144671442913e-02
-1.631510041765604768e-02
-1.625361573981320973e-02
-1.619349640547840252e-02
-1.613471209550310093e-02
-1.607723316401621361e-02
-1.602103062347248752e-02
-1.596607613002642978e-02
-1.591234196924373734e-02
-1.585980104212847408e-02
-1.580842685144379089e-02
-1.575819348836082767e-02
-1.570907561939138830e-02
-1.566104847360261232e-02
-1.561408783013318313e-02
-1.556817000597998657e-02
-1.552327184404589389e-02
-1.547937070146598870e-02
-1.543644443818958933e-02
-1.539447140581273743e-02
-1.535343043666337337e-02
-1.531330083311965851e-02
-1.527406235717876370e-02
-1.523569522024903478e-02
-1.519818007316553476e-02
-1.516149799643695673e-02
-1.512563049070481114e-02
-1.509055946741044707e-02
-1.505626723967212754e-02
-1.502273651336905047e-02
-1.498995037841766020e-02
-1.495789230024557881e-02
-1.492654611144716981e-02
-1.489589600363627753e-02
-1.486592651947438171e-02
-1.483662254486572962e-02
-1.480796930134697931e-02
-1.477995233862872126e-02
-1.475255752730531000e-02
-1.472577105173300538e-02
-1.469957940306487743e-02
-1.467396937242959609e-02
-1.464892804427764261e-02
-1.462444278986696489e-02
-1.460050126088940914e-02
-1.457709138324680964e-02
-1.455420135096519019e-02
-1.453181962023020191e-02
-1.450993490357666005e-02
-1.448853616419309986e-02
-1.446761261034845703e-02
-1.444715368995908022e-02
-1.442714908526498974e-02
-1.440758870762293142e-02
-1.438846269241755849e-02
-1.436976139409429365e-02
-1.435147538128767053e-02
-1.433359543206957909e-02
-1.431611252929210210e-02
-1.429901785604670295e-02
-1.428230279121844859e-02
-1.426595890512905029e-02
-1.424997795529359124e-02
-1.423435188226607195e-02
-1.421907280556311548e-02
-1.420413301970357978e-02
-1.418952499031211900e-02
-1.417524135032710575e-02
-5.789000069886407474e-02
-6.021062019808720578e-02
-6.264423099064053702e-02
-6.495463623616881677e-02
-6.714106381659812328e-02
-6.961463160214442780e-02
-7.219332079612250652e-02
-7.463404899934245051e-02
-7.693772059193948465e-02
-7.918260855300562895e-02
-8.172206343946131213e-02
-8.411863008149467191e-02
-8.637430037930693416e-02
-8.849116769171549990e-02
-9.054303092397342212e-02
-9.283642945160730520e-02
-9.498895469341839259e-02
-9.700326553690707954e-02
-9.888194739032174496e-02
-1.006275213882759090e-01
-1.024849421265621174e-01
-1.044152104368638589e-01
-1.062110612375546381e-01
-1.078754074426493403e-01
-1.094112497301678033e-01
-1.108216606463718890e-01
-1.121515371949390882e-01
-1.136577030369423369e-01
-1.150411278493539413e-01
-1.163049934279198894e-01
-1.174524516031700827e-01
-1.184866219302520562e-01
-1.194105895958550434e-01
-1.202274035282053788e-01
-1.211377111984193178e-01
-1.220318695651512186e-01
-1.228225260056525769e-01
-1.235127296067295433e-01
-1.241054197948372462e-01
-1.246034338749382187e-01
-1.250095139268081468e-01
-1.253263131106949757e-01
-1.255564014303267584e-01
-1.259715577127114017e-01
-1.263340770053789086e-01
-1.266116114872088971e-01
-1.235764727620960457e-01
-1.172092060642340172e-01
-1.107468277852579064e-01
-1.054678839564591186e-01
-1.015099243682273666e-01
-9.853352540933002501e-02
-9.612246435436944125e-02
-9.395970950061283133e-02
-9.186367646768012207e-02
-8.976012727471172070e-02
-8.763827803979662434e-02
-8.551448131735739366e-02
-8.341002274322395493e-02
-8.134116648250877546e-02
-7.931691133776030966e-02
-7.734040591471558201e-02
-7.541129848038519157e-02
-7.352772103968341355e-02
-7.168751962675834477e-02
-6.988881712616734632e-02
-6.813014794458993606e-02
-6.641038802345011760e-02
-6.472862851958804953e-02
-6.308406700446145265e-02
-6.147593885640212363e-02
-5.990348503950038150e-02
-5.836594356745905543e-02
-5.686255249642524490e-02
-5.539255625909422776e-02
-5.395521119452073577e-02
-5.254978894829243075e-02
-5.117557789973936622e-02
-4.983188328983967352e-02
-4.851802670874949541e-02
-4.723334539539525423e-02
-4.597719158107249626e-02
-4.474893195367624088e-02
-4.354794723767607678e-02
-4.237363185273590460e-02
-4.122539361594768081e-02
-4.010265346224972660e-02
-3.900484516994850992e-02
-3.793141508679465090e-02
-3.688182185611488251e-02
-3.585553614594871874e-02
-3.485204038150602202e-02
-3.387082848317035655e-02
-3.291140561039895829e-02
-3.197328791121734071e-02
-3.105600227832727711e-02
-3.015908611024364916e-02
-2.928208707782431475e-02
-2.842456289630934663e-02
-2.758608110253302215e-02
-2.676621883665841750e-02
-2.596456262896396083e-02
-2.518070819142081973e-02
-2.441426021358328313e-02
-2.366483216341119800e-02
-2.293204609221355383e-02
-2.221553244428342566e-02
-2.151492987029612891e-02
-2.082988504514027284e-02
-2.016005248971097785e-02
-1.950509439670167211e-02
-1.886468046023281886e-02
-1.823848770935843078e-02
-1.762620034495387955e-02
-1.702750958056675756e-02
-1.644211348689328389e-02
-1.586971683929938592e-02
-1.531003096905791949e-02
-1.476277361754352313e-02
-1.422766879398285056e-02
-1.370444663648218153e-02
-1.319284327572400883e-02
-1.269260070192412826e-02
-1.220346663472149373e-02
-1.172519439596264590e-02
-1.125754278527590913e-02
-1.080027595844423871e-02
-1.035316330846480781e-02
-9.915979349338854831e-03
-9.488503602111286739e-03
-9.070520483878574680e-03
-8.661819198951370424e-03
-8.262193632781134056e-03
-7.871442247878945864e-03
-7.489367981984074163e-03
-7.115778148907736522e-03
-6.750484341203843996e-03
-6.393302335403028280e-03
-6.044051998903121614e-03
-5.702557199158242440e-03
-5.368645714860953433e-03
-5.042149149094399263e-03
-4.722902844394916144e-03
-4.410745799723336802e-03
-4.105520589270383880e-03
-3.807073283149442489e-03
-3.515253369529958150e-03
-3.229913678919338338e-03
-2.950910309840182322e-03
-2.678102556485484342e-03
-2.411352837535574167e-03
-2.150526626836679611e-03
-1.895492385543207092e-03
-1.646121495802788104e-03
-1.402288195864187514e-03
-1.163869516680016147e-03
-9.307452198807908417e-04
-7.027977372295879377e-04
-4.799121110830029124e-04
-2.619759365378726557e-04
-4.887930494223979849e-05
1.594852517392553182e-04
3.632228150900473906e-04
5.624361332365879207e-04
7.572256726442461172e-04
9.476896688074276653e-04
1.133924175780620658e-03
1.316023114613429357e-03
1.494078320728675635e-03
1.668179590219587283e-03
1.838414725157555552e-03
2.004869577848289453e-03
2.167628094146500928e-03
2.326772355790041047e-03
2.482382621778356224e-03
2.634537368874312335e-03
2.783313331153003389e-03
2.928785538720113379e-03
3.071027355550093318e-03
3.210110516470798814e-03
3.346105163357648848e-03
3.479079880489344134e-03
3.609101729150410165e-03
3.736236281451255081e-03
3.860547653382617739e-03
3.982098537170131181e-03
4.100950232870381740e-03
4.217162679303498862e-03
4.330794484274314016e-03
4.441902954122944891e-03
4.550544122634114785e-03
4.656772779207507540e-03
4.760642496815847835e-03
4.862205658485940774e-03
4.961513484296631304e-03
5.058616056723863608e-03
5.153562346048801146e-03
5.246400235276560409e-03
5.337176544142785417e-03
5.425937052542906258e-03
5.512726523805078216e-03
5.597588727249025453e-03
5.680566460246616600e-03
5.761701569793942213e-03
5.841034973629533056e-03
5.918606680870297510e-03
5.994455812170507158e-03
6.068620619378073400e-03
6.141138505060261821e-03
6.212046041259355889e-03
6.281378987726071728e-03
6.349172310157413790e-03
6.415460197724875968e-03
6.480276080617741741e-03
6.543652646481490365e-03
6.605621857125321128e-03
6.666214964613281779e-03
6.725462527024106407e-03
6.783394423846900168e-03
6.840039871067737920e-03
6.895427435897438784e-03
6.949585051176043748e-03
7.002540029371395747e-03
7.054319076591930582e-03
7.104948305867608838e-03
7.154453250421966004e-03
7.202858876323325887e-03
7.250189595294109779e-03
7.296469276965034112e-03
7.341721260923250725e-03
7.385968368461170996e-03
7.429232914112127162e-03
7.471536716883164786e-03
7.512901111262237919e-03
7.553346957889672808e-03
7.592894654321113990e-03
7.631564145200719906e-03
7.669374932113726118e-03
7.706346083628190513e-03
7.742496244885543888e-03
7.777843646993076732e-03
7.812406116207704088e-03
7.846201082934101123e-03
7.879245590518557663e-03
7.911556303841216220e-03
7.943149517625869294e-03
7.974041164990453012e-03
8.004246825037419910e-03
8.033781730956590650e-03
8.062660777676811108e-03
8.090898529358625524e-03
8.118509226753722885e-03
8.145506794376089488e-03
8.171904847530164773e-03
8.197716699184454114e-03
8.222955366670170463e-03
8.247633578163160450e-03
8.271763779347907075e-03
8.295358139493558269e-03
8.318428557711143867e-03
8.340986668619265743e-03
8.363043848692797155e-03
8.384611221729620922e-03
8.405699664598031973e-03
8.426319812375737683e-03
8.446482064277560653e-03
8.466196588307717263e-03
8.485473326953041351e-03
8.504322001733122249e-03
8.522752118324206094e-03
8.540772971324273044e-03
8.558393648939066622e-03
8.575623037552659866e-03
8.592469826226967200e-03
8.608942511073358617e-03
8.625049399439532749e-03
8.640798614357514396e-03
8.656198098512923877e-03
8.671255618053486103e-03
8.685978766711066612e-03
8.700374969598634323e-03
8.714451486951269032e-03
8.728215417693085953e-03
8.741673703262620165e-03
8.754833130910633088e-03
8.767700337151573819e-03
8.780281811215040477e-03
8.792583898071804072e-03
8.804612801755595797e-03
8.816374588786146660e-03
8.827875190761780289e-03
8.839120407615475017e-03
8.850115910400191410e-03
8.860867244474768256e-03
8.871379831858483556e-03
8.881658974210004942e-03
8.891709855463503231e-03
8.901537544439008798e-03
8.911146997305330331e-03
8.920543060332519758e-03
8.580242482152034000e-02
9.550187862679138107e-02
1.045849138089236519e-01
1.130189335313991350e-01
1.203587902177662983e-01
1.272991607709093032e-01
1.335115078354114360e-01
1.389103974768950422e-01
1.439886905405329820e-01
1.478504786273688865e-01
1.325819437071169560e-01
1.142907857737327504e-01
1.000024551630964709e-01
9.111197613832899833e-02
8.642588661318795218e-02
8.415153607831715732e-02
8.284594936765410367e-02
8.166372446349789982e-02
8.025865708162394085e-02
7.858548025210998489e-02
7.672754510051227328e-02
7.478988770429673139e-02
7.285162291000402135e-02
7.095621563609100235e-02
6.911928546498558035e-02
6.734054280393930725e-02
6.561347559461827572e-02
6.393102723255195130e-02
6.228794197937048693e-02
6.068108007493355771e-02
5.910886097117096227e-02
5.757055514490128090e-02
5.606574725271995518e-02
5.459403506593751843e-02
5.315491673507022341e-02
5.174778518343625677e-02
5.037196543983135655e-02
4.902675437443537731e-02
4.771145106086560617e-02
4.642537179898154065e-02
4.516785500729314506e-02
4.393826050031446329e-02
4.273596676441737685e-02
4.156036825251696598e-02
4.041087346131089220e-02
3.928690383121535845e-02
3.818789322112836615e-02
3.711328768062926997e-02
3.606254532035402249e-02
3.503513617515707779e-02
3.403054202426503139e-02
3.304825617052697950e-02
3.208778319463823081e-02
3.114863870013673264e-02
3.023034906000177102e-02
2.933245117007654557e-02
2.845449221086360225e-02
2.759602941711092328e-02
2.675662985417481821e-02
2.593587020008047972e-02
2.513333653254656852e-02
2.434862412069671578e-02
2.358133722118394004e-02
2.283108887871021508e-02
2.209750073089056244e-02
2.138020281741859208e-02
2.067883339344911420e-02
1.999303874713254103e-02
1.932247302123979438e-02
1.866679803871473808e-02
1.802568313215147100e-02
1.739880497700863060e-02
1.678584742856514822e-02
1.618650136249000226e-02
1.560046451894026021e-02
1.502744135012212823e-02
1.446714287125994147e-02
1.391928651482920998e-02
1.338359598807992157e-02
1.285980113367823918e-02
1.234763779346570445e-02
1.184684767525467919e-02
1.135717822254767029e-02
1.087838248717298839e-02
1.041021900476257755e-02
9.952451672956108553e-03
9.504849632331779929e-03
9.067187149998989781e-03
8.639243505740079598e-03
8.220802880711808314e-03
7.811654248585764293e-03
7.411591269132600246e-03
7.020412184179036785e-03
6.637919715828832778e-03
6.263920966985470073e-03
5.898227324083737955e-03
5.540654361940511308e-03
5.191021750778901378e-03
4.849153165252140241e-03
4.514876195552020022e-03
4.188022260429136168e-03
3.868426522204870821e-03
3.555927803608582849e-03
3.250368506528822365e-03
2.951594532498713619e-03
2.659455205012317691e-03
2.373803193516543786e-03
2.094494439110139439e-03
1.821388081912900248e-03
1.554346390001626332e-03
1.293234689959454897e-03
1.037921298971955508e-03
7.882774583891638542e-04
5.441772688228319055e-04
3.054976266216868908e-04
7.211816181573738049e-05
-1.560788226049325544e-04
-3.792084100502357558e-04
-5.973831283503372447e-04
-8.107130065151402221e-04
-1.019305630224565107e-03
-1.223266196093142355e-03
-1.422697564708030882e-03
-1.617700312508407734e-03
-1.808372782512890353e-03
-1.994811133908314105e-03
-2.177109390543385814e-03
-2.355359488358743647e-03
-2.529651321740988834e-03
-2.700072788861529460e-03
-2.866709835998015876e-03
-3.029646500886329363e-03
-3.188964955110229482e-03
-3.344745545521110586e-03
-3.497066834772244448e-03
-3.646005640928873248e-03
-3.791637076225207181e-03
-3.934034584934131829e-03
-4.073269980406468704e-03
-4.209413481282897607e-03
-4.342533746914956083e-03
-4.472697911995560105e-03
-4.599971620401710481e-03
-4.724419058306672525e-03
-4.846102986553191272e-03
-4.965084772298844484e-03
-5.081424419963731509e-03
-5.195180601501814266e-03
-5.306410685984364051e-03
-5.415170768529264933e-03
-5.521515698588164156e-03
-5.625499107618114891e-03
-5.727173436125720940e-03
-5.826589960099770593e-03
-5.923798816889647156e-03
-6.018849030489992202e-03
-6.111788536245388315e-03
-6.202664205041674705e-03
-6.291521866933713625e-03
-6.378406334267783251e-03
-6.463361424276836686e-03
-6.546429981180157398e-03
-6.627653897778529313e-03
-6.707074136596435920e-03
-6.784730750542422584e-03
-6.860662903090730680e-03
-6.934908888045487885e-03
-7.007506148843045679e-03
-7.078491297451527942e-03
-7.147900132820961261e-03
-7.215767658943939011e-03
-7.282128102498841571e-03
-7.347014930120909781e-03
-7.410460865284740350e-03
-7.472497904792874124e-03
-7.533157334919327042e-03
-7.592469747191188389e-03
-7.650465053808286342e-03
-7.707172502731118868e-03
-7.762620692437494085e-03
-7.816837586342106903e-03
-7.869850526896815524e-03
-7.921686249373838251e-03
-7.972370895362068666e-03
-8.021930025946311105e-03
-8.070388634584535481e-03
-8.117771159730668984e-03
-8.164101497160292098e-03
-8.209403012003679834e-03
-8.253698550540367052e-03
-8.297010451720154833e-03
-8.339360558436315074e-03
-8.380770228519018872e-03
-8.421260345531145219e-03
-8.460851329295859813e-03
-8.499563146177724349e-03
-8.537415319168850658e-03
-8.574426937722368081e-03
-8.610616667394932477e-03
-8.646002759252091607e-03
-8.680603059060931770e-03
-8.714435016314858728e-03
-8.747515693006135962e-03
-8.779861772258978903e-03
-8.811489566712182864e-03
-8.842415026778294163e-03
-8.872653748657644002e-03
-8.902220982223152390e-03
-8.931131638711065079e-03
-8.959400298222508496e-03
-8.987041217095814716e-03
-9.014068335097213946e-03
-9.040495282433891333e-03
-9.066335386640478333e-03
-9.091601679289684768e-03
-9.116306902582582694e-03
-9.140463515764807312e-03
-9.164083701396208426e-03
-9.187179371518361393e-03
-9.209762173652880080e-03
-9.231843496661618076e-03
-9.253434476518052065e-03
-9.274546001892591818e-03
-9.295188719673497246e-03
-9.315373040309715691e-03
-9.335109143078224037e-03
-9.354406981218588157e-03
-9.373276286932075152e-03
-9.391726576315040376e-03
-9.409767154149761836e-03
-9.427407118581587753e-03
-9.444655365735243890e-03
-9.461520594170824694e-03
-9.478011309301592746e-03
-9.494135827651906112e-03
-9.509902281084059439e-03
-9.525318620864364760e-03
-9.540392621709692378e-03
-9.555131885671919179e-03
-9.569543846006389742e-03
-9.583635770890275296e-03
-9.597414767105849620e-03
-9.610887783628285774e-03
-9.624061615114865020e-03
-9.636942905340006860e-03
-9.649538150546366211e-03
-9.661853702713329994e-03
-9.673895772773111190e-03
-9.685670433737136875e-03
-9.697183623757599236e-03
-9.708441149116175950e-03
-9.719448687162568490e-03
-9.730211789180653881e-03
-9.740735883174256315e-03
-9.751026276611618471e-03
-9.761088159106368067e-03
-9.770926605026097889e-03
-9.780546576052095986e-03
-9.789952923692446518e-03
-9.799150391721411779e-03
-9.808143618571296685e-03
-9.816937139667025747e-03
-9.825535389719863844e-03
-9.833942704971398996e-03
-9.842163325364694515e-03
-9.850201396689239886e-03
-9.858060972675719569e-03
-9.865746017033938386e-03
-9.873260405449890698e-03
-9.880607927552631509e-03
-9.887792288822083719e-03
-9.894817112437337414e-03
-9.901685941131610491e-03
-9.908402238972158216e-03
-9.914969393092221139e-03
-9.921390715411870787e-03
-9.927669444306008728e-03
-9.933808746244388033e-03
-9.939811717367241783e-03
-9.945681385070237468e-03
-9.951420709528147057e-03
-9.957032585170999539e-03
-9.962519842159345274e-03
-9.967885247799124215e-03
-9.973131507953425512e-03
-9.978261268399624129e-03
-9.983277116150546249e-03
-9.988181580787180991e-03
-9.992977135701242020e-03
-9.997666199375920826e-03
-1.000225113657648990e-02
-1.000673425955778129e-02
-1.001111782923702620e-02
-1.001540405631695663e-02
-1.001959510241023921e-02
-1.002369308113060242e-02
-1.002770005915110119e-02
-1.003161805725527600e-02
-1.003544905135766996e-02
-1.003919497348304546e-02
-4.202161266675297213e-02
-4.504955181149750132e-02
-4.806433515482666508e-02
-5.122275991711511267e-02
-5.421953129992118647e-02
-5.705813227839762192e-02
-5.974212408305756838e-02
-6.227513027325937145e-02
-6.466082225355229696e-02
-6.720986139715279251e-02
-6.964389959744021752e-02
-7.193494666795174908e-02
-7.408666627300330987e-02
-7.610267906174339458e-02
-7.798656077864052349e-02
-7.974184057451338958e-02
-8.150809125741176331e-02
-8.330037992154970539e-02
-8.496905497436912924e-02
-8.651762185303901731e-02
-8.794946503616607458e-02
-8.926785594092567777e-02
-9.047596016130210472e-02
-9.157684410021804666e-02
-9.257348104451157411e-02
-9.367306010535880745e-02
-9.476945352172272408e-02
-9.576441984420291931e-02
-9.666090874330812710e-02
-9.746185309575317035e-02
-9.817016412282608684e-02
-9.878872702935215244e-02
-9.932039710353901540e-02
-9.976799624153187551e-02
-1.001343098628684203e-01
-1.004220841858574076e-01
-1.008054892326395446e-01
-1.011300100155247961e-01
-1.013810507917458636e-01
-1.015611094039137186e-01
-1.016726267994192412e-01
-1.017179866807147448e-01
-1.016995158104805341e-01
-1.016194855425736066e-01
-1.014801113984846737e-01
-1.012835557324924807e-01
-1.010319266797976567e-01
-1.007272787080610854e-01
-1.003716203460029988e-01
-9.999508223378494876e-02
-9.968488774388539753e-02
-9.932676903829396053e-02
-9.892260369202698911e-02
-9.847421602953509989e-02
-9.798338011046237028e-02
-9.745181424127480341e-02
-9.688119420161545037e-02
-9.627314155897082060e-02
-9.562923770048037397e-02
-9.495101286122320516e-02
-9.423995683745012286e-02
-9.349751308124787386e-02
-9.272508705068283064e-02
-9.192404183872682211e-02
-9.109570213609163858e-02
-9.024134985585341440e-02
-8.936223460918135686e-02
-8.845956608957461498e-02
-8.758281891963282106e-02
-8.674769060621034811e-02
-8.589039446071833339e-02
-8.501205773965558876e-02
-8.411377520336937863e-02
-8.319660730460842757e-02
-8.226158640775427244e-02
-8.130971390681018818e-02
-8.034195957802925392e-02
-7.935926258875802830e-02
-7.836253717846908273e-02
-7.735266507154570093e-02
-7.633050454497602999e-02
-7.529688905201048499e-02
-7.425262022969025821e-02
-7.319847396980261323e-02
-7.213521152225332855e-02
-7.106355935700037207e-02
-6.998422382132307717e-02
-6.889788666517038251e-02
-6.780521202838762918e-02
-6.670683728223281150e-02
-6.560338022762746135e-02
-6.449543814716651724e-02
-6.338358542879518609e-02
-6.226838200860118633e-02
-6.115036432456921744e-02
-6.003005095930014079e-02
-5.890794198772120183e-02
-5.778452001416756190e-02
-5.671737241650998129e-02
-5.565519153991349555e-02
-5.459190539008051957e-02
-5.352795109802510609e-02
-5.246375098993283359e-02
-5.139971121038833246e-02
-5.033622274966553789e-02
-4.927366099735763783e-02
-4.821238817202377902e-02
-4.715275199023061248e-02
-4.609508306772447384e-02
-4.503970367337561953e-02
-4.398692963787453891e-02
-4.223770168600982089e-02
-3.976921841714897710e-02
-3.724021474494509931e-02
-3.493112055830138729e-02
-3.289455297366927766e-02
-3.108046479581627608e-02
-2.941438151724629080e-02
-2.783446398574529468e-02
-2.630186443060011925e-02
-2.479782693615018019e-02
-2.331660124888745855e-02
-2.185888887379405787e-02
-2.042741989514595957e-02
-1.902467682106134816e-02
-1.765210003487283075e-02
-1.631010289993461981e-02
-1.499838934239772215e-02
-1.371628890611997775e-02
-1.246300037338698985e-02
-1.123772763179697876e-02
-1.003973396334068013e-02
-8.868349016434073917e-03
-7.722955597705194464e-03
-6.602972626934544564e-03
-5.507841622172549023e-03
-4.437018470665243797e-03
-3.389969581837348755e-03
-2.366170775106368751e-03
-1.365107462715009490e-03
-3.862751955487908617e-04
5.708198894307514593e-04
1.506660864792230825e-03
2.421720032422136626e-03
3.316459091910139989e-03
4.191329383091968452e-03
5.046772150672396151e-03
5.883218803217182824e-03
6.701091156043226249e-03
7.500801657529976296e-03
8.282753602095738188e-03
9.047341334224690002e-03
9.794950445281003226e-03
1.052595796640520831e-02
1.124073255719970632e-02
1.193963469086334328e-02
1.262301683564004406e-02
1.329122363250689887e-02
1.394459206904485882e-02
1.458345164947161265e-02
1.520812456089970510e-02
1.581892583586697043e-02
1.641616351122010542e-02
1.700013878348194396e-02
1.757114616075483582e-02
1.812947361121608481e-02
1.867540270836531846e-02
1.920920877301313112e-02
1.973116101204119843e-02
2.024152265450407384e-02
2.074055108392069968e-02
2.122849796832504410e-02
2.170560938716281640e-02
2.217212595537265685e-02
2.262828294475038859e-02
2.307431040259011468e-02
2.351043326770163588e-02
2.393687148384504582e-02
2.435384011066155097e-02
2.476154943212094395e-02
2.516020506258076495e-02
2.555000805047491497e-02
2.593115497970632788e-02
2.630383806879255104e-02
2.666824526779798532e-02
2.702456035312206239e-02
2.737296302018243921e-02
2.771362897403850667e-02
2.804673001799873333e-02
2.837243414026691113e-02
2.869090559866105394e-02
2.900230500345024609e-02
2.930678939835296148e-02
2.960451233973859786e-02
2.989562397406420047e-02
3.018027111360321868e-02
3.045859731047517727e-02
3.073074292904998117e-02
3.099684521673218285e-02
3.125703837317761469e-02
3.151145361797169642e-02
3.176021925680583280e-02
3.200346074618742875e-02
3.224130075670306184e-02
3.247385923488721460e-02
3.270125346371521857e-02
3.292359812174705525e-02
3.314100534096287021e-02
3.335358476331418132e-02
3.356144359601564986e-02
3.376468666561383003e-02
3.396341647085154847e-02
3.415773323435900011e-02
3.434773495320087022e-02
3.453351744829280534e-02
3.471517441273075377e-02
3.489279745903761665e-02
3.506647616536717749e-02
3.523629812067863298e-02
3.540234896891192307e-02
3.556471245217363020e-02
3.572347045297608048e-02
3.587870303552698203e-02
3.603048848611045685e-02
3.617890335256568335e-02
3.632402248289157143e-02
3.646591906299612162e-02
3.660466465360290300e-02
3.674032922634040688e-02
3.687298119903026361e-02
3.700268747019119786e-02
3.712951345277915038e-02
3.725352310717244819e-02
3.737477897343133293e-02
3.749334220283540020e-02
3.760927258872381884e-02
3.772262859665254098e-02
3.783346739387560831e-02
3.794184487817719997e-02
3.804781570606330376e-02
3.815143332032366885e-02
3.825274997698446811e-02
3.835181677166232816e-02
3.844868366533127357e-02
3.854339950952123672e-02
3.863601207095346268e-02
3.872656805562879612e-02
3.881511313238483751e-02
3.890169195592463325e-02
3.898634818933910395e-02
3.906912452612587572e-02
3.915006271171961316e-02
3.922920356454806523e-02
3.930658699661293554e-02
3.938225203362222260e-02
3.945623683466692455e-02
3.952857871147141822e-02
3.959931414720418985e-02
3.966847881488266836e-02
3.973610759535883830e-02
3.980223459491050164e-02
3.986689316244795833e-02
3.993011590632278285e-02
3.999193471078044126e-02
4.005238075203543247e-02
4.011148451399826342e-02
4.016927580364360040e-02
4.022578376604801775e-02
4.028103689908313356e-02
4.033506306779077732e-02
4.038788951843486075e-02
4.043954289224327425e-02
4.049004923884247376e-02
4.053943402939275131e-02
4.058772216943662414e-02
4.063493801145856565e-02
4.068110536716584846e-02
4.072624751949582844e-02
4.077038723436299250e-02
4.081354677213244742e-02
4.085574789885182412e-02
4.089701189722827479e-02
4.093735957735677999e-02
4.097681128722108213e-02
4.101538692295214616e-02
4.105310593886279946e-02
4.108998735725677420e-02
4.112604977802636341e-02
4.116131138802980871e-02
4.119578997026085432e-02
4.122950291282467816e-02
4.126246721769710746e-02
4.129469950930886313e-02
4.132621604292019413e-02
4.135703271282586968e-02
4.138716506036566045e-02
4.141662828176873035e-02
4.144543723580884631e-02
4.147360645130415691e-02
4.150115013444288792e-02
1.371427806501737123e-01
1.529049684339991444e-01
1.678941234039497132e-01
1.810850307481581822e-01
1.935742218949823013e-01
2.048582350454237755e-01
2.151718221720502200e-01
2.247962898769788609e-01
2.331057237774976088e-01
2.409171963376595116e-01
2.476192586767931303e-01
2.534107908155522892e-01
2.588080006197532867e-01
2.630727812587023706e-01
2.669180703270352950e-01
2.703610829949063543e-01
2.727877373465048549e-01
2.749558461281562671e-01
2.767200050108069576e-01
2.775339438290038707e-01
2.781604679361291410e-01
2.785364915581123313e-01
2.780838774067193597e-01
2.775015472013193651e-01
2.768019651732833708e-01
2.753891248524182878e-01
2.737874678024034836e-01
2.721164782124469994e-01
2.700803019277877581e-01
2.675324151795961392e-01
2.649606654092586666e-01
2.623733048533387624e-01
2.592599044228571792e-01
2.559430777523878930e-01
2.526482228622253245e-01
2.493806153417406080e-01
2.457594892264571840e-01
2.420526937862454986e-01
2.383958377231794046e-01
2.347928240292205260e-01
2.309582175246371882e-01
2.268451778807234476e-01
2.228111958835912176e-01
2.188587630096749947e-01
2.149898376163585922e-01
2.108139729111258021e-01
2.066130193948201299e-01
2.025109234271535996e-01
1.985084681640871818e-01
1.946062228792346804e-01
1.900110336551203982e-01
1.767405024624189025e-01
1.636406992527064119e-01
1.539944772401156126e-01
1.478647298016744216e-01
1.440715485908907745e-01
1.413759791548674372e-01
1.389493461466524415e-01
1.364077131416514543e-01
1.336694299639742400e-01
1.307954577470591406e-01
1.278789743885557773e-01
1.249922819566868792e-01
1.221739959025958111e-01
1.194359786751277852e-01
1.167753351518894256e-01
1.141841299758694639e-01
1.116548434264732492e-01
1.091823039435035891e-01
1.067636090230561496e-01
1.043973119009713457e-01
1.020826126110276899e-01
9.981883496925147981e-02
9.760519373785325747e-02
9.544075325554723932e-02
9.332447288103407068e-02
9.125526925969462688e-02
8.923206300692521076e-02
8.725380297896956350e-02
8.531947338452305907e-02
8.342809173275167467e-02
8.157870385658827495e-02
7.977037940249132042e-02
7.800220891256959277e-02
7.627330237253016065e-02
7.458278866841383525e-02
7.292981526530928349e-02
7.131354871790596128e-02
6.973317362469666492e-02
6.818789280680004339e-02
6.667692685953885423e-02
6.519951374556676171e-02
6.375490838371566937e-02
6.234238208954367977e-02
6.096122281217475347e-02
5.961073391802029775e-02
5.829023431845681280e-02
5.699905805345140131e-02
5.573655395671761603e-02
5.450208532576938936e-02
5.329502943755071165e-02
5.211477785014007047e-02
5.096073524275546163e-02
4.983231959433642722e-02
4.872896181541053195e-02
4.765010546040637784e-02
4.659520644437775694e-02
4.556373276615488521e-02
4.455516423852423635e-02
4.356899222524268644e-02
4.260471938444232443e-02
4.166185941797451164e-02
4.073993682635679292e-02
3.983848666911282699e-02
3.895705433036344978e-02
3.809519528957805434e-02
3.725247489738769957e-02
3.642846799507082345e-02
3.562275915602186593e-02
3.483494207973492074e-02
3.406461946941363728e-02
3.331140283945188685e-02
3.257491248782828919e-02
3.185477669166347781e-02
3.115063253516958675e-02
3.046212479185861355e-02
2.978890621607477307e-02
2.913063728562836907e-02
2.848698602510402189e-02
2.785762783376521945e-02
2.724224531911767500e-02
2.664052797450255916e-02
2.605217263966586039e-02
2.547688249582025222e-02
2.491436739535446421e-02
2.436434364109607564e-02
2.382653384253141660e-02
2.330066677316366963e-02
2.278647706987468879e-02
2.228370571471871564e-02
2.179209905121859414e-02
2.131140913537676873e-02
2.084139353613623236e-02
2.038181521248705330e-02
1.993244222999135395e-02
1.949304825856046364e-02
1.906341160437219351e-02
1.864331557642961990e-02
1.823254830253207004e-02
1.783090262174646945e-02
1.743817597735408675e-02
1.705417031230860303e-02
1.667869196786764263e-02
1.631155158530073201e-02
1.595256401031508453e-02
1.560154819983416985e-02
1.525832713088837167e-02
1.492272771147273858e-02
1.459458069332231211e-02
1.427372058657638831e-02
1.395998557631261683e-02
1.365321727963086929e-02
1.335326128295788450e-02
1.305996621177030192e-02
1.277318397196469668e-02
1.249277021770867080e-02
1.221858342540316222e-02
1.195048529856412856e-02
1.168834062087409364e-02
1.143201718560193925e-02
1.118138572551008458e-02
1.093631968376640451e-02
1.069669576592069404e-02
1.046239302488682910e-02
1.023329327903543806e-02
1.000928097816600193e-02
9.790243144622401417e-03
9.576069152380295435e-03
9.366651285980021058e-03
9.161883832246697779e-03
8.961663505343109293e-03
8.765889319918507283e-03
8.574462539508331815e-03
8.387286462860910063e-03
8.204266828675033096e-03
8.025311531380419083e-03
7.850330200673383274e-03
7.679234560218350936e-03
7.511938307779963964e-03
7.348357068285737981e-03
7.188408346104457891e-03
7.032011479431554690e-03
6.879087597414068611e-03
6.729559418360286926e-03
6.583351828043815246e-03
6.440390989779665176e-03
6.300604786547703284e-03
6.163922710167302199e-03
6.030275824995712242e-03
5.899596730398970479e-03
5.771819524212906671e-03
5.646879767922108329e-03
5.524714453495560562e-03
5.405261971531460929e-03
5.288462080355715855e-03
5.174255875839195440e-03
5.062585761843596543e-03
4.953395421238182550e-03
4.846629787527367839e-03
4.742235017069162950e-03
4.640158461907573084e-03
4.540348643202962720e-03
4.442755225271266539e-03
4.347328990189858189e-03
4.254021812976738204e-03
4.162786637327497985e-03
4.073577451877419264e-03
3.986349267000921515e-03
3.901057930822071640e-03
3.817660562848601558e-03
3.736115297137576619e-03
3.656380887802734847e-03
3.578417092563457302e-03
3.502184415646425464e-03
3.427644701460286214e-03
3.354760257653133237e-03
3.283494311027146395e-03
3.213810912126247032e-03
3.145674915554064199e-03
3.079051959580691999e-03
3.013908446649615769e-03
2.950211525224455400e-03
2.887929072789896523e-03
2.827029679672632412e-03
2.767482633381446178e-03
2.709257903295902992e-03
2.652326125640147580e-03
2.596658588725819783e-03
2.542227218481185602e-03
2.489004564279806431e-03
2.436963623786869704e-03
2.386078446525718988e-03
2.336323107082982631e-03
2.287672788251038369e-03
2.240102841440050341e-03
2.193589091137537750e-03
2.148108362471923272e-03
2.103637452459228285e-03
2.060154210187237211e-03
2.017636434106684362e-03
1.976062954575086295e-03
1.935412692879889818e-03
1.895665126376844256e-03
1.856800199468766621e-03
1.818798309747737818e-03
1.781640293874398040e-03
1.745307414972252502e-03
1.709781351751260559e-03
1.675044188918395349e-03
1.641078408323171089e-03
1.607866719139705580e-03
1.575392666602670744e-03
1.543639771455662668e-03
1.512591839404109351e-03
1.482233334184845930e-03
1.452548972363354451e-03
1.423523956659344947e-03
1.395143517876284989e-03
1.367393309412934244e-03
1.340259321106707091e-03
1.313727865964509078e-03
1.287785566567389850e-03
1.262419343795118110e-03
1.237616408102271137e-03
1.213364252589554937e-03
1.189650647018813956e-03
1.166463632152003882e-03
1.143791514122138864e-03
1.121622858757165275e-03
1.099946485890956893e-03
1.078751463712723790e-03
1.058026941927137088e-03
1.037762763437033442e-03
1.017948606807150824e-03
9.985744600613521982e-04
9.796303796669736386e-04
9.611071018851280456e-04
9.429951829316163270e-04
9.252854707006985535e-04
9.079690239235382876e-04
8.910369448811295001e-04
8.744808279761429048e-04
8.582925179250189274e-04
8.424635695993831774e-04
8.269862648278003547e-04
8.118526805926951084e-04
7.970551606344411510e-04
7.825862318211473934e-04
7.684385955770700605e-04
