-6.642338394836629911e-01
-6.384469482710829480e-01
-6.147505472115201153e-01
-5.924858313282763689e-01
-5.717255378844149361e-01
-5.524960208830004271e-01
-5.346999281780293600e-01
-5.180047234554876479e-01
-5.024681482443367209e-01
-4.878025792340201505e-01
-4.745894835494004482e-01
-4.617958945563438444e-01
-4.503926828532172078e-01
-4.394098391092147171e-01
-4.291759519667575073e-01
-4.197918582963959810e-01
-4.106614316545429411e-01
-4.024586581999218815e-01
-3.946839437156177688e-01
-3.870925915396221662e-01
-3.804050449448013183e-01
-3.739660991397362189e-01
-3.676541314643335667e-01
-3.621248674783221766e-01
-3.568972095185114490e-01
-3.517462474448564969e-01
-3.468908668364503178e-01
-3.347727049584379166e-01
-3.187918296519738348e-01
-3.032024093990530744e-01
-2.898702569449413957e-01
-2.791806073624969464e-01
-2.707666141926448056e-01
-2.640001840080254958e-01
-2.582698151627251804e-01
-2.531024603952607421e-01
-2.481887504211903739e-01
-2.433591795281015990e-01
-2.385432817712702658e-01
-2.337299153364917892e-01
-2.289365899372031166e-01
-2.241894665171009215e-01
-2.195124843514255630e-01
-2.149229439041646650e-01
-2.104309437301088437e-01
-2.060406959146661166e-01
-2.017523887765801938e-01
-1.975639063595804323e-01
-1.934721100200640365e-01
-1.894736459023085295e-01
-1.855653657448685934e-01
-1.817444817131455004e-01
-1.780085678006981809e-01
-1.743554918179923696e-01
-1.707833298639758191e-01
-1.672902915857812367e-01
-1.638746659993670640e-01
-1.605347880900409585e-01
-1.572690217958672143e-01
-1.540757538695394224e-01
-1.509533937983293939e-01
-1.479003763070667610e-01
-1.449151643237831522e-01
-1.419962513550263594e-01
-1.391421629261313520e-01
-1.363514571354169647e-01
-1.336227245384460360e-01
-1.309545876072903958e-01
-1.283456999701417800e-01
-1.257947455743027021e-01
-1.233004378568027803e-01
-1.208615189620432240e-01
-1.184767590171507123e-01
-1.161449554603959378e-01
-1.138649324119982431e-01
-1.116355400761710470e-01
-1.094556541654521098e-01
-1.073241753410867361e-01
-1.052400286658476958e-01
-1.032021630675550306e-01
-1.012095508126815702e-01
-9.926118699006680757e-02
-9.735608900495229534e-02
-9.549329608355217047e-02
-9.367186878829292240e-02
-9.189088854370330850e-02
-9.014945717283495696e-02
-8.844669644407465725e-02
-8.678174762809032217e-02
-8.515377106467214574e-02
-8.356194573925046498e-02
-8.200546886885495823e-02
-8.048355549725938474e-02
-7.899543809913334158e-02
-7.754036619297588473e-02
-7.611760596265870760e-02
-7.472643988735194753e-02
-7.336616637965365229e-02
-7.203609943180122599e-02
-7.073556826966598265e-02
-6.946391701451037903e-02
-6.822050435218596220e-02
-6.700470320972984339e-02
-6.581590043911011989e-02
-6.465349650800300552e-02
-6.351690519744535024e-02
-6.240555330619423913e-02
-6.131888036165067390e-02
-6.025633833719945542e-02
-5.921739137584314250e-02
-5.820151551994978689e-02
-5.720819844701674484e-02
-5.623693921129824247e-02
-5.528724799116879751e-02
-5.435864584210037265e-02
-5.345066445512225428e-02
-5.256284592064375261e-02
-5.169474249752648021e-02
-5.084591638727742335e-02
-5.001593951326199772e-02
-4.920439330481940488e-02
-4.841086848616793503e-02
-4.763496487000251634e-02
-4.687629115567393256e-02
-4.613446473184801278e-02
-4.540911148355109006e-02
-4.469986560349470395e-02
-4.400636940759650173e-02
-4.332827315459075734e-02
-4.266523486965212442e-02
-4.201692017192870665e-02
-4.138300210591117079e-02
-4.076316097654153481e-02
-4.015708418798835666e-02
-3.956446608599684112e-02
-3.898500780374458685e-02
-3.841841711111815272e-02
-3.786440826733494802e-02
-3.732270187684116891e-02
-3.679302474840762116e-02
-3.627510975735548371e-02
-3.576869571084007049e-02
-3.527352721612864173e-02
-3.478935455179943403e-02
-3.431593354180506594e-02
-3.385302543233059680e-02
-3.340039677138495477e-02
-3.295781929106800234e-02
-3.252506979245106677e-02
-3.210193003301586856e-02
-3.168818661658745484e-02
-3.128363088571983752e-02
-3.088805881646328189e-02
-3.050127091547283342e-02
-3.012307211940035145e-02
-2.975327169652164372e-02
-2.939168315054718761e-02
-2.903812412656847641e-02
-2.869241631909291712e-02
-2.835438538212464721e-02
-2.802386084123442700e-02
-2.770067600759107407e-02
-2.738466789389404354e-02
-2.707567713217873262e-02
-2.677354789344388308e-02
-2.647812780906377839e-02
-2.618926789394793175e-02
-2.590682247140296823e-02
-2.563064909966872307e-02
-2.536060850008015066e-02
-2.509656448682751062e-02
-2.483838389827619508e-02
-2.458593652981067024e-02
-2.433909506817055757e-02
-2.409773502724377181e-02
-2.386173468528696162e-02
-2.363097502353950219e-02
-2.340533966619862127e-02
-2.318471482173167786e-02
-2.296898922548828992e-02
-2.275805408358699822e-02
-2.255180301804893261e-02
-2.235013201315050324e-02
-2.215293936296758304e-02
-2.196012562008053948e-02
-2.177159354542279601e-02
-2.158724805924316925e-02
-2.140699619315311608e-02
-2.123074704324290352e-02
-2.105841172423739138e-02
-2.088990332466833522e-02
-2.072513686304455760e-02
-2.056402924499467488e-02
-2.040649922135973071e-02
-2.025246734722063735e-02
-2.010185594183022673e-02
-1.995458904943880896e-02
-1.981059240098881347e-02
-1.966979337665808458e-02
-1.953212096923895302e-02
-1.939750574832599384e-02
-1.926587982530225673e-02
-1.913717681910220847e-02
-1.901133182273229139e-02
-1.888828137054199274e-02
-1.876796340621211812e-02
-1.865031725146204522e-02
-1.853528357544709237e-02
-1.842280436483800798e-02
-1.831282289456304113e-02
-1.820528369920104694e-02
-1.810013254500963953e-02
-1.799731640257329346e-02
-1.789678342006117973e-02
-1.779848289707564035e-02
-1.770236525908597258e-02
-1.760838203242354183e-02
-1.751648581983866748e-02
-1.742663027659618891e-02
-1.733877008710260625e-02
-1.725286094205413789e-02
-1.716885951609015137e-02
-1.708672344594264203e-02
-1.700641130907243337e-02
-1.692788260278055290e-02
-1.685109772377924031e-02
-1.677601794822169978e-02
-1.670260541217105654e-02
-1.663082309250762947e-02
-1.656063478825453572e-02
-1.649200510232384786e-02
-1.642489942366331945e-02
-1.635928390980101454e-02
-1.629512546978029164e-02
-1.623239174747004299e-02
-1.617105110524708067e-02
-1.611107260804089947e-02
-1.605242600773193473e-02
-1.599508172789843030e-02
-1.593901084889992603e-02
-1.588418509329159178e-02
-1.583057681156452290e-02
-1.577815896820222719e-02
-1.572690512804397756e-02
-1.567678944295636256e-02
-1.562778663879393903e-02
-1.557987200265698036e-02
-1.553302137042411601e-02
-1.548721111456963229e-02
-1.544241813224633830e-02
-1.539861983363444153e-02
-1.535579413054843911e-02
-1.531391942529936046e-02
-1.527297459979992666e-02
-1.523293900491839992e-02
-1.519379245006113877e-02
-1.515551519299229710e-02
-1.511808792987601180e-02
-1.508149178554329950e-02
-1.504570830397078396e-02
-1.501071943897436256e-02
-1.497650754510804205e-02
-1.494305536876439078e-02
-1.491034603947305470e-02
-1.487836306139511677e-02
-1.484709030500130922e-02
-1.481651199893807558e-02
-1.478661272207437705e-02
-1.475737739572569041e-02
-1.472879127604764804e-02
-1.470083994660065230e-02
-1.467350931108057921e-02
-1.464678558620979842e-02
-1.462065529478406845e-02
-1.459510525887841581e-02
-1.457012259319956371e-02
-1.454569469858757458e-02
-1.452180925566359804e-02
-1.449845421861528649e-02
-1.447561780912254292e-02
-1.445328851041738361e-02
-1.443145506147569535e-02
-1.441010645133911083e-02
-1.438923191356078490e-02
-1.436882092077595985e-02
-1.434886317939332301e-02
-1.432934862440360391e-02
-1.431026741430363458e-02
-1.429160992613276449e-02
-1.427336675061985360e-02
-1.425552868743862334e-02
-1.423808674056825652e-02
-1.422103211375391751e-02
-1.420435620607429783e-02
-1.418805060760064407e-02
-1.417210709515881462e-02
-1.415651762817882187e-02
-1.414127434464207411e-02
-1.412636955711654707e-02
-1.411179574887899690e-02
-1.409754557012288245e-02
-5.805596633506970861e-02
-6.020373533948930600e-02
-6.265461951419482034e-02
-6.498286307961276265e-02
-6.718760299633208533e-02
-6.951333294956985043e-02
-7.211454552734863910e-02
-7.457792495468762439e-02
-7.690425522131860703e-02
-7.909474551823869604e-02
-8.160499538365639793e-02
-8.402644402115599931e-02
-8.630673217722417689e-02
-8.844792260946965357e-02
-9.045217132229943502e-02
-9.272702685760236818e-02
-9.490507304719875137e-02
-9.694446008673729409e-02
-9.884778619981338110e-02
-1.006175832008135984e-01
-1.023837215389420408e-01
-1.043396656550319435e-01
-1.061606668835999301e-01
-1.078496083588884602e-01
-1.094094653971939834e-01
-1.108432892144994852e-01
-1.121541920985364982e-01
-1.136385340657044551e-01
-1.150452235787140509e-01
-1.163317163454493652e-01
-1.175011682170623573e-01
-1.185567034263339536e-01
-1.195014124384208287e-01
-1.203383500081889323e-01
-1.211948682239025743e-01
-1.221093171793290466e-01
-1.229196138526136295e-01
-1.236288334050197335e-01
-1.242399393694189058e-01
-1.247557913609300684e-01
-1.251791521311744759e-01
-1.255126940190143259e-01
-1.257590048466896704e-01
-1.261124829534532310e-01
-1.255969544726127651e-01
-1.217395373199892106e-01
-1.166241739007700673e-01
-1.114542222688728046e-01
-1.067960698663235064e-01
-1.028154836058012833e-01
-9.946388274550610475e-02
-9.660509248104887092e-02
-9.409004207385507357e-02
-9.179311305457105163e-02
-8.962395520848254193e-02
-8.752584595381929233e-02
-8.546830012682526956e-02
-8.343852985497957064e-02
-8.143408769275062298e-02
-7.945749084037601051e-02
-7.751281609227156366e-02
-7.560384767013239582e-02
-7.373330618870976849e-02
-7.190271212704502091e-02
-7.011256918978858721e-02
-6.836264645240142102e-02
-6.665226030339876928e-02
-6.498049351728507617e-02
-6.334634439869990530e-02
-6.174881459460124233e-02
-6.018695164294030064e-02
-5.865986254126465127e-02
-5.716671144130724969e-02
-5.570671054514519938e-02
-5.427910965416238298e-02
-5.288318710867745409e-02
-5.151824308015573450e-02
-5.018359518911008621e-02
-4.887857597609635008e-02
-4.760253164830441364e-02
-4.635482158684922638e-02
-4.513481823519605030e-02
-4.394190712137913124e-02
-4.277548687696963725e-02
-4.163496919350873071e-02
-4.051977870273315574e-02
-3.942935279042014685e-02
-3.836314136403728980e-02
-3.732060659166158700e-02
-3.630122262863544336e-02
-3.530447534216651917e-02
-3.432986204024235377e-02
-3.337689120753051242e-02
-3.244508225051578876e-02
-3.153396525003593354e-02
-3.064308072180299547e-02
-2.977197938358688845e-02
-2.892022192843501927e-02
-2.808737880337996984e-02
-2.727302999320357912e-02
-2.647676480900784668e-02
-2.569818168149140547e-02
-2.493688795829562821e-02
-2.419249970660697358e-02
-2.346464151927385444e-02
-2.275294632557844920e-02
-2.205705520613143733e-02
-2.137661721181149943e-02
-2.071128918679487896e-02
-2.006073559548138263e-02
-1.942462835325553527e-02
-1.880264666103315108e-02
-1.819447684346453542e-02
-1.759981219075257286e-02
-1.701835280397734351e-02
-1.644980544383312093e-02
-1.589388338276087609e-02
-1.535030626033861978e-02
-1.481879994190027361e-02
-1.429909638036974684e-02
-1.379093348072490954e-02
-1.329405496833047096e-02
-1.280821025946643488e-02
-1.233315433468007427e-02
-1.186864761571282401e-02
-1.141445584437583705e-02
-1.097034996456081046e-02
-1.053610600637533423e-02
-1.011150497369506240e-02
-9.696332733490464761e-03
-9.290379907658241621e-03
-8.893441767670040576e-03
-8.505318131239114621e-03
-8.125813261299796864e-03
-7.754735767532494606e-03
-7.391898509603755940e-03
-7.037118502954520238e-03
-6.690216826255479532e-03
-6.351018531328911365e-03
-6.019352555099111157e-03
-5.695051633097136801e-03
-5.377952215168235739e-03
-5.067894382988491486e-03
-4.764721769406676799e-03
-4.468281479611313500e-03
-4.178424014007475762e-03
-3.895003192821988591e-03
-3.617876082471660482e-03
-3.346902923142103248e-03
-3.081947058787726235e-03
-2.822874868005698090e-03
-2.569555696362080255e-03
-2.321861791004131703e-03
-2.079668235925424824e-03
-1.842852889120116799e-03
-1.611296320640498436e-03
-1.384881752866107263e-03
-1.163495001383019201e-03
-9.470244171323471960e-04
-7.353608306006620410e-04
-5.283974964438442612e-04
-3.260300397336379774e-04
-1.281564034032456334e-04
6.532320356544829565e-05
2.545063559704630052e-04
4.394884619163264006e-04
6.203628108423231424e-04
7.972206205861809281e-04
9.701510833819426693e-04
1.139241410834657131e-03
1.304576877912744237e-03
1.466240865944712368e-03
1.624314904675294713e-03
1.778878713289522295e-03
1.930010240963397905e-03
2.077785705687951179e-03
2.222279632904111679e-03
2.363564893388847565e-03
2.501712739495509652e-03
2.636792841395063647e-03
2.768873322145815052e-03
2.898020792056144046e-03
3.024300382180378222e-03
3.147775777506467421e-03
3.268509248498752129e-03
3.386561683156763536e-03
3.501992617137794639e-03
3.614860264109509558e-03
3.725221544947920904e-03
3.833132116699999870e-03
3.938646400488465815e-03
4.041817608793074612e-03
4.142697772411274570e-03
4.241337766996977621e-03
4.337787338204890375e-03
4.432095127095969644e-03
4.524308694604073366e-03
4.614474545514113402e-03
4.702638151909077635e-03
4.788843976112566736e-03
4.873135493099312043e-03
4.955555212439399781e-03
5.036144699718470008e-03
5.114944597510273638e-03
5.191994645866948588e-03
5.267333702366983061e-03
5.340999761705766957e-03
5.413029974857153093e-03
5.483460667816686396e-03
5.552327359913178384e-03
5.619664781722377711e-03
5.685506892588954031e-03
5.749886897747025216e-03
5.812837265065873282e-03
5.874389741427066269e-03
5.934575368731209721e-03
5.993424499557420404e-03
6.050966812467528655e-03
6.107231326972772933e-03
6.162246418170980178e-03
6.216039831056008325e-03
6.268638694510109133e-03
6.320069534982764026e-03
6.370358289874644697e-03
6.419530320612487628e-03
6.467610425437975152e-03
6.514622851922169389e-03
6.560591309185070941e-03
6.605538979858494031e-03
6.649488531775382683e-03
6.692462129398002446e-03
6.734481445003659417e-03
6.775567669605742083e-03
6.815741523649165856e-03
6.855023267450910396e-03
6.893432711426505932e-03
6.930989226074935061e-03
6.967711751748595361e-03
7.003618808209211011e-03
7.038728503959035265e-03
7.073058545382870932e-03
7.106626245670710773e-03
7.139448533553860443e-03
7.171541961837668566e-03
7.202922715754844774e-03
7.233606621120713953e-03
7.263609152324157492e-03
7.292945440123155265e-03
7.321630279276014619e-03
7.349678136010950880e-03
7.377103155309150395e-03
7.403919168050165922e-03
7.430139697979676328e-03
7.455777968530696853e-03
7.480846909496463581e-03
7.505359163543445788e-03
7.529327092599125137e-03
7.552762784070132795e-03
7.575678056954693318e-03
7.598084467793420060e-03
7.619993316495765612e-03
7.641415652049232676e-03
7.662362278081147338e-03
7.682843758309410021e-03
7.702870421874230544e-03
7.722452368543741841e-03
7.741599473808591370e-03
7.760321393859292982e-03
7.778627570464102803e-03
7.796527235717221060e-03
7.814029416710610576e-03
7.831142940075253023e-03
7.847876436433587344e-03
7.864238344757801258e-03
7.880236916619764997e-03
7.895880220358364454e-03
7.911176145140252913e-03
7.926132404946883980e-03
7.940756542460292167e-03
7.955055932868937418e-03
7.969037787582955445e-03
7.982709157877465600e-03
7.996076938442620019e-03
8.009147870867039387e-03
8.021928547028878143e-03
8.034425412430046265e-03
8.046644769441613221e-03
8.058592780478157636e-03
8.070275471117049904e-03
8.081698733124476064e-03
8.092868327435276399e-03
8.103789887054624330e-03
8.114468919901973720e-03
8.124910811583063719e-03
8.135120828113073799e-03
8.145104118566948159e-03
8.154865717677317605e-03
8.164410548376466181e-03
8.173743424276125324e-03
8.182869052093977302e-03
8.444071178842005310e-02
9.396436839755839543e-02
1.030048410493193956e-01
1.111570552982925619e-01
1.184687285908996301e-01
1.253853632636277027e-01
1.313438663678452301e-01
1.367317764283626502e-01
1.418029239318259194e-01
1.366027615331311118e-01
1.250666404419180644e-01
1.126403747751729689e-01
1.019151492321928032e-01
9.372081783660890508e-02
8.792022729369453060e-02
8.396738160048800026e-02
8.124392592666573876e-02
7.922613383300269874e-02
7.754087545352827959e-02
7.595984788061294068e-02
7.436711697237363694e-02
7.272124602013674277e-02
7.102283582516744076e-02
6.929117125258876797e-02
6.754982172205847846e-02
6.581925234777674660e-02
6.411413207442517859e-02
6.244330845087509019e-02
6.081101070946104414e-02
5.921834520890723041e-02
5.766461778297182761e-02
5.614831331917580215e-02
5.466770641586737867e-02
5.322117696746220261e-02
5.180734981178591880e-02
5.042509955650009701e-02
4.907350648930774994e-02
4.775179922362715601e-02
4.645929946550708678e-02
4.519538143850709844e-02
4.395944548270369623e-02
4.275090354909494295e-02
4.156917300017104466e-02
4.041367538228346490e-02
3.928383763842946408e-02
3.817909411532527386e-02
3.709888845820819014e-02
3.604267500805802271e-02
3.500991963114685745e-02
3.400010006738440893e-02
3.301270593718230728e-02
3.204723854149094109e-02
3.110321055968823245e-02
3.018014571483718100e-02
2.927757844553147137e-02
2.839505360175165194e-02
2.753212616867894980e-02
2.668836101552329865e-02
2.586333266383844531e-02
2.505662506978678650e-02
2.426783141591037918e-02
2.349655390940652566e-02
2.274240358502455095e-02
2.200500011177997095e-02
2.128397160309880576e-02
2.057895443042978556e-02
1.988959304040660570e-02
1.921553977569834259e-02
1.855645469964661842e-02
1.791200542469528756e-02
1.728186694459932227e-02
1.666572147042799656e-02
1.606325827021670705e-02
1.547417351219104731e-02
1.489817011152538839e-02
1.433495758051606117e-02
1.378425188207543783e-02
1.324577528648385183e-02
1.271925623137137862e-02
1.220442918471809080e-02
1.170103451097714853e-02
1.120881834012976697e-02
1.072753243965562930e-02
1.025693408934946760e-02
9.796785958906983893e-03
9.346855988238811364e-03
8.906917270434355771e-03
8.476747937335105121e-03
8.056131047641912346e-03
7.644854477505180768e-03
7.242710813548658422e-03
6.849497248265556948e-03
6.465015477743030203e-03
6.089071601652396026e-03
5.721476025462468584e-03
5.362043364822710600e-03
5.010592352069132005e-03
4.666945744817851960e-03
4.330930236566388203e-03
4.002376369300897352e-03
3.681118448028541934e-03
3.366994457226102355e-03
3.059845979120012771e-03
2.759518113802705841e-03
2.465859401110215288e-03
2.178721744238831803e-03
1.897960335059512005e-03
1.623433581086519695e-03
1.355003034067880918e-03
1.092533320173227906e-03
8.358920717093099029e-04
5.849498603769376359e-04
3.395801319898694715e-04
9.965914265430697583e-05
-1.349341036358531198e-04
-3.643179160222054236e-04
-5.886079764412244231e-04
-8.079173979727016786e-04
-1.022356781878563936e-03
-1.232034273381366063e-03
-1.437055616208660069e-03
-1.637524205912122000e-03
-1.833541142021832826e-03
-2.025205279023722937e-03
-2.212613276221464531e-03
-2.395859646474374216e-03
-2.575036803868613333e-03
-2.750235110322130083e-03
-2.921542921153541528e-03
-3.089046629640268549e-03
-3.252830710595233654e-03
-3.412977762956348471e-03
-3.569568551453627947e-03
-3.722682047337055877e-03
-3.872395468198508439e-03
-4.018784316921042432e-03
-4.161922419750219149e-03
-4.301881963530540531e-03
-4.438733532105221258e-03
-4.572546141919264784e-03
-4.703387276817405649e-03
-4.831322922085767857e-03
-4.956417597723916657e-03
-5.078734390985495395e-03
-5.198334988191888328e-03
-5.315279705847331115e-03
-5.429627521046587191e-03
-5.541436101230701183e-03
-5.650761833258854949e-03
-5.757659851857610533e-03
-5.862184067408904298e-03
-5.964387193155396005e-03
-6.064320771774323049e-03
-6.162035201371374171e-03
-6.257579760903908550e-03
-6.351002635026858911e-03
-6.442350938395069448e-03
-6.531670739424733085e-03
-6.619007083525474400e-03
-6.704404015816844975e-03
-6.787904603344330212e-03
-6.869550956793091245e-03
-6.949384251730528206e-03
-7.027444749368783050e-03
-7.103771816870274591e-03
-7.178403947200262536e-03
-7.251378778540207293e-03
-7.322733113269030980e-03
-7.392502936523381862e-03
-7.460723434344451732e-03
-7.527429011427333450e-03
-7.592653308460928230e-03
-7.656429219108584761e-03
-7.718788906584617138e-03
-7.779763819880880504e-03
-7.839384709623864467e-03
-7.897681643588505551e-03
-7.954684021850955133e-03
-8.010420591627820386e-03
-8.064919461763686570e-03
-8.118208116917546846e-03
-8.170313431409503835e-03
-8.221261682788583158e-03
-8.271078565074585498e-03
-8.319789201721494720e-03
-8.367418158286898944e-03
-8.413989454815862246e-03
-8.459526577961451466e-03
-8.504052492825930898e-03
-8.547589654545717508e-03
-8.590160019606329911e-03
-8.631785056928631406e-03
-8.672485758686843127e-03
-8.712282650896963077e-03
-8.751195803771150139e-03
-8.789244841838073086e-03
-8.826448953837662259e-03
-8.862826902400922080e-03
-8.898397033511695753e-03
-8.933177285757931685e-03
-8.967185199378668869e-03
-9.000437925112070303e-03
-9.032952232840063544e-03
-9.064744520050016519e-03
-9.095830820105899051e-03
-9.126226810322712879e-03
-9.155947819890819517e-03
-9.185008837589325736e-03
-9.213424519356472331e-03
-9.241209195677946298e-03
-9.268376878811324104e-03
-9.294941269857304178e-03
-9.320915765662185493e-03
-9.346313465582234414e-03
-9.371147178084182627e-03
-9.395429427210721940e-03
-9.419172458886126975e-03
-9.442388247105082399e-03
-9.465088499961193946e-03
-9.487284665556039442e-03
-9.508987937773660803e-03
-9.530209261921385178e-03
-9.550959340254294716e-03
-9.571248637370022294e-03
-9.591087385486751771e-03
-9.610485589604422785e-03
-9.629453032546919644e-03
-9.647999279900343339e-03
-9.666133684837596718e-03
-9.683865392827950558e-03
-9.701203346256903615e-03
-9.718156288931911746e-03
-9.734732770495302390e-03
-9.750941150732383988e-03
-9.766789603789405305e-03
-9.782286122296035558e-03
-9.797438521394585820e-03
-9.812254442685741651e-03
-9.826741358073043386e-03
-9.840906573542085312e-03
-9.854757232838462500e-03
-9.868300321071554748e-03
-9.881542668238374461e-03
-9.894490952667034378e-03
-9.907151704385608326e-03
-9.919531308414608617e-03
-9.931636007986188730e-03
-9.943471907694956258e-03
-9.955044976576399307e-03
-9.966361051112482272e-03
-9.977425838184394991e-03
-9.988244917940036771e-03
-9.998823746614871055e-03
-1.000916765928172580e-02
-1.001928187254286229e-02
-1.002917148715765094e-02
-1.003884149061784470e-02
-1.004829675966156799e-02
-1.005754206273312690e-02
-1.006658206238597586e-02
-1.007542131763905502e-02
-1.008406428626917872e-02
-1.009251532706390009e-02
-1.010077870201975259e-02
-1.010885857848897729e-02
-1.011675903128184117e-02
-1.012448404472676700e-02
-1.013203751466873470e-02
-1.013942325044592252e-02
-1.014664497680106692e-02
-1.015370633576972992e-02
-1.016061088850683802e-02
-1.016736211708968440e-02
-1.017396342626986083e-02
-1.018041814519676791e-02
-1.018672952908517004e-02
-1.019290076086987185e-02
-1.019893495280044249e-02
-1.020483514801684422e-02
-1.021060432208464874e-02
-1.021624538448717701e-02
-1.022176118010609258e-02
-1.022715449064248716e-02
-1.023242803603396922e-02
-1.023758447580913611e-02
-1.024262641044737521e-02
-1.024755638267471625e-02
-1.025237687875613091e-02
-1.025709032974431167e-02
-1.026169911270891077e-02
-1.026620555193380468e-02
-1.027061192008860147e-02
-1.027492043937439092e-02
-1.027913328264773440e-02
-1.028325257451268016e-02
-1.028728039239412695e-02
-1.029121876758587462e-02
-1.029506968627202923e-02
-1.029883509053641788e-02
-1.030251687932848270e-02
-4.261944781910731450e-02
-4.568062160563357565e-02
-4.858229314712936286e-02
-5.169328125276084762e-02
-5.472619529780686776e-02
-5.760017027791786148e-02
-6.031870716241716224e-02
-6.288537766573742971e-02
-6.530380903372545731e-02
-6.771315771798125382e-02
-7.018145043311818654e-02
-7.250575853070895249e-02
-7.468974708167586130e-02
-7.673703962184319494e-02
-7.865121614540093731e-02
-8.043581130604859908e-02
-8.209431281236145850e-02
-8.390632884876136899e-02
-8.560409794517287452e-02
-8.718073158834993563e-02
-8.863965832494535846e-02
-8.998419007290969773e-02
-9.121752968002461159e-02
-9.234277785021038909e-02
-9.336293948829688105e-02
-9.433051944320158810e-02
-9.545178530713016585e-02
-9.647073740639822148e-02
-9.739031817285681569e-02
-9.821345622926713759e-02
-9.894306125003726748e-02
-9.958201934401778033e-02
-1.001331889180763213e-01
-1.005993969835516921e-01
-1.009834358706633850e-01
-1.012880603184163064e-01
-1.015918263955075673e-01
-1.019329448625247991e-01
-1.021997706030548514e-01
-1.023948189181265178e-01
-1.025205562294404515e-01
-1.025793829902461596e-01
-1.025736440903992630e-01
-1.025056290004178194e-01
-1.023775704740170767e-01
-1.021916514700462741e-01
-1.019499954487939064e-01
-1.016546773419593208e-01
-1.013077198186476124e-01
-1.009110935677366427e-01
-1.005648175990607740e-01
-1.002149489720007836e-01
-9.981843643861854076e-02
-9.937712529892284152e-02
-9.889280633287800271e-02
-9.836721928305003360e-02
-9.780205550149911886e-02
-9.719895409986989421e-02
-9.655951107816385104e-02
-9.588527630126719714e-02
-9.517775097878367063e-02
-9.443839817163013350e-02
-9.366863750780929365e-02
-9.286984357449057370e-02
-9.204335638153793298e-02
-9.119047304273042442e-02
-9.031245355807371311e-02
-8.941052080798872481e-02
-8.848586187422746718e-02
-8.764278737161035338e-02
-8.678625121537031362e-02
-8.590833560150556991e-02
-8.501014640104109787e-02
-8.409275705915675303e-02
-8.315720799618464554e-02
-8.220451293627739631e-02
-8.123564933694904511e-02
-8.025157267645521841e-02
-7.925320271947100537e-02
-7.824143231845059887e-02
-7.721713127583296199e-02
-7.618113597100961698e-02
-7.513426311089865806e-02
-7.407729937543727772e-02
-7.301100688750672418e-02
-7.193612220882883435e-02
-7.085336433811928458e-02
-6.976341897886850774e-02
-6.866696200449773357e-02
-6.756463640055265785e-02
-6.645706704349141347e-02
-6.534485620518459825e-02
-6.422859158838178928e-02
-6.310883479511186778e-02
-6.198612742220976912e-02
-6.086099959120083724e-02
-5.973395424085836680e-02
-5.860548184163594243e-02
-5.750093622895935397e-02
-5.643408028615937155e-02
-5.536600996710649980e-02
-5.429716520976590743e-02
-5.322798038821829891e-02
-5.215886335506869642e-02
-5.084556931753603237e-02
-4.877730617545772418e-02
-4.640350572097418080e-02
-4.399387192492465459e-02
-4.168514232991249457e-02
-3.952760993607995488e-02
-3.752266636828682778e-02
-3.564912839597500493e-02
-3.387946371743311147e-02
-3.218835358968341609e-02
-3.055615167968017687e-02
-2.896937490623852085e-02
-2.741975084901770998e-02
-2.590279615518920053e-02
-2.441646798914920424e-02
-2.296006805880068669e-02
-2.153351070489151198e-02
-2.013687159663835047e-02
-1.877015586268893088e-02
-1.743321035907552385e-02
-1.612571587584188393e-02
-1.484721851226211697e-02
-1.359717208027344526e-02
-1.237497756252370351e-02
-1.118001357692666176e-02
-1.001165693952543734e-02
-8.869294764421553623e-03
-7.752330371206817006e-03
-6.660185209425684150e-03
-5.592298560529229690e-03
-4.548126239549254990e-03
-3.527139041437088451e-03
-2.528821319351948205e-03
-1.552669846159204781e-03
-5.981929747198577729e-04
3.350899518625993778e-04
1.247649008687012895e-03
2.139943981086744884e-03
3.012424590544071634e-03
3.865530689134644149e-03
4.699692443239200657e-03
5.515330516962180241e-03
6.312856259261145908e-03
7.092671895005508986e-03
7.855170718425341647e-03
8.600737287046911206e-03
9.329747614329697569e-03
1.004256935960778918e-02
1.073956201450432246e-02
1.142107708540951450e-02
1.208745827167145848e-02
1.273904163967642944e-02
1.337615579276363320e-02
1.399912203723019388e-02
1.460825454446457172e-02
1.520386050940469858e-02
1.578624030550557222e-02
1.635568763612482712e-02
1.691248968263625585e-02
1.745692724925262951e-02
1.798927490459423240e-02
1.850980112015054857e-02
1.901876840565552840e-02
1.951643344150966186e-02
2.000304720817602799e-02
2.047885511279812221e-02
2.094409711294620280e-02
2.139900783763160064e-02
2.184381670563695366e-02
2.227874804121210417e-02
2.270402118721293050e-02
2.311985061571508737e-02
2.352644603617104480e-02
2.392401250117970335e-02
2.431275050989434305e-02
2.469285610912930196e-02
2.506452099225064956e-02
2.542793259581976884e-02
2.578327419413017907e-02
2.613072499166069207e-02
2.647046021342891464e-02
2.680265119336411317e-02
2.712746546071453935e-02
2.744506682451408608e-02
2.775561545623705939e-02
2.805926797054691946e-02
2.835617750428642836e-02
2.864649379368344739e-02
2.893036324991182795e-02
2.920792903289815001e-02
2.947933112351908136e-02
2.974470639420800921e-02
3.000418867797449707e-02
3.025790883589873914e-02
3.050599482312854605e-02
3.074857175341261240e-02
3.098576196218871814e-02
3.121768506828814793e-02
3.144445803425544028e-02
3.166619522533942188e-02
3.188300846716440873e-02
3.209500710212864760e-02
3.230229804454776144e-02
3.250498583457073210e-02
3.270317269090483592e-02
3.289695856236818372e-02
3.308644117827697073e-02
3.327171609775803063e-02
3.345287675793251481e-02
3.363001452103464572e-02
3.380321872046554432e-02
3.397257670589315381e-02
3.413817388726947399e-02
3.430009377791876091e-02
3.445841803662208491e-02
3.461322650885634289e-02
3.476459726701897068e-02
3.491260664982132056e-02
3.505732930075211584e-02
3.519883820577796030e-02
3.533720473011392471e-02
3.547249865422319459e-02
3.560478820898893559e-02
3.573414011016584624e-02
3.586061959199682292e-02
3.598429044011819400e-02
3.610521502370822589e-02
3.622345432698814705e-02
3.633906797993446958e-02
3.645211428837580314e-02
3.656265026336313895e-02
3.667073164997347590e-02
3.677641295538602861e-02
3.687974747638556039e-02
3.698078732621290499e-02
3.707958346089590407e-02
3.717618570491332264e-02
3.727064277633207467e-02
3.736300231135469829e-02
3.745331088838543820e-02
3.754161405149236685e-02
3.762795633338278378e-02
3.771238127783949068e-02
3.779493146172718809e-02
3.787564851642866159e-02
3.795457314885730682e-02
3.803174516195539923e-02
3.810720347481755255e-02
3.818098614228393473e-02
3.825313037414357353e-02
3.832367255387403304e-02
3.839264825703914141e-02
3.846009226919466784e-02
3.852603860344316899e-02
3.859052051756428625e-02
3.865357053083240402e-02
3.871522044038133714e-02
3.877550133725726766e-02
3.883444362206578404e-02
3.889207702035868408e-02
3.894843059758557047e-02
3.900353277376389372e-02
3.905741133779017105e-02
3.911009346149896260e-02
3.916160571333193730e-02
3.921197407174137339e-02
3.926122393830411283e-02
3.930938015051310686e-02
3.935646699432915341e-02
3.940250821639246226e-02
3.944752703602549815e-02
3.949154615695160686e-02
3.953458777872054242e-02
3.957667360791816691e-02
3.961782486908749235e-02
3.965806231547919225e-02
3.969740623948592173e-02
3.973587648288390284e-02
3.977349244681871454e-02
3.981027310163653965e-02
3.984623699641076655e-02
3.988140226831671242e-02
3.991578665174877472e-02
3.994940748731590219e-02
3.998228173054396706e-02
4.001442596044757494e-02
4.004585638786117840e-02
4.007658886366360917e-02
4.010663888673882127e-02
4.013602161178919658e-02
4.016475185699963646e-02
4.019284411149381953e-02
4.022031254264479827e-02
4.024717100322483532e-02
4.027343303838559763e-02
4.029911189249357761e-02
1.350907204894431501e-01
1.507709934838654675e-01
1.653844307004019853e-01
1.784928580374458562e-01
1.909283390680354131e-01
2.018923220209938307e-01
2.121697035361718164e-01
2.214963761383081930e-01
2.297844914718876197e-01
2.375800552311337910e-01
2.439410259356717958e-01
2.497339324189269405e-01
2.549700181932932352e-01
2.591632466099769161e-01
2.630265581385629048e-01
2.662485528025975157e-01
2.687045915905073024e-01
2.709050991821602139e-01
2.724385810836924549e-01
2.732961906120356943e-01
2.739687923184375151e-01
2.741694733985853283e-01
2.737713851394953934e-01
2.732452568244401192e-01
2.724984467131310595e-01
2.710399839141337530e-01
2.695029081684960914e-01
2.678976499372303088e-01
2.656988109950155774e-01
2.632235512461922333e-01
2.607251451892524940e-01
2.582105084293679909e-01
2.549573856457092447e-01
2.517201212485793427e-01
2.485048782942711476e-01
2.452942051442517091e-01
2.416233504195015591e-01
2.379983036857220569e-01
2.344228350215393775e-01
2.309009407545099535e-01
2.269591165477500283e-01
2.229307703794622952e-01
2.189809121073849063e-01
2.151118999968750778e-01
2.112947012172976535e-01
2.070810491116024110e-01
2.029643180984921358e-01
1.989454781254225146e-01
1.950252746240623836e-01
1.912042426308642185e-01
1.825847129142552649e-01
1.717581604360147729e-01
1.616287376138090259e-01
1.533464120905749795e-01
1.470321779548515728e-01
1.423158309576284530e-01
1.386882824781081602e-01
1.356914787756551277e-01
1.329925982960165065e-01
1.303894810058958686e-01
1.277838157557091847e-01
1.251458126278277572e-01
1.224829363121977543e-01
1.198174645599758836e-01
1.171730768233667508e-01
1.145684874104608841e-01
1.120157005947057804e-01
1.095207231413224402e-01
1.070852502703238951e-01
1.047083842629608075e-01
1.023880016780802649e-01
1.001216485205438378e-01
9.790702371851955910e-02
9.574216830169635095e-02
9.362547945316124220e-02
9.155564234294066850e-02
8.953154004405883271e-02
8.755217362740519427e-02
8.561660462838083241e-02
8.372392037467446535e-02
8.187321727847596264e-02
8.006359586491895719e-02
7.829416210283857147e-02
7.656403117901655619e-02
7.487233143123139811e-02
7.321820737669892942e-02
7.160082156122049568e-02
7.001935537134063026e-02
6.847300910795017792e-02
6.696100162323914695e-02
6.548256975683930392e-02
6.403696772433864481e-02
6.262346653974737443e-02
6.124135350289816593e-02
5.988993175297907534e-02
5.856851987565581119e-02
5.727645154782878834e-02
5.601307520604570378e-02
5.477775372860005376e-02
5.356986412532971364e-02
5.238879723223655027e-02
5.123395741008729409e-02
5.010476224715598725e-02
4.900064226675482359e-02
4.792104064014335307e-02
4.686541290528145609e-02
4.583322669167366747e-02
4.482396145137812482e-02
4.383710819611508214e-02
4.287216924035175403e-02
4.192865795021272213e-02
4.100609849802538953e-02
4.010402562236703439e-02
3.922198439345492282e-02
3.835952998374358991e-02
3.751622744361471362e-02
3.669165148203856752e-02
3.588538625209980459e-02
3.509702514128631989e-02
3.432617056642506270e-02
3.357243377317620237e-02
3.283543463997329326e-02
3.211480148632173126e-02
3.141017088535380530e-02
3.072118748054752935e-02
3.004750380651244335e-02
2.938878011375556376e-02
2.874468419734532709e-02
2.811489122937116392e-02
2.749908359512875933e-02
2.689695073294240402e-02
2.630818897754316765e-02
2.573250140692651122e-02
2.516959769260695978e-02
2.461919395320588677e-02
2.408101261128159365e-02
2.355478225334395326e-02
2.304023749297479107e-02
2.253711883699138774e-02
2.204517255457938418e-02
2.156415054932980802e-02
2.109381023412448819e-02
2.063391440879125405e-02
2.018423114048251144e-02
1.974453364670636368e-02
1.931460018095898512e-02
1.889421392089207785e-02
1.848316285896434152e-02
1.808123969552699606e-02
1.768824173427696600e-02
1.730397078003287348e-02
1.692823303878387975e-02
1.656083901995497598e-02
1.620160344084453641e-02
1.585034513318261951e-02
1.550688695176649645e-02
1.517105568512078229e-02
1.484268196814686469e-02
1.452160019670767355e-02
1.420764844411115391e-02
1.390066837944869960e-02
1.360050518774524875e-02
1.330700749188484799e-02
1.302002727626683232e-02
1.273941981216242247e-02
1.246504358472355634e-02
1.219676022161197970e-02
1.193443442322172920e-02
1.167793389444105046e-02
1.142712927793620992e-02
1.118189408891323566e-02
1.094210465132805510e-02
1.070764003551794019e-02
1.047838199721384811e-02
1.025421491790656781e-02
1.003502574653936108e-02
9.820703942493791416e-03
9.611141419843649558e-03
9.406232492845001403e-03
9.205873822635934900e-03
9.009964365122247187e-03
8.818405320021094340e-03
8.631100081029075000e-03
8.447954187107420410e-03
8.268875274842768519e-03
8.093773031863982226e-03
7.922559151299246594e-03
7.755147287239250176e-03
7.591453011194237988e-03
7.431393769512739667e-03
7.274888841749982404e-03
7.121859299957122857e-03
6.972227968881306026e-03
6.825919387038581476e-03
6.682859768663673705e-03
6.542976966493752045e-03
6.406200435385978054e-03
6.272461196739964606e-03
6.141691803711157860e-03
6.013826307194714005e-03
5.888800222568324472e-03
5.766550497170230827e-03
5.647015478501771213e-03
5.530134883134030233e-03
5.415849766306157775e-03
5.304102492198481400e-03
5.194836704867755728e-03
5.087997299822788477e-03
4.983530396236668381e-03
4.881383309772280299e-03
4.781504526015112333e-03
4.683843674490040243e-03
4.588351503262977360e-03
4.494979854098080096e-03
4.403681638174283819e-03
4.314410812334745771e-03
4.227122355870083226e-03
4.141772247809427654e-03
4.058317444723957834e-03
3.976715859015822474e-03
3.896926337695560960e-03
3.818908641627372091e-03
3.742623425234903323e-03
3.668032216657124422e-03
3.595097398351398965e-03
3.523782188117996483e-03
3.454050620550708217e-03
3.385867528901354007e-03
3.319198527341971072e-03
3.254009993625128772e-03
3.190269052126382121e-03
3.127943557265755459e-03
3.067002077295599705e-03
3.007413878448828015e-03
2.949148909441756672e-03
2.892177786313121501e-03
2.836471777611704326e-03
2.782002789903037510e-03
2.728743353602736121e-03
2.676666609121136631e-03
2.625746293321018499e-03
2.575956726268868735e-03
2.527272798287238942e-03
2.479669957288654913e-03
2.433124196397740135e-03
2.387612041840014854e-03
2.343110541103587963e-03
2.299597251368634687e-03
2.257050228183787866e-03
2.215448014402543464e-03
2.174769629361028578e-03
2.134994558296909872e-03
2.096102742002114994e-03
2.058074566710255127e-03
2.020890854201429221e-03
1.984532852132403491e-03
1.948982224580175782e-03
1.914221042791153238e-03
1.880231776144380973e-03
1.846997283306395232e-03
1.814500803589691458e-03
1.782725948497265733e-03
1.751656693459668901e-03
1.721277369752804987e-03
1.691572656595585755e-03
1.662527573425442995e-03
1.634127472339486076e-03
1.606358030711074747e-03
1.579205243965375871e-03
1.552655418516568631e-03
1.526695164860036869e-03
1.501311390824655589e-03
1.476491294964521472e-03
1.452222360107002785e-03
1.428492347039345134e-03
1.405289288335387354e-03
1.382601482318390751e-03
1.360417487164644612e-03
1.338726115129196259e-03
1.317516426905029903e-03
1.296777726105702300e-03
1.276499553871657255e-03
1.256671683594223765e-03
1.237284115761294601e-03
1.218327072910030395e-03
1.199790994700133950e-03
1.181666533089709148e-03
1.163944547622808301e-03
1.146616100816011397e-03
1.129672453656027642e-03
1.113105061189445522e-03
1.096905568214623372e-03
1.081065805066616647e-03
1.065577783499582765e-03
1.050433692654673123e-03
1.035625895124070439e-03
1.021146923097404624e-03
1.006989474597430601e-03
9.931464097951980818e-04
