-6.437025524547517197e-01
-6.412832847114304791e-01
-6.173744732909440813e-01
-5.945841400366376206e-01
-5.736856342917164842e-01
-5.538772222617526220e-01
-5.359800057558880004e-01
-5.188758501484540542e-01
-5.032638488664102905e-01
-4.881804891314411865e-01
-4.748749339214977105e-01
-4.620399003559250151e-01
-4.502863572515756196e-01
-4.392811428367349169e-01
-4.287353465571694944e-01
-4.193451901115734515e-01
-4.102126719006544686e-01
-4.017419518378195775e-01
-3.939780298411594828e-01
-3.864002414825056242e-01
-3.783732075810610773e-01
-3.695394338322142147e-01
-3.599742141593651468e-01
-3.500323815093193680e-01
-3.405556510366851697e-01
-3.310679458931877761e-01
-3.217117391328323528e-01
-3.125890601315242101e-01
-3.037690915688773252e-01
-2.952948001973902947e-01
-2.871886829025442900e-01
-2.794773075528622641e-01
-2.722060655938096652e-01
-2.652712699173225275e-01
-2.586578156280894270e-01
-2.523470440860946518e-01
-2.463183466068716854e-01
-2.405503850414079103e-01
-2.350219904737764764e-01
-2.297128071905096824e-01
-2.246037218784691092e-01
-2.196771246034736613e-01
-2.149170505834110401e-01
-2.103092158519461741e-01
-2.058409865562769170e-01
-2.015012979969488249e-01
-1.972805412433937811e-01
-1.931704306765622547e-01
-1.891638626967044878e-01
-1.852547732338623021e-01
-1.814379995605328588e-01
-1.777091501778107485e-01
-1.740644851741244281e-01
-1.705008081386960583e-01
-1.670153712639788068e-01
-1.636057916714768190e-01
-1.602699801616709330e-01
-1.570060797166532573e-01
-1.538124165419287870e-01
-1.506874570258740498e-01
-1.476297749804964532e-01
-1.446380241709350756e-01
-1.417109180711495497e-01
-1.388472125949009595e-01
-1.360456946296508818e-01
-1.333051745374262964e-01
-1.306244763536961173e-01
-1.280024388969560611e-01
-1.254379075105980235e-01
-1.229297406547651406e-01
-1.204768032030534286e-01
-1.180779689332451809e-01
-1.157321213483801792e-01
-1.134381547367082632e-01
-1.111949753596692680e-01
-1.090015026597104253e-01
-1.068566725226172132e-01
-1.047594320525360168e-01
-1.027087466262632809e-01
-1.007035991826814580e-01
-9.874299032847844160e-02
-9.682593905162573122e-02
-9.495148311086376580e-02
-9.311867929812978062e-02
-9.132660398891134790e-02
-8.957435197788043979e-02
-8.786103783531551414e-02
-8.618579510771340324e-02
-8.454777581986405721e-02
-8.294615094262791644e-02
-8.138011000000844319e-02
-7.984886004043234564e-02
-7.835162638623716092e-02
-7.688765156484889118e-02
-7.545619512760470826e-02
-7.405653328252093104e-02
-7.268795852432452520e-02
-7.134977926496954836e-02
-7.004131964981796798e-02
-6.876191846466594981e-02
-6.751093005933395119e-02
-6.628772253926573654e-02
-6.509167870250287535e-02
-6.392219497900564207e-02
-6.277868128923191904e-02
-6.166056072972425639e-02
-6.056726926728517313e-02
-5.949825544153863888e-02
-5.845298007571120280e-02
-5.743091599530547597e-02
-5.643154775442482673e-02
-5.545437136941311351e-02
-5.449889405949681631e-02
-5.356463399418576188e-02
-5.265112004705940763e-02
-5.175789155577792400e-02
-5.088449808798101159e-02
-5.003049921284574708e-02
-4.919546427815157941e-02
-4.837897219256026560e-02
-4.758061121300993790e-02
-4.679997891828246992e-02
-4.603668128053151065e-02
-4.529033355471678846e-02
-4.456055936060820954e-02
-4.384699067372288539e-02
-4.314926763999649140e-02
-4.246703839459087249e-02
-4.179995888471532695e-02
-4.114769287769215467e-02
-4.050991106597612301e-02
-3.988629198935100817e-02
-3.927652114875757050e-02
-3.868029102835857103e-02
-3.809730094058982885e-02
-3.752725705594794903e-02
-3.696987152925146347e-02
-3.642486362395969124e-02
-3.589195812074263969e-02
-3.537088644730479459e-02
-3.486138581874831388e-02
-3.436319928556530456e-02
-3.387607560408323337e-02
-3.339976929109544912e-02
-3.293403977440512165e-02
-3.247865235960167851e-02
-3.203337738745748453e-02
-3.159799029860188568e-02
-3.117227152028245740e-02
-3.075600635563002783e-02
-3.034898487538706391e-02
-2.995100181203325107e-02
-2.956185645627451564e-02
-2.918135255581999488e-02
-2.880929821640876298e-02
-2.844550580502946957e-02
-2.808979203662342883e-02
-2.774197733728334114e-02
-2.740188611612337510e-02
-2.706934722186771225e-02
-2.674419258711502323e-02
-2.642625841215640037e-02
-2.611538453944328708e-02
-2.581141382762819347e-02
-2.551419316042613517e-02
-2.522357264513264141e-02
-2.493940571753627822e-02
-2.466154906801287794e-02
-2.438986256925401719e-02
-2.412420920560709447e-02
-2.386445500397949004e-02
-2.361046896629348524e-02
-2.336212300340356762e-02
-2.311929187052763623e-02
-2.288185310408108464e-02
-2.264968695991242953e-02
-2.242267635292760630e-02
-2.220070679804964087e-02
-2.198366635246618017e-02
-2.177144555919596769e-02
-2.156393739187523195e-02
-2.136103720079907120e-02
-2.116264284144797614e-02
-2.096865389731794593e-02
-2.077897271736262041e-02
-2.059350364248979659e-02
-2.041215331913770470e-02
-2.023482992652159140e-02
-2.006144421842215309e-02
-1.989190875391910751e-02
-1.972613803379763553e-02
-1.956404845742421017e-02
-1.940555828059098431e-02
-1.925058757429720657e-02
-1.909905818443435876e-02
-1.895089369239189026e-02
-1.880601937650538957e-02
-1.866436217438360856e-02
-1.852585064606193654e-02
-1.839041493798543314e-02
-1.825798692908664478e-02
-1.812849947077044277e-02
-1.800188744114139539e-02
-1.787808698791026885e-02
-1.775703567667896721e-02
-1.763867245946526552e-02
-1.752293764391543718e-02
-1.740977286319589368e-02
-1.729912104656783356e-02
-1.719092639060670891e-02
-1.708513433105762758e-02
-1.698169151531914167e-02
-1.688054595687082937e-02
-1.678164628336498154e-02
-1.668494279882581921e-02
-1.659038673432799982e-02
-1.649793058521442646e-02
-1.640752736146966484e-02
-1.631913165212051098e-02
-1.623269887807632372e-02
-1.614818545014351514e-02
-1.606554874704579916e-02
-1.598474727525323047e-02
-1.590573992239274759e-02
-1.582848702460148971e-02
-1.575294962227502538e-02
-1.567908962091868474e-02
-1.560686977193714853e-02
-1.553625365386501755e-02
-1.546720565397974312e-02
-1.539969095037063695e-02
-1.533367549436315258e-02
-1.526912599336149867e-02
-1.520600989406117876e-02
-1.514429536602479587e-02
-1.508395128564687937e-02
-1.502494722045355502e-02
-1.496725341375704232e-02
-1.491084076963922200e-02
-1.485568083829891251e-02
-1.480174580168869269e-02
-1.474900845950166683e-02
-1.469744221544155849e-02
-1.464702106381832181e-02
-1.459771957642574947e-02
-1.454951288972772261e-02
-1.450237669231002613e-02
-1.445628721262659511e-02
-1.441122120701043841e-02
-1.436715594794568673e-02
-1.432406921260742649e-02
-1.428193927166176991e-02
-1.424074487829996016e-02
-1.420046525752693967e-02
-1.416108009568084469e-02
-1.412256953018964367e-02
-1.408491413955648142e-02
-1.404809493356307115e-02
-1.401209334368935799e-02
-1.397689139507551914e-02
-1.394247097177947481e-02
-1.390881489573070340e-02
-1.387590619381384727e-02
-1.384372826980539983e-02
-1.381226489600040352e-02
-1.378150020503587925e-02
-1.375141868188523020e-02
-1.372200515603116955e-02
-1.369324479383360327e-02
-1.366512309103073974e-02
-1.363762586543515454e-02
-1.361073924979461225e-02
-1.358444968477545700e-02
-1.355874391215028396e-02
-1.353360896809574498e-02
-1.350903217666354905e-02
-1.348500114338557765e-02
-1.346150374902821412e-02
-1.343852814347767932e-02
-1.341606273976836405e-02
-1.339409620823284186e-02
-1.337261747079354635e-02
-1.335161569537257620e-02
-1.333108029043694742e-02
-1.331100108096894274e-02
-1.329136757766313792e-02
-1.327217005972469721e-02
-1.325339884572196425e-02
-1.323504446918954969e-02
-1.321709785517732882e-02
-1.319954959000080308e-02
-1.318239100459139834e-02
-1.316561344586375526e-02
-1.314920845285882933e-02
-1.313316775246331503e-02
-1.311748325525829983e-02
-1.310214705143009084e-02
-1.308715140679383993e-02
-1.307248875888644690e-02
-1.305815171316471179e-02
-1.304413303927942636e-02
-2.947130818608822977e-02
-5.836697493076004051e-02
-6.129666633862962399e-02
-6.309290525146638018e-02
-6.547327067369357323e-02
-6.777186872246554472e-02
-6.994929062233223860e-02
-7.200479970656425976e-02
-7.452251752171434873e-02
-7.697086173874989612e-02
-7.928351684224255180e-02
-8.146145645260594037e-02
-8.371936950413871870e-02
-8.613505551912314928e-02
-8.841027083377150930e-02
-9.054699355274786754e-02
-9.254730112338682702e-02
-9.460562725781729299e-02
-9.678478378192512110e-02
-9.882548016792691570e-02
-1.007303170561866246e-01
-1.025018250219495997e-01
-1.041424734543188180e-01
-1.060167445076993786e-01
-1.078440988058231298e-01
-1.095392858867496599e-01
-1.111052109242347541e-01
-1.125448631854757409e-01
-1.138613005119282207e-01
-1.151903093811297296e-01
-1.166050555249267262e-01
-1.178992086500185721e-01
-1.190759140441590702e-01
-1.199414399653395691e-01
-1.199966578364213277e-01
-1.193885160235117482e-01
-1.182464818308233134e-01
-1.167970398949700339e-01
-1.151040436904358089e-01
-1.131469697181701761e-01
-1.109946523100484583e-01
-1.087045734318454748e-01
-1.063241115379369717e-01
-1.038917697528853878e-01
-1.014383766146087495e-01
-9.898818334224834814e-02
-9.655988131319492851e-02
-9.416751917797672178e-02
-9.182131329182841029e-02
-8.952836073635062064e-02
-8.729325457680925382e-02
-8.511861445390511705e-02
-8.300552610842437673e-02
-8.095391541778074185e-02
-7.896284966511846193e-02
-7.703078808899377350e-02
-7.515578437690351166e-02
-7.333563449754088026e-02
-7.156800655153539026e-02
-6.985052851489736980e-02
-6.818085528669115547e-02
-6.655671903556026336e-02
-6.497595862262084410e-02
-6.343654124308706344e-02
-6.193657125538365449e-02
-6.047430166552647535e-02
-5.904811734526660416e-02
-5.765654033345857243e-02
-5.629821887214614407e-02
-5.497191750007690558e-02
-5.367650685047564707e-02
-5.241095376715154686e-02
-5.117430867780026205e-02
-4.996569849182197487e-02
-4.878431491483059546e-02
-4.762940771217749614e-02
-4.650027488822328081e-02
-4.539626252996864508e-02
-4.431674763779724913e-02
-4.326114313829609870e-02
-4.222888903177857145e-02
-4.121944880495309604e-02
-4.023230663476429214e-02
-3.926696639081850293e-02
-3.832294451599160823e-02
-3.739977315686360271e-02
-3.649699707236475632e-02
-3.561417245984976887e-02
-3.475086601595389624e-02
-3.390665419221239318e-02
-3.308112260734663579e-02
-3.227386558605349620e-02
-3.148448579871310216e-02
-3.071259397817982517e-02
-2.995780869669317781e-02
-2.921975618732197688e-02
-2.849807019798511476e-02
-2.779239186834026043e-02
-2.710236962167122954e-02
-2.642765906703825607e-02
-2.576792290572083033e-02
-2.512283084012878476e-02
-2.449205948189092652e-02
-2.387529225900930641e-02
-2.327221931946876765e-02
-2.268253743222992114e-02
-2.210594988451131115e-02
-2.154216637640438137e-02
-2.099090291266225705e-02
-2.045188169123246524e-02
-1.992483099103026234e-02
-1.940948505685202718e-02
-1.890558398452668598e-02
-1.841287360455989841e-02
-1.793110536603581551e-02
-1.746003622075686934e-02
-1.699942850793512150e-02
-1.654904983985527878e-02
-1.610867298869234077e-02
-1.567807577476898473e-02
-1.525704095639657254e-02
-1.484535612148629724e-02
-1.444281358109567037e-02
-1.404921026449201804e-02
-1.366434761713364310e-02
-1.328803149988466714e-02
-1.292007209033929627e-02
-1.256028378703089032e-02
-1.220848511482230947e-02
-1.186449863285066186e-02
-1.152815084438874038e-02
-1.119927210875992785e-02
-1.087769655523995738e-02
-1.056326199890023076e-02
-1.025580985843355108e-02
-9.955185075543937501e-03
-9.661236036645703962e-03
-9.373814495947208059e-03
-9.092775500769256780e-03
-8.817977317622904820e-03
-8.549281361260874235e-03
-8.286552123929702418e-03
-8.029657107534227123e-03
-7.778466756364288415e-03
-7.532854391794074900e-03
-7.292696148315513938e-03
-7.057870911038932604e-03
-6.828260254588158773e-03
-6.603748383431806701e-03
-6.384222073124057317e-03
-6.169570613810293480e-03
-5.959685753686549958e-03
-5.754461645031128114e-03
-5.553794790449373409e-03
-5.357583990885039782e-03
-5.165730294221404506e-03
-4.978136945908318012e-03
-4.794709339828173711e-03
-4.615354970761487152e-03
-4.439983387398704906e-03
-4.268506147236728054e-03
-4.100836771638860512e-03
-3.936890702319395530e-03
-3.776585258699505232e-03
-3.619839596209040167e-03
-3.466574665517363485e-03
-3.316713172686114319e-03
-3.170179540254558503e-03
-3.026899868877386268e-03
-2.886801900229940543e-03
-2.749814980834486278e-03
-2.615870025893585193e-03
-2.484899484814562243e-03
-2.356837307043058161e-03
-2.231618908760779618e-03
-2.109181140313332037e-03
-1.989462254273988151e-03
-1.872401874569717961e-03
-1.757940965763538088e-03
-1.646021803381358950e-03
-1.536587944785061666e-03
-1.429584200721478737e-03
-1.324956607567706612e-03
-1.222652399774482035e-03
-1.122619983767947360e-03
-1.024808911683550150e-03
-9.291698556488370286e-04
-8.356545834402595574e-04
-7.442159337989195933e-04
-6.548077928378859269e-04
-5.673850704202010320e-04
-4.819036779499796808e-04
-3.983205057851435527e-04
-3.165934015898486109e-04
-2.366811490794873407e-04
-1.585434472159974462e-04
-8.214088990499135434e-05
-7.434946110329576641e-06
6.561205957211768691e-05
1.370369658406644930e-04
2.068757935891341049e-04
2.751637635789450087e-04
3.419353144344938755e-04
4.072241203036952584e-04
4.710631072875059999e-04
5.334844703250851694e-04
5.945196896854909596e-04
6.541995463242855635e-04
7.125541376620248002e-04
7.696128930323453687e-04
8.254045879922955464e-04
8.799573591034004494e-04
9.332987182926189007e-04
9.854555665498310191e-04
1.036454207319792431e-03
1.086320360042414279e-03
1.135079173017139453e-03
1.182755236092347673e-03
1.229372593073208009e-03
1.274954753842649779e-03
1.319524706216768095e-03
1.363104927534664057e-03
1.405717396004035891e-03
1.447383601775875661e-03
1.488124557785575064e-03
1.527960810266293379e-03
1.566912449453283784e-03
1.604999119195760215e-03
1.642240027214469933e-03
1.678653954694908634e-03
1.714259265766848728e-03
1.749073916760934821e-03
1.783115465264550892e-03
1.816401078971630056e-03
1.848947544271339893e-03
1.880771275040160617e-03
1.911888320408117181e-03
1.942314373203579692e-03
1.972064777770121680e-03
2.001154537716764992e-03
2.029598323477266320e-03
2.057410479706867079e-03
2.084605032437458760e-03
2.111195696490320017e-03
2.137195881878106718e-03
2.162618700825014173e-03
2.187476974640389926e-03
2.211783239665976453e-03
2.235549753851096000e-03
2.258788503119113500e-03
2.281511207145925368e-03
2.303729325443981679e-03
2.325454062787279952e-03
2.346696375489898401e-03
2.367466976300747206e-03
2.387776340167846456e-03
2.407634709342687529e-03
2.427052098893156540e-03
2.446038301146202798e-03
2.464602891324219058e-03
2.482755231759448122e-03
2.500504476970810686e-03
2.517859578098580187e-03
2.534829287773376905e-03
2.551422164006389437e-03
2.567646574847870511e-03
2.583510702531377490e-03
2.599022547503437863e-03
2.614189932721444620e-03
2.629020507431079068e-03
2.643521750755439825e-03
2.657700976077315147e-03
2.671565334122938395e-03
2.685121816906388403e-03
2.698377261181938991e-03
2.711338351881309450e-03
2.724011625407918302e-03
2.736403473267756681e-03
2.748520144780997043e-03
2.760367750579639790e-03
2.771952265601562715e-03
2.783279532104998566e-03
2.794355262611958324e-03
2.805185042788593819e-03
2.815774334267828749e-03
2.826128477400935424e-03
2.836252693861673890e-03
2.846152089627018711e-03
2.855831656948915054e-03
2.865296277563267324e-03
2.874550724452973327e-03
2.883599664962765985e-03
2.892447662529384900e-03
2.901099179339006184e-03
2.909558578492621450e-03
2.917830126200726681e-03
2.925917993846560705e-03
2.933826260449912127e-03
2.941558914189457141e-03
2.949119854766202309e-03
7.522496845811232902e-02
8.385851627789175922e-02
9.174682314095594649e-02
9.806963569816939952e-02
1.016616860175183490e-01
1.034352147023414048e-01
1.038811420407879105e-01
1.030702421901912302e-01
1.011227347334111570e-01
9.866880049486903559e-02
9.587587886241211166e-02
9.287655161334518183e-02
8.977391596096317983e-02
8.664642598725702527e-02
8.344344294292715958e-02
8.028327840676308114e-02
7.725455138620374029e-02
7.437134194194694459e-02
7.163979330154379710e-02
6.906014488220257874e-02
6.662838247473734654e-02
6.433757250781191317e-02
6.217892265593949475e-02
6.014259249208908642e-02
5.821831607120353524e-02
5.639586140433650030e-02
5.466535553127016556e-02
5.301750796188375858e-02
5.144374745214497224e-02
4.993629685645961658e-02
4.848819824433414638e-02
4.709330568132052974e-02
4.574623972725433418e-02
4.444235123665318810e-02
4.317764879833108083e-02
4.194873489457817684e-02
4.075273714590821328e-02
3.958724153540549295e-02
3.845022679863951964e-02
3.734001277754428472e-02
3.625519738644511492e-02
3.519461358101105830e-02
3.415728758330249804e-02
3.314240180400807034e-02
3.214926618165270256e-02
3.117728117325180293e-02
3.022593157797626162e-02
2.929475819137916659e-02
2.838334555459187669e-02
2.749131033953977621e-02
2.661829216752398253e-02
2.576394663519332440e-02
2.492794029255662736e-02
2.410994493312346165e-02
2.330963758323045809e-02
2.252669694885689466e-02
2.176080272172642438e-02
2.101163501541192247e-02
2.027887420336549340e-02
1.956220104435146823e-02
1.886129700339811421e-02
1.817584469583044537e-02
1.750552839843777519e-02
1.685003458545564214e-02
1.620905252992788093e-02
1.558227451708393829e-02
1.496939822545284571e-02
1.437012238564783217e-02
1.378415058902682233e-02
1.321119301463058449e-02
1.265096415496635984e-02
1.210318377787800159e-02
1.156757696544774561e-02
1.104387361468894824e-02
1.053180968739031442e-02
1.003112643628822909e-02
9.541570600295479210e-03
9.062894375594598984e-03
8.594855366749865055e-03
8.137216521599821561e-03
7.689746053317847441e-03
7.252217352561540764e-03
6.824408892215583222e-03
6.406104126857048442e-03
5.997091388779907106e-03
5.597163781979386243e-03
5.206119075359616488e-03
4.823759596042975772e-03
4.449892123583154557e-03
4.084327785620622819e-03
3.726881955389060863e-03
3.377374151390277746e-03
3.035627939437013367e-03
2.701470837140451664e-03
2.374734220969898502e-03
2.055253235815346358e-03
1.742866707090229283e-03
1.437417055295764357e-03
1.138750212961614494e-03
8.467155439109141923e-04
5.611657647599521681e-04
2.819568685272777486e-04
8.948050288726250301e-06
-2.579983651993522642e-04
-5.190169940090250122e-04
-7.742394617848979976e-04
-1.023794470737193762e-03
-1.267807865034331627e-03
-1.506402694577246848e-03
-1.739699277282014123e-03
-1.967815259900529412e-03
-2.190865677385023247e-03
-2.408963010946063577e-03
-2.622217244754754262e-03
-2.830735921347748985e-03
-3.034624195826562953e-03
-3.233984888793450807e-03
-3.428918538150416140e-03
-3.619523449708061946e-03
-3.805895746702425697e-03
-3.988129418203811838e-03
-4.166316366443822972e-03
-4.340546453108107272e-03
-4.510907544613473874e-03
-4.677485556360494456e-03
-4.840364496042415254e-03
-4.999626505953980171e-03
-5.155351904413851827e-03
-5.307619226230908538e-03
-5.456505262302346893e-03
-5.602085098319165013e-03
-5.744432152622103160e-03
-5.883618213223140714e-03
-6.019713473994769970e-03
-6.152786570073232042e-03
-6.282904612464168537e-03
-6.410133221879110721e-03
-6.534536561844550562e-03
-6.656177371037408363e-03
-6.775116994945040716e-03
-6.891415416795609872e-03
-7.005131287796118045e-03
-7.116321956736282317e-03
-7.225043498892080862e-03
-7.331350744316900148e-03
-7.435297305484755981e-03
-7.536935604333550032e-03
-7.636316898709694101e-03
-7.733491308205220349e-03
-7.828507839442444549e-03
-7.921414410793303773e-03
-8.012257876537365320e-03
-8.101084050494034017e-03
-8.187937729133842879e-03
-8.272862714162165787e-03
-8.355901834610435230e-03
-8.437096968438417832e-03
-8.516489063659538061e-03
-8.594118158978147903e-03
-8.670023403990700928e-03
-8.744243078931290825e-03
-8.816814613974433001e-03
-8.887774608106191465e-03
-8.957158847590740436e-03
-9.025002324015929389e-03
-9.091339251929841936e-03
-9.156203086114089729e-03
-9.219626538434333440e-03
-9.281641594361733638e-03
-9.342279529080066425e-03
-9.401570923273094849e-03
-9.459545678546010805e-03
-9.516233032495602373e-03
-9.571661573466005990e-03
-9.625859254955404509e-03
-9.678853409731402735e-03
-9.730670763592463857e-03
-9.781337448864224626e-03
-9.830879017566296341e-03
-9.879320454309059585e-03
-9.926686188887146045e-03
-9.973000108600249547e-03
-1.001828557030215450e-02
-1.006256541217753764e-02
-1.010586196526297442e-02
-1.014819706470282412e-02
-1.018959206076885948e-02
-1.023006782962099237e-02
-1.026964478383796120e-02
-1.030834288271709198e-02
-1.034618164232847803e-02
-1.038318014536576683e-02
-1.041935705076557639e-02
-1.045473060312929192e-02
-1.048931864190283392e-02
-1.052313861038989273e-02
-1.055620756454356268e-02
-1.058854218156435323e-02
-1.062015876832544947e-02
-1.065107326957592804e-02
-1.068130127599387080e-02
-1.071085803205207299e-02
-1.073975844369501331e-02
-1.076801708586305750e-02
-1.079564820984391105e-02
-1.082266575045887080e-02
-1.084908333308343131e-02
-1.087491428053111164e-02
-1.090017161976364335e-02
-1.092486808846127033e-02
-1.094901614145049606e-02
-1.097262795698261684e-02
-1.099571544287458735e-02
-1.101829024251577138e-02
-1.104036374074057747e-02
-1.106194706956831197e-02
-1.108305111381868713e-02
-1.110368651659898731e-02
-1.112386368467532805e-02
-1.114359279371646139e-02
-1.116288379342966763e-02
-1.118174641257585478e-02
-1.120019016387585609e-02
-1.121822434881014630e-02
-1.123585806230797957e-02
-1.125310019733305467e-02
-1.126995944937148053e-02
-1.128644432081493676e-02
-1.130256312524791085e-02
-1.131832399164300895e-02
-1.133373486845812295e-02
-1.134880352764522371e-02
-1.136353756857166886e-02
-1.137794442185091626e-02
-1.139203135309019288e-02
-1.140580546655467487e-02
-1.141927370875173153e-02
-1.143244287193079245e-02
-1.144531959751304839e-02
-1.145791037943855173e-02
-1.147022156744004207e-02
-1.148225937024749399e-02
-1.149402985871761373e-02
-1.150553896889716654e-02
-1.151679250501524976e-02
-1.152779614241072892e-02
-1.153855543039394860e-02
-1.154907579504715898e-02
-1.155936254195921720e-02
-1.156942085890166894e-02
-1.157925581844532203e-02
-1.158887238051775626e-02
-1.159827539490576598e-02
-1.160746960370095948e-02
-1.161645964368984707e-02
-1.162525004869419121e-02
-1.163384525185584550e-02
-1.164224958787452024e-02
-1.165046729519092494e-02
-1.165850251812772242e-02
-1.166635930897585993e-02
-1.167404163004182038e-02
-1.168155335564291519e-02
-1.168889827406394133e-02
-1.169608008946410038e-02
-1.170310242374883458e-02
-1.170996881839370118e-02
-1.171668273623183154e-02
-1.172324756319964578e-02
-1.172966661004526401e-02
-1.173594311399650536e-02
-1.174208024039513631e-02
-1.174808108429292730e-02
-1.175394867201129401e-02
-1.175968596266985244e-02
-1.176529584967456188e-02
-1.177078116218321924e-02
-1.177614466652654457e-02
-1.178138906760528570e-02
-1.178651701025623666e-02
-1.179153108058184074e-02
-1.179643380725980961e-02
-1.180122766281277435e-02
-1.180591506485928477e-02
-1.181049837733105790e-02
-1.181497991166668982e-02
-1.181936192797561347e-02
-1.182364663617985201e-02
-1.182783619712513001e-02
-1.183193272367510929e-02
-1.183593828177409435e-02
-1.183985489148842163e-02
-1.184368452802830873e-02
-1.184742912274039384e-02
-1.185109056408428785e-02
-1.185467069858336941e-02
-1.185817133175648408e-02
-1.186159422903010352e-02
-1.186494111662517170e-02
-1.186821368243151653e-02
-1.899148665312022644e-02
-4.679906115103582565e-02
-5.006742957371024261e-02
-5.317329261386705141e-02
-5.611979027367341999e-02
-5.890997806991782326e-02
-6.154683652202308508e-02
-6.425787949585970438e-02
-6.704067776486777319e-02
-6.967013328625260016e-02
-7.214957284177714314e-02
-7.448240236686576310e-02
-7.667209120160922708e-02
-7.875032443132123916e-02
-8.100177875707448294e-02
-8.311392467794576078e-02
-8.509031020039614646e-02
-8.693444535585292954e-02
-8.864980006160827486e-02
-9.023980219536031910e-02
-9.170783586946296140e-02
-9.324348157204731535e-02
-9.476042093168324243e-02
-9.615999782801232243e-02
-9.744557092583594482e-02
-9.862038214091661814e-02
-9.968756435601822119e-02
-1.006501484889064102e-01
-1.015110699644505843e-01
-1.022731746390812546e-01
-1.031964794251170048e-01
-1.040678324551445044e-01
-1.048428741816245235e-01
-1.055244496080707250e-01
-1.061153883210783633e-01
-1.066184996691452724e-01
-1.070365684359275704e-01
-1.073723509689932243e-01
-1.076285717281582066e-01
-1.078079202201944753e-01
-1.079290863569823955e-01
-1.081507317493786147e-01
-1.083004622699270669e-01
-1.083807449546334567e-01
-1.083939888474780844e-01
-1.083425473936072692e-01
-1.082287175405003410e-01
-1.080547387315515806e-01
-1.078228051051546288e-01
-1.075350488927453441e-01
-1.071935550100429069e-01
-1.068003528223044896e-01
-1.063574212812792297e-01
-1.058666925225129063e-01
-1.053832597303125951e-01
-1.049437452829122819e-01
-1.044593236169166772e-01
-1.039318015780148485e-01
-1.033629354443066362e-01
-1.027544308111805194e-01
-1.021079462293723594e-01
-1.014250913646854713e-01
-1.007074308685140807e-01
-9.995648098539433590e-02
-9.917371471985259035e-02
-9.836056454831521023e-02
-9.751842001636479296e-02
-9.664862793755979453e-02
-9.575250000663526606e-02
-9.483131120718812923e-02
-9.387787926978852227e-02
-9.263272483596285412e-02
-9.113999993588972615e-02
-8.948063118195737076e-02
-8.770214875903281637e-02
-8.578238154473627475e-02
-8.375179742762117741e-02
-8.163740967877597399e-02
-7.946284498536204666e-02
-7.724850563788621116e-02
-7.501178805463748489e-02
-7.276733575624039219e-02
-7.052732403639883074e-02
-6.830171783101146588e-02
-6.609855437727230054e-02
-6.392419618022771033e-02
-6.178357240408782758e-02
-5.968039357976007153e-02
-5.761735160209102702e-02
-5.559629109436681205e-02
-5.361836459736846194e-02
-5.168416439099399184e-02
-4.979383649245949783e-02
-4.794717645193813382e-02
-4.614371217893076249e-02
-4.438276984976941009e-02
-4.266352959619545970e-02
-4.098507037180709744e-02
-3.934640588749882539e-02
-3.774651297152331608e-02
-3.618435357329818913e-02
-3.465889189414372851e-02
-3.316910556339980332e-02
-3.171399572716815385e-02
-3.029259270307704810e-02
-2.890395981391424840e-02
-2.754719529990001803e-02
-2.622143390425613063e-02
-2.492584527380437009e-02
-2.365963448109020817e-02
-2.242203986047375253e-02
-2.121233151612411660e-02
-2.002980946134069740e-02
-1.887380168327279506e-02
-1.774366220825474016e-02
-1.663876922343021647e-02
-1.555852329034390635e-02
-1.450234567519093076e-02
-1.346967679506594351e-02
-1.245997485931571447e-02
-1.147271455690024311e-02
-1.050738593489786155e-02
-9.563493386154142684e-03
-8.640554751962348234e-03
-7.738100529460112398e-03
-6.855673173877363524e-03
-5.992826484916058405e-03
-5.149125066760795733e-03
-4.324143852984185799e-03
-3.517467687254693942e-03
-2.728690951967926992e-03
-1.957417237648861885e-03
-1.203259046961946410e-03
-4.658375273320913834e-04
2.552177713690539917e-04
9.602691198233870296e-04
1.649670815201176310e-03
2.323769373279382933e-03
2.982903709269457693e-03
3.627405309604370132e-03
4.257598395231099175e-03
4.873800079241874528e-03
5.476320519133714981e-03
6.065463063831266766e-03
6.641524397670295343e-03
7.204794680580661748e-03
7.755557685391600842e-03
8.294090932397857330e-03
8.820665821311912680e-03
9.335547761314622051e-03
9.838996297914626155e-03
1.033126523850480538e-02
1.081260277529061398e-02
1.128325160612675404e-02
1.174344905322755039e-02
1.219342717974392087e-02
1.263341290406128081e-02
1.306362811244454747e-02
1.348428976862603434e-02
1.389561002203798523e-02
1.429779631392502637e-02
1.469105148050697807e-02
1.507557385483959678e-02
1.545155736657211065e-02
1.581919163881195800e-02
1.617866208384199922e-02
1.653014999631707838e-02
1.687383264458564014e-02
1.720988336001294527e-02
1.753847162428368023e-02
1.785976315520887425e-02
1.817391998982920143e-02
1.848110056649332478e-02
1.878145980473977517e-02
1.907514918337938070e-02
1.936231681728983745e-02
1.964310753166120804e-02
1.991766293541452626e-02
2.018612149259091382e-02
2.044861859222368849e-02
2.070528661658599390e-02
2.095625500829978449e-02
2.120165033517817932e-02
2.144159635430487043e-02
2.167621407474840112e-02
2.190562181809152520e-02
2.212993527845785735e-02
2.234926758079058828e-02
2.256372933792416546e-02
2.277342870635834515e-02
2.297847144082520998e-02
2.317896094764027026e-02
2.337499833683676087e-02
2.356668247316395792e-02
2.375411002596283794e-02
2.393737551789687501e-02
2.411657137256817407e-02
2.429178796144615404e-02
2.446311364894349083e-02
2.463063483731531278e-02
2.479443601015063336e-02
2.495459977498537540e-02
2.511120690494106356e-02
2.526433637949399014e-02
2.541406542427004922e-02
2.556046955001800569e-02
2.570362259066882871e-02
2.584359674059300005e-02
2.598046259099007216e-02
2.611428916541225220e-02
2.624514395491583940e-02
2.637309295158196676e-02
2.649820068213770696e-02
2.662053024042343452e-02
2.674014331918872500e-02
2.685710024123633133e-02
2.697145998981209658e-02
2.708328023836870102e-02
2.719261737966327530e-02
2.729952655407785755e-02
2.740406167771070045e-02
2.750627546939554691e-02
2.760621947709829271e-02
2.770394410410315089e-02
2.779949863468011984e-02
2.789293125842373655e-02
2.798428909491068595e-02
2.807361821735909757e-02
2.816096367588105664e-02
2.824636952019865532e-02
2.832987882185111772e-02
2.841153369591520317e-02
2.849137532226198033e-02
2.856944396629579330e-02
2.864577899929354743e-02
2.872041891823329252e-02
2.879340136513963699e-02
2.886476314632346885e-02
2.893454025075747893e-02
2.900276786798716699e-02
2.906948040646550879e-02
2.913471151031110651e-02
2.919849407661700980e-02
2.926086027195218264e-02
2.932184154859562852e-02
2.938146866038060523e-02
2.943977167822087182e-02
2.949678000517241827e-02
2.955252239162131644e-02
2.960702694926631295e-02
2.966032116562900001e-02
2.971243191774952663e-02
2.976338548600754308e-02
2.981320756718730536e-02
2.986192328719727840e-02
2.990955721432531078e-02
2.995613337104074958e-02
3.000167524644936634e-02
3.004620580796135698e-02
3.008974751322224250e-02
3.013232232093354668e-02
3.017395170225789514e-02
3.021465665154732250e-02
3.025445769697299170e-02
3.029337491083516909e-02
3.033142791971421559e-02
3.036863591434801890e-02
3.040501765924030764e-02
3.044059150246436474e-02
3.047537538439204496e-02
3.050938684709159077e-02
3.054264304309217692e-02
3.057516074402677475e-02
3.060695634909382790e-02
3.063804589323826377e-02
3.066844505559185308e-02
3.069816916685574881e-02
3.072723321728876300e-02
3.075565186444162435e-02
3.078343944038319790e-02
3.081060995865847474e-02
3.083717712197486804e-02
3.086315432848696361e-02
3.088855467892326345e-02
3.091339098308765188e-02
3.093767576632266980e-02
3.096142127574985636e-02
3.098463948678187307e-02
3.100734210856614936e-02
3.102954059047835500e-02
3.105124612766196890e-02
3.107246966647903008e-02
3.109322191030194915e-02
3.111351332482481524e-02
3.113335414332851769e-02
3.115275437177000839e-02
3.117172379416732753e-02
3.119027197702273213e-02
3.120840827448478905e-02
3.122614183297134360e-02
1.213062323548390609e-01
1.353215583009763634e-01
1.485697247109678543e-01
1.603155786098646729e-01
1.714533725877940284e-01
1.814581533342192188e-01
1.905771396222508685e-01
1.991325427333823228e-01
2.061448376952794703e-01
2.127277022134785867e-01
2.185820966054334846e-01
2.235386268663184239e-01
2.281507464374001870e-01
2.319569277155766329e-01
2.351364070543855433e-01
2.380465872025143703e-01
2.401113332748425755e-01
2.416553090927329173e-01
2.430010856364113181e-01
2.437233258420947735e-01
2.439753240394324507e-01
2.440866249649915609e-01
2.438321183827287797e-01
2.429890810063981554e-01
2.420553601326029813e-01
2.410416721611428059e-01
2.392805867428924316e-01
2.373769617997378845e-01
2.354389306206341459e-01
2.333371573126639120e-01
2.306254249650416810e-01
2.279188159289096127e-01
2.252235293139230876e-01
2.224264840889915718e-01
2.192564974652513321e-01
2.161220541894590674e-01
2.130272143226195070e-01
2.099762461505343403e-01
2.063792827900421400e-01
2.028055810131363934e-01
1.993010654237865609e-01
1.958682117964247738e-01
1.923827945892546687e-01
1.885894791589084463e-01
1.845837895341939650e-01
1.798165923142727163e-01
1.745774079282715885e-01
1.690930878917074054e-01
1.633377132284110633e-01
1.575392626189713319e-01
1.519291091065897437e-01
1.465684446922088657e-01
1.414935265671675158e-01
1.367214180444655813e-01
1.322548156457477031e-01
1.280860376073598150e-01
1.242002621440174703e-01
1.205781021427896338e-01
1.171976212253904581e-01
1.140358498500733120e-01
1.110699324545003641e-01
1.082779049276103578e-01
1.056392523756723989e-01
1.031352209401594777e-01
1.007489930788636467e-01
9.846573053621843208e-02
9.627253381782163721e-02
9.415834139340950593e-02
9.211378610223053265e-02
9.013103169037273155e-02
8.820359708562608425e-02
8.632618099785993593e-02
8.449449655045526697e-02
8.270510647130202564e-02
8.095528285030528792e-02
7.924287891449233179e-02
7.756621310334810282e-02
7.592397267415451623e-02
7.431512754427149758e-02
7.273886613297642079e-02
7.119453037095335723e-02
6.968157624050963506e-02
6.819953493895902774e-02
6.674798209722210274e-02
6.532652348873080328e-02
6.393477170157568779e-02
6.257233817165830381e-02
6.123882488395815393e-02
5.993382083137088756e-02
5.865690108981347350e-02
5.740762556570300212e-02
5.618553083986133068e-02
5.499014957621417565e-02
5.382099931764883216e-02
5.267758913874232007e-02
5.155942293036219759e-02
5.046599543164487223e-02
4.939679938548935390e-02
4.835133311966499647e-02
4.732909426364528827e-02
4.632958342446436006e-02
4.535230768944242818e-02
4.439678092554033562e-02
4.346252061486022278e-02
4.254905584740420466e-02
4.165592308660315268e-02
4.078266779306338741e-02
3.992884471170810023e-02
3.909401804363010768e-02
3.827776152210904392e-02
3.747965841045530766e-02
3.669930143740973705e-02
3.593629268380205133e-02
3.519024343230325869e-02
3.446077399017055676e-02
3.374751349328608541e-02
3.305009969822458871e-02
3.236817876773701030e-02
3.170140505386886964e-02
3.104944088200056740e-02
3.041195633816551336e-02
2.978862906134316368e-02
2.917914404192512023e-02
2.858319342702109189e-02
2.800047633299151961e-02
2.743069866527791945e-02
2.687357294542014330e-02
2.632881814509535623e-02
2.579615952672509316e-02
2.527532849041635998e-02
2.476606242669321389e-02
2.426810457467865056e-02
2.378120388530668983e-02
2.330511488916586771e-02
2.283959756860398649e-02
2.238441723382722515e-02
2.193934440260236762e-02
2.150415468337385505e-02
2.107862866150500558e-02
2.066255178852016705e-02
2.025571427407579783e-02
1.985791098056322035e-02
1.946894132021048662e-02
1.908860915454724250e-02
1.871672269615198836e-02
1.835309441259425078e-02
1.799754093249172904e-02
1.764988295362712734e-02
1.730994515306716330e-02
1.697755609921292042e-02
1.665254816577155239e-02
1.633475744760226611e-02
1.602402367833932750e-02
1.572019014983405683e-02
1.542310363333876388e-02
1.513261430238288519e-02
1.484857565735664409e-02
1.457084445174716691e-02
1.429928061995422439e-02
1.403374720671313192e-02
1.377411029806774323e-02
1.352023895386733621e-02
1.327200514171655854e-02
1.302928367245481667e-02
1.279195213699235723e-02
1.255989084458164484e-02
1.233298276244432223e-02
1.211111345674731332e-02
1.189417103487455663e-02
1.168204608899370278e-02
1.147463164086182097e-02
1.127182308787300080e-02
1.107351815029189446e-02
1.087961681966853611e-02
1.069002130838669906e-02
1.050463600035134171e-02
1.032336740275785480e-02
1.014612409893844713e-02
9.972816702255027366e-03
9.803357811017043844e-03
9.637661964402299830e-03
9.475645599352766624e-03
9.317227008436068658e-03
9.162326298634893007e-03
9.010865351053443106e-03
8.862767781522062904e-03
8.717958902075828576e-03
8.576365683285347430e-03
8.437916717432658587e-03
8.302542182491601253e-03
8.170173806919978077e-03
8.040744835229762799e-03
7.914189994324916100e-03
7.790445460561290503e-03
7.669448827591907047e-03
7.551139074878809865e-03
7.435456536914575310e-03
7.322342873140152975e-03
7.211741038520180780e-03
7.103595254773997780e-03
6.997850982254583130e-03
6.894454892415469160e-03
6.793354840954224372e-03
6.694499841493062320e-03
6.597840039866742501e-03
6.503326688986676984e-03
6.410912124252154953e-03
6.320549739519787380e-03
6.232193963575660689e-03
6.145800237189691373e-03
6.061324990619176845e-03
5.978725621639924270e-03
5.897960474069874337e-03
5.818988816737924452e-03
5.741770822973446542e-03
5.666267550509251905e-03
5.592440921820651667e-03
5.520253704959454666e-03
5.449669494753228705e-03
5.380652694451537599e-03
5.313168497774745092e-03
5.247182871358280210e-03
5.182662537591475882e-03
5.119574957840988816e-03
5.057888316015946018e-03
4.997571502556974465e-03
4.938594098726989401e-03
4.880926361280568671e-03
4.824539207440192712e-03
4.769404200265503491e-03
4.715493534286574473e-03
4.662780021489121296e-03
4.611237077602581280e-03
4.560838708692838139e-03
4.511559498053374639e-03
4.463374593387303690e-03
4.416259694273172443e-03
4.370191039911874853e-03
4.325145397141128001e-03
4.281100048720176687e-03
4.238032781872735910e-03
4.195921877084618501e-03
4.154746097150274764e-03
4.114484676463359136e-03
4.075117310542664129e-03
4.036624145793421548e-03
3.998985769494867171e-03
3.962183200009627981e-03
3.926197877211157206e-03
3.891011653123666036e-03
3.856606782769222974e-03
3.822965915219356248e-03
3.790072084844720024e-03
3.757908702758383512e-03
3.726459548450522519e-03
3.695708761607852111e-03
3.665640834114691771e-03
3.636240602232332364e-03
3.607493238952486081e-03
3.579384246517935964e-03
3.551899449112605467e-03
3.525024985711944225e-03
3.498747303092519800e-03
3.473053148997484740e-03
3.447929565451923750e-03
3.423363882229857325e-03
3.399343710462687795e-03
3.375856936392196417e-03
3.352891715260764016e-03
3.330436465339037255e-03
3.308479862084157119e-03
3.287010832428549634e-03
3.266018549195504050e-03
3.245492425639984191e-03
3.225422110108455698e-03
3.205797480818395329e-03
3.186608640754151622e-03
3.167845912675604225e-03
3.149499834237845519e-03
3.131561153219220017e-03
3.114020822854612902e-03
3.096869997273987707e-03
3.080100027040622024e-03
3.063702454789263285e-03
3.047669010961095992e-03
3.031991609632855855e-03
3.016662344439424714e-03
3.001673484586353524e-03
2.987017470951203180e-03
2.972686912270594561e-03
2.958674581413855975e-03
2.944973411737494828e-03
2.931576493521825810e-03
2.918477070485980818e-03
2.905668536380412448e-03
2.893144431656002880e-03
2.880898440205559297e-03
2.868924386179028119e-03
2.857216230868653284e-03
