2.991847054124229799e-01
6.027833380947921205e-01
9.015240295721587138e-01
1.195099457834889023e+00
1.483222565904513957e+00
1.765626234453221644e+00
2.042062928693130885e+00
2.312304323007898788e+00
2.576140905219538091e+00
2.833381562682691701e+00
3.083853152095153316e+00
3.327412645347071596e+00
3.563950613684047308e+00
3.793346823907219001e+00
4.015496949096085899e+00
4.230312112566636529e+00
4.437718430748164522e+00
4.637695843035366750e+00
4.830204269452273103e+00
5.015212521491248410e+00
5.192702256514633241e+00
5.362686997307162251e+00
5.525216851510903915e+00
5.680308976594342418e+00
5.827991256311328527e+00
5.968303893870084309e+00
6.101342503091386149e+00
6.227164366561839692e+00
6.345835602974683631e+00
6.457430664520563468e+00
6.562090936718188772e+00
6.659912013532215624e+00
6.750989640655305379e+00
6.835426110966302815e+00
6.913371218268106411e+00
6.984952920340947280e+00
7.050289708769343022e+00
7.109505003450593108e+00
7.162751344827507083e+00
7.210188705834132072e+00
7.251951817375204890e+00
7.288178872466355429e+00
7.319011209615562841e+00
7.344639594731499521e+00
7.365211624705457538e+00
7.380874689791235177e+00
7.391778063562535195e+00
7.398075315921975204e+00
7.399959692270979161e+00
7.397582953496806724e+00
7.391097646820817602e+00
7.380656855506059877e+00
7.366413958500578119e+00
7.348546314441640526e+00
7.327225113614489693e+00
7.302601458359717412e+00
7.274825883526260917e+00
7.244048187124754179e+00
7.210417264450090791e+00
7.174080947196713964e+00
7.135210900931451938e+00
7.093951526416979014e+00
7.050445189068023311e+00
7.004832544161237351e+00
6.957252394852949884e+00
6.907841559097664508e+00
6.856734744815951466e+00
6.804064433288725233e+00
6.749965125665246646e+00
6.694582483063437728e+00
6.638040178679530889e+00
6.580459288590910560e+00
6.521958214020103561e+00
6.462652609925371827e+00
6.402655319148715662e+00
6.342076312229764312e+00
6.281022632858435983e+00
6.219598348689092226e+00
6.157904508341079719e+00
6.096039102445200975e+00
6.034097030539308015e+00
5.972170073644344157e+00
5.910346870520688967e+00
5.848712899568455192e+00
5.787350465810514599e+00
5.726338691608782838e+00
5.665753512517376578e+00
5.605667677322700548e+00
5.546150752226718161e+00
5.487269129867967443e+00
5.429086041229489901e+00
5.371661572141354313e+00
5.315052683426924496e+00
5.259313234579823693e+00
5.204494010765644774e+00
5.150642754006514501e+00
5.097804196260804943e+00
5.046020096506888208e+00
4.995329280282394535e+00
4.945767682947962207e+00
4.897368393981652801e+00
4.850161705244852683e+00
4.804175160991148275e+00
4.759433610222878919e+00
4.715959261268813485e+00
4.673771738027486577e+00
4.632888138541400913e+00
4.593323094603163348e+00
4.555088833629752365e+00
4.518195241498974113e+00
4.482649926851659750e+00
4.448458286541254303e+00
4.415623572125311647e+00
4.384146957272471390e+00
4.354027605905480769e+00
4.325262741202174688e+00
4.297847714909564409e+00
4.271776077205459821e+00
4.247039646897779797e+00
4.223628581747322919e+00
4.201531448954381354e+00
4.180735295621418324e+00
4.161225719084846730e+00
4.142994213796693082e+00
4.126027658892805761e+00
4.110307527251607418e+00
4.095814092323236011e+00
4.082526498386634728e+00
4.070422830155568050e+00
4.059480181626272000e+00
4.049674724027635619e+00
4.040981772936309113e+00
4.033375854286900264e+00
4.026830769502934615e+00
4.021319658816043585e+00
4.016815064595888884e+00
4.013288992608105232e+00
4.010712971749757827e+00
4.009058112926848771e+00
4.008295166348101901e+00
4.008394577370800071e+00
4.009326540888651813e+00
4.011061054173540086e+00
4.013567968189821755e+00
4.016817037307910176e+00
4.020777967463315505e+00
4.025420462691775114e+00
4.030714269865793398e+00
4.036632705844575675e+00
4.043147868317819693e+00
4.050229613990338429e+00
4.057848001455399256e+00
4.065973328153600796e+00
4.074576166492737350e+00
4.083627397885468469e+00
4.093098245385019318e+00
4.102960304276293435e+00
4.113185571660164186e+00
4.123746474023583630e+00
4.134615893306593293e+00
4.145767191538508811e+00
4.157174233424414389e+00
4.168811408187287348e+00
4.180653648991863314e+00
4.192676451764940637e+00
4.204855891620320918e+00
4.217168638654293034e+00
4.229591971832256547e+00
4.242103791611706143e+00
4.254682631151728067e+00
4.267307666263209676e+00
4.279958723980598734e+00
4.292616289907326355e+00
4.305261514273356127e+00
4.317876216968367764e+00
4.330442890886679663e+00
4.342944704955936430e+00
4.355365505166012952e+00
4.367689815345158877e+00
4.379902836408425593e+00
4.391990444756834755e+00
4.403939189779199737e+00
4.415736290350992910e+00
4.427369630478966478e+00
4.438827754149830440e+00
4.450099859356467569e+00
4.461175791361535303e+00
4.472046035235683448e+00
4.482701707707363425e+00
4.493134548360915304e+00
4.503336910219264411e+00
4.513301749747167690e+00
4.523022616310517385e+00
4.532493641126727368e+00
4.541709525740723841e+00
4.550665530060500785e+00
4.559357459985632133e+00
4.567781654661523305e+00
4.575934973391531102e+00
4.583814782238448515e+00
4.591418940346137845e+00
4.598745786011416925e+00
4.605794122535551871e+00
4.612563203884007201e+00
4.619052720182322602e+00
4.625262783052716209e+00
4.631193910889877863e+00
4.636847014058728789e+00
4.642223379731714061e+00
4.647324657591594743e+00
4.652152844272045229e+00
4.656710268448920331e+00
4.660999576501071218e+00
4.665023717084324062e+00
4.668785926306998846e+00
4.672289713701499814e+00
4.675538846978875007e+00
4.678537337796940143e+00
4.681289427275249437e+00
4.683799572206778450e+00
4.686072431088434520e+00
4.688112849930346826e+00
4.689925848857511070e+00
4.691516608859063631e+00
4.692890458309207702e+00
4.694052860372599945e+00
4.695009400251976217e+00
4.695765772785597925e+00
4.696327770308521998e+00
4.696701270767666969e+00
4.696892226193862818e+00
4.696906651396536070e+00
4.696750612975317374e+00
4.696430218637198450e+00
4.695951606821680002e+00
4.695320936657392252e+00
4.694544378188473921e+00
4.693628102961262982e+00
4.692578274914022352e+00
4.691401041617107914e+00
4.690102525801121303e+00
4.688688817226394079e+00
4.687165964907589633e+00
4.685539969453506259e+00
4.683816776488691325e+00
4.682002269272015127e+00
4.680102262403129210e+00
4.678122495422676330e+00
4.676068627601373429e+00
4.673946231825521380e+00
4.671760789573096595e+00
4.669517686003433532e+00
4.667222205407082214e+00
4.664879526905616913e+00
4.662494720464655629e+00
4.660072743227049230e+00
4.657618436188714739e+00
4.655136521014938467e+00
4.652631597079046166e+00
4.650108138956730919e+00
4.647570494483406200e+00
4.645022882723697677e+00
4.642469391812988455e+00
4.639913977675649726e+00
4.637360719368789574e+00
4.634813280102845212e+00
4.632275178621333644e+00
4.629749798659825721e+00
4.627240388756399980e+00
4.624750062216223867e+00
4.622281797244634838e+00
4.619838437277378418e+00
4.617422691305276494e+00
4.615037134803584351e+00
4.612684210391239326e+00
4.610366228896158880e+00
4.608085370521814994e+00
4.605843686164116768e+00
4.603643098871532224e+00
4.601485405441412269e+00
4.599372278145504644e+00
4.597305266577728311e+00
4.595285799617303546e+00
4.593315187500433439e+00
4.591394623993782176e+00
4.589525309362997518e+00
4.587708321642315568e+00
4.585944528782248675e+00
4.584234690630286657e+00
4.582579461537218180e+00
4.580979393028781210e+00
4.579434936536468825e+00
4.577946446181455187e+00
4.576514181605718434e+00
4.575138310844586442e+00
4.573818913235062844e+00
4.572555982354426618e+00
4.571349428983745966e+00
4.570199084091102648e+00
4.569104701829450832e+00
4.568065962544217484e+00
2.698785761699837860e-01
5.359414801672551798e-01
8.032106080331209430e-01
1.071250868880688989e+00
1.339640838573295190e+00
1.607972957205496156e+00
1.875882362798591441e+00
2.142991505463835100e+00
2.408930616317947582e+00
2.673344480563327519e+00
2.935892497823892722e+00
3.196248710042147501e+00
3.454101798370573295e+00
3.709155052059606383e+00
3.961126310354248226e+00
4.209747880566904854e+00
4.454766431831439277e+00
4.695942867925384512e+00
4.933052179479386901e+00
5.165883277177543142e+00
5.394238807889117027e+00
5.617934952950551342e+00
5.836801211760075603e+00
6.050680170715250661e+00
6.259427258769228786e+00
6.462917289842307511e+00
6.661054233960830295e+00
6.853732035790026877e+00
7.040856230527464454e+00
7.222343667229747410e+00
7.398122228835620540e+00
7.568130549845572652e+00
7.732317731974910124e+00
7.890673983082439058e+00
8.043169081747850058e+00
8.189782084812483376e+00
8.330501155940865488e+00
8.465323235906112131e+00
8.594261956449317452e+00
8.717368771435600294e+00
8.834664980922232402e+00
8.946179283046467035e+00
9.051947471450294103e+00
9.152012136430176525e+00
9.246461206554268841e+00
9.335358299782814839e+00
9.418764033280043080e+00
9.496744546842696977e+00
9.569371235463542291e+00
9.636743596376311061e+00
9.698960213465152691e+00
9.756105857755802191e+00
9.808269388585699744e+00
9.855543494943701077e+00
9.898032519744912605e+00
9.934938774671831396e+00
9.963738789511285887e+00
9.984243602907357129e+00
9.996282348511540405e+00
1.000000000000000000e+01
1.000000000000000000e+01
1.000000000000000000e+01
1.000000000000000000e+01
1.000000000000000000e+01
1.000000000000000000e+01
9.999089915522791472e+00
9.994858266228495935e+00
9.987446546358350830e+00
9.976968739886203252e+00
9.963539182708970543e+00
9.947272403817274622e+00
9.928282970095324345e+00
9.906685337246820211e+00
9.882593705145701790e+00
9.856135013675414669e+00
9.827433126729493651e+00
9.796599568802507818e+00
9.763745069083237027e+00
9.728979439478598223e+00
9.692411459103512428e+00
9.654148764324173015e+00
9.614297744315186023e+00
9.572963442227232278e+00
9.530249461639856534e+00
9.486268644507340753e+00
9.441130938183469823e+00
9.394933856049513921e+00
9.347773156810289308e+00
9.299742779692028449e+00
9.250934783591089783e+00
9.201439289962870305e+00
9.151344429470837483e+00
9.100736292492722868e+00
9.049698883555929996e+00
8.998314079378365804e+00
8.946661590779097395e+00
8.894818928221113197e+00
8.842861370938951637e+00
8.790861940620057879e+00
8.738891377186828180e+00
8.687018118582743753e+00
8.635308285480448376e+00
8.583825667074510335e+00
8.532631711572983946e+00
8.481785519752952140e+00
8.431343842022144486e+00
8.381361078262468567e+00
8.331889279967978013e+00
8.282978156006613801e+00
8.234675082194339524e+00
8.187025111589917969e+00
8.140070988782436956e+00
8.093853166683349087e+00
8.048409825036754839e+00
8.003776892253283037e+00
7.959988068937416728e+00
7.917074853405929424e+00
7.875066569943502515e+00
7.833990398122711696e+00
7.793871405462747148e+00
7.754732580282939658e+00
7.716594866708117451e+00
7.679477202045557505e+00
7.643396554464536585e+00
7.608367963213896523e+00
7.574404579290367145e+00
7.541517707555091654e+00
7.509716850193212778e+00
7.479009751121738603e+00
7.449402441101986128e+00
7.420899284013506403e+00
7.393503023787267203e+00
7.367214831841002898e+00
7.342034355311684912e+00
7.317959765919851201e+00
7.294987809102857490e+00
7.273113853476202095e+00
7.252331940766007179e+00
7.232634835825178854e+00
7.214014076848784818e+00
7.196460025724703335e+00
7.179961918119973419e+00
7.164507913979957898e+00
7.150085147490072401e+00
7.136679777105369382e+00
7.124277035153349757e+00
7.112861277318623721e+00
7.102425048550220943e+00
7.092951535233116722e+00
7.084422547238152568e+00
7.076819193893535420e+00
7.070121932418849120e+00
7.064310615787287695e+00
7.059364539929672944e+00
7.055262489799456915e+00
7.051982785430271683e+00
7.049503326265170955e+00
7.047801635531181219e+00
7.046854902778024510e+00
7.046640026437995807e+00
7.047133654589872620e+00
7.048312225396415442e+00
7.050152005710123682e+00
7.052629130221688136e+00
7.055719637450624582e+00
7.059399505948137588e+00
7.063644689449763980e+00
7.068431150471213620e+00
7.073734892979682165e+00
7.079531993904427445e+00
7.085798633601406493e+00
7.092511124978107873e+00
7.099645941707706243e+00
7.107179745192762965e+00
7.115089410376253198e+00
7.123352050438316319e+00
7.131945040384160883e+00
7.140846039280408952e+00
7.150033011765913216e+00
7.159484248117425231e+00
7.169178383262488019e+00
7.179094414912886357e+00
7.189211720401735839e+00
7.199510072126511950e+00
7.209970957221190524e+00
7.220576237979231315e+00
7.231306761345639877e+00
7.242143824082467596e+00
7.253069183911813766e+00
7.264065069255806861e+00
7.275114188806066196e+00
7.286199739292911204e+00
7.297305412795306978e+00
7.308415402864653743e+00
7.319514410205116839e+00
7.330587646736890228e+00
7.341620839972391899e+00
7.352600235079285618e+00
7.363512597359573419e+00
7.374345212967195806e+00
7.385085889893755251e+00
7.395722957171236622e+00
7.406245264477005819e+00
7.416642179960933667e+00
7.426903588325591166e+00
7.437019887494744630e+00
7.446981984969035295e+00
7.456781294459778664e+00
7.466409730346823537e+00
7.475859702732407186e+00
7.485124111720143247e+00
7.494196341095138436e+00
7.503070251633753962e+00
7.511740174017963234e+00
7.520200901354026080e+00
7.528447680862254465e+00
7.536476206210030782e+00
7.544282608210531649e+00
7.551863446381138267e+00
7.559215699492653151e+00
7.566336756190720436e+00
7.573224404877723082e+00
7.579876824100491461e+00
7.586292572190863837e+00
7.592470576923534331e+00
7.598410124945393029e+00
7.604110851202220189e+00
7.609572727883068488e+00
7.614796053493373407e+00
7.619781442093413126e+00
7.624530106491634207e+00
7.629044542798983031e+00
7.633326236699232048e+00
7.637376940313030715e+00
7.641198661480190779e+00
7.644793652694711561e+00
7.648164400038181654e+00
7.651313612280344678e+00
7.654244209992346448e+00
7.656959314673263073e+00
7.659462238046686799e+00
7.661756471419004733e+00
7.663845675142918701e+00
7.665733668129700362e+00
7.667424417637665357e+00
7.668922029015294406e+00
7.670230735490812357e+00
7.671354888648809656e+00
7.672298948711437916e+00
7.673067474694174273e+00
7.673665115072144438e+00
7.674096598838162642e+00
7.674366726323364141e+00
7.674480360530175460e+00
7.674442418439484825e+00
7.674257862638007133e+00
7.673931693136611720e+00
7.673468939438131464e+00
7.672874652718723709e+00
7.672153898333271549e+00
7.671311748640399664e+00
7.670353275685256378e+00
7.669283544329145386e+00
7.668107606085205141e+00
7.666830492279305354e+00
7.665457208062566252e+00
7.663992726445346904e+00
7.662441982656733153e+00
7.660809868784295595e+00
7.659101228496623115e+00
7.657320852065371497e+00
7.655473471645795058e+00
7.653563756689401920e+00
7.651596309551202957e+00
7.649575662083009320e+00
7.647506271071095263e+00
7.645392514902662917e+00
7.643238690281392245e+00
7.641049008803173059e+00
7.638827594299270274e+00
7.636578480079216469e+00
7.634305606222358875e+00
7.632012817263369442e+00
7.629703860311414232e+00
7.627382383153922696e+00
7.625051932185568759e+00
7.622715951189010575e+00
7.620377780046991845e+00
7.618040653429748232e+00
7.615707699881760107e+00
7.613381941026029942e+00
7.611066290993796279e+00
7.608763555795389877e+00
7.606476433196466935e+00
7.604207512639017175e+00
7.601959274989440019e+00
7.599734092719915957e+00
7.597534230430548874e+00
7.595361845276928925e+00
7.593218987188537383e+00
4.273989236733864022e-03
7.858677895210759365e-03
1.963509076326313413e-02
3.932052608953471445e-02
6.665424375172034066e-02
1.013963374849866650e-01
1.432557406571166869e-01
1.919692474034085106e-01
2.472920808829120465e-01
3.089281852763647862e-01
3.765929391386174108e-01
4.500431342137926061e-01
5.289822474070149383e-01
6.131153967833983254e-01
7.021869622224267138e-01
7.959242994853118480e-01
8.940368573192677415e-01
9.962372118818366706e-01
1.102277136532459068e+00
1.211894725483872781e+00
1.324810566509233789e+00
1.440749666000044726e+00
1.559441740404980514e+00
1.680656772981114822e+00
1.804141726978363724e+00
1.929638795808633844e+00
2.056895891164598478e+00
2.185666862167366276e+00
2.315711690702951131e+00
2.446799603466018880e+00
2.578721889049386817e+00
2.711255781544691157e+00
2.844185240601986298e+00
2.977301049054000615e+00
3.110400897649325813e+00
3.243289455696838797e+00
3.375778428990985347e+00
3.507686604096794003e+00
3.638839879555530121e+00
3.769071284303963321e+00
3.898220983480638058e+00
4.026136272165638630e+00
4.152671557185497520e+00
4.277688328394126493e+00
4.401055118291710144e+00
4.522647451723181611e+00
4.642347786312421398e+00
4.760045443448628788e+00
4.875636530924278844e+00
4.989023857329224931e+00
5.100116839420173243e+00
5.208831402368817365e+00
5.315089873594573078e+00
5.418820870973470427e+00
5.519959185642265176e+00
5.618445659953287930e+00
5.714227061006424968e+00
5.807255950257127708e+00
5.897490549392951920e+00
5.984894603328244855e+00
6.069437240121650312e+00
6.151092828555353442e+00
6.229853057621057566e+00
6.305705786005534108e+00
6.378640398177990889e+00
6.448650861906639165e+00
6.515735573841253014e+00
6.579897203972630670e+00
6.641142539315082693e+00
6.699482326969033785e+00
6.754931117072059621e+00
6.807507105805946424e+00
6.857231978687613250e+00
6.904145461245283499e+00
6.948284997514294403e+00
6.989681537560006319e+00
7.028368864400722948e+00
7.064383448095819418e+00
7.097764302380373813e+00
7.128552841821967689e+00
7.156792741409108594e+00
7.182529798474607929e+00
7.205811795256315655e+00
7.226689284868508700e+00
7.245235467349337100e+00
7.261502710906529323e+00
7.275544800882617125e+00
7.287416819332442230e+00
7.297175025902115308e+00
7.304876741748188351e+00
7.310580235957571560e+00
7.314344613783402060e+00
7.316229708308701341e+00
7.316295974206908248e+00
7.314604384182575636e+00
7.311218632712377818e+00
7.306214041538544812e+00
7.299651926133906343e+00
7.291593711621895402e+00
7.282100845321014759e+00
7.271234711763549186e+00
7.259056550481465031e+00
7.245627377264065139e+00
7.231007907689636305e+00
7.215258483888724150e+00
7.198439004561107524e+00
7.180608857385988308e+00
7.161826854377257412e+00
7.142151170587652587e+00
7.121639285329672830e+00
7.100347926327797765e+00
7.078333016522077692e+00
7.055649624132541931e+00
7.032360305675306122e+00
7.008517938216962229e+00
6.984174207690315939e+00
6.959379774717190159e+00
6.934184239289864493e+00
6.908636107717902597e+00
6.882782762198829118e+00
6.856670433160109823e+00
6.830344173566930799e+00
6.803847836142518091e+00
6.777224052452552883e+00
6.750514215365521764e+00
6.723758462230236432e+00
6.696995661433592595e+00
6.670263400836084600e+00
6.643597977915612240e+00
6.617034392596996994e+00
6.590606341766636511e+00
6.564346215506865256e+00
6.538285095702065952e+00
6.512452756139564869e+00
6.486877664506595309e+00
6.461586985998625465e+00
6.436606588701544673e+00
6.411961050525373906e+00
6.387673667627760565e+00
6.363766464408814549e+00
6.340260204809839095e+00
6.317174405228897172e+00
6.294527348058505112e+00
6.272336097437216651e+00
6.250616515612341217e+00
6.229383280226814534e+00
6.208649903205478715e+00
6.188428750289889813e+00
6.168731061633886625e+00
6.149566973320388819e+00
6.130945539324509141e+00
6.112874755331943355e+00
6.095361581811032714e+00
6.078411968673196775e+00
6.062030880429343682e+00
6.046222321485173801e+00
6.030989362983845581e+00
6.016334168640071312e+00
6.002258021983713832e+00
5.988761353656989250e+00
5.975843768956552005e+00
5.963504075841385976e+00
5.951740312843460501e+00
5.940549777139918497e+00
5.929929053538690376e+00
5.919874042306293660e+00
5.910379987382897937e+00
5.901441505373701268e+00
5.893052613802093553e+00
5.885206759109062880e+00
5.877896844895623474e+00
5.871116268020527329e+00
5.864860000042124710e+00
5.859119407172571847e+00
5.853885414506418527e+00
5.849148533403845107e+00
5.844898888723120578e+00
5.841126245487846980e+00
5.837820035965702203e+00
5.834969384965138062e+00
5.832563135827943945e+00
5.830589875459515348e+00
5.829037959073225750e+00
5.827895534353443985e+00
5.827150565251228542e+00
5.826790855102811584e+00
5.826804069300855815e+00
5.827177757300971095e+00
5.827899374129732024e+00
5.828956301379772498e+00
5.830335867503013247e+00
5.832025367595890408e+00
5.834012082414053779e+00
5.836283296953738819e+00
5.838826318452621678e+00
5.841628493191191041e+00
5.844677223611242312e+00
5.847959983814169149e+00
5.851464335479939827e+00
5.855177942531413215e+00
5.859088584805826727e+00
5.863184171531568012e+00
5.867452754355450217e+00
5.871882539401286571e+00
5.876461898824298480e+00
5.881179381807851492e+00
5.886023724860407924e+00
5.890983861270801647e+00
5.896048930451469161e+00
5.901208286377001677e+00
5.906451505437169125e+00
5.911768393644397435e+00
5.917148993648225108e+00
5.922583590777697360e+00
5.928062718671347930e+00
5.933577164640852608e+00
5.939117973590315458e+00
5.944676452206807404e+00
5.950244173210213816e+00
5.955812977447044076e+00
5.961374977312154044e+00
5.966922558148645805e+00
5.972448380126158973e+00
5.977945379419061567e+00
5.983406768909929063e+00
5.988826038558767273e+00
5.994196955284284201e+00
5.999513562622389884e+00
6.004770179738276425e+00
6.009961400279875576e+00
6.015082090850667917e+00
6.020127389086205483e+00
6.025092701447603893e+00
6.029973700775663303e+00
6.034766323401785648e+00
6.039466766126075470e+00
6.044071482784899807e+00
6.048577180776580242e+00
6.052980817140387160e+00
6.057279594496328912e+00
6.061470956551190170e+00
6.065552584108853118e+00
6.069522390395694522e+00
6.073378515785185172e+00
6.077119323031931586e+00
6.080743392138640679e+00
6.084249515116388451e+00
6.087636690531579298e+00
6.090904118091516217e+00
6.094051192971776665e+00
6.097077500253940130e+00
6.099982808970265680e+00
6.102767066375826666e+00
6.105430392142575435e+00
6.107973072262011804e+00
6.110395553188806339e+00
6.112698435595803836e+00
6.114882469056841074e+00
6.116948545307044682e+00
6.118897692481692907e+00
6.120731069083777953e+00
6.122449958047268659e+00
6.124055760707568297e+00
6.125549990902565689e+00
6.126934269089439056e+00
6.128210316499087540e+00
6.129379949330478361e+00
6.130445072980011290e+00
6.131407676502060866e+00
6.132269826889220177e+00
6.133033663596771490e+00
6.133701392886869108e+00
6.134275283180272709e+00
6.134757659086793602e+00
6.135150896553908773e+00
6.135457417673916503e+00
6.135679685831361141e+00
6.135820200831558324e+00
6.135881494165336569e+00
6.135866124387403531e+00
6.135776672611022775e+00
6.135615738121440899e+00
6.135385934110242800e+00
6.135089883532597099e+00
6.134730215089081895e+00
6.134309559358273489e+00
6.133830544932819429e+00
6.133295794925656352e+00
6.132707923365448011e+00
6.132069531636300752e+00
6.131383205907379619e+00
6.130651513314751888e+00
6.129876999205662536e+00
6.129062184287098702e+00
6.128209561887488555e+00
6.127321595392814402e+00
6.126400715744697578e+00
6.125449319134077975e+00
6.124469764741162336e+00
6.123464372667124067e+00
2.921653371428171719e-01
5.798558715442094780e-01
8.699031579587401808e-01
1.161865376007138684e+00
1.455270240407176674e+00
1.749651251735357516e+00
2.044555928188475757e+00
2.339554355586298318e+00
2.634253673688256914e+00
2.928239640005768862e+00
3.221112955798724808e+00
3.512489385788714280e+00
3.801999844229689174e+00
4.089290447964062380e+00
4.374022537898826890e+00
4.655872671460058676e+00
4.934532586259864573e+00
5.209709137672939860e+00
5.481124210640524019e+00
5.748514608672933512e+00
6.011631920302564325e+00
6.270242364975994853e+00
6.524126619595015164e+00
6.773079628310160416e+00
7.016910394057316758e+00
7.255441756620621518e+00
7.488510156048470812e+00
7.715965383585833948e+00
7.937670321362708670e+00
8.153509016285212851e+00
8.363395682421732147e+00
8.567232260298661473e+00
8.764932470176736601e+00
8.956421520397803704e+00
9.141635811000247358e+00
9.320522636284453100e+00
9.493070095806659836e+00
9.647501381726090841e+00
9.775944651591370160e+00
9.876631209985580639e+00
9.948089989595958471e+00
9.989490982996736435e+00
1.000000000000000000e+01
1.000000000000000000e+01
1.000000000000000000e+01
1.000000000000000000e+01
1.000000000000000000e+01
1.000000000000000000e+01
1.000000000000000000e+01
1.000000000000000000e+01
1.000000000000000000e+01
1.000000000000000000e+01
1.000000000000000000e+01
1.000000000000000000e+01
1.000000000000000000e+01
1.000000000000000000e+01
1.000000000000000000e+01
1.000000000000000000e+01
1.000000000000000000e+01
1.000000000000000000e+01
1.000000000000000000e+01
1.000000000000000000e+01
1.000000000000000000e+01
1.000000000000000000e+01
1.000000000000000000e+01
1.000000000000000000e+01
1.000000000000000000e+01
1.000000000000000000e+01
1.000000000000000000e+01
1.000000000000000000e+01
1.000000000000000000e+01
1.000000000000000000e+01
1.000000000000000000e+01
1.000000000000000000e+01
1.000000000000000000e+01
1.000000000000000000e+01
1.000000000000000000e+01
1.000000000000000000e+01
1.000000000000000000e+01
1.000000000000000000e+01
1.000000000000000000e+01
1.000000000000000000e+01
1.000000000000000000e+01
1.000000000000000000e+01
1.000000000000000000e+01
1.000000000000000000e+01
1.000000000000000000e+01
1.000000000000000000e+01
1.000000000000000000e+01
1.000000000000000000e+01
1.000000000000000000e+01
1.000000000000000000e+01
1.000000000000000000e+01
1.000000000000000000e+01
1.000000000000000000e+01
1.000000000000000000e+01
1.000000000000000000e+01
1.000000000000000000e+01
1.000000000000000000e+01
1.000000000000000000e+01
9.999131014482285806e+00
9.997020177285246945e+00
9.993709483361621793e+00
9.989241151933978102e+00
9.983657573403975860e+00
9.977001244734807983e+00
9.969314713426246755e+00
9.960640520586725444e+00
9.951021146249816596e+00
9.940498957256824752e+00
9.929116155379766440e+00
9.916914729168425424e+00
9.903936405645698215e+00
9.890226070621729093e+00
9.875830065388097267e+00
9.860788626196148599e+00
9.845141554444024834e+00
9.828928180481527832e+00
9.812187327358442346e+00
9.794957277442602361e+00
9.777275740590336994e+00
9.759179823808501908e+00
9.740706002895507254e+00
9.721890095327202275e+00
9.702767235450517447e+00
9.683371850943165882e+00
9.663737640488335501e+00
9.643897553663634881e+00
9.623883772098912104e+00
9.603727692355118251e+00
9.583459910214115141e+00
9.563110206370865285e+00
9.542707533793281627e+00
9.522280006389348017e+00
9.501854889082851585e+00
9.481458589335602483e+00
9.461116650071428325e+00
9.440853743688405686e+00
9.420693667496182755e+00
9.400659340465001179e+00
9.380772801070641265e+00
9.361055206427812081e+00
9.341526832474201569e+00
9.322207075443664337e+00
9.303114454139223000e+00
9.284266613391674028e+00
9.265680328724144488e+00
9.247371511657771492e+00
9.229355216136873707e+00
9.211645645820585315e+00
9.194256162268132471e+00
9.177199293848079975e+00
9.160486745540314502e+00
9.144129409493556793e+00
9.128137376163047989e+00
9.112519946454666453e+00
9.097285644181626552e+00
9.082442229224939823e+00
9.067996711352229511e+00
9.053955364400804839e+00
9.040323741384876044e+00
9.027106689453432864e+00
9.014308365818161306e+00
9.001932253899473935e+00
8.989981179760535568e+00
8.978457328865296461e+00
8.967362263386840837e+00
8.956696939614960939e+00
8.946461725591158043e+00
8.936656418983698558e+00
8.927280265236948509e+00
8.918331975794899336e+00
8.909809746403626107e+00
8.901711275629965670e+00
8.894033783290931083e+00
8.886774029213841075e+00
8.879928331676108400e+00
8.873492586164877238e+00
8.867462283693010150e+00
8.861832529643596246e+00
8.856598062051661557e+00
8.851753269914670597e+00
8.847292211438361420e+00
8.843208632271524650e+00
8.839495983269355150e+00
8.836147438359013506e+00
8.833155912110820296e+00
8.830514077041595300e+00
8.828214380830180730e+00
8.826249063132591388e+00
8.824610172284424792e+00
8.823289581632501211e+00
8.822279005644249494e+00
8.821570015669976783e+00
8.821154055468504396e+00
8.821022456307479942e+00
8.821166451861470748e+00
8.821577192675373880e+00
8.822245760285074567e+00
8.823163521540534404e+00
8.824323670051285262e+00
8.825717065421725849e+00
8.827334548468076747e+00
8.829166953965222220e+00
8.831205122838058585e+00
8.833439914059788123e+00
8.835862216112827738e+00
8.838462958012160087e+00
8.841233119966652509e+00
8.844163743659153809e+00
8.847245942051328527e+00
8.850470908862096309e+00
8.853829927604776273e+00
8.857314380214004856e+00
8.860915755246280057e+00
8.864625655789135195e+00
8.868435806787273279e+00
8.872338062173595219e+00
8.876324411432980455e+00
8.880386985952569034e+00
8.884518064848339947e+00
8.888710080538272607e+00
8.892955623665994125e+00
8.897247447993263947e+00
8.901578474728870205e+00
8.905941796628168206e+00
8.910330681477974579e+00
8.914738575595121617e+00
8.919159106749738442e+00
8.923586086812644425e+00
8.928013514068995349e+00
8.932435575240109671e+00
8.936846647056096771e+00
8.941241297951883382e+00
8.945614288879150777e+00
8.949960574151649695e+00
8.954275301988635860e+00
8.958553814813649652e+00
8.962791649072604727e+00
8.966984535326998795e+00
8.971128397379709796e+00
8.975219351734020634e+00
8.979253706404858093e+00
8.983227960052243333e+00
8.987138800166610153e+00
8.990983101851325543e+00
8.994757925674109700e+00
8.998460515877956922e+00
9.002088298091724283e+00
9.005638877044397361e+00
9.009110033994636169e+00
9.012499724147945201e+00
9.015806073816326816e+00
9.019027377468036732e+00
9.022162094641055674e+00
9.025208846816486385e+00
9.028166414093673708e+00
9.031033731735538694e+00
9.033809886795291177e+00
9.036494114426142588e+00
9.039085794134576801e+00
9.041584446347204818e+00
9.043989728239740344e+00
9.046301430159456203e+00
9.048519471483173149e+00
9.050643896796344734e+00
9.052674871825651337e+00
9.054612679410201537e+00
9.056457715466427416e+00
9.058210484879278823e+00
9.059871597406793597e+00
9.061441763646223890e+00
9.062921790837528135e+00
9.064312578717073521e+00
9.065615115581797667e+00
9.066830474129297102e+00
9.067959807395366667e+00
9.069004344714564070e+00
9.069965387708329274e+00
9.070844306305058780e+00
9.071642534834404970e+00
9.072361568044749802e+00
9.073002957284368009e+00
9.073568306689228535e+00
9.074059269433899289e+00
9.074477543972456317e+00
9.074824870526230214e+00
9.075103027289886271e+00
9.075313827058305804e+00
9.075459113707680103e+00
9.075540758860471513e+00
9.075560658523222912e+00
9.075520729795226060e+00
9.075422907759019608e+00
9.075269142374288833e+00
9.075061395458948965e+00
9.074801637733525439e+00
9.074491845961887293e+00
9.074134000197796368e+00
9.073730081073184905e+00
0.000000000000000000e+00
0.000000000000000000e+00
0.000000000000000000e+00
0.000000000000000000e+00
0.000000000000000000e+00
0.000000000000000000e+00
0.000000000000000000e+00
0.000000000000000000e+00
0.000000000000000000e+00
0.000000000000000000e+00
0.000000000000000000e+00
0.000000000000000000e+00
0.000000000000000000e+00
0.000000000000000000e+00
0.000000000000000000e+00
0.000000000000000000e+00
0.000000000000000000e+00
0.000000000000000000e+00
0.000000000000000000e+00
0.000000000000000000e+00
0.000000000000000000e+00
0.000000000000000000e+00
0.000000000000000000e+00
0.000000000000000000e+00
0.000000000000000000e+00
0.000000000000000000e+00
0.000000000000000000e+00
0.000000000000000000e+00
0.000000000000000000e+00
0.000000000000000000e+00
0.000000000000000000e+00
0.000000000000000000e+00
0.000000000000000000e+00
0.000000000000000000e+00
0.000000000000000000e+00
0.000000000000000000e+00
0.000000000000000000e+00
0.000000000000000000e+00
0.000000000000000000e+00
0.000000000000000000e+00
0.000000000000000000e+00
0.000000000000000000e+00
1.261088783739985290e-03
7.085675087878232081e-03
1.730517955026271079e-02
3.174945558807017870e-02
5.024771466638746492e-02
7.262882737485115703e-02
9.875279933136732469e-02
1.284566797112435266e-01
1.615681464985586901e-01
1.979155999416930822e-01
2.373284185749859887e-01
2.796372051144057069e-01
3.246952094266528088e-01
3.723472044802687009e-01
4.224269838955893031e-01
4.747704203518719468e-01
5.292156615260178443e-01
5.856033149144456162e-01
6.437766203369591489e-01
7.035816133103504066e-01
7.648799589114105846e-01
8.275331560380623230e-01
8.913948357741755535e-01
9.563219779090822437e-01
1.022175021261896966e+00
1.088817965677532085e+00
1.156118463550471320e+00
1.223947902127261012e+00
1.292181476633188497e+00
1.360698254007757457e+00
1.429381227529858300e+00
1.498117362605908331e+00
1.566797635120578125e+00
1.635317059707024567e+00
1.703574711114769213e+00
1.771473737689570394e+00
1.838921367327167822e+00
1.905828906138549828e+00
1.972111730162448673e+00
2.037689270620771875e+00
2.102484992890090609e+00
2.166426369425144216e+00
2.229444846951233128e+00
2.291475808598771646e+00
2.352458530444405227e+00
2.412336133696152629e+00
2.471055532182259373e+00
2.528567375422213992e+00
2.584825988985977485e+00
2.639789309392003958e+00
2.693418816797229276e+00
2.745679464518621771e+00
2.796539605512473603e+00
2.845970916025963859e+00
2.893948317462211595e+00
2.940449895472931008e+00
2.985456818213197749e+00
3.028953251264294710e+00
3.070926272487603637e+00
3.111365785093540115e+00
3.150264429355958296e+00
3.187617494047419342e+00
3.223422826541784580e+00
3.257680742657723449e+00
3.290393936165565858e+00
3.321567387838595398e+00
3.351208274334753323e+00
3.379325877406088807e+00
3.405931493506924479e+00
3.431038342446728340e+00
3.454666711801189116e+00
3.476840004404341045e+00
3.497576503745996490e+00
3.516896028371190752e+00
3.534819846035072377e+00
3.551370588752871260e+00
3.566572169519631519e+00
3.580449699228425597e+00
3.593029405441619861e+00
3.604338552322297939e+00
3.614405361956985363e+00
3.623258937086677456e+00
3.630929185170419071e+00
3.637446744664520448e+00
3.642842911908791059e+00
3.647149570324669021e+00
3.650399121196357566e+00
3.652624415976577943e+00
3.653858690626776262e+00
3.654135501605259684e+00
3.653488663692360028e+00
3.651952839566528386e+00
3.649570458449046484e+00
3.646375392238341284e+00
3.642401531052664954e+00
3.637682731846751061e+00
3.632252768813629018e+00
3.626145285740330682e+00
3.619393750207113403e+00
3.612031409546930139e+00
3.604091249344297587e+00
3.595605952758440971e+00
3.586607862507643407e+00
3.577128944440462366e+00
3.567200752854096546e+00
3.556854397912619259e+00
3.546120514653398725e+00
3.535029233866201714e+00
3.523610154578415088e+00
3.511892319053893541e+00
3.499904188077783029e+00
3.487673619269487713e+00
3.475227846488126993e+00
3.462593460974345394e+00
3.449796393866837452e+00
3.436861901206313519e+00
3.423814549198253232e+00
3.410678201944669308e+00
3.397476010003059432e+00
3.384230400877410450e+00
3.370963071370862707e+00
3.357694979979579220e+00
3.344446341656375221e+00
3.331236623563486265e+00
3.318084542225845368e+00
3.305008061874824765e+00
3.292024393361178358e+00
3.279149995853507082e+00
3.266400577567829089e+00
3.253791098956383188e+00
3.241335776476793384e+00
3.229048087347398344e+00
3.216940775372602701e+00
3.205025857547275869e+00
3.193314631541637194e+00
3.181817684024800030e+00
3.170544899770341374e+00
3.159505471517469744e+00
3.148707910271241417e+00
3.138160057144005144e+00
3.127869094664887051e+00
3.117841559036461430e+00
3.108083353530947779e+00
3.098599761479856163e+00
3.089395460555667938e+00
3.080474537072898311e+00
3.071840500193286694e+00
3.063496297987302164e+00
3.055444332122143614e+00
3.047686473465619272e+00
3.040224078571268862e+00
3.033058005595394402e+00
3.026188630867033158e+00
3.019615864775913927e+00
3.013339169263013595e+00
3.007357574027895275e+00
3.001669693217981827e+00
2.996273742638541293e+00
2.991167556459508159e+00
2.986348604105408810e+00
2.981814007032097980e+00
2.977560555472745563e+00
2.973584725125790751e+00
2.969882693767945447e+00
2.966450357207028876e+00
2.963283346241027960e+00
2.960377042451877383e+00
2.957726594353631722e+00
2.955326932606671342e+00
2.953172785743877427e+00
2.951258695365791329e+00
2.949579031219519809e+00
2.948128005648388061e+00
2.946899688647887761e+00
2.945888021432849335e+00
2.945086830388326860e+00
2.944489840631740130e+00
2.944090689205098421e+00
2.943882937932982724e+00
2.943860085938349247e+00
2.944015581809031890e+00
2.944342835408615855e+00
2.944835229326126846e+00
2.945486129975943612e+00
2.946288898262309885e+00
2.947236899969450263e+00
2.948323515709125431e+00
2.949542150267938645e+00
2.950886242300509554e+00
2.952349273205522984e+00
2.953924774874805870e+00
2.955606338264566979e+00
2.957387621027415037e+00
2.959262354737727474e+00
2.961224351875010097e+00
2.963267512347927735e+00
2.965385829583977451e+00
2.967573397011889824e+00
2.969824412439867167e+00
2.972133184074045253e+00
2.974494135272708117e+00
2.976901808374720737e+00
2.979350868974574684e+00
2.981836109851665473e+00
2.984352454320012615e+00
2.986894959297076380e+00
2.989458818084651082e+00
2.992039362842115136e+00
2.994632066756034217e+00
2.997232546024157340e+00
2.999836561108416788e+00
3.002440018201873784e+00
3.005038970760979478e+00
3.007629619645920904e+00
3.010208313885281317e+00
3.012771550957650035e+00
3.015315976922896102e+00
3.017838385912166022e+00
3.020335719878843417e+00
3.022805068262987671e+00
3.025243667262099923e+00
3.027648898220403506e+00
3.030018286649874604e+00
3.032349501027203686e+00
3.034640351160758254e+00
3.036888786275491192e+00
3.039092893582322041e+00
3.041250896258048897e+00
3.043361150703910223e+00
3.045422145192068886e+00
3.047432496616458764e+00
3.049390948161394554e+00
3.051296367469786386e+00
3.053147742929667618e+00
3.054944181458868258e+00
3.056684905616871450e+00
3.058369250364495695e+00
3.059996660364032728e+00
3.061566686811233673e+00
3.063078984361446100e+00
3.064533307876026402e+00
3.065929509264178066e+00
3.067267534245774474e+00
3.068547419134424192e+00
3.069769287373389055e+00
3.070933346449498114e+00
3.072039884582713487e+00
3.073089267150452830e+00
3.074081933635278929e+00
3.075018394222599483e+00
3.075899226513498341e+00
3.076725072018789753e+00
3.077496633625185218e+00
3.078214671427207172e+00
3.078880000136289485e+00
3.079493485483882687e+00
3.080056041419790613e+00
