1.000000000000000000e+01
1.000000000000000000e+01
1.000000000000000000e+01
1.000000000000000000e+01
1.000000000000000000e+01
1.000000000000000000e+01
1.000000000000000000e+01
1.000000000000000000e+01
1.000000000000000000e+01
1.000000000000000000e+01
1.000000000000000000e+01
1.000000000000000000e+01
1.000000000000000000e+01
1.000000000000000000e+01
1.000000000000000000e+01
1.000000000000000000e+01
1.000000000000000000e+01
1.000000000000000000e+01
1.000000000000000000e+01
1.000000000000000000e+01
1.000000000000000000e+01
1.000000000000000000e+01
1.000000000000000000e+01
1.000000000000000000e+01
1.000000000000000000e+01
1.000000000000000000e+01
1.000000000000000000e+01
9.099747456112572408e+00
7.780403666367558202e+00
6.555603625996080375e+00
5.636860799315537740e+00
5.053846266456003100e+00
4.747762209142594614e+00
4.632513157247530877e+00
4.628193423428916375e+00
4.674875543812375689e+00
4.734539084506236506e+00
4.787229856643562265e+00
4.825440467561800340e+00
4.848896576193534536e+00
4.860647751357540791e+00
4.864588047850841868e+00
4.864155129790603382e+00
4.861841287173441550e+00
4.859176090357649080e+00
4.856925502062491518e+00
4.855346119557794715e+00
4.854409404284837137e+00
4.853964247648367092e+00
4.853836720114874659e+00
4.853879995244163581e+00
4.853991061247332262e+00
4.854108839394899455e+00
4.854204314370173634e+00
4.854269187334481650e+00
4.854306294117004761e+00
4.854322886685990213e+00
4.854326650663965736e+00
4.854323814408441962e+00
4.854318608898452680e+00
4.854313453526240885e+00
4.854309429594991343e+00
4.854306781844332619e+00
4.854305324760352924e+00
4.854304718517374440e+00
4.854304626724307070e+00
4.854304786890856427e+00
4.854305026340867357e+00
4.854305250078010836e+00
4.854305418601501998e+00
4.854305525956377210e+00
4.854305582610717984e+00
4.854305604194336432e+00
4.854305605305245130e+00
4.854305596936048239e+00
4.854305586087717117e+00
4.854305576453525894e+00
4.854305569439470780e+00
4.854305565116718846e+00
4.854305562938515450e+00
4.854305562196839396e+00
4.854305562263078855e+00
4.854305562679772201e+00
4.854305563165025816e+00
4.854305563576842175e+00
4.854305563866900819e+00
4.854305564039678167e+00
4.854305564122339156e+00
4.854305564146498497e+00
4.854305564139092866e+00
4.854305564119048455e+00
4.854305564097561643e+00
4.854305564080081403e+00
4.854305564068184253e+00
4.854305564061391465e+00
4.854305564058312150e+00
4.854305564057533218e+00
4.854305564058026157e+00
4.854305564058905453e+00
4.854305564059861133e+00
4.854305564060567235e+00
4.854305564061059286e+00
4.854305564061294653e+00
4.854305564061363931e+00
4.854305564061400347e+00
4.854305564061407452e+00
4.854305564061387024e+00
4.854305564061386136e+00
4.854305564061413669e+00
4.854305564061401235e+00
4.854305564061390577e+00
4.854305564061372813e+00
4.854305564061366596e+00
4.854305564061367484e+00
4.854305564061364819e+00
4.854305564061361267e+00
4.854305564061360379e+00
4.854305564061363931e+00
4.854305564061365708e+00
4.854305564061363931e+00
4.854305564061365708e+00
4.854305564061367484e+00
4.854305564061367484e+00
4.854305564061366596e+00
4.854305564061363931e+00
4.854305564061363043e+00
4.854305564061363931e+00
4.854305564061366596e+00
4.854305564061363931e+00
4.854305564061366596e+00
4.854305564061364819e+00
4.854305564061359490e+00
4.854305564061358602e+00
4.854305564061359490e+00
4.854305564061359490e+00
4.854305564061363931e+00
4.854305564061365708e+00
4.854305564061363931e+00
4.854305564061365708e+00
4.854305564061363931e+00
4.854305564061365708e+00
4.854305564061366596e+00
4.854305564061363931e+00
4.854305564061362155e+00
4.854305564061359490e+00
4.854305564061363931e+00
4.854305564061365708e+00
4.854305564061364819e+00
4.854305564061366596e+00
4.854305564061364819e+00
4.854305564061363931e+00
4.854305564061363931e+00
4.854305564061365708e+00
4.854305564061363931e+00
4.854305564061363043e+00
4.854305564061361267e+00
4.854305564061363931e+00
4.854305564061363043e+00
4.854305564061360379e+00
4.854305564061361267e+00
4.854305564061361267e+00
4.854305564061360379e+00
4.854305564061357714e+00
4.854305564061358602e+00
4.854305564061358602e+00
4.854305564061360379e+00
4.854305564061359490e+00
4.854305564061360379e+00
4.854305564061359490e+00
4.854305564061360379e+00
4.854305564061359490e+00
4.854305564061360379e+00
4.854305564061360379e+00
4.854305564061360379e+00
4.854305564061358602e+00
4.854305564061361267e+00
4.854305564061361267e+00
4.854305564061360379e+00
4.854305564061357714e+00
4.854305564061358602e+00
4.854305564061359490e+00
4.854305564061359490e+00
4.854305564061363931e+00
4.854305564061362155e+00
4.854305564061362155e+00
4.854305564061365708e+00
4.854305564061363931e+00
4.854305564061363931e+00
4.854305564061363043e+00
4.854305564061361267e+00
4.854305564061365708e+00
4.854305564061366596e+00
4.854305564061363043e+00
4.854305564061360379e+00
4.854305564061362155e+00
4.854305564061363043e+00
4.854305564061361267e+00
4.854305564061361267e+00
4.854305564061365708e+00
4.854305564061363931e+00
4.854305564061363043e+00
4.854305564061364819e+00
4.854305564061363043e+00
4.854305564061359490e+00
4.854305564061359490e+00
4.854305564061360379e+00
4.854305564061360379e+00
4.854305564061363931e+00
4.854305564061365708e+00
4.854305564061366596e+00
4.854305564061364819e+00
4.854305564061366596e+00
4.854305564061363931e+00
4.854305564061366596e+00
4.854305564061364819e+00
4.854305564061363931e+00
4.854305564061363043e+00
4.854305564061365708e+00
4.854305564061363043e+00
4.854305564061363043e+00
4.854305564061365708e+00
4.854305564061363931e+00
4.854305564061366596e+00
4.854305564061363931e+00
4.854305564061363043e+00
4.854305564061363931e+00
4.854305564061363043e+00
4.854305564061360379e+00
4.854305564061362155e+00
4.854305564061365708e+00
4.854305564061363931e+00
4.854305564061365708e+00
4.854305564061365708e+00
4.854305564061362155e+00
4.854305564061359490e+00
4.854305564061360379e+00
4.854305564061360379e+00
4.854305564061360379e+00
4.854305564061360379e+00
4.854305564061364819e+00
4.854305564061363931e+00
4.854305564061365708e+00
4.854305564061366596e+00
4.854305564061363043e+00
4.854305564061363931e+00
4.854305564061366596e+00
4.854305564061363931e+00
4.854305564061360379e+00
4.854305564061359490e+00
4.854305564061361267e+00
4.854305564061360379e+00
4.854305564061359490e+00
4.854305564061360379e+00
4.854305564061358602e+00
4.854305564061359490e+00
4.854305564061358602e+00
4.854305564061358602e+00
4.854305564061358602e+00
4.854305564061359490e+00
4.854305564061359490e+00
4.854305564061363931e+00
4.854305564061366596e+00
4.854305564061363931e+00
4.854305564061360379e+00
4.854305564061361267e+00
4.854305564061360379e+00
4.854305564061363931e+00
4.854305564061365708e+00
4.854305564061363043e+00
4.854305564061363931e+00
4.854305564061365708e+00
4.854305564061365708e+00
4.854305564061367484e+00
4.854305564061367484e+00
4.854305564061368372e+00
4.854305564061363931e+00
4.854305564061363043e+00
4.854305564061360379e+00
4.854305564061362155e+00
4.854305564061362155e+00
4.854305564061365708e+00
4.854305564061366596e+00
4.854305564061363931e+00
4.854305564061363043e+00
4.854305564061363931e+00
4.854305564061363043e+00
4.854305564061361267e+00
4.854305564061364819e+00
4.854305564061363931e+00
4.854305564061365708e+00
4.854305564061366596e+00
4.854305564061363043e+00
4.854305564061363931e+00
4.854305564061362155e+00
4.854305564061362155e+00
4.854305564061365708e+00
4.854305564061363931e+00
4.854305564061365708e+00
4.854305564061363931e+00
4.854305564061363043e+00
4.854305564061364819e+00
1.000000000000000000e+01
1.000000000000000000e+01
1.000000000000000000e+01
1.000000000000000000e+01
1.000000000000000000e+01
1.000000000000000000e+01
1.000000000000000000e+01
1.000000000000000000e+01
1.000000000000000000e+01
1.000000000000000000e+01
1.000000000000000000e+01
1.000000000000000000e+01
1.000000000000000000e+01
1.000000000000000000e+01
1.000000000000000000e+01
1.000000000000000000e+01
1.000000000000000000e+01
1.000000000000000000e+01
1.000000000000000000e+01
1.000000000000000000e+01
1.000000000000000000e+01
1.000000000000000000e+01
1.000000000000000000e+01
1.000000000000000000e+01
1.000000000000000000e+01
1.000000000000000000e+01
1.000000000000000000e+01
1.000000000000000000e+01
1.000000000000000000e+01
1.000000000000000000e+01
1.000000000000000000e+01
1.000000000000000000e+01
1.000000000000000000e+01
1.000000000000000000e+01
1.000000000000000000e+01
1.000000000000000000e+01
1.000000000000000000e+01
1.000000000000000000e+01
1.000000000000000000e+01
1.000000000000000000e+01
1.000000000000000000e+01
1.000000000000000000e+01
1.000000000000000000e+01
1.000000000000000000e+01
9.906504838514919697e+00
9.485772517429237993e+00
9.000288440776227361e+00
8.581622081645312150e+00
8.276071755593902068e+00
8.082191480364148362e+00
7.977219651022957159e+00
7.933256084846833645e+00
7.925599082969008613e+00
7.935884513961407372e+00
7.952251348240004347e+00
7.968129201688300967e+00
7.980642204566668951e+00
7.989155439877117182e+00
7.994173528791523431e+00
7.996616775433007973e+00
7.997411321065377443e+00
7.997302637153707927e+00
7.996806818344597723e+00
7.996234011650775741e+00
7.995739770630537535e+00
7.995378947247759882e+00
7.995149927295042147e+00
7.995025882800048223e+00
7.994973892084368039e+00
7.994964794518882201e+00
7.994976904526544637e+00
7.994996211966508781e+00
7.995014953161043714e+00
7.995029727654820562e+00
7.995039782319336652e+00
7.995045710873793787e+00
7.995048598854619826e+00
7.995049539390469029e+00
7.995049412621142437e+00
7.995048828062602198e+00
7.995048152120344476e+00
7.995047568660468507e+00
7.995047142558918907e+00
7.995046872014310857e+00
7.995046725413447852e+00
7.995046663914183505e+00
7.995046653095297273e+00
7.995046667346610292e+00
7.995046690119033350e+00
7.995046712238054631e+00
7.995046729682133702e+00
7.995046741557479741e+00
7.995046748563556349e+00
7.995046751978043709e+00
7.995046753091648029e+00
7.995046752943741453e+00
7.995046752254331146e+00
7.995046751456439615e+00
7.995046750767405008e+00
7.995046750264061863e+00
7.995046749944352271e+00
7.995046749771027805e+00
7.995046749699625366e+00
7.995046749687085175e+00
7.995046749703733191e+00
7.995046749730246205e+00
7.995046749755934989e+00
7.995046749776268058e+00
7.995046749790111207e+00
7.995046749798183860e+00
7.995046749802137143e+00
7.995046749803448982e+00
7.995046749803301545e+00
7.995046749802503072e+00
7.995046749801534069e+00
7.995046749800727603e+00
7.995046749800117425e+00
7.995046749799733732e+00
7.995046749799491259e+00
7.995046749799349151e+00
7.995046749800754249e+00
7.995046749801167252e+00
7.995046749801089092e+00
7.995046749802187769e+00
7.995046749802172670e+00
7.995046749801647756e+00
7.995046749801000274e+00
7.995046749801812069e+00
7.995046749801774766e+00
7.995046749801383967e+00
7.995046749802268593e+00
7.995046749803497832e+00
7.995046749804685327e+00
7.995046749805548636e+00
7.995046749804735065e+00
7.995046749803368158e+00
7.995046749802032338e+00
7.995046749802313002e+00
7.995046749803285557e+00
7.995046749802986241e+00
7.995046749802166453e+00
7.995046749801261399e+00
7.995046749800555297e+00
7.995046749800104990e+00
7.995046749799790575e+00
7.995046749799551655e+00
7.995046749799430863e+00
7.995046749799386454e+00
7.995046749800776453e+00
7.995046749801183239e+00
7.995046749801076658e+00
7.995046749802156683e+00
7.995046749802149577e+00
7.995046749801634434e+00
7.995046749800991392e+00
7.995046749801806740e+00
7.995046749801770325e+00
7.995046749801374197e+00
7.995046749802242836e+00
7.995046749802099839e+00
7.995046749801550945e+00
7.995046749800920338e+00
7.995046749800401642e+00
7.995046749801400843e+00
7.995046749801502095e+00
7.995046749801216102e+00
7.995046749800762242e+00
7.995046749800361674e+00
7.995046749800033936e+00
7.995046749799765706e+00
7.995046749799573860e+00
7.995046749799459285e+00
7.995046749799403329e+00
7.995046749799382901e+00
7.995046749800811092e+00
7.995046749801226760e+00
7.995046749801101527e+00
7.995046749802157571e+00
7.995046749802151353e+00
7.995046749801636210e+00
7.995046749800978958e+00
7.995046749800457597e+00
7.995046749800075681e+00
7.995046749801180574e+00
7.995046749801379526e+00
7.995046749802535047e+00
7.995046749802416919e+00
7.995046749801772989e+00
7.995046749801097086e+00
7.995046749801902664e+00
7.995046749803159436e+00
7.995046749803050190e+00
7.995046749802298791e+00
7.995046749802811270e+00
7.995046749802358299e+00
7.995046749801609565e+00
7.995046749800942543e+00
7.995046749800430952e+00
7.995046749800025054e+00
7.995046749799744390e+00
7.995046749799528563e+00
7.995046749799434416e+00
7.995046749799411323e+00
7.995046749799405106e+00
7.995046749799432639e+00
7.995046749799445962e+00
7.995046749799453067e+00
7.995046749799442409e+00
7.995046749799451291e+00
7.995046749799454844e+00
7.995046749799434416e+00
7.995046749799439745e+00
7.995046749799453956e+00
7.995046749799441521e+00
7.995046749799451291e+00
7.995046749799440633e+00
7.995046749799449515e+00
7.995046749799455732e+00
7.995046749799445074e+00
7.995046749799453956e+00
7.995046749799440633e+00
7.995046749799450403e+00
7.995046749799439745e+00
7.995046749799449515e+00
7.995046749799455732e+00
7.995046749799442409e+00
7.995046749799453067e+00
7.995046749799436192e+00
7.995046749799446850e+00
7.995046749799454844e+00
7.995046749799445074e+00
7.995046749799451291e+00
7.995046749799440633e+00
7.995046749799452179e+00
7.995046749799441521e+00
7.995046749799453067e+00
7.995046749799436192e+00
7.995046749799446850e+00
7.995046749799454844e+00
7.995046749799441521e+00
7.995046749799451291e+00
7.995046749799439745e+00
7.995046749799451291e+00
7.995046749799440633e+00
7.995046749799452179e+00
7.995046749799435304e+00
7.995046749799446850e+00
7.995046749799453956e+00
7.995046749799441521e+00
7.995046749799452179e+00
7.995046749799436192e+00
7.995046749799446850e+00
7.995046749799453956e+00
7.995046749799443297e+00
7.995046749799453067e+00
7.995046749799440633e+00
7.995046749799451291e+00
7.995046749799434416e+00
7.995046749799449515e+00
7.995046749799457508e+00
7.995046749799437968e+00
7.995046749799447738e+00
7.995046749799454844e+00
7.995046749799442409e+00
7.995046749799452179e+00
7.995046749799441521e+00
7.995046749799452179e+00
7.995046749799441521e+00
7.995046749799452179e+00
7.995046749799436192e+00
7.995046749799446850e+00
7.995046749799453067e+00
7.995046749799442409e+00
7.995046749799451291e+00
7.995046749799441521e+00
7.995046749799452179e+00
7.995046749799441521e+00
7.995046749799450403e+00
7.995046749799440633e+00
7.995046749799450403e+00
7.995046749799440633e+00
7.995046749799450403e+00
7.995046749799439745e+00
7.995046749799451291e+00
7.995046749799440633e+00
7.995046749799449515e+00
7.995046749799455732e+00
7.995046749799442409e+00
7.995046749799452179e+00
7.995046749799443297e+00
7.995046749799452179e+00
7.995046749799440633e+00
7.995046749799452179e+00
7.995046749799435304e+00
7.995046749799446850e+00
7.995046749799453956e+00
7.995046749799442409e+00
7.995046749799450403e+00
7.995046749799450403e+00
7.995046749799432639e+00
0.000000000000000000e+00
0.000000000000000000e+00
0.000000000000000000e+00
0.000000000000000000e+00
0.000000000000000000e+00
0.000000000000000000e+00
0.000000000000000000e+00
0.000000000000000000e+00
1.262965693707985269e-08
1.023096855683192974e+00
2.599738912075062025e+00
4.104099110173952347e+00
5.265342142147562576e+00
6.031891468441837212e+00
6.461897301287939044e+00
6.651087375478847541e+00
6.692412478389998753e+00
6.658387479303780943e+00
6.597329813019602973e+00
6.536652676120672467e+00
6.488666441077315383e+00
6.456316094451885590e+00
6.437706661672685904e+00
6.429146682332000040e+00
6.426894463528474155e+00
6.427957593083052146e+00
6.430299681584400240e+00
6.432736504792712751e+00
6.434713372028705081e+00
6.436074500892020822e+00
6.436876528845732359e+00
6.437260442357066736e+00
6.437376191537827808e+00
6.437346826953175949e+00
6.437257973462862992e+00
6.437160574481951336e+00
6.437079405312270630e+00
6.437022322752592451e+00
6.436987903016773593e+00
6.436970826823667835e+00
6.436965111883538704e+00
6.436965710549054975e+00
6.436969039004246440e+00
6.436972914400938883e+00
6.436976237398814860e+00
6.436978625144948118e+00
6.436980097579353632e+00
6.436980852561914546e+00
6.436981127537390712e+00
6.436981128849831535e+00
6.436981006214999468e+00
6.436980852866948766e+00
6.436980717277664077e+00
6.436980617689090245e+00
6.436980554917610675e+00
6.436980521736026084e+00
6.436980508773050502e+00
6.436980507622013015e+00
6.436980512046627467e+00
6.436980518078111224e+00
6.436980523591316228e+00
6.436980527732869994e+00
6.436980530400002287e+00
6.436980531850529985e+00
6.436980532451924475e+00
6.436980532545500289e+00
6.436980532390277787e+00
6.436980532154648493e+00
6.436980531931379090e+00
6.436980531759737723e+00
6.436980531646742776e+00
6.436980531583621712e+00
6.436980531556107721e+00
6.436980531550281270e+00
6.436980531555446916e+00
6.436980531564541863e+00
6.436980531573500031e+00
6.436980531580537956e+00
6.436980531585377641e+00
6.436980531588127441e+00
6.436980531589397536e+00
6.436980531589749255e+00
6.436980531589632015e+00
6.436980531589343357e+00
6.436980531589000520e+00
6.436980531588692322e+00
6.436980531588430310e+00
6.436980531588265997e+00
6.436980531588193166e+00
6.436980531588187837e+00
6.436980531588192278e+00
6.436980531588202936e+00
6.436980531588222476e+00
6.436980531588258891e+00
6.436980531588287313e+00
6.436980531588286425e+00
6.436980531588264220e+00
6.436980531588273102e+00
6.436980531588281096e+00
6.436980531588285537e+00
6.436980531588264220e+00
6.436980531588273102e+00
6.436980531588281096e+00
6.436980531588281096e+00
6.436980531588280208e+00
6.436980531588281984e+00
6.436980531588281984e+00
6.436980531588284649e+00
6.436980531588261556e+00
6.436980531588273102e+00
6.436980531588281984e+00
6.436980531588279320e+00
6.436980531588281096e+00
6.436980531588281096e+00
6.436980531588285537e+00
6.436980531588261556e+00
6.436980531588271326e+00
6.436980531588277543e+00
6.436980531588283760e+00
6.436980531588285537e+00
6.436980531588261556e+00
6.436980531588271326e+00
6.436980531588281096e+00
6.436980531588285537e+00
6.436980531588262444e+00
6.436980531588277543e+00
6.436980531588279320e+00
6.436980531588279320e+00
6.436980531588279320e+00
6.436980531588284649e+00
6.436980531588263332e+00
6.436980531588272214e+00
6.436980531588277543e+00
6.436980531588282872e+00
6.436980531588279320e+00
6.436980531588278431e+00
6.436980531588281096e+00
6.436980531588281096e+00
6.436980531588280208e+00
6.436980531588281984e+00
6.436980531588279320e+00
6.436980531588277543e+00
6.436980531588276655e+00
6.436980531588277543e+00
6.436980531588284649e+00
6.436980531588264220e+00
6.436980531588272214e+00
6.436980531588281984e+00
6.436980531588284649e+00
6.436980531588261556e+00
6.436980531588273990e+00
6.436980531588274879e+00
6.436980531588282872e+00
6.436980531588280208e+00
6.436980531588277543e+00
6.436980531588278431e+00
6.436980531588278431e+00
6.436980531588280208e+00
6.436980531588280208e+00
6.436980531588280208e+00
6.436980531588279320e+00
6.436980531588278431e+00
6.436980531588280208e+00
6.436980531588278431e+00
6.436980531588278431e+00
6.436980531588277543e+00
6.436980531588277543e+00
6.436980531588280208e+00
6.436980531588279320e+00
6.436980531588284649e+00
6.436980531588262444e+00
6.436980531588273102e+00
6.436980531588280208e+00
6.436980531588277543e+00
6.436980531588283760e+00
6.436980531588286425e+00
6.436980531588262444e+00
6.436980531588277543e+00
6.436980531588283760e+00
6.436980531588286425e+00
6.436980531588264220e+00
6.436980531588273102e+00
6.436980531588281096e+00
6.436980531588280208e+00
6.436980531588280208e+00
6.436980531588281984e+00
6.436980531588281984e+00
6.436980531588281984e+00
6.436980531588285537e+00
6.436980531588263332e+00
6.436980531588273990e+00
6.436980531588281096e+00
6.436980531588282872e+00
6.436980531588283760e+00
6.436980531588280208e+00
6.436980531588281984e+00
6.436980531588280208e+00
6.436980531588280208e+00
6.436980531588279320e+00
6.436980531588277543e+00
6.436980531588278431e+00
6.436980531588278431e+00
6.436980531588280208e+00
6.436980531588284649e+00
6.436980531588261556e+00
6.436980531588271326e+00
6.436980531588281096e+00
6.436980531588279320e+00
6.436980531588279320e+00
6.436980531588281096e+00
6.436980531588284649e+00
6.436980531588262444e+00
6.436980531588270438e+00
6.436980531588281984e+00
6.436980531588286425e+00
6.436980531588264220e+00
6.436980531588272214e+00
6.436980531588282872e+00
6.436980531588280208e+00
6.436980531588279320e+00
6.436980531588281096e+00
6.436980531588280208e+00
6.436980531588279320e+00
6.436980531588279320e+00
6.436980531588280208e+00
6.436980531588281984e+00
6.436980531588281984e+00
6.436980531588285537e+00
6.436980531588264220e+00
6.436980531588271326e+00
6.436980531588278431e+00
6.436980531588280208e+00
6.436980531588281984e+00
6.436980531588279320e+00
6.436980531588279320e+00
6.436980531588279320e+00
6.436980531588284649e+00
6.436980531588262444e+00
6.436980531588272214e+00
6.436980531588277543e+00
6.436980531588278431e+00
6.436980531588279320e+00
6.436980531588278431e+00
6.436980531588277543e+00
6.436980531588280208e+00
6.436980531588280208e+00
6.436980531588281984e+00
6.436980531588281984e+00
6.436980531588281984e+00
6.436980531588285537e+00
6.436980531588262444e+00
6.436980531588277543e+00
6.436980531588277543e+00
6.436980531588278431e+00
6.436980531588280208e+00
6.436980531588278431e+00
6.436980531588280208e+00
6.436980531588280208e+00
6.436980531588283760e+00
6.436980531588286425e+00
6.436980531588262444e+00
6.436980531588277543e+00
6.436980531588278431e+00
6.436980531588279320e+00
6.436980531588283760e+00
6.436980531588285537e+00
6.436980531588264220e+00
6.436980531588272214e+00
6.436980531588281984e+00
6.436980531588285537e+00
6.436980531588261556e+00
6.436980531588274879e+00
6.436980531588281984e+00
6.436980531588284649e+00
6.436980531588262444e+00
6.436980531588273102e+00
6.436980531588281984e+00
6.436980531588279320e+00
6.436980531588284649e+00
6.436980531588260668e+00
6.436980531588269550e+00
6.436980531588281096e+00
6.436980531588285537e+00
6.436980531588263332e+00
6.436980531588271326e+00
6.436980531588280208e+00
6.436980531588282872e+00
6.436980531588281096e+00
6.436980531588279320e+00
6.436980531588277543e+00
6.436980531588276655e+00
6.436980531588276655e+00
6.436980531588278431e+00
6.436980531588277543e+00
6.436980531588276655e+00
6.436980531588275767e+00
6.436980531588281984e+00
6.436980531588284649e+00
6.436980531588262444e+00
6.436980531588273102e+00
1.000000000000000000e+01
1.000000000000000000e+01
1.000000000000000000e+01
1.000000000000000000e+01
1.000000000000000000e+01
1.000000000000000000e+01
1.000000000000000000e+01
1.000000000000000000e+01
1.000000000000000000e+01
1.000000000000000000e+01
1.000000000000000000e+01
1.000000000000000000e+01
1.000000000000000000e+01
1.000000000000000000e+01
1.000000000000000000e+01
1.000000000000000000e+01
1.000000000000000000e+01
1.000000000000000000e+01
1.000000000000000000e+01
1.000000000000000000e+01
1.000000000000000000e+01
1.000000000000000000e+01
1.000000000000000000e+01
1.000000000000000000e+01
1.000000000000000000e+01
1.000000000000000000e+01
1.000000000000000000e+01
1.000000000000000000e+01
1.000000000000000000e+01
1.000000000000000000e+01
1.000000000000000000e+01
1.000000000000000000e+01
1.000000000000000000e+01
1.000000000000000000e+01
1.000000000000000000e+01
1.000000000000000000e+01
1.000000000000000000e+01
1.000000000000000000e+01
1.000000000000000000e+01
1.000000000000000000e+01
1.000000000000000000e+01
1.000000000000000000e+01
1.000000000000000000e+01
1.000000000000000000e+01
1.000000000000000000e+01
1.000000000000000000e+01
1.000000000000000000e+01
1.000000000000000000e+01
1.000000000000000000e+01
1.000000000000000000e+01
1.000000000000000000e+01
1.000000000000000000e+01
1.000000000000000000e+01
1.000000000000000000e+01
1.000000000000000000e+01
1.000000000000000000e+01
1.000000000000000000e+01
1.000000000000000000e+01
1.000000000000000000e+01
1.000000000000000000e+01
1.000000000000000000e+01
1.000000000000000000e+01
1.000000000000000000e+01
1.000000000000000000e+01
1.000000000000000000e+01
1.000000000000000000e+01
1.000000000000000000e+01
1.000000000000000000e+01
1.000000000000000000e+01
1.000000000000000000e+01
1.000000000000000000e+01
1.000000000000000000e+01
1.000000000000000000e+01
1.000000000000000000e+01
1.000000000000000000e+01
1.000000000000000000e+01
1.000000000000000000e+01
1.000000000000000000e+01
1.000000000000000000e+01
1.000000000000000000e+01
1.000000000000000000e+01
1.000000000000000000e+01
1.000000000000000000e+01
1.000000000000000000e+01
1.000000000000000000e+01
1.000000000000000000e+01
1.000000000000000000e+01
1.000000000000000000e+01
1.000000000000000000e+01
1.000000000000000000e+01
1.000000000000000000e+01
1.000000000000000000e+01
1.000000000000000000e+01
1.000000000000000000e+01
1.000000000000000000e+01
1.000000000000000000e+01
1.000000000000000000e+01
1.000000000000000000e+01
1.000000000000000000e+01
1.000000000000000000e+01
1.000000000000000000e+01
1.000000000000000000e+01
1.000000000000000000e+01
1.000000000000000000e+01
9.975574479680968665e+00
9.879984129219257838e+00
9.770379626278788976e+00
9.675312853014672143e+00
9.604943938203405196e+00
9.559168148634386242e+00
9.533252046460782836e+00
9.521267885204427017e+00
9.517876548423549465e+00
9.519022811953808727e+00
9.522005584314248594e+00
9.525251690432513740e+00
9.527998536046379030e+00
9.529995889896545336e+00
9.531273181347872381e+00
9.531981050199600958e+00
9.532296170425130555e+00
9.532373383667289701e+00
9.532328144353574118e+00
9.532236066212071535e+00
9.532140321449517728e+00
9.532061159928693073e+00
9.532004592492937078e+00
9.531969035806772794e+00
9.531949769329381539e+00
9.531941551265605383e+00
9.531939902562111655e+00
9.531941543048427334e+00
9.531944360508047609e+00
9.531947174124390187e+00
9.531949449878405645e+00
9.531951048418569883e+00
9.531952035677358381e+00
9.531952557990214459e+00
9.531952770220758708e+00
9.531952801586223600e+00
9.531952745067377109e+00
9.531952659518292847e+00
9.531952577123412595e+00
9.531952511856852439e+00
9.531952466783483402e+00
9.531952439443424296e+00
9.531952425343678925e+00
9.531952419926714271e+00
9.531952419474020388e+00
9.531952421355720517e+00
9.531952423936100871e+00
9.531952426341135265e+00
9.531952428208375849e+00
9.531952429476387323e+00
9.531952430231312334e+00
9.531952430610157734e+00
9.531952430746461147e+00
9.531952430747013594e+00
9.531952430685924682e+00
9.531952430608436444e+00
9.531952430538472854e+00
9.531952430485070238e+00
9.531952430449358360e+00
9.531952430428633605e+00
9.531952430418611399e+00
9.531952430415330468e+00
9.531952430415630673e+00
9.531952430417618416e+00
9.531952430419849520e+00
9.531952430421867462e+00
9.531952430423469735e+00
9.531952430424572853e+00
9.531952430425198131e+00
9.531952430425489453e+00
9.531952430425594258e+00
9.531952430425580047e+00
9.531952430425500111e+00
9.531952430425420175e+00
9.531952430425370437e+00
9.531952430425320699e+00
9.531952430425281619e+00
9.531952430425121747e+00
9.531952430424922795e+00
9.531952430424889045e+00
9.531952430424967204e+00
9.531952430425038258e+00
9.531952430425066680e+00
9.531952430424976086e+00
9.531952430424995626e+00
9.531952430425048917e+00
9.531952430425073786e+00
9.531952430424976086e+00
9.531952430424992073e+00
9.531952430425047140e+00
9.531952430425089773e+00
9.531952430425125300e+00
9.531952430425135958e+00
9.531952430425132405e+00
9.531952430425130629e+00
9.531952430425128853e+00
9.531952430425134182e+00
9.531952430425132405e+00
9.531952430425130629e+00
9.531952430425128853e+00
9.531952430425134182e+00
9.531952430425132405e+00
9.531952430425130629e+00
9.531952430425128853e+00
9.531952430425135958e+00
9.531952430425148393e+00
9.531952430425056022e+00
9.531952430425020495e+00
9.531952430425050693e+00
9.531952430425068457e+00
9.531952430424970757e+00
9.531952430424997402e+00
9.531952430425048917e+00
9.531952430425073786e+00
9.531952430424970757e+00
9.531952430424983191e+00
9.531952430425036482e+00
9.531952430425063127e+00
9.531952430424974310e+00
9.531952430424995626e+00
9.531952430425047140e+00
9.531952430425073786e+00
9.531952430424977862e+00
9.531952430424986744e+00
9.531952430425038258e+00
9.531952430425068457e+00
9.531952430424976086e+00
9.531952430424984968e+00
9.531952430425050693e+00
9.531952430425073786e+00
9.531952430424976086e+00
9.531952430424984968e+00
9.531952430425048917e+00
9.531952430425073786e+00
9.531952430424976086e+00
9.531952430424992073e+00
9.531952430425048917e+00
9.531952430425070233e+00
9.531952430424974310e+00
9.531952430424995626e+00
9.531952430425047140e+00
9.531952430425072009e+00
9.531952430424976086e+00
9.531952430424986744e+00
9.531952430425050693e+00
9.531952430425075562e+00
9.531952430424977862e+00
9.531952430424992073e+00
9.531952430425048917e+00
9.531952430425075562e+00
9.531952430424972533e+00
9.531952430424993850e+00
9.531952430425048917e+00
9.531952430425077338e+00
9.531952430424970757e+00
9.531952430424997402e+00
9.531952430425048917e+00
9.531952430425073786e+00
9.531952430424976086e+00
9.531952430424997402e+00
9.531952430425048917e+00
9.531952430425073786e+00
9.531952430424974310e+00
9.531952430424995626e+00
9.531952430425054246e+00
9.531952430425080891e+00
9.531952430425112865e+00
9.531952430425102207e+00
9.531952430425096878e+00
9.531952430424984968e+00
9.531952430424915690e+00
9.531952430424974310e+00
9.531952430425040035e+00
9.531952430425072009e+00
9.531952430424974310e+00
9.531952430424995626e+00
9.531952430425047140e+00
9.531952430425073786e+00
9.531952430424977862e+00
9.531952430424986744e+00
9.531952430425050693e+00
9.531952430425073786e+00
9.531952430424976086e+00
9.531952430424984968e+00
9.531952430425048917e+00
9.531952430425073786e+00
9.531952430424976086e+00
9.531952430424990297e+00
9.531952430425054246e+00
9.531952430425093326e+00
9.531952430425128853e+00
9.531952430425128853e+00
9.531952430425128853e+00
9.531952430425128853e+00
9.531952430425127076e+00
9.531952430425132405e+00
0.000000000000000000e+00
0.000000000000000000e+00
0.000000000000000000e+00
0.000000000000000000e+00
0.000000000000000000e+00
0.000000000000000000e+00
0.000000000000000000e+00
0.000000000000000000e+00
0.000000000000000000e+00
0.000000000000000000e+00
0.000000000000000000e+00
0.000000000000000000e+00
0.000000000000000000e+00
0.000000000000000000e+00
0.000000000000000000e+00
0.000000000000000000e+00
0.000000000000000000e+00
0.000000000000000000e+00
0.000000000000000000e+00
0.000000000000000000e+00
0.000000000000000000e+00
0.000000000000000000e+00
0.000000000000000000e+00
0.000000000000000000e+00
0.000000000000000000e+00
0.000000000000000000e+00
0.000000000000000000e+00
0.000000000000000000e+00
0.000000000000000000e+00
0.000000000000000000e+00
0.000000000000000000e+00
0.000000000000000000e+00
0.000000000000000000e+00
0.000000000000000000e+00
0.000000000000000000e+00
0.000000000000000000e+00
0.000000000000000000e+00
0.000000000000000000e+00
0.000000000000000000e+00
0.000000000000000000e+00
0.000000000000000000e+00
0.000000000000000000e+00
0.000000000000000000e+00
0.000000000000000000e+00
0.000000000000000000e+00
0.000000000000000000e+00
0.000000000000000000e+00
0.000000000000000000e+00
0.000000000000000000e+00
4.370986286795835490e-09
5.609859480917495089e-01
1.414292594483976373e+00
2.209174056647242868e+00
2.799684519804121141e+00
3.165805475299161120e+00
3.348770825692590769e+00
3.408189876433434407e+00
3.398604434412785036e+00
3.360056612574406021e+00
3.317084426456295976e+00
3.281741041400003223e+00
3.257751956019448780e+00
3.244253982713948492e+00
3.238508491358826014e+00
3.237544766042678379e+00
3.238952623044747181e+00
3.241114370774130560e+00
3.243131842078169402e+00
3.244632499364167089e+00
3.245564092156108860e+00
3.246030508674339732e+00
3.246182757726817414e+00
3.246159275308705183e+00
3.246061826895769276e+00
3.245952855761575773e+00
3.245863093612948447e+00
3.245802093394415166e+00
3.245767720700413417e+00
3.245753050124611683e+00
3.245750547263527519e+00
3.245754090467302344e+00
3.245759565921552792e+00
3.245764686278359346e+00
3.245768499858340039e+00
3.245770870265779706e+00
3.245772059203728244e+00
3.245772449242056101e+00
3.245772391765485931e+00
3.245772145407997744e+00
3.245771869068566406e+00
3.245771641097798366e+00
3.245771485986397753e+00
3.245771398458836110e+00
3.245771361001549948e+00
3.245771354505836648e+00
3.245771363423176403e+00
3.245771377292153481e+00
3.245771390287563118e+00
3.245771399978858440e+00
3.245771406010236504e+00
3.245771409040896671e+00
3.245771410040060090e+00
3.245771409899593340e+00
3.245771409276810182e+00
3.245771408576051620e+00
3.245771407997070312e+00
3.245771407602645375e+00
3.245771407379764106e+00
3.245771407284134824e+00
3.245771407267266095e+00
3.245771407289702815e+00
3.245771407324812952e+00
3.245771407357772365e+00
3.245771407382400664e+00
3.245771407397761710e+00
3.245771407405507070e+00
3.245771407408080123e+00
3.245771407407733289e+00
3.245771407406166542e+00
3.245771407404393294e+00
3.245771407402942010e+00
3.245771407401951247e+00
3.245771407401379260e+00
3.245771407401129238e+00
3.245771407401091935e+00
3.245771407401151887e+00
3.245771407401235820e+00
3.245771407401327302e+00
3.245771407401391695e+00
3.245771407401433883e+00
3.245771407401450315e+00
3.245771407401455200e+00
3.245771407401450315e+00
3.245771407401439212e+00
3.245771407401432551e+00
3.245771407401427666e+00
3.245771407401432551e+00
3.245771407401428998e+00
3.245771407401428110e+00
3.245771407401430331e+00
3.245771407401427222e+00
3.245771407401431219e+00
3.245771407401428998e+00
3.245771407401425446e+00
3.245771407401428110e+00
3.245771407401436104e+00
3.245771407401441433e+00
3.245771407401432551e+00
3.245771407401428110e+00
3.245771407401430775e+00
3.245771407401428554e+00
3.245771407401432551e+00
3.245771407401427666e+00
3.245771407401428998e+00
3.245771407401426778e+00
3.245771407401430775e+00
3.245771407401427666e+00
3.245771407401429887e+00
3.245771407401426778e+00
3.245771407401429443e+00
3.245771407401426778e+00
3.245771407401428998e+00
3.245771407401425890e+00
3.245771407401428554e+00
3.245771407401436548e+00
3.245771407401441433e+00
3.245771407401433439e+00
3.245771407401428554e+00
3.245771407401428554e+00
3.245771407401436548e+00
3.245771407401441877e+00
3.245771407401432995e+00
3.245771407401428554e+00
3.245771407401430775e+00
3.245771407401428998e+00
3.245771407401425890e+00
3.245771407401430775e+00
3.245771407401428110e+00
3.245771407401431219e+00
3.245771407401426778e+00
3.245771407401428110e+00
3.245771407401440545e+00
3.245771407401433883e+00
3.245771407401428110e+00
3.245771407401429443e+00
3.245771407401426778e+00
3.245771407401428998e+00
3.245771407401428110e+00
3.245771407401430331e+00
3.245771407401426334e+00
3.245771407401431219e+00
3.245771407401427666e+00
3.245771407401429887e+00
3.245771407401427222e+00
3.245771407401431663e+00
3.245771407401427222e+00
3.245771407401429443e+00
3.245771407401426334e+00
3.245771407401428998e+00
3.245771407401425890e+00
3.245771407401430775e+00
3.245771407401428554e+00
3.245771407401429443e+00
3.245771407401425890e+00
3.245771407401430775e+00
3.245771407401427222e+00
3.245771407401431663e+00
3.245771407401428554e+00
3.245771407401432551e+00
3.245771407401428554e+00
3.245771407401429887e+00
3.245771407401427666e+00
3.245771407401429443e+00
3.245771407401426334e+00
3.245771407401431663e+00
3.245771407401427666e+00
3.245771407401429443e+00
3.245771407401425890e+00
3.245771407401430775e+00
3.245771407401427222e+00
3.245771407401428554e+00
3.245771407401439657e+00
3.245771407401443209e+00
3.245771407401432995e+00
3.245771407401428554e+00
3.245771407401432551e+00
3.245771407401427666e+00
3.245771407401428998e+00
3.245771407401426334e+00
3.245771407401429443e+00
3.245771407401426334e+00
3.245771407401428998e+00
3.245771407401425890e+00
3.245771407401428554e+00
3.245771407401440545e+00
3.245771407401433883e+00
3.245771407401428998e+00
3.245771407401426334e+00
3.245771407401429887e+00
3.245771407401428110e+00
3.245771407401432551e+00
3.245771407401428998e+00
3.245771407401425890e+00
3.245771407401428554e+00
3.245771407401436104e+00
3.245771407401440545e+00
3.245771407401433883e+00
3.245771407401428998e+00
3.245771407401425890e+00
3.245771407401428554e+00
3.245771407401436548e+00
3.245771407401441433e+00
3.245771407401432107e+00
3.245771407401427222e+00
3.245771407401429443e+00
3.245771407401427222e+00
3.245771407401431663e+00
3.245771407401428554e+00
3.245771407401429443e+00
3.245771407401427222e+00
3.245771407401428998e+00
3.245771407401426334e+00
3.245771407401429443e+00
3.245771407401426778e+00
3.245771407401428554e+00
3.245771407401440989e+00
3.245771407401432995e+00
3.245771407401428998e+00
3.245771407401427222e+00
3.245771407401431219e+00
3.245771407401428110e+00
3.245771407401430775e+00
3.245771407401427222e+00
3.245771407401428554e+00
3.245771407401439657e+00
3.245771407401442765e+00
3.245771407401435216e+00
3.245771407401429443e+00
3.245771407401425890e+00
3.245771407401429443e+00
3.245771407401426778e+00
3.245771407401430775e+00
3.245771407401427666e+00
3.245771407401430331e+00
3.245771407401427222e+00
3.245771407401428554e+00
3.245771407401436548e+00
3.245771407401444097e+00
3.245771407401435216e+00
3.245771407401430331e+00
3.245771407401426334e+00
3.245771407401431219e+00
3.245771407401428554e+00
3.245771407401430331e+00
3.245771407401426334e+00
3.245771407401431219e+00
3.245771407401427222e+00
3.245771407401428998e+00
3.245771407401425890e+00
