7.064317971206876656e+00
1.000000000000000000e+01
1.000000000000000000e+01
1.000000000000000000e+01
1.000000000000000000e+01
1.000000000000000000e+01
1.000000000000000000e+01
1.000000000000000000e+01
1.000000000000000000e+01
1.000000000000000000e+01
1.000000000000000000e+01
1.000000000000000000e+01
1.000000000000000000e+01
1.000000000000000000e+01
1.000000000000000000e+01
1.000000000000000000e+01
1.000000000000000000e+01
1.000000000000000000e+01
1.000000000000000000e+01
1.000000000000000000e+01
9.882115048731822782e+00
9.600166704208781709e+00
9.212971617785994383e+00
8.765491757384033633e+00
8.292050996148919495e+00
7.819360608567439641e+00
7.364829660312695481e+00
6.940165463530328260e+00
6.552583977038562324e+00
6.205837557168705665e+00
5.901074727818143906e+00
5.637548605691395487e+00
5.413273362899636787e+00
5.225420462262596821e+00
5.070441538917154212e+00
4.944595116752053876e+00
4.844140612204605567e+00
4.765476388980145472e+00
4.705232875443157603e+00
4.660330278950798544e+00
4.628008955953046843e+00
4.605839188710386445e+00
4.591715959296682747e+00
4.583843219940807678e+00
4.580711277590810759e+00
4.581070108030741217e+00
4.583900759127302216e+00
4.588386450567774055e+00
4.593884525679958308e+00
4.599900046589376679e+00
4.606061535333298984e+00
4.612099139470990927e+00
4.617825330891497160e+00
4.623118121577950212e+00
4.627906690548788227e+00
4.632159263707924524e+00
4.635873037836319988e+00
4.639065936720776939e+00
4.641769978904929594e+00
4.644026031738023086e+00
4.645879751690737081e+00
4.647378517066692361e+00
4.648569178756705611e+00
4.649496480799259146e+00
4.650202009333280984e+00
4.650723573314987647e+00
4.651094890343939525e+00
4.651345518788878586e+00
4.651500963243948128e+00
4.651582899479116406e+00
4.651609476141254085e+00
4.651595659939102845e+00
4.651553599021973184e+00
4.651492985875668396e+00
4.651421406457590280e+00
4.651344666627371005e+00
4.651267090345442945e+00
4.651191786748241519e+00
4.651120885192549181e+00
4.651055738807128748e+00
4.650997098097002791e+00
4.650945256820019580e+00
4.650900172710538349e+00
4.650861565853719348e+00
4.650828997502167717e+00
4.650801932057567534e+00
4.650779784773892089e+00
4.650761957542366432e+00
4.650747864848545632e+00
4.650736951793499330e+00
4.650728705787067874e+00
4.650722663316125605e+00
4.650718412936239332e+00
4.650715595484427034e+00
4.650713902295664504e+00
4.650713072064161402e+00
4.650712886866103624e+00
4.650713167712112295e+00
4.650713769947690146e+00
4.650714578715493985e+00
4.650715504611049766e+00
4.650716479657194924e+00
4.650717453644044319e+00
4.650718390866530605e+00
4.650719267265611023e+00
4.650720067962493154e+00
4.650720785163894533e+00
4.650721416408799769e+00
4.650721963123200631e+00
4.650722429447518458e+00
4.650722821299449805e+00
4.650723145649246604e+00
4.650723409952663090e+00
4.650723621735425972e+00
4.650723788300932249e+00
4.650723916516137812e+00
4.650724012691567211e+00
4.650724082502200929e+00
4.650724130962795577e+00
4.650724162432684494e+00
4.650724180643452499e+00
4.650724188741818033e+00
4.650724189341787884e+00
4.650724184581491727e+00
4.650724176181235237e+00
4.650724165500284002e+00
4.650724153590608090e+00
4.650724141246532106e+00
4.650724129049596201e+00
4.650724117408349123e+00
4.650724106593092877e+00
4.650724096765721960e+00
4.650724088004959178e+00
4.650724080327414356e+00
4.650724073704861183e+00
4.650724068078202045e+00
4.650724063368550709e+00
4.650724059485832562e+00
4.650724056335365120e+00
4.650724053822663961e+00
4.650724051856880870e+00
4.650724050353121974e+00
4.650724049233879498e+00
4.650724048429745849e+00
4.650724047879672973e+00
4.650724047530803595e+00
4.650724047338064437e+00
4.650724047263604888e+00
4.650724047276095341e+00
4.650724047350024648e+00
4.650724047464960265e+00
4.650724047604836819e+00
4.650724047757298862e+00
4.650724047913083581e+00
4.650724048065475458e+00
4.650724048209817774e+00
4.650724048343094275e+00
4.650724048463561466e+00
4.650724048568426028e+00
4.650724048660339172e+00
4.650724048739629524e+00
4.650724048807003186e+00
4.650724048863406068e+00
4.650724048909911978e+00
4.650724048947654232e+00
4.650724048977764369e+00
4.650724048999290261e+00
4.650724049015944495e+00
4.650724049028515772e+00
4.650724049037712859e+00
4.650724049044168140e+00
4.650724049046403685e+00
4.650724049045546593e+00
4.650724049044553610e+00
4.650724049043501118e+00
4.650724049042445074e+00
4.650724049041431662e+00
4.650724049040480423e+00
4.650724049039606456e+00
4.650724049038828412e+00
4.650724049038136521e+00
4.650724049037538776e+00
4.650724049037028962e+00
4.650724049036599084e+00
4.650724049036241148e+00
4.650724049035948937e+00
4.650724049035715346e+00
4.650724049033496676e+00
4.650724049031984109e+00
4.650724049031031093e+00
4.650724049030509732e+00
4.650724049030310780e+00
4.650724049030350749e+00
4.650724049030563911e+00
4.650724049030888096e+00
4.650724049031279783e+00
4.650724049031706997e+00
4.650724049032141316e+00
4.650724049030536378e+00
4.650724049029566487e+00
4.650724049029085094e+00
4.650724049028969631e+00
4.650724049029120621e+00
4.650724049029452800e+00
4.650724049027874507e+00
4.650724049027022744e+00
4.650724049026721652e+00
4.650724049026822016e+00
4.650724049027203932e+00
4.650724049025736662e+00
4.650724049025046547e+00
4.650724049024933748e+00
4.650724049025237505e+00
4.650724049025822815e+00
4.650724049026591089e+00
4.650724049027457951e+00
4.650724049028363005e+00
4.650724049029263618e+00
4.650724049030125151e+00
4.650724049030924512e+00
4.650724049031655483e+00
4.650724049032310070e+00
4.650724049032889162e+00
4.650724049033386542e+00
4.650724049033812868e+00
4.650724049034170804e+00
4.650724049034464791e+00
4.650724049034700158e+00
4.650724049034890228e+00
4.650724049033009067e+00
4.650724049031751406e+00
4.650724049030985796e+00
4.650724049030596774e+00
4.650724049030493745e+00
4.650724049030593221e+00
4.650724049030836582e+00
4.650724049031174978e+00
4.650724049031566665e+00
4.650724049029951068e+00
4.650724049028997165e+00
4.650724049028548635e+00
4.650724049028475804e+00
4.650724049028675644e+00
4.650724049029062890e+00
4.650724049029567375e+00
4.650724049030133145e+00
4.650724049030725560e+00
4.650724049031316198e+00
4.650724049031881968e+00
4.650724049032411322e+00
4.650724049032894492e+00
4.650724049033324370e+00
4.650724049033702734e+00
4.650724049034029584e+00
4.650724049034312912e+00
4.650724049032517016e+00
4.650724049031336627e+00
4.650724049030646512e+00
4.650724049030324991e+00
4.650724049030284135e+00
4.650724049030436902e+00
4.650724049030722895e+00
4.650724049031095930e+00
4.650724049031516927e+00
4.650724049031954799e+00
4.650724049030356966e+00
4.650724049029403062e+00
4.650724049028938545e+00
4.650724049028843510e+00
4.650724049029014040e+00
4.650724049029366647e+00
4.650724049029837381e+00
4.650724049030373841e+00
4.650724049030935170e+00
4.650724049031496499e+00
4.650724049032033847e+00
4.650724049032535667e+00
4.650724049032995744e+00
4.650724049033405194e+00
4.650724049033765795e+00
4.650724049034080210e+00
4.650724049034350216e+00
4.650724049034574925e+00
4.650724049034761443e+00
4.650724049034912433e+00
4.650724049035027896e+00
4.650724049035120267e+00
4.650724049035192209e+00
4.650724049035249053e+00
4.650724049035293461e+00
4.650724049035324548e+00
4.650724049035345864e+00
4.650724049035358298e+00
4.650724049035365404e+00
4.650724049035366292e+00
4.650724049035365404e+00
4.650724049035360075e+00
4.650724049033317264e+00
4.650724049031932594e+00
4.650724049031070173e+00
4.650724049030613649e+00
6.593399883748649160e+00
9.887693217569104576e+00
1.000000000000000000e+01
1.000000000000000000e+01
1.000000000000000000e+01
1.000000000000000000e+01
1.000000000000000000e+01
1.000000000000000000e+01
1.000000000000000000e+01
1.000000000000000000e+01
1.000000000000000000e+01
1.000000000000000000e+01
1.000000000000000000e+01
1.000000000000000000e+01
1.000000000000000000e+01
1.000000000000000000e+01
1.000000000000000000e+01
1.000000000000000000e+01
1.000000000000000000e+01
1.000000000000000000e+01
1.000000000000000000e+01
1.000000000000000000e+01
1.000000000000000000e+01
1.000000000000000000e+01
1.000000000000000000e+01
1.000000000000000000e+01
1.000000000000000000e+01
1.000000000000000000e+01
1.000000000000000000e+01
1.000000000000000000e+01
1.000000000000000000e+01
1.000000000000000000e+01
1.000000000000000000e+01
9.989310650775092171e+00
9.901575422695938045e+00
9.761921115912910452e+00
9.590065442433028053e+00
9.401185828359142960e+00
9.207006398226171839e+00
9.015918304100997815e+00
8.833593360748832168e+00
8.663776453988898396e+00
8.508709545066988511e+00
8.369485674615839699e+00
8.246340874447506408e+00
8.138891787437760428e+00
8.046326399081539904e+00
7.967554780769310341e+00
7.901326165596391782e+00
7.846317952511256522e+00
7.801201672469197490e+00
7.764690244167753441e+00
7.735570260337669701e+00
7.712722502239166111e+00
7.695133337373043503e+00
7.681899223647875807e+00
7.672226155525415869e+00
7.665425509028942486e+00
7.660907461757371806e+00
7.658172912132495291e+00
7.656804603198784420e+00
7.656457981266751034e+00
7.656852181671753854e+00
7.657761406939465942e+00
7.659006898225851678e+00
7.660449584069393580e+00
7.661983479575108724e+00
7.663529840435119311e+00
7.665032058237213342e+00
7.666451260942245050e+00
7.667762561744572380e+00
7.668951904360373995e+00
7.670013439202732819e+00
7.670947381119345820e+00
7.671758257786132518e+00
7.672453525150073617e+00
7.673042463968743121e+00
7.673535339407115075e+00
7.673942773219017965e+00
7.674275273924188845e+00
7.674542908042425005e+00
7.674755083307565506e+00
7.674920414442312655e+00
7.675046654093764964e+00
7.675140673242491829e+00
7.675208479766611802e+00
7.675255258275742953e+00
7.675285430995955060e+00
7.675302721327077471e+00
7.675310227596235713e+00
7.675310495901522145e+00
7.675305591023149354e+00
7.675297163523769228e+00
7.675286511828528724e+00
7.675274638594122401e+00
7.675262301069917470e+00
7.675250055445507869e+00
7.675238295386663800e+00
7.675227285308608316e+00
7.675217187932483753e+00
7.675208086629049298e+00
7.675200008136827456e+00
7.675192936452339687e+00
7.675186825626422404e+00
7.675181609920874948e+00
7.675177211733529958e+00
7.675173547659385420e+00
7.675170533013974783e+00
7.675168085899202630e+00
7.675166127624410528e+00
7.675164585280957574e+00
7.675163392586062727e+00
7.675162490257561920e+00
7.675161825249237069e+00
7.675161352367198653e+00
7.675161032777984893e+00
7.675160833517967518e+00
7.675160726941948397e+00
7.675160690147391662e+00
7.675160704400941114e+00
7.675160754586275225e+00
7.675160828686166781e+00
7.675160917306622643e+00
7.675161013247379316e+00
7.675161111120305080e+00
7.675161207014924436e+00
7.675161298209114413e+00
7.675161382921988462e+00
7.675161460105231370e+00
7.675161529269197480e+00
7.675161590339548034e+00
7.675161643540868717e+00
7.675161689303280355e+00
7.675161728188800048e+00
7.675161760834261493e+00
7.675161787908034050e+00
7.675161810078051872e+00
7.675161827989075647e+00
7.675161842247173460e+00
7.675161853410044976e+00
7.675161861981742994e+00
7.675161868410766530e+00
7.675161873090565301e+00
7.675161876361862312e+00
7.675161878516060909e+00
7.675161879799360598e+00
7.675161880417295635e+00
7.675161880539334902e+00
7.675161880303382311e+00
7.675161879820107558e+00
7.675161879176966906e+00
7.675161878441816299e+00
7.675161877666234922e+00
7.675161876888425105e+00
7.675161876135693007e+00
7.675161875426677938e+00
7.675161874773163362e+00
7.675161874181656074e+00
7.675161873654681166e+00
7.675161873191814088e+00
7.675161872790588369e+00
7.675161872447082700e+00
7.675161872156539111e+00
7.675161871913737777e+00
7.675161871713328310e+00
7.675161871550044701e+00
7.675161871418842097e+00
7.675161871315025586e+00
7.675161871234307043e+00
7.675161871172841543e+00
7.675161871127206048e+00
7.675161871094435817e+00
7.675161871071981778e+00
7.675161871057653684e+00
7.675161871049624551e+00
7.675161871046360496e+00
7.675161871046594975e+00
7.675161871049322571e+00
7.675161871053727936e+00
7.675161871059192897e+00
7.675161871065208530e+00
7.675161871071429331e+00
7.675161871077558651e+00
7.675161871083431286e+00
7.675161871088918453e+00
7.675161871093957089e+00
7.675161871098493016e+00
7.675161871102495148e+00
7.675161871106000788e+00
7.675161871109037470e+00
7.675161871111631839e+00
7.675161871113814982e+00
7.675161871115645518e+00
7.675161871117142987e+00
7.675161871118366008e+00
7.675161871119328794e+00
7.675161871120079304e+00
7.675161871120677048e+00
7.675161871121131796e+00
7.675161871121457757e+00
7.675161871121670920e+00
7.675161871121795265e+00
7.675161871121863655e+00
7.675161871121883195e+00
7.675161871121878754e+00
7.675161871121858326e+00
7.675161871121808588e+00
7.675161871121753521e+00
7.675161871121692236e+00
7.675161871121629176e+00
7.675161871121559010e+00
7.675161871121495949e+00
7.675161871121424895e+00
7.675161871121360058e+00
7.675161871121307655e+00
7.675161871121266799e+00
7.675161871121232160e+00
7.675161871121209956e+00
7.675161871121193968e+00
7.675161871121182422e+00
7.675161871121171764e+00
7.675161871121173540e+00
7.675161871121182422e+00
7.675161871121189527e+00
7.675161871121189527e+00
7.675161871121189527e+00
7.675161871121185087e+00
7.675161871121183310e+00
7.675161871121179757e+00
7.675161871121186863e+00
7.675161871121187751e+00
7.675161871121186863e+00
7.675161871121182422e+00
7.675161871121181534e+00
7.675161871121178869e+00
7.675161871121185975e+00
7.675161871121185975e+00
7.675161871121186863e+00
7.675161871121183310e+00
7.675161871121180646e+00
7.675161871121187751e+00
7.675161871121193080e+00
7.675161871121192192e+00
7.675161871121191304e+00
7.675161871121185975e+00
7.675161871121183310e+00
7.675161871121180646e+00
7.675161871121187751e+00
7.675161871121187751e+00
7.675161871121186863e+00
7.675161871121182422e+00
7.675161871121181534e+00
7.675161871121178869e+00
7.675161871121185975e+00
7.675161871121185975e+00
7.675161871121186863e+00
7.675161871121183310e+00
7.675161871121181534e+00
7.675161871121177981e+00
7.675161871121185975e+00
7.675161871121186863e+00
7.675161871121187751e+00
7.675161871121185975e+00
7.675161871121183310e+00
7.675161871121180646e+00
7.675161871121187751e+00
7.675161871121187751e+00
7.675161871121186863e+00
7.675161871121183310e+00
7.675161871121180646e+00
7.675161871121187751e+00
7.675161871121193080e+00
7.675161871121192192e+00
7.675161871121191304e+00
7.675161871121185975e+00
7.675161871121183310e+00
7.675161871121180646e+00
7.675161871121187751e+00
7.675161871121186863e+00
7.675161871121185975e+00
7.675161871121184198e+00
7.675161871121182422e+00
7.675161871121177981e+00
7.675161871121185975e+00
7.675161871121186863e+00
7.675161871121186863e+00
7.675161871121183310e+00
7.675161871121181534e+00
7.675161871121178869e+00
7.675161871121186863e+00
7.675161871121185975e+00
7.675161871121186863e+00
7.675161871121183310e+00
7.675161871121180646e+00
7.675161871121187751e+00
7.675161871121193080e+00
7.675161871121191304e+00
7.675161871121190416e+00
7.675161871121185975e+00
7.675161871121183310e+00
0.000000000000000000e+00
0.000000000000000000e+00
0.000000000000000000e+00
1.107526121512242834e-01
3.999707206112445568e-01
8.078693698352520380e-01
1.286520201784525641e+00
1.798870731353591879e+00
2.317816144206708451e+00
2.824155103695710878e+00
3.303598660414094113e+00
3.746906423472205816e+00
4.148766481212061485e+00
4.506857084972610394e+00
4.821071350232811525e+00
5.093115274727129105e+00
5.325567985463707465e+00
5.521503647558001049e+00
5.684416870390546883e+00
5.817977311107326521e+00
5.925848447060360513e+00
6.011558586880034305e+00
6.078413734323750539e+00
6.129443408132691395e+00
6.167371893815608352e+00
6.194608649468611006e+00
6.213252704522632008e+00
6.225106904504507987e+00
6.231698604129842778e+00
6.234304279022956585e+00
6.233976017144542858e+00
6.231568417794025372e+00
6.227764812208929968e+00
6.223102064646202081e+00
6.217993482142571082e+00
6.212749553317018503e+00
6.207596399523936270e+00
6.202691940103057355e+00
6.198139848149544662e+00
6.194001429853655871e+00
6.190305608605831011e+00
6.187057196437083739e+00
6.184243647430511359e+00
6.181840492132780085e+00
6.179815638283008283e+00
6.178132699201283273e+00
6.176753545669141587e+00
6.175640142791514187e+00
6.174755905072149886e+00
6.174066570550978739e+00
6.173540760754383960e+00
6.173150272278745021e+00
6.172870172494663521e+00
6.172678749965125000e+00
6.172557364166292970e+00
6.172490229052847610e+00
6.172464156560891979e+00
6.172468281142764468e+00
6.172493780511574712e+00
6.172533603655131706e+00
6.172582213742273005e+00
6.172635350822896605e+00
6.172689817108135024e+00
6.172743286010531349e+00
6.172794134936649968e+00
6.172841300524861019e+00
6.172884156864633987e+00
6.172922412280921201e+00
6.172956022607426263e+00
6.172985121658678409e+00
6.173009966834704265e+00
6.173030893257592133e+00
6.173048278961342561e+00
6.173062520362830874e+00
6.173074012825521706e+00
6.173083135722811754e+00
6.173090244049960873e+00
6.173095662751870272e+00
6.173099683748054289e+00
6.173102564996963082e+00
6.173104531049551369e+00
6.173105774625083697e+00
6.173106458874658919e+00
6.173106720050189011e+00
6.173106670367107363e+00
6.173106400902857338e+00
6.173105984417491143e+00
6.173105478017990144e+00
6.173104925616021532e+00
6.173104360150855285e+00
6.173103805565379965e+00
6.173103278535704952e+00
6.173102789963338388e+00
6.173102346244867533e+00
6.173101950337748889e+00
6.173101602642708130e+00
6.173101301723921353e+00
6.173101044887893352e+00
6.173100828640920135e+00
6.173100649043729682e+00
6.173100501980138155e+00
6.173100383354833909e+00
6.173100289233613758e+00
6.173100215937566304e+00
6.173100160101086864e+00
6.173100118702040007e+00
6.173100089071006380e+00
6.173100068885254643e+00
6.173100056152081905e+00
6.173100049185146432e+00
6.173100046576679212e+00
6.173100047167718429e+00
6.173100050018007323e+00
6.173100054376739365e+00
6.173100059654942129e+00
6.173100065400002556e+00
6.173100071272680012e+00
6.173100077026625776e+00
6.173100082490496021e+00
6.173100087552541027e+00
6.173100092147457474e+00
6.173100096245373258e+00
6.173100099842751654e+00
6.173100102954951041e+00
6.173100105610221711e+00
6.173100107845026940e+00
6.173100109700362381e+00
6.173100111218995600e+00
6.173100112443434817e+00
6.173100113414481172e+00
6.173100114170248176e+00
6.173100114745603939e+00
6.173100115171823887e+00
6.173100115476533034e+00
6.173100115683762823e+00
6.173100115814120770e+00
6.173100115885038264e+00
6.173100115911051233e+00
6.173100115904140317e+00
6.173100115874007976e+00
6.173100115828394685e+00
6.173100115773386243e+00
6.173100115713646474e+00
6.173100115652657927e+00
6.173100115592962567e+00
6.173100115536325205e+00
6.173100115483886263e+00
6.173100115436302993e+00
6.173100115393891585e+00
6.173100115356671580e+00
6.173100115324483994e+00
6.173100115297036616e+00
6.173100115273944866e+00
6.173100115254777975e+00
6.173100115239090080e+00
6.173100115226449525e+00
6.173100115216429096e+00
6.173100115208634442e+00
6.173100115202709404e+00
6.173100115198320026e+00
6.173100115195186532e+00
6.173100115193061121e+00
6.173100115191722637e+00
6.173100115191000548e+00
6.173100115190742088e+00
6.173100115190814030e+00
6.173100115191127557e+00
6.173100115191604509e+00
6.173100115192177384e+00
6.173100115192798221e+00
6.173100115193434156e+00
6.173100115194054993e+00
6.173100115194647408e+00
6.173100115195193638e+00
6.173100115195694571e+00
6.173100115196135995e+00
6.173100115196525906e+00
6.173100115196863413e+00
6.173100115197152959e+00
6.173100115197392768e+00
6.173100115197589055e+00
6.173100115197750704e+00
6.173100115197878601e+00
6.173100115197985183e+00
6.173100115198061566e+00
6.173100115198114857e+00
6.173100115198156601e+00
6.173100115198185911e+00
6.173100115198207227e+00
6.173100115198214333e+00
6.173100115198210780e+00
6.173100115198198345e+00
6.173100115198184135e+00
6.173100115198173476e+00
6.173100115198164595e+00
6.173100115198159266e+00
6.173100115198155713e+00
6.173100115198153048e+00
6.173100115198150384e+00
6.173100115198148607e+00
6.173100115198147719e+00
6.173100115198146831e+00
6.173100115198141502e+00
6.173100115198133508e+00
6.173100115198124627e+00
6.173100115198120186e+00
6.173100115198118409e+00
6.173100115198120186e+00
6.173100115198122850e+00
6.173100115198125515e+00
6.173100115198132620e+00
6.173100115198129956e+00
6.173100115198125515e+00
6.173100115198124627e+00
6.173100115198124627e+00
6.173100115198127291e+00
6.173100115198125515e+00
6.173100115198125515e+00
6.173100115198128179e+00
6.173100115198126403e+00
6.173100115198121074e+00
6.173100115198119298e+00
6.173100115198120186e+00
6.173100115198121962e+00
6.173100115198124627e+00
6.173100115198130844e+00
6.173100115198129956e+00
6.173100115198125515e+00
6.173100115198124627e+00
6.173100115198124627e+00
6.173100115198128179e+00
6.173100115198126403e+00
6.173100115198121074e+00
6.173100115198119298e+00
6.173100115198120186e+00
6.173100115198121074e+00
6.173100115198123738e+00
6.173100115198129956e+00
6.173100115198129068e+00
6.173100115198124627e+00
6.173100115198124627e+00
6.173100115198125515e+00
6.173100115198128179e+00
6.173100115198126403e+00
6.173100115198121074e+00
6.173100115198119298e+00
6.173100115198121074e+00
6.173100115198122850e+00
6.173100115198126403e+00
6.173100115198124627e+00
6.173100115198124627e+00
6.173100115198127291e+00
6.173100115198125515e+00
6.173100115198126403e+00
6.173100115198122850e+00
6.173100115198122850e+00
6.173100115198123738e+00
6.173100115198127291e+00
6.173100115198125515e+00
6.173100115198125515e+00
6.173100115198128179e+00
6.173100115198126403e+00
6.173100115198121074e+00
6.173100115198120186e+00
6.173100115198121074e+00
6.173100115198121962e+00
6.173100115198125515e+00
6.173100115198131732e+00
6.173100115198129956e+00
6.173100115198125515e+00
6.173100115198124627e+00
6.173100115198124627e+00
6.173100115198128179e+00
6.173100115198126403e+00
6.173100115198121074e+00
6.173100115198119298e+00
6.173100115198120186e+00
6.173100115198121962e+00
6.173100115198125515e+00
6.173100115198131732e+00
6.173100115198130844e+00
6.173100115198126403e+00
6.173100115198119298e+00
6.173100115198115745e+00
6.173100115198115745e+00
6.173100115198117521e+00
6.173100115198121074e+00
6.173100115198123738e+00
6.173100115198130844e+00
6.173100115198129956e+00
6.173100115198125515e+00
6.173100115198124627e+00
6.173100115198124627e+00
6.173100115198127291e+00
6.173100115198125515e+00
6.173100115198125515e+00
6.173100115198128179e+00
6.173100115198126403e+00
6.173100115198121074e+00
6.173100115198120186e+00
7.067569528894841469e+00
1.000000000000000000e+01
1.000000000000000000e+01
1.000000000000000000e+01
1.000000000000000000e+01
1.000000000000000000e+01
1.000000000000000000e+01
1.000000000000000000e+01
1.000000000000000000e+01
1.000000000000000000e+01
1.000000000000000000e+01
1.000000000000000000e+01
1.000000000000000000e+01
1.000000000000000000e+01
1.000000000000000000e+01
1.000000000000000000e+01
1.000000000000000000e+01
1.000000000000000000e+01
1.000000000000000000e+01
1.000000000000000000e+01
1.000000000000000000e+01
1.000000000000000000e+01
1.000000000000000000e+01
1.000000000000000000e+01
1.000000000000000000e+01
1.000000000000000000e+01
1.000000000000000000e+01
1.000000000000000000e+01
1.000000000000000000e+01
1.000000000000000000e+01
1.000000000000000000e+01
1.000000000000000000e+01
1.000000000000000000e+01
1.000000000000000000e+01
1.000000000000000000e+01
1.000000000000000000e+01
1.000000000000000000e+01
1.000000000000000000e+01
1.000000000000000000e+01
1.000000000000000000e+01
1.000000000000000000e+01
1.000000000000000000e+01
1.000000000000000000e+01
1.000000000000000000e+01
1.000000000000000000e+01
1.000000000000000000e+01
1.000000000000000000e+01
1.000000000000000000e+01
1.000000000000000000e+01
1.000000000000000000e+01
1.000000000000000000e+01
1.000000000000000000e+01
1.000000000000000000e+01
1.000000000000000000e+01
1.000000000000000000e+01
1.000000000000000000e+01
1.000000000000000000e+01
1.000000000000000000e+01
1.000000000000000000e+01
1.000000000000000000e+01
1.000000000000000000e+01
1.000000000000000000e+01
1.000000000000000000e+01
1.000000000000000000e+01
1.000000000000000000e+01
1.000000000000000000e+01
1.000000000000000000e+01
1.000000000000000000e+01
1.000000000000000000e+01
1.000000000000000000e+01
1.000000000000000000e+01
9.979573798329834489e+00
9.937702703198677767e+00
9.881908992631087685e+00
9.818148663762833905e+00
9.750908654146899224e+00
9.683398002698170970e+00
9.617917107414307054e+00
9.556041792979163674e+00
9.498778602547830019e+00
9.446694431821089921e+00
9.400023566262534658e+00
9.358755071231358968e+00
9.322703262752376929e+00
9.291563782086798895e+00
9.264957546713352698e+00
9.242464596031396695e+00
9.223649603781158390e+00
9.208080604214949005e+00
9.195342249660658496e+00
9.185044737901183254e+00
9.176829339391229468e+00
9.170371326805318191e+00
9.165380943486470144e+00
9.161602947366549898e+00
9.158815143100524025e+00
9.156826256248134399e+00
9.155473388473509999e+00
9.154619268710666447e+00
9.154149449026887098e+00
9.153969543126784458e+00
9.154002601115605486e+00
9.154186658450967684e+00
9.154472492418715746e+00
9.154821600147052152e+00
9.155204401986054563e+00
9.155598664838400680e+00
9.155988132273257918e+00
9.156361355040223415e+00
9.156710685509798608e+00
9.157031458494829579e+00
9.157321277365960910e+00
9.157579448382307419e+00
9.157806519218475216e+00
9.158003904804759898e+00
9.158173594104502158e+00
9.158317917643437056e+00
9.158439375179138864e+00
9.158540504665875659e+00
9.158623787757123935e+00
9.158691584221426041e+00
9.158746089098640297e+00
9.158789307527804624e+00
9.158823043022019661e+00
9.158848895732477402e+00
9.158868267903249816e+00
9.158882374281970939e+00
9.158892255726836851e+00
9.158898794648452579e+00
9.158902731253691698e+00
9.158904679827470474e+00
9.158905144505695262e+00
9.158904534165500877e+00
9.158903176195106965e+00
9.158901329009962566e+00
9.158899193261795801e+00
9.158896921745085962e+00
9.158894628047212549e+00
9.158892394016556082e+00
9.158890276140809306e+00
9.158888310936747601e+00
9.158886519456871156e+00
9.158884911016826891e+00
9.158883486243727390e+00
9.158882239539170911e+00
9.158881161043110453e+00
9.158880238176628552e+00
9.158879456833219024e+00
9.158878802279872389e+00
9.158878259821117140e+00
9.158877815272122191e+00
9.158877455279618829e+00
9.158877167523813867e+00
9.158876940828578839e+00
9.158876765202382586e+00
9.158876631828613668e+00
9.158876533019958188e+00
9.158876462148663578e+00
9.158876413561854335e+00
9.158876382488934098e+00
9.158876364946443971e+00
9.158876357644183841e+00
9.158876357895353593e+00
9.158876363532517217e+00
9.158876372830484058e+00
9.158876384436716478e+00
9.158876397309354545e+00
9.158876410662628587e+00
9.158876423919556586e+00
9.158876436671260279e+00
9.158876448642381263e+00
9.158876459661973612e+00
9.158876469639267270e+00
9.158876478543746202e+00
9.158876486388942695e+00
9.158876493219407777e+00
9.158876499100344404e+00
9.158876504109551675e+00
9.158876508331319499e+00
9.158876511851774538e+00
9.158876514755485587e+00
9.158876517123154315e+00
9.158876519030068053e+00
9.158876520545168987e+00
9.158876521730583420e+00
9.158876522641534734e+00
9.158876523326494379e+00
9.158876523827498062e+00
9.158876524180628920e+00
9.158876524416550424e+00
9.158876524561005539e+00
9.158876524635374494e+00
9.158876524657229012e+00
9.158876524640859884e+00
9.158876524597753033e+00
9.158876524536971431e+00
9.158876524465556557e+00
9.158876524388908535e+00
9.158876524311027723e+00
9.158876524234855765e+00
9.158876524162396393e+00
9.158876524094981875e+00
9.158876524033379596e+00
9.158876523977960815e+00
9.158876523928780600e+00
9.158876523885677301e+00
9.158876523848334728e+00
9.158876523816321225e+00
9.158876523789173163e+00
9.158876523766394939e+00
9.158876523747505161e+00
9.158876523731992236e+00
9.158876523719429841e+00
9.158876523709368556e+00
9.158876523701430017e+00
9.158876523695267835e+00
9.158876523690567595e+00
9.158876523687075277e+00
9.158876523684565285e+00
9.158876523682835114e+00
9.158876523681714232e+00
9.158876523681058757e+00
9.158876523680774540e+00
9.158876523680746118e+00
9.158876523680914872e+00
9.158876523681220405e+00
9.158876523681598769e+00
9.158876523682025095e+00
9.158876523682454973e+00
9.158876523682891957e+00
9.158876523683305848e+00
9.158876523683710857e+00
9.158876523684099880e+00
9.158876523684453375e+00
9.158876523684758908e+00
9.158876523685028914e+00
9.158876523685265170e+00
9.158876523685464122e+00
9.158876523685639981e+00
9.158876523685790971e+00
9.158876523685913540e+00
9.158876523686020121e+00
9.158876523686108939e+00
9.158876523686194204e+00
9.158876523686265259e+00
9.158876523686325655e+00
9.158876523686361182e+00
9.158876523686389604e+00
9.158876523686416249e+00
9.158876523686434012e+00
9.158876523686448223e+00
9.158876523686446447e+00
9.158876523686434012e+00
9.158876523686416249e+00
9.158876523686403814e+00
9.158876523686398485e+00
9.158876523686391380e+00
9.158876523686391380e+00
9.158876523686377169e+00
9.158876523686373616e+00
9.158876523686386051e+00
9.158876523686384274e+00
9.158876523686387827e+00
9.158876523686386051e+00
9.158876523686389604e+00
9.158876523686391380e+00
9.158876523686389604e+00
9.158876523686382498e+00
9.158876523686389604e+00
9.158876523686391380e+00
9.158876523686394933e+00
9.158876523686387827e+00
9.158876523686386051e+00
9.158876523686394933e+00
9.158876523686398485e+00
9.158876523686405591e+00
9.158876523686405591e+00
9.158876523686403814e+00
9.158876523686410920e+00
9.158876523686416249e+00
9.158876523686418025e+00
9.158876523686421578e+00
9.158876523686425131e+00
9.158876523686428683e+00
9.158876523686430460e+00
9.158876523686430460e+00
9.158876523686430460e+00
9.158876523686430460e+00
9.158876523686430460e+00
9.158876523686430460e+00
9.158876523686430460e+00
9.158876523686430460e+00
9.158876523686430460e+00
9.158876523686430460e+00
9.158876523686430460e+00
9.158876523686430460e+00
9.158876523686430460e+00
9.158876523686430460e+00
9.158876523686430460e+00
9.158876523686430460e+00
0.000000000000000000e+00
0.000000000000000000e+00
0.000000000000000000e+00
0.000000000000000000e+00
0.000000000000000000e+00
0.000000000000000000e+00
0.000000000000000000e+00
0.000000000000000000e+00
0.000000000000000000e+00
0.000000000000000000e+00
0.000000000000000000e+00
0.000000000000000000e+00
0.000000000000000000e+00
0.000000000000000000e+00
0.000000000000000000e+00
0.000000000000000000e+00
0.000000000000000000e+00
0.000000000000000000e+00
0.000000000000000000e+00
0.000000000000000000e+00
0.000000000000000000e+00
0.000000000000000000e+00
0.000000000000000000e+00
0.000000000000000000e+00
0.000000000000000000e+00
0.000000000000000000e+00
0.000000000000000000e+00
0.000000000000000000e+00
0.000000000000000000e+00
0.000000000000000000e+00
0.000000000000000000e+00
0.000000000000000000e+00
0.000000000000000000e+00
0.000000000000000000e+00
0.000000000000000000e+00
0.000000000000000000e+00
0.000000000000000000e+00
0.000000000000000000e+00
0.000000000000000000e+00
0.000000000000000000e+00
0.000000000000000000e+00
0.000000000000000000e+00
0.000000000000000000e+00
0.000000000000000000e+00
2.909278108886089939e-02
1.672245739248897911e-01
3.776492427215344949e-01
6.314656690606877953e-01
9.064568962277533837e-01
1.186466788383254256e+00
1.459607514051235011e+00
1.717341488891552359e+00
1.954189293967504959e+00
2.167058150366364178e+00
2.354672184073097529e+00
2.517097074721488692e+00
2.655350185662626927e+00
2.771086542043561529e+00
2.866350893509304498e+00
2.943386329510692345e+00
3.004490522503802108e+00
3.051911389507121264e+00
3.087774809349795202e+00
3.114037926655909949e+00
3.132462447118347537e+00
3.144603207463069428e+00
3.151807994431812698e+00
3.155225412331864376e+00
3.155818163520926145e+00
3.154379652538264800e+00
3.151552317599989106e+00
3.147846492563594278e+00
3.143658903377523295e+00
3.139290209478376781e+00
3.134961164494288077e+00
3.130827206689649422e+00
3.126991324473344935e+00
3.123515262577910789e+00
3.120429057043636156e+00
3.117739028897702713e+00
3.115434402691048099e+00
3.113492647335794228e+00
3.111883761765712020e+00
3.110573581697331225e+00
3.109526299742652267e+00
3.108706326232527850e+00
3.108079586901607794e+00
3.107614404950961973e+00
3.107282031134748657e+00
3.107056899221857460e+00
3.106916701145551407e+00
3.106842296158362160e+00
3.106817542785297537e+00
3.106829047540967004e+00
3.106865889438353179e+00
3.106919326532789238e+00
3.106982501005481012e+00
3.107050165950395293e+00
3.107118415187368754e+00
3.107184448774695795e+00
3.107246358931366359e+00
3.107302950481483528e+00
3.107353578655653870e+00
3.107398009336661104e+00
3.107436320543680353e+00
3.107468803666309842e+00
3.107495890570597830e+00
3.107518096358301118e+00
3.107535975455224975e+00
3.107550088876490424e+00
3.107560988785562639e+00
3.107569182106968864e+00
3.107575135096380947e+00
3.107579265643966693e+00
3.107581934521879141e+00
3.107583461218133447e+00
3.107584116931340734e+00
3.107584128069763807e+00
3.107583680465974219e+00
3.107582923937865615e+00
3.107581976920095634e+00
3.107580930967036803e+00
3.107579854990803359e+00
3.107578799147599824e+00
3.107577798323676532e+00
3.107576875203297728e+00
3.107576049538512741e+00
3.107575324998189892e+00
3.107574700292530689e+00
3.107574170655684309e+00
3.107573729033947352e+00
3.107573367018818811e+00
3.107573075854458189e+00
3.107572846000176359e+00
3.107572668600460997e+00
3.107572535336585506e+00
3.107572438592170805e+00
3.107572371543864342e+00
3.107572328487030688e+00
3.107572303856975360e+00
3.107572293570266542e+00
3.107572293586879031e+00
3.107572300928839848e+00
3.107572313196308222e+00
3.107572328493034330e+00
3.107572345353953658e+00
3.107572362677045952e+00
3.107572379952746378e+00
3.107572396236935042e+00
3.107572411188350259e+00
3.107572424615722362e+00
3.107572436441810027e+00
3.107572446673418476e+00
3.107572455668673683e+00
3.107572463438064148e+00
3.107572469744492860e+00
3.107572475059401818e+00
3.107572479464411064e+00
3.107572483052635004e+00
3.107572485629956027e+00
3.107572487389131499e+00
3.107572488498763441e+00
3.107572489103774593e+00
3.107572489326656306e+00
3.107572489269243121e+00
3.107572489014743589e+00
3.107572488629917640e+00
3.107572488167264613e+00
3.107572487667108252e+00
3.107572487159569796e+00
3.107572486666349221e+00
3.107572486202320405e+00
3.107572485776938453e+00
3.107572485395431627e+00
3.107572485351643543e+00
3.107572485549670471e+00
3.107572485620190506e+00
3.107572485597331013e+00
3.107572485508958593e+00
3.107572485377411375e+00
3.107572485512046345e+00
3.107572485538942608e+00
3.107572485488197866e+00
3.107572485384203720e+00
3.107572485246357097e+00
3.107572485089754366e+00
3.107572484925849921e+00
3.107572484763073906e+00
3.107572484607376673e+00
3.107572484462716389e+00
3.107572484331476037e+00
3.107572484506649690e+00
3.107572484601131446e+00
3.107572484634598009e+00
3.107572484915201994e+00
3.107572485068896828e+00
3.107572485126428585e+00
3.107572485113368810e+00
3.107572485050620781e+00
3.107572484954960856e+00
3.107572484839585591e+00
3.107572484714641980e+00
3.107572484587715067e+00
3.107572484464267593e+00
3.107572484348053443e+00
3.107572484533273283e+00
3.107572484633873700e+00
3.107572484962238590e+00
3.107572485148079711e+00
3.107572485225420067e+00
3.107572485222632075e+00
3.107572485162972242e+00
3.107572485065175361e+00
3.107572484944033153e+00
3.107572484810961821e+00
3.107572484674541169e+00
3.107572484540996438e+00
3.107572484414642844e+00
3.107572484298276372e+00
3.107572484193494855e+00
3.107572484100991073e+00
3.107572484020783676e+00
3.107572484244220945e+00
3.107572484383136047e+00
3.107572484748409636e+00
3.107572484968736060e+00
3.107572485369318738e+00
3.107572485590814448e+00
3.107572485676433516e+00
3.107572485662141393e+00
3.107572485577358545e+00
3.107572485445725619e+00
3.107572485285855723e+00
3.107572485112071181e+00
3.107572484935091417e+00
3.107572484762664899e+00
3.107572484891931719e+00
3.107572484938919466e+00
3.107572484925592793e+00
3.107572484869892904e+00
3.107572484786211398e+00
3.107572484685861891e+00
3.107572484869338236e+00
3.107572484955742453e+00
3.107572484969789439e+00
3.107572484931848233e+00
3.107572484858404316e+00
3.107572484762548548e+00
3.107572484654455014e+00
3.107572484541825997e+00
3.107572484722127104e+00
3.107572485103759607e+00
3.107572485322021016e+00
3.107572485415704300e+00
3.107572485417196440e+00
3.107572485353082392e+00
3.107572485244793015e+00
3.107572485109266314e+00
3.107572484959595371e+00
3.107572485097452208e+00
3.107572485142622742e+00
3.107572485120149608e+00
3.107572485050447142e+00
3.107572484949849390e+00
3.107572484831160331e+00
3.107572484704185012e+00
3.107572484576212268e+00
3.107572484452464145e+00
3.107572484336488028e+00
3.107572484230509247e+00
3.107572484135728175e+00
3.107572484052560036e+00
3.107572483980857836e+00
3.107572483920070905e+00
3.107572483869390112e+00
3.107572484119660583e+00
3.107572484574265825e+00
3.107572484864823625e+00
3.107572485027536136e+00
3.107572485384888061e+00
3.107572485575047505e+00
3.107572485638991466e+00
3.107572485610730517e+00
3.107572485809809493e+00
3.107572485871047618e+00
3.107572486123728162e+00
3.107572486210977480e+00
3.107572486177238691e+00
3.107572486350583141e+00
3.107572486372673470e+00
3.107572486286369617e+00
3.107572486126321198e+00
3.107572485920007122e+00
3.107572485688752106e+00
3.107572485448676147e+00
3.107572485211584468e+00
3.107572484985755779e+00
3.107572484776640831e+00
3.107572484879282726e+00
