7.061913195168486368e+00
1.000000000000000000e+01
1.000000000000000000e+01
1.000000000000000000e+01
1.000000000000000000e+01
1.000000000000000000e+01
1.000000000000000000e+01
1.000000000000000000e+01
1.000000000000000000e+01
1.000000000000000000e+01
1.000000000000000000e+01
1.000000000000000000e+01
1.000000000000000000e+01
1.000000000000000000e+01
1.000000000000000000e+01
1.000000000000000000e+01
1.000000000000000000e+01
1.000000000000000000e+01
1.000000000000000000e+01
1.000000000000000000e+01
9.866291677169613195e+00
9.576552338874895653e+00
9.187021353273747692e+00
8.740703059346419224e+00
8.270427526601611845e+00
7.801859354224531806e+00
7.351692846153629723e+00
6.931167341962049200e+00
6.547218249897040820e+00
6.203455606751171914e+00
5.900983863196582746e+00
5.639078564343397382e+00
5.415781907252100957e+00
5.228397896882174933e+00
5.073475386229932660e+00
4.947369306080171114e+00
4.846428663556408445e+00
4.767130997282518656e+00
4.706173716743379032e+00
4.660531328534962547e+00
4.627486237935403146e+00
4.604639549984150371e+00
4.589907189719863112e+00
4.581505700241687684e+00
4.577931163387583879e+00
4.577933984781688004e+00
4.580491639678705873e+00
4.584780952948960930e+00
4.590151053897988831e+00
4.596097796150292680e+00
4.602240153785771781e+00
4.608298887024777635e+00
4.614077604459418502e+00
4.619446225426787400e+00
4.624326757263920840e+00
4.628681244980034748e+00
4.632501708227167114e+00
4.635801865057654680e+00
4.638610429909532762e+00
4.640965785470678284e+00
4.642911822427715052e+00
4.644494770155289665e+00
4.645760846778878239e+00
4.646754583116553761e+00
4.647517684357581835e+00
4.648088321213972307e+00
4.648500755068668333e+00
4.648785203752357376e+00
4.648967904516036143e+00
4.649071289996967060e+00
4.649114270148607453e+00
4.649112546617323538e+00
4.649078958793642968e+00
4.649023835038253338e+00
4.648955334813322793e+00
4.648879771898476676e+00
4.648801912335528641e+00
4.648725248367771457e+00
4.648652225777131441e+00
4.648584458481612280e+00
4.648522908481400151e+00
4.648468036767972045e+00
4.648419929755378099e+00
4.648378403195928321e+00
4.648343086237033184e+00
4.648313489175023072e+00
4.648289053356932321e+00
4.648269192580441356e+00
4.648253322078808480e+00
4.648240878437846391e+00
4.648231334673486259e+00
4.648224209399219653e+00
4.648219070040878087e+00
4.648215535869785420e+00
4.648213276609268085e+00
4.648212010023686780e+00
4.648211498449821732e+00
4.648211544698949815e+00
4.648211987658561917e+00
4.648212698263950671e+00
4.648213573757722372e+00
4.648214535604852315e+00
4.648215523728469911e+00
4.648216494690860401e+00
4.648217418093201658e+00
4.648218273954186408e+00
4.648219050459101886e+00
4.648219742055340831e+00
4.648220347864518764e+00
4.648220870378477976e+00
4.648221314405430959e+00
4.648221686233097394e+00
4.648221992977248362e+00
4.648222242086293754e+00
4.648222440975412262e+00
4.648222596766414583e+00
4.648222716112653252e+00
4.648222805091020149e+00
4.648222869145721248e+00
4.648222913071184514e+00
4.648222941023414378e+00
4.648222956551388840e+00
4.648222963062677238e+00
4.648222962476387110e+00
4.648222956842388065e+00
4.648222947808206662e+00
4.648222936674125449e+00
4.648222924445145843e+00
4.648222911878839625e+00
4.648222899528515306e+00
4.648222888202720782e+00
4.648222877599209824e+00
4.648222867897098709e+00
4.648222859191511347e+00
4.648222851514165477e+00
4.648222844850325330e+00
4.648222839573853626e+00
4.648222835058833269e+00
4.648222831673041178e+00
4.648222828795605999e+00
4.648222826385850937e+00
4.648222824397726605e+00
4.648222822783007580e+00
4.648222821493686929e+00
4.648222820904881480e+00
4.648222820416544998e+00
4.648222820017720025e+00
4.648222819697327424e+00
4.648222819444594478e+00
4.648222819249372861e+00
4.648222819102327819e+00
4.648222818995036754e+00
4.648222818920038080e+00
4.648222818870826778e+00
4.648222818841820647e+00
4.648222818828300795e+00
4.648222818826330816e+00
4.648222819253929217e+00
4.648222819972772868e+00
4.648222820452247994e+00
4.648222821164572416e+00
4.648222821596051269e+00
4.648222821811264005e+00
4.648222822285441147e+00
4.648222822506081542e+00
4.648222822537629639e+00
4.648222822432983570e+00
4.648222822234868268e+00
4.648222821977203267e+00
4.648222821686377237e+00
4.648222821382445247e+00
4.648222821080196354e+00
4.648222820790149257e+00
4.648222820519360532e+00
4.648222820272164491e+00
4.648222820050817994e+00
4.648222819855973853e+00
4.648222819687136464e+00
4.648222819543017970e+00
4.648222819421794050e+00
4.648222819321327748e+00
4.648222819239336445e+00
4.648222819173520648e+00
4.648222819542890072e+00
4.648222819788395910e+00
4.648222819936518313e+00
4.648222820009705103e+00
4.648222820447955428e+00
4.648222820709754899e+00
4.648222820836013902e+00
4.648222820860877569e+00
4.648222820812420331e+00
4.648222820713365344e+00
4.648222820581773718e+00
4.648222820431733737e+00
4.648222820273964828e+00
4.648222820116417964e+00
4.648222819964756169e+00
4.648222819822811935e+00
4.648222819692960250e+00
4.648222819576475651e+00
4.648222819895013735e+00
4.648222820091416629e+00
4.648222820193450566e+00
4.648222820224383156e+00
4.648222820203408823e+00
4.648222820146123091e+00
4.648222820064991545e+00
4.648222819969776154e+00
4.648222819867961597e+00
4.648222819765138958e+00
4.648222819665335237e+00
4.648222819571306452e+00
4.648222819906067116e+00
4.648222820113653064e+00
4.648222820222864371e+00
4.648222820257851495e+00
4.648222820659796639e+00
4.648222820887960793e+00
4.648222820983717085e+00
4.648222820981430026e+00
4.648222820909206021e+00
4.648222820789654541e+00
4.648222821061890109e+00
4.648222821182796061e+00
4.648222821191225762e+00
4.648222821119024850e+00
4.648222820991859017e+00
4.648222820830056001e+00
4.648222820649407616e+00
4.648222820461864302e+00
4.648222820276219025e+00
4.648222820098679264e+00
4.648222819933380379e+00
4.648222819782840354e+00
4.648222819648306192e+00
4.648222819530087868e+00
4.648222819427827446e+00
4.648222819340689149e+00
4.648222819267516570e+00
4.648222819206980105e+00
4.648222819157663999e+00
4.648222819118156046e+00
4.648222819087089341e+00
4.648222819063182243e+00
4.648222819045256138e+00
4.648222819032253206e+00
4.648222819023237307e+00
4.648222819017394869e+00
4.648222819014037555e+00
4.648222819012581830e+00
4.648222819012531204e+00
4.648222819013485108e+00
4.648222819015122909e+00
4.648222819017188812e+00
4.648222819019488306e+00
4.648222819021867736e+00
4.648222819024218744e+00
4.648222819026466723e+00
4.648222819028551278e+00
4.648222819451688359e+00
4.648222819738912825e+00
4.648222819918629511e+00
4.648222820015031509e+00
4.648222820048423465e+00
4.648222820035598168e+00
4.648222819990233567e+00
4.648222819923281790e+00
4.648222819843337739e+00
4.648222819757030777e+00
4.648222819669312500e+00
4.648222819583766707e+00
4.648222819502890069e+00
4.648222819428284858e+00
4.648222819360878333e+00
4.648222819301063957e+00
4.648222819248848836e+00
4.648222819203958522e+00
4.648222819165927611e+00
4.648222819134176120e+00
4.648222819108068116e+00
4.648222819086937463e+00
4.648222819070131351e+00
4.648222819057020061e+00
4.648222819047023613e+00
4.648222819460861466e+00
4.648222819741113732e+00
4.648222819915768689e+00
4.648222820008660605e+00
4.648222820039778824e+00
4.648222820446890502e+00
4.648222820686484624e+00
4.648222820797729860e+00
4.648222820813260547e+00
4.648222820759875695e+00
4.648222820659208665e+00
4.648222820528436827e+00
4.648222820380914833e+00
4.648222820226799001e+00
4.648222820073574013e+00
4.648222819926551175e+00
6.572507896475062950e+00
9.873430488166768271e+00
1.000000000000000000e+01
1.000000000000000000e+01
1.000000000000000000e+01
1.000000000000000000e+01
1.000000000000000000e+01
1.000000000000000000e+01
1.000000000000000000e+01
1.000000000000000000e+01
1.000000000000000000e+01
1.000000000000000000e+01
1.000000000000000000e+01
1.000000000000000000e+01
1.000000000000000000e+01
1.000000000000000000e+01
1.000000000000000000e+01
1.000000000000000000e+01
1.000000000000000000e+01
1.000000000000000000e+01
1.000000000000000000e+01
1.000000000000000000e+01
1.000000000000000000e+01
1.000000000000000000e+01
1.000000000000000000e+01
1.000000000000000000e+01
1.000000000000000000e+01
1.000000000000000000e+01
1.000000000000000000e+01
1.000000000000000000e+01
1.000000000000000000e+01
1.000000000000000000e+01
1.000000000000000000e+01
9.978872816513158384e+00
9.885194869225577108e+00
9.742789322532013685e+00
9.570360322044239254e+00
9.382312750555911407e+00
9.189749860431257744e+00
9.000693494125707517e+00
8.820527174754408506e+00
8.652803220664578632e+00
8.499643742616653341e+00
8.362075830378183028e+00
8.240308324556416153e+00
8.133957508385869062e+00
8.042228572901054306e+00
7.964059342793578189e+00
7.898232148680796705e+00
7.843459122672729933e+00
7.798445607126265777e+00
7.761935759079590547e+00
7.732743887391325899e+00
7.709774501964282045e+00
7.692033628019966152e+00
7.678633470351205581e+00
7.668792175990764903e+00
7.661830099767366065e+00
7.657163663573845369e+00
7.654297741084013396e+00
7.652817214437569682e+00
7.652378231227229932e+00
7.652699548616026526e+00
7.653554219523026170e+00
7.654761814610021808e+00
7.656181282380713604e+00
7.657704529644832725e+00
7.659250680568725933e+00
7.660761075108808882e+00
7.662194933162178145e+00
7.663525647441863597e+00
7.664737652482807029e+00
7.665823812829923867e+00
7.666783264080441640e+00
7.667619662602906949e+00
7.668339774561675704e+00
7.668952365094005685e+00
7.669467330657648851e+00
7.669895055195408595e+00
7.670245906715702944e+00
7.670529901180366927e+00
7.670756463461242625e+00
7.670934276594929102e+00
7.671071199775456151e+00
7.671174241267723737e+00
7.671249556250686830e+00
7.671302485517520253e+00
7.671337606820419985e+00
7.671358797357883397e+00
7.671369302128267620e+00
7.671371804179083931e+00
7.671368493841709046e+00
7.671361134904717716e+00
7.671351126365965278e+00
7.671339558935140523e+00
7.671327265874321455e+00
7.671314868070770565e+00
7.671302813461355896e+00
7.671291411084297351e+00
7.671280860136180380e+00
7.671271274475662594e+00
7.671262703039694486e+00
7.671255146646721812e+00
7.671248571645856273e+00
7.671242920850186664e+00
7.671238122155384254e+00
7.671234095212086324e+00
7.671230756479185509e+00
7.671228022948841208e+00
7.671225814795233688e+00
7.671224057161764698e+00
7.671222681274180388e+00
7.671221625030606006e+00
7.671220833200184330e+00
7.671220257332731940e+00
7.671219855465503557e+00
7.671219591694582896e+00
7.671219435663663155e+00
7.671219362011079568e+00
7.671219349805539878e+00
7.671219381992793629e+00
7.671219444868826010e+00
7.671219527589802745e+00
7.671219621725044568e+00
7.671219720854825397e+00
7.671219820215949170e+00
7.671219916391520677e+00
7.671220007042909295e+00
7.671220090682759007e+00
7.671220166482966896e+00
7.671220234115253334e+00
7.671220293620137909e+00
7.671220345300735488e+00
7.671220389637918302e+00
7.671220427223578220e+00
7.671220458709262502e+00
7.671220484766870129e+00
7.671220506060396183e+00
7.671220523225587229e+00
7.671220536857142669e+00
7.671220547499491005e+00
7.671220555643557759e+00
7.671220561724571674e+00
7.671220566123842843e+00
7.671220569171005366e+00
7.671220571147615352e+00
7.671220572291302275e+00
7.671220572800234727e+00
7.671220572837676777e+00
7.671220572536583404e+00
7.671220572003139004e+00
7.671220571321584636e+00
7.671220570556794627e+00
7.671220569758230745e+00
7.671220568962423769e+00
7.671220568195630918e+00
7.671220567475272922e+00
7.671220566812444908e+00
7.671220566213150960e+00
7.671220565679741199e+00
7.671220565211283926e+00
7.671220564805132369e+00
7.671220564457260416e+00
7.671220564162844369e+00
7.671220563916617330e+00
7.671220563713182727e+00
7.671220563547230142e+00
7.671220563413711169e+00
7.671220563308112084e+00
7.671220563226059497e+00
7.671220563163421602e+00
7.671220563116999180e+00
7.671220563083740451e+00
7.671220563061035946e+00
7.671220563046650120e+00
7.671220563038703588e+00
7.671220563035628714e+00
7.671220563035944018e+00
7.671220563038675166e+00
7.671220563043039675e+00
7.671220563048434471e+00
7.671220563054377273e+00
7.671220563060510145e+00
7.671220563066781573e+00
7.671220563072735921e+00
7.671220563078258614e+00
7.671220563083497979e+00
7.671220563088151145e+00
7.671220563092227884e+00
7.671220563095755729e+00
7.671220563098967382e+00
7.671220563101650569e+00
7.671220563103864798e+00
7.671220563105666024e+00
7.671220563107103985e+00
7.671220563108240853e+00
7.671220563109122814e+00
7.671220563109791613e+00
7.671220563110287216e+00
7.671220563110648705e+00
7.671220563111098123e+00
7.671220563111391222e+00
7.671220563111560864e+00
7.671220563111845969e+00
7.671220563111988966e+00
7.671220563112030710e+00
7.671220563112203017e+00
7.671220563112257196e+00
7.671220563112226110e+00
7.671220563112339796e+00
7.671220563112347790e+00
7.671220563112283841e+00
7.671220563112367330e+00
7.671220563112557400e+00
7.671220563112614244e+00
7.671220563112579605e+00
7.671220563112473023e+00
7.671220563112314039e+00
7.671220563112130186e+00
7.671220563111933899e+00
7.671220563111739388e+00
7.671220563111546653e+00
7.671220563111369017e+00
7.671220563111202928e+00
7.671220563111048385e+00
7.671220563110916046e+00
7.671220563111003088e+00
7.671220563111044832e+00
7.671220563111047497e+00
7.671220563111018187e+00
7.671220563110975554e+00
7.671220563110924040e+00
7.671220563110862756e+00
7.671220563110793478e+00
7.671220563110733082e+00
7.671220563110878743e+00
7.671220563110963120e+00
7.671220563110998647e+00
7.671220563110996871e+00
7.671220563110976443e+00
7.671220563110937363e+00
7.671220563110886737e+00
7.671220563110825452e+00
7.671220563110964008e+00
7.671220563111037727e+00
7.671220563111068813e+00
7.671220563111266877e+00
7.671220563111373458e+00
7.671220563111410762e+00
7.671220563111600832e+00
7.671220563111898372e+00
7.671220563112261637e+00
7.671220563112448154e+00
7.671220563112713720e+00
7.671220563112819413e+00
7.671220563112807866e+00
7.671220563112718160e+00
7.671220563112775892e+00
7.671220563112735036e+00
7.671220563112829183e+00
7.671220563112806978e+00
7.671220563112711055e+00
7.671220563112560065e+00
7.671220563112574276e+00
7.671220563112503221e+00
7.671220563112373547e+00
7.671220563112207458e+00
7.671220563112022717e+00
7.671220563112031599e+00
7.671220563112179036e+00
7.671220563112219004e+00
7.671220563112386870e+00
7.671220563112430391e+00
7.671220563112381541e+00
7.671220563112274959e+00
7.671220563112129298e+00
7.671220563111963209e+00
7.671220563111985413e+00
7.671220563111941004e+00
7.671220563111846857e+00
7.671220563111725177e+00
7.671220563111587509e+00
7.671220563111442736e+00
7.671220563111297075e+00
7.671220563111157631e+00
7.671220563111030621e+00
7.671220563110916046e+00
7.671220563111019963e+00
7.671220563111071478e+00
7.671220563111280200e+00
7.671220563111392110e+00
7.671220563111640800e+00
7.671220563111768698e+00
7.671220563111809554e+00
7.671220563111789126e+00
7.671220563111722512e+00
7.671220563111617707e+00
7.671220563111706525e+00
7.671220563111716295e+00
7.671220563111677215e+00
0.000000000000000000e+00
0.000000000000000000e+00
0.000000000000000000e+00
1.245956404283692504e-01
4.199014986462877297e-01
8.287223594925848813e-01
1.305025020307888584e+00
1.813209148900658763e+00
2.327224674167079677e+00
2.828527592473127683e+00
3.303302494707052617e+00
3.742586361202576928e+00
4.141200824457732743e+00
4.496856039382682191e+00
4.809408712482028392e+00
5.080509027083305540e+00
5.312601581630165271e+00
5.508653600810922590e+00
5.672051944648520028e+00
5.806364750083020887e+00
5.915164561650427366e+00
6.001901683500395990e+00
6.069817883947306925e+00
6.121891983474711196e+00
6.160810191531585822e+00
6.188955165107734580e+00
6.208408842705713582e+00
6.220965035695327217e+00
6.228148545509643697e+00
6.231238283808623102e+00
6.231292437345948620e+00
6.229174213750835243e+00
6.225577090823128934e+00
6.221048854647646564e+00
6.216013866955120371e+00
6.210793345343460281e+00
6.205623478268461390e+00
6.200671364153273579e+00
6.196048833778589504e+00
6.191824278959654926e+00
6.188032618661091000e+00
6.184683622371188960e+00
6.181768733362480894e+00
6.179266590267420867e+00
6.177147426101063488e+00
6.175376502845326243e+00
6.173916766516604149e+00
6.172730790164335346e+00
6.171782200175351285e+00
6.171036653497568025e+00
6.170462464861111052e+00
6.170030961906337375e+00
6.169716633072762413e+00
6.169497121653220617e+00
6.169353114990792086e+00
6.169268152029975916e+00
6.169228389623447661e+00
6.169222342550258809e+00
6.169240614829996971e+00
6.169275634247893159e+00
6.169321398497407571e+00
6.169373238543309768e+00
6.169427602606806893e+00
6.169481862480719947e+00
6.169534142611965422e+00
6.169583171298385516e+00
6.169628153759092903e+00
6.169668660165894991e+00
6.169704543806133756e+00
6.169735864578133722e+00
6.169762823728109247e+00
6.169785718077529069e+00
6.169804902130462843e+00
6.169820759187164327e+00
6.169833681059730068e+00
6.169844050497159671e+00
6.169852230795821235e+00
6.169858558586587272e+00
6.169863339613828046e+00
6.169866846801837390e+00
6.169869320024726100e+00
6.169870967102422554e+00
6.169871965638305866e+00
6.169872465394180772e+00
6.169872590966048342e+00
6.169872444580940751e+00
6.169872108882203499e+00
6.169871649608606567e+00
6.169871118103586127e+00
6.169870553614835273e+00
6.169869985363255260e+00
6.169869434374405159e+00
6.169868915075760185e+00
6.169868436670440381e+00
6.169868004302939468e+00
6.169867620035101474e+00
6.169867283652241241e+00
6.169866993319459425e+00
6.169866746107786959e+00
6.169866538408847134e+00
6.169866366255170931e+00
6.169866225561834838e+00
6.169866112303365568e+00
6.169866022638158753e+00
6.169865952990977398e+00
6.169865900102555756e+00
6.169865861054021572e+00
6.169865833272352162e+00
6.169865814522186298e+00
6.169865802888071293e+00
6.169865796750552356e+00
6.169865794758713662e+00
6.169865795801038111e+00
6.169865798976236881e+00
6.169865803564991147e+00
6.169865809003325374e+00
6.169865814858170872e+00
6.169865820805246592e+00
6.169865826609454373e+00
6.169865832107699788e+00
6.169865837194111968e+00
6.169865841807457230e+00
6.169865845920562641e+00
6.169865849531559476e+00
6.169865852656747585e+00
6.169865855324832893e+00
6.169865857572407464e+00
6.169865859440387013e+00
6.169865860971359695e+00
6.169865862207609908e+00
6.169865863189721189e+00
6.169865863955633856e+00
6.169865864540065026e+00
6.169865864974215519e+00
6.169865865285663276e+00
6.169865865498438851e+00
6.169865865633195945e+00
6.169865865707429897e+00
6.169865865735789434e+00
6.169865865730348453e+00
6.169865865700930208e+00
6.169865865655408399e+00
6.169865865599961197e+00
6.169865865539367888e+00
6.169865865477220268e+00
6.169865865416148232e+00
6.169865865357990309e+00
6.169865865303952646e+00
6.169865865254763548e+00
6.169865865210764966e+00
6.169865865172022623e+00
6.169865865138398853e+00
6.169865865109614766e+00
6.169865865085298218e+00
6.169865865065035315e+00
6.169865865048381970e+00
6.169865865034895869e+00
6.169865865024141804e+00
6.169865865015723649e+00
6.169865865009270145e+00
6.169865865004444672e+00
6.169865865000952354e+00
6.169865864998540950e+00
6.169865864996987526e+00
6.169865864996100235e+00
6.169865864995723648e+00
6.169865864995722760e+00
6.169865864995996318e+00
6.169865864996446625e+00
6.169865864997013283e+00
6.169865864997640337e+00
6.169865864998282490e+00
6.169865864998917537e+00
6.169865864999527716e+00
6.169865865000097926e+00
6.169865865000613070e+00
6.169865865001081140e+00
6.169865865001492367e+00
6.169865865001854743e+00
6.169865865002164718e+00
6.169865865002425842e+00
6.169865865002643446e+00
6.169865865002825522e+00
6.169865865002972960e+00
6.169865865003091088e+00
6.169865865003189676e+00
6.169865865003266947e+00
6.169865865003327343e+00
6.169865865003372640e+00
6.169865865003401950e+00
6.169865865003422378e+00
6.169865865003430372e+00
6.169865865003436589e+00
6.169865865003429484e+00
6.169865865003419714e+00
6.169865865003408167e+00
6.169865865003399286e+00
6.169865865003390404e+00
6.169865865003373528e+00
6.169865865003358429e+00
6.169865865003343330e+00
6.169865865003325567e+00
6.169865865003313132e+00
6.169865865003303362e+00
6.169865865003295369e+00
6.169865865003291816e+00
6.169865865003290928e+00
6.169865865003290928e+00
6.169865865003290040e+00
6.169865865003290040e+00
6.169865865003290040e+00
6.169865865003290928e+00
6.169865865003290928e+00
6.169865865003290040e+00
6.169865865003290040e+00
6.169865865003290040e+00
6.169865865003290928e+00
6.169865865003290928e+00
6.169865865003290040e+00
6.169865865003290040e+00
6.169865865003290040e+00
6.169865865003290928e+00
6.169865865003290928e+00
6.169865865003290040e+00
6.169865865003290040e+00
6.169865865003290040e+00
6.169865865003290928e+00
6.169865865003290928e+00
6.169865865003290040e+00
6.169865865003290040e+00
6.169865865003290040e+00
6.169865865003290928e+00
6.169865865003290928e+00
6.169865865003290040e+00
6.169865865003290040e+00
6.169865865003290040e+00
6.169865865003290928e+00
6.169865865003290928e+00
6.169865865003290040e+00
6.169865865003290040e+00
6.169865865003290040e+00
6.169865865003290928e+00
6.169865865003290928e+00
6.169865865003290040e+00
6.169865865003290040e+00
6.169865865003290040e+00
6.169865865003290928e+00
6.169865865003290928e+00
6.169865865003290040e+00
6.169865865003290040e+00
6.169865865003290040e+00
6.169865865003290928e+00
6.169865865003290928e+00
6.169865865003290040e+00
6.169865865003290040e+00
6.169865865003290040e+00
6.169865865003290928e+00
6.169865865003290928e+00
6.169865865003290040e+00
6.169865865003290040e+00
6.169865865003290040e+00
6.169865865003290928e+00
6.169865865003290928e+00
6.169865865003290040e+00
6.169865865003290040e+00
6.169865865003290040e+00
6.169865865003290928e+00
6.169865865003290928e+00
6.169865865003290040e+00
6.169865865003290040e+00
6.169865865003290040e+00
6.169865865003290928e+00
6.169865865003290928e+00
6.169865865003290040e+00
6.169865865003290040e+00
6.169865865003290040e+00
6.169865865003290928e+00
6.169865865003290928e+00
6.169865865003290040e+00
6.169865865003290040e+00
6.169865865003290040e+00
6.169865865003290928e+00
6.169865865003290928e+00
6.169865865003290040e+00
6.169865865003290040e+00
6.169865865003290040e+00
6.169865865003290928e+00
6.169865865003290928e+00
6.169865865003290040e+00
6.169865865003290040e+00
6.169865865003290040e+00
6.169865865003290928e+00
6.169865865003290928e+00
6.169865865003290040e+00
6.169865865003290040e+00
6.169865865003290040e+00
6.169865865003290928e+00
6.169865865003290928e+00
6.169865865003290040e+00
6.169865865003290040e+00
6.965569122812630631e+00
1.000000000000000000e+01
1.000000000000000000e+01
1.000000000000000000e+01
1.000000000000000000e+01
1.000000000000000000e+01
1.000000000000000000e+01
1.000000000000000000e+01
1.000000000000000000e+01
1.000000000000000000e+01
1.000000000000000000e+01
1.000000000000000000e+01
1.000000000000000000e+01
1.000000000000000000e+01
1.000000000000000000e+01
1.000000000000000000e+01
1.000000000000000000e+01
1.000000000000000000e+01
1.000000000000000000e+01
1.000000000000000000e+01
1.000000000000000000e+01
1.000000000000000000e+01
1.000000000000000000e+01
1.000000000000000000e+01
1.000000000000000000e+01
1.000000000000000000e+01
1.000000000000000000e+01
1.000000000000000000e+01
1.000000000000000000e+01
1.000000000000000000e+01
1.000000000000000000e+01
1.000000000000000000e+01
1.000000000000000000e+01
1.000000000000000000e+01
1.000000000000000000e+01
1.000000000000000000e+01
1.000000000000000000e+01
1.000000000000000000e+01
1.000000000000000000e+01
1.000000000000000000e+01
1.000000000000000000e+01
1.000000000000000000e+01
1.000000000000000000e+01
1.000000000000000000e+01
1.000000000000000000e+01
1.000000000000000000e+01
1.000000000000000000e+01
1.000000000000000000e+01
1.000000000000000000e+01
1.000000000000000000e+01
1.000000000000000000e+01
1.000000000000000000e+01
1.000000000000000000e+01
1.000000000000000000e+01
1.000000000000000000e+01
1.000000000000000000e+01
1.000000000000000000e+01
1.000000000000000000e+01
1.000000000000000000e+01
1.000000000000000000e+01
1.000000000000000000e+01
1.000000000000000000e+01
1.000000000000000000e+01
1.000000000000000000e+01
1.000000000000000000e+01
1.000000000000000000e+01
1.000000000000000000e+01
1.000000000000000000e+01
1.000000000000000000e+01
1.000000000000000000e+01
9.999140153409941334e+00
9.970903766502813070e+00
9.923977478443772426e+00
9.865194909004028290e+00
9.799930347107791206e+00
9.732266855453039156e+00
9.665075920917390206e+00
9.600399294031500830e+00
9.539618220216009803e+00
9.483596053493030809e+00
9.432797192998553015e+00
9.387385199165628080e+00
9.347302815390095887e+00
9.312336470068798278e+00
9.282167501911601448e+00
9.256412288523833354e+00
9.234653088270599497e+00
9.216461245605717778e+00
9.201414160247798790e+00
9.189107256087343245e+00
9.179161965049932093e+00
9.171230609902520925e+00
9.164998900304791363e+00
9.160186640639540911e+00
9.156547131558335550e+00
9.153865660908662605e+00
9.151957383703205551e+00
9.150664837251900607e+00
9.149855274425243934e+00
9.149417952957204392e+00
9.149261481007879837e+00
9.149311288967407307e+00
9.149507274490554565e+00
9.149801644108556786e+00
9.150156971210172685e+00
9.150544468132936871e+00
9.150942468534289276e+00
9.151335109096827125e+00
9.151711199022079413e+00
9.152063255524163665e+00
9.152386696059776838e+00
9.152679163864814171e+00
9.152939973129129214e+00
9.153169657398009917e+00
9.153369606550297632e+00
9.153541778988486755e+00
9.153688477033753657e+00
9.153812174873516838e+00
9.153915389730112651e+00
9.154000588132831240e+00
9.154070120511851982e+00
9.154126177991898317e+00
9.154170766629398770e+00
9.154205694945989791e+00
9.154232571391965223e+00
9.154252809005434699e+00
9.154267635076845266e+00
9.154278104086822410e+00
9.154285112569350957e+00
9.154289414873884922e+00
9.154291639061149510e+00
9.154292302380019564e+00
9.154291825943309036e+00
9.154290548354593327e+00
9.154288738141477921e+00
9.154286604933254523e+00
9.154284309374970618e+00
9.154281971816285335e+00
9.154279679841268447e+00
9.154277494723856989e+00
9.154275456903947727e+00
9.154273590586317511e+00
9.154271907560502797e+00
9.154270410338916975e+00
9.154269094706659615e+00
9.154267951765303835e+00
9.154266969549000876e+00
9.154266134281609624e+00
9.154265431336000347e+00
9.154264845949077412e+00
9.154264363737651067e+00
9.154263971056987970e+00
9.154263655232915298e+00
9.154263404696934003e+00
9.154263209047202920e+00
9.154263059054491336e+00
9.154262946628445974e+00
9.154262864756809392e+00
9.154262807426094994e+00
9.154262769533676902e+00
9.154262746794712413e+00
9.154262735648330818e+00
9.154262733168291533e+00
9.154262736977729631e+00
9.154262745169727822e+00
9.154262756236414944e+00
9.154262769004393618e+00
9.154262782577909263e+00
9.154262796289136972e+00
9.154262809655143940e+00
9.154262822341308947e+00
9.154262834129514914e+00
9.154262844892755879e+00
9.154262854573227415e+00
9.154262863164557729e+00
9.154262870697634114e+00
9.154262877228457995e+00
9.154262882829792503e+00
9.154262887583856312e+00
9.154262891576999905e+00
9.154262894895699887e+00
9.154262897623961948e+00
9.154262899840695411e+00
9.154262901619174997e+00
9.154262903026298304e+00
9.154262904121608813e+00
9.154262904958057945e+00
9.154262905581962428e+00
9.154262906033403979e+00
9.154262906346650297e+00
9.154262906550757251e+00
9.154262906670076916e+00
9.154262906724779825e+00
9.154262906731418070e+00
9.154262906703397817e+00
9.154262906651450038e+00
9.154262906584056836e+00
9.154262906507968367e+00
9.154262906427922175e+00
9.154262906347625517e+00
9.154262906269750033e+00
9.154262906196128924e+00
9.154262906127936361e+00
9.154262906065843808e+00
9.154262906010131928e+00
9.154262905960791841e+00
9.154262905917606830e+00
9.154262905880242940e+00
9.154262905848264964e+00
9.154262905821171969e+00
9.154262905798660199e+00
9.154262905779958714e+00
9.154262905764584346e+00
9.154262905752108992e+00
9.154262905742095668e+00
9.154262905734178446e+00
9.154262905728003830e+00
9.154262905723289379e+00
9.154262905719784627e+00
9.154262905717244436e+00
9.154262905715684795e+00
9.154262905714888987e+00
9.154262905714446674e+00
9.154262905714276144e+00
9.154262905714508847e+00
9.154262905714810827e+00
9.154262905715173204e+00
9.154262905715551568e+00
9.154262905715940590e+00
9.154262905716329612e+00
9.154262905716706200e+00
9.154262905717054366e+00
9.154262905717372334e+00
9.154262905717645893e+00
9.154262905717889254e+00
9.154262905718095311e+00
9.154262905718285381e+00
9.154262905718658416e+00
9.154262905719127374e+00
9.154262905719466659e+00
9.154262905719887655e+00
9.154262905720155885e+00
9.154262905720306875e+00
9.154262905720372601e+00
9.154262905720377930e+00
9.154262905720340626e+00
9.154262905720266019e+00
9.154262905720168320e+00
9.154262905720260690e+00
9.154262905720285559e+00
9.154262905720257137e+00
9.154262905720194965e+00
9.154262905720322863e+00
9.154262905720571553e+00
9.154262905720710108e+00
9.154262905720949917e+00
9.154262905721060051e+00
9.154262905721081367e+00
9.154262905721026300e+00
9.154262905721129329e+00
9.154262905721143539e+00
9.154262905721090249e+00
9.154262905720978338e+00
9.154262905720838006e+00
9.154262905720685239e+00
9.154262905720521815e+00
9.154262905720345955e+00
9.154262905720173649e+00
9.154262905720225163e+00
9.154262905720205623e+00
9.154262905720150556e+00
9.154262905720075949e+00
9.154262905719988908e+00
9.154262905719891208e+00
9.154262905719793508e+00
9.154262905719896537e+00
9.154262905719949828e+00
9.154262905719955157e+00
9.154262905720132792e+00
9.154262905720424115e+00
9.154262905720591093e+00
9.154262905720862875e+00
9.154262905721004984e+00
9.154262905721042287e+00
9.154262905721008536e+00
9.154262905720914389e+00
9.154262905720784715e+00
9.154262905720839782e+00
9.154262905720820243e+00
9.154262905720946364e+00
9.154262905721180843e+00
9.154262905721282095e+00
9.154262905721298083e+00
9.154262905721241239e+00
9.154262905721132881e+00
9.154262905720988996e+00
9.154262905721028076e+00
9.154262905721004984e+00
9.154262905720926824e+00
9.154262905720809584e+00
0.000000000000000000e+00
0.000000000000000000e+00
0.000000000000000000e+00
0.000000000000000000e+00
0.000000000000000000e+00
0.000000000000000000e+00
0.000000000000000000e+00
0.000000000000000000e+00
0.000000000000000000e+00
0.000000000000000000e+00
0.000000000000000000e+00
0.000000000000000000e+00
0.000000000000000000e+00
0.000000000000000000e+00
0.000000000000000000e+00
0.000000000000000000e+00
0.000000000000000000e+00
0.000000000000000000e+00
0.000000000000000000e+00
0.000000000000000000e+00
0.000000000000000000e+00
0.000000000000000000e+00
0.000000000000000000e+00
0.000000000000000000e+00
0.000000000000000000e+00
0.000000000000000000e+00
0.000000000000000000e+00
0.000000000000000000e+00
0.000000000000000000e+00
0.000000000000000000e+00
0.000000000000000000e+00
0.000000000000000000e+00
0.000000000000000000e+00
0.000000000000000000e+00
0.000000000000000000e+00
0.000000000000000000e+00
0.000000000000000000e+00
0.000000000000000000e+00
0.000000000000000000e+00
0.000000000000000000e+00
0.000000000000000000e+00
0.000000000000000000e+00
0.000000000000000000e+00
0.000000000000000000e+00
3.691118003263813008e-02
1.783881155565522625e-01
3.891774830177945343e-01
6.415167609684341299e-01
9.140318246049968787e-01
1.191173760871306220e+00
1.461442897522686968e+00
1.716569887856105980e+00
1.951227288385372516e+00
2.162389088205397769e+00
2.348786350772885445e+00
2.510452092692401660e+00
2.648347115850988143e+00
2.764057809460806148e+00
2.859556791327924063e+00
2.937017453880708562e+00
2.998674057018565264e+00
3.046719555792415157e+00
3.083234325272222520e+00
3.110139530975701838e+00
3.129169938782024207e+00
3.141861568258562887e+00
3.149550430003256185e+00
3.153379207661845207e+00
3.154309352033862535e+00
3.153136584457671976e+00
3.150508237147136903e+00
3.146941251315486188e+00
3.142839959880642464e+00
3.138513033322291701e+00
3.134189209849719937e+00
3.130031536721924468e+00
3.126150017051717356e+00
3.122612647692688093e+00
3.119454881643536570e+00
3.116687618405729943e+00
3.114303822041224024e+00
3.112283940102144708e+00
3.110600227981246135e+00
3.109220149325148341e+00
3.108108988793953031e+00
3.107231781696101702e+00
3.106554717464053539e+00
3.106046089779707309e+00
3.105676896782182617e+00
3.105421164692928393e+00
3.105256061031838044e+00
3.105161858091059379e+00
3.105121809799475052e+00
3.105121909420859971e+00
3.105150643699632784e+00
3.105198712932118355e+00
3.105258745423987943e+00
3.105325035529230338e+00
3.105393282356180507e+00
3.105460337465838716e+00
3.105524000186230538e+00
3.105582830959237928e+00
3.105635984497814306e+00
3.105683070288781877e+00
3.105724045415099610e+00
3.105759108143058889e+00
3.105788624061723624e+00
3.105813064254510536e+00
3.105832957195850508e+00
3.105848852262065751e+00
3.105861292910363947e+00
3.105870797771214775e+00
3.105877848102374550e+00
3.105882880256511491e+00
3.105886282010678290e+00
3.105888391789749736e+00
3.105889499983604196e+00
3.105889851707871685e+00
3.105889650489761955e+00
3.105889062474055606e+00
3.105888220840607783e+00
3.105887230205260696e+00
3.105886170842124816e+00
3.105885102618295424e+00
3.105884068574299661e+00
3.105883098116048568e+00
3.105882209808670247e+00
3.105881413780470002e+00
3.105880713757533051e+00
3.105880108757868907e+00
3.105879594478300199e+00
3.105879164409726112e+00
3.105878810716308003e+00
3.105878524912885297e+00
3.105878298372827917e+00
3.105878122695687971e+00
3.105877989960818208e+00
3.105877892890135161e+00
3.105877824939836440e+00
3.105877780338039962e+00
3.105877754082290831e+00
3.105877741908650957e+00
3.105877740241653306e+00
3.105877746132488681e+00
3.105877757191155553e+00
3.105877771516883268e+00
3.105877787629937714e+00
3.105877804407027210e+00
3.105877821021705287e+00
3.105877836890594601e+00
3.105877851625843622e+00
3.105877864993789483e+00
3.105877876879576949e+00
3.105877887257471492e+00
3.105877896166285623e+00
3.105877903689391317e+00
3.105877909938807413e+00
3.105877915042747350e+00
3.105877919136084131e+00
3.105877922353337262e+00
3.105877924823682967e+00
3.105877926667586220e+00
3.105877927994707743e+00
3.105877928902895935e+00
3.105877929477816490e+00
3.105877929793212644e+00
3.105877929911523783e+00
3.105877929884766520e+00
3.105877929755541444e+00
3.105877929558125139e+00
3.105877929319547537e+00
3.105877929060656406e+00
3.105877928797092125e+00
3.105877928540188737e+00
3.105877928297770652e+00
3.105877928074881389e+00
3.105877927874373334e+00
3.105877927697430430e+00
3.105877927544006489e+00
3.105877927413173811e+00
3.105877927303414943e+00
3.105877927212851386e+00
3.105877927139416350e+00
3.105877927080984424e+00
3.105877927035467501e+00
3.105877927000888494e+00
3.105877926975423087e+00
3.105877926957423263e+00
3.105877926945433742e+00
3.105877926938182654e+00
3.105877926934589084e+00
3.105877926933741762e+00
3.105877926934882627e+00
3.105877926937385958e+00
3.105877926940777911e+00
3.105877926944678347e+00
3.105877926948790613e+00
3.105877926952897994e+00
3.105877926956847279e+00
3.105877926960535884e+00
3.105877926963898972e+00
3.105877926966886360e+00
3.105877926969507374e+00
3.105877926971768233e+00
3.105877926973685810e+00
3.105877926975284531e+00
3.105877926976596815e+00
3.105877926977652859e+00
3.105877926978473980e+00
3.105877926979109915e+00
3.105877926979590420e+00
3.105877926979940806e+00
3.105877926980185944e+00
3.105877926980334269e+00
3.105877926980418202e+00
3.105877926980455062e+00
3.105877926980443071e+00
3.105877926980410653e+00
3.105877926980364911e+00
3.105877926980312065e+00
3.105877926980256110e+00
3.105877926980199710e+00
3.105877926980145087e+00
3.105877926980094905e+00
3.105877926980033177e+00
3.105877926979978554e+00
3.105877926979932369e+00
3.105877926979894621e+00
3.105877926979850212e+00
3.105877926979817794e+00
3.105877926979793369e+00
3.105877926979775605e+00
3.105877926979764059e+00
3.105877926979756065e+00
3.105877926979752068e+00
3.105877926979751624e+00
3.105877926979753845e+00
3.105877926979757842e+00
3.105877926979761394e+00
3.105877926979764947e+00
3.105877926979767611e+00
3.105877926979769832e+00
3.105877926979771608e+00
3.105877926979772941e+00
3.105877926979774273e+00
3.105877926979775161e+00
3.105877926979776049e+00
3.105877926979776493e+00
3.105877926979776937e+00
3.105877926979777381e+00
3.105877926979777381e+00
3.105877926979777381e+00
3.105877926979777381e+00
3.105877926979777381e+00
3.105877926979777381e+00
3.105877926979777381e+00
3.105877926979777381e+00
3.105877926979777381e+00
3.105877926979777381e+00
3.105877926979777381e+00
3.105877926979777381e+00
3.105877926979777381e+00
3.105877926979777381e+00
3.105877926979777381e+00
3.105877926979777381e+00
3.105877926979777381e+00
3.105877926979777381e+00
3.105877926979777381e+00
3.105877926979777381e+00
3.105877926979777381e+00
3.105877926979777381e+00
3.105877926979777381e+00
3.105877926979777381e+00
3.105877926979777381e+00
3.105877926979777381e+00
3.105877926979777381e+00
3.105877926979777381e+00
3.105877926979777381e+00
3.105877926979777381e+00
3.105877926979777381e+00
3.105877926979777381e+00
3.105877926979777381e+00
3.105877926979777381e+00
3.105877926979777381e+00
3.105877926979777381e+00
3.105877926979777381e+00
3.105877926979777381e+00
3.105877926979777381e+00
3.105877926979777381e+00
3.105877926979777381e+00
3.105877926979777381e+00
3.105877926979777381e+00
3.105877926979777381e+00
3.105877926979777381e+00
3.105877926979777381e+00
3.105877926979777381e+00
3.105877926979777381e+00
3.105877926979777381e+00
3.105877926979777381e+00
