4.888216365897952720e+00
8.221080970134316601e+00
9.903122638659278110e+00
1.000000000000000000e+01
1.000000000000000000e+01
1.000000000000000000e+01
1.000000000000000000e+01
1.000000000000000000e+01
1.000000000000000000e+01
1.000000000000000000e+01
1.000000000000000000e+01
1.000000000000000000e+01
1.000000000000000000e+01
1.000000000000000000e+01
1.000000000000000000e+01
1.000000000000000000e+01
1.000000000000000000e+01
1.000000000000000000e+01
9.888723756763496908e+00
9.669376175062570411e+00
9.373706420519493321e+00
9.027706056988153094e+00
8.653414542503121254e+00
8.267101517274676681e+00
7.881396455128081513e+00
7.505853109864391470e+00
7.148018686140017230e+00
6.812713065219001329e+00
6.502835893822544122e+00
6.219951572958735575e+00
5.964573900881267932e+00
5.736407755201350156e+00
5.534552278063245012e+00
5.357669877484226184e+00
5.204125151426642226e+00
5.072097581185757598e+00
4.959671556504163803e+00
4.864906987945663452e+00
4.785893453233516226e+00
4.720790505928128766e+00
4.667856527678940104e+00
4.625468124910337764e+00
4.592131916213915588e+00
4.566490239935164119e+00
4.547322109456478856e+00
4.533540543680934398e+00
4.524187212646545220e+00
4.518425180171223410e+00
4.515530383333493880e+00
4.514882365437098422e+00
4.515954672882481979e+00
4.518305235613325088e+00
4.521566974033222053e+00
4.525438811022060470e+00
4.529677214497024096e+00
4.534088352503280461e+00
4.538520907814780792e+00
4.542859571304149746e+00
4.547019211832226127e+00
4.550939704147096698e+00
4.554581384406400701e+00
4.557921094682138019e+00
4.560948772504894499e+00
4.563664538573857676e+00
4.566076234699929515e+00
4.568197364436985985e+00
4.570045390331419988e+00
4.571640343983557564e+00
4.573003707920292982e+00
4.574157531424703826e+00
4.575123745796205732e+00
4.575923647896575019e+00
4.576577524176494549e+00
4.577104390600951866e+00
4.577521826948027339e+00
4.577845886808622922e+00
4.578091067242752388e+00
4.578270324440092409e+00
4.578395123886254581e+00
4.578475515455530775e+00
4.578520225544805200e+00
4.578536759843987447e+00
4.578531511620792749e+00
4.578509871497518091e+00
4.578476335631755489e+00
4.578434609998443428e+00
4.578387709123495242e+00
4.578338048155541351e+00
4.578287527596790696e+00
4.578237610360307741e+00
4.578189391092096550e+00
4.578143657903425812e+00
4.578100946812276639e+00
4.578061589301888112e+00
4.578025753476725690e+00
4.577993479339422578e+00
4.577964708731830257e+00
4.577939310484762103e+00
4.577917101308563552e+00
4.577897862933930639e+00
4.577881355982614586e+00
4.577867331013042218e+00
4.577855537148602494e+00
4.577845728657927715e+00
4.577837669818333843e+00
4.577831138356053486e+00
4.577825927721522525e+00
4.577821848424528106e+00
4.577818728623014088e+00
4.577816414131194556e+00
4.577814767986981614e+00
4.577813669695888876e+00
4.577813014248361512e+00
4.577812710989611844e+00
4.577812682405709488e+00
4.577812862876285749e+00
4.577813197432909931e+00
4.577813640552645502e+00
4.577814155008209873e+00
4.577814710789710695e+00
4.577815284107407123e+00
4.577815856480760281e+00
4.577816413915519966e+00
4.577816946168065115e+00
4.577817446094206488e+00
4.577817909078244263e+00
4.577818332537039403e+00
4.577818715493377155e+00
4.577819058212429404e+00
4.577819361895143047e+00
4.577819628422429510e+00
4.577819860144217046e+00
4.577820059707796041e+00
4.577820229920241069e+00
4.577820373640056673e+00
4.577820493693754322e+00
4.577820592813323763e+00
4.577820673591173950e+00
4.577820738449446480e+00
4.577820789620934860e+00
4.577820829139322534e+00
4.577820858836735063e+00
4.577820880346903820e+00
4.577820895112462374e+00
4.577820904395264456e+00
4.577820909288666584e+00
4.577820910731064785e+00
4.577820909519991766e+00
4.577820906326324213e+00
4.577820901708189005e+00
4.577820896124326744e+00
4.577820889946694116e+00
4.577820883472183411e+00
4.577820876933363259e+00
4.577820870508241491e+00
4.577820864329018136e+00
4.577820858489848987e+00
4.577820853053705008e+00
4.577820848058333780e+00
4.577820843521426042e+00
4.577820839444999734e+00
4.577820835819144563e+00
4.577820832625146608e+00
4.577820829838080918e+00
4.577820827428929817e+00
4.577820825366297086e+00
4.577820823617752666e+00
4.577820822150901137e+00
4.577820820934161539e+00
4.577820819937370445e+00
4.577820819132182528e+00
4.577820818492331689e+00
4.577820817993789149e+00
4.577820817614822957e+00
4.577820817335963355e+00
4.577820817139975240e+00
4.577820817011708066e+00
4.577820816938000803e+00
4.577820816907512302e+00
4.577820816910559643e+00
4.577820816938968917e+00
4.577820816985907371e+00
4.577820817045736845e+00
4.577820817113858354e+00
4.577820817186577962e+00
4.577820817260973563e+00
4.577820817334793624e+00
4.577820817406341725e+00
4.577820817474393067e+00
4.577820817538101217e+00
4.577820817596929714e+00
4.577820817650597895e+00
4.577820817699015166e+00
4.577820817742245474e+00
4.577820817780470009e+00
4.577820817813949894e+00
4.577820817842998657e+00
4.577820817867963576e+00
4.577820817889206140e+00
4.577820817907096718e+00
4.577820817921996799e+00
4.577820817934269648e+00
4.577820817944240339e+00
4.577820817952217958e+00
4.577820817958486721e+00
4.577820817963303313e+00
4.577820817966895994e+00
4.577820817969472600e+00
4.577820817971213430e+00
4.577820817972277467e+00
4.577820817972798828e+00
4.577820817972900080e+00
4.577820817972677148e+00
4.577820817972216183e+00
4.577820817971582912e+00
4.577820817970835954e+00
4.577820817970020606e+00
4.577820817969175948e+00
4.577820817968328626e+00
4.577820817967503508e+00
4.577820817966708589e+00
4.577820817965961631e+00
4.577820817965267075e+00
4.577820817964631139e+00
4.577820817964055600e+00
4.577820817963539568e+00
4.577820817963078603e+00
4.577820817962674482e+00
4.577820817962323652e+00
4.577820817962021671e+00
4.577820817961763211e+00
4.577820817961544719e+00
4.577820817961362643e+00
4.577820817961214317e+00
4.577820817961090860e+00
4.577820817960994049e+00
4.577820817960917665e+00
4.577820817960857269e+00
4.577820817960807531e+00
4.577820817960769340e+00
4.577820817960740918e+00
4.577820817960723154e+00
4.577820817960709832e+00
4.577820817960702726e+00
4.577820817960700950e+00
4.577820817960702726e+00
4.577820817960707167e+00
4.577820817960713384e+00
4.577820817960720490e+00
4.577820817960727595e+00
4.577820817960734701e+00
4.577820817960745359e+00
4.577820817960756017e+00
4.577820817960767563e+00
4.577820817960777333e+00
4.577820817960788879e+00
4.577820817960803090e+00
4.577820817960812860e+00
4.577820817960821742e+00
4.577820817960829736e+00
4.577820817960835065e+00
4.577820817960835953e+00
4.577820817960833288e+00
4.577820817960825295e+00
4.577820817960822630e+00
4.577820817960820854e+00
4.577820817960821742e+00
4.577820817960822630e+00
4.577820817960824407e+00
4.577820817960825295e+00
4.577820817960827959e+00
4.577820817960830624e+00
4.577820817960832400e+00
4.577820817960830624e+00
4.577820817960828848e+00
4.577820817960828848e+00
4.577820817960828848e+00
4.577820817960830624e+00
4.577820817960832400e+00
4.577820817960829736e+00
4.577820817960827959e+00
4.577820817960827071e+00
4.577820817960827959e+00
4.577820817960828848e+00
4.577820817960830624e+00
4.577820817960832400e+00
4.577820817960829736e+00
4.577820817960828848e+00
4.577820817960827959e+00
4.577820817960828848e+00
4.577820817960828848e+00
4.577820817960830624e+00
4.577820817960832400e+00
4.577820817960829736e+00
4.577820817960827959e+00
4.577820817960827071e+00
4.577820817960827959e+00
4.577820817960828848e+00
4.577820817960830624e+00
4.577820817960832400e+00
4.577820817960829736e+00
4.580740965765894401e+00
7.702765930149269913e+00
9.508744010455764339e+00
1.000000000000000000e+01
1.000000000000000000e+01
1.000000000000000000e+01
1.000000000000000000e+01
1.000000000000000000e+01
1.000000000000000000e+01
1.000000000000000000e+01
1.000000000000000000e+01
1.000000000000000000e+01
1.000000000000000000e+01
1.000000000000000000e+01
1.000000000000000000e+01
1.000000000000000000e+01
1.000000000000000000e+01
1.000000000000000000e+01
1.000000000000000000e+01
1.000000000000000000e+01
1.000000000000000000e+01
1.000000000000000000e+01
1.000000000000000000e+01
1.000000000000000000e+01
1.000000000000000000e+01
1.000000000000000000e+01
1.000000000000000000e+01
1.000000000000000000e+01
1.000000000000000000e+01
1.000000000000000000e+01
9.981241614646240379e+00
9.910580400533827827e+00
9.802583423370498039e+00
9.668742546449305308e+00
9.518352093639649070e+00
9.358856122795398136e+00
9.196121028143007692e+00
9.034679109252497398e+00
8.877944429009405169e+00
8.728402636859353692e+00
8.587776612943768484e+00
8.457169912003681844e+00
8.337242538388231594e+00
8.228293157189527918e+00
8.130181146842630824e+00
8.042551573142207033e+00
7.964894756278508403e+00
7.896595082597220205e+00
7.836970511552998175e+00
7.785304143004091237e+00
7.740868976145341307e+00
7.702946963591749352e+00
7.670843313515264050e+00
7.643896786183589143e+00
7.621486783712569490e+00
7.603037797065570480e+00
7.588021755317193140e+00
7.575958721294404619e+00
7.566416331001241780e+00
7.559008267224148092e+00
7.553392056545407129e+00
7.549266379349204747e+00
7.546368097263347785e+00
7.544469111407477335e+00
7.543373175709740863e+00
7.542912745017566145e+00
7.542945926914884858e+00
7.543353569372177603e+00
7.544036531810195179e+00
7.544913157817042304e+00
7.545916946186054020e+00
7.546994437376878473e+00
7.548103303998880520e+00
7.549210661724425009e+00
7.550291543740092592e+00
7.551327579071319462e+00
7.552305824616388108e+00
7.553217765797754168e+00
7.554058446798913806e+00
7.554825730404360229e+00
7.555519670842316238e+00
7.556141986925787535e+00
7.556695623486326951e+00
7.557184391100783216e+00
7.557612668989877491e+00
7.557985169607460030e+00
7.558306750925222417e+00
7.558582270412564696e+00
7.558816474938215180e+00
7.559013916947523448e+00
7.559178897852542711e+00
7.559315429855994140e+00
7.559427213545979463e+00
7.559517627992858202e+00
7.559589730575400068e+00
7.559646264206808297e+00
7.559689670020280694e+00
7.559722103915040847e+00
7.559745455657704838e+00
7.559761369489134353e+00
7.559771265405443863e+00
7.559776360463423828e+00
7.559777689617841467e+00
7.559776125726251905e+00
7.559772398462830445e+00
7.559767111971518183e+00
7.559760761155808417e+00
7.559753746560317289e+00
7.559746387840814208e+00
7.559738935854372954e+00
7.559731583422800938e+00
7.559724474842078656e+00
7.559717714220936635e+00
7.559711372738179058e+00
7.559705494913288248e+00
7.559700103982257779e+00
7.559695206471015894e+00
7.559690796054219675e+00
7.559686856781962838e+00
7.559683365753440576e+00
7.559680295307972919e+00
7.559677614799106493e+00
7.559675292011710290e+00
7.559673294275535582e+00
7.559671589321079743e+00
7.559670145922001261e+00
7.559668934359022430e+00
7.559667926738230292e+00
7.559667097191306695e+00
7.559666421981351192e+00
7.559665879534618327e+00
7.559665450415258725e+00
7.559665117256849420e+00
7.559664864663277584e+00
7.559664679088546890e+00
7.559664548702761167e+00
7.559664463251096755e+00
7.559664413910705427e+00
7.559664393148672445e+00
7.559664394585312586e+00
7.559664412863370764e+00
7.559664443525456967e+00
7.559664482899755455e+00
7.559664527996009298e+00
7.559664576410292547e+00
7.559664626239366747e+00
7.559664676004142159e+00
7.559664724581758755e+00
7.559664771145827800e+00
7.559664815114365055e+00
7.559664856104066466e+00
7.559664893891852699e+00
7.559664928381370608e+00
7.559664959574827314e+00
7.559664987549301607e+00
7.559665012436997067e+00
7.559665034409021267e+00
7.559665053662259382e+00
7.559665070408311927e+00
7.559665084865485163e+00
7.559665097252093346e+00
7.559665107781440518e+00
7.559665116658160322e+00
7.559665124075588771e+00
7.559665130214082041e+00
7.559665135239992395e+00
7.559665139305209891e+00
7.559665142547178363e+00
7.559665145089192073e+00
7.559665147040997013e+00
7.559665148499510323e+00
7.559665149549689822e+00
7.559665150265453271e+00
7.559665150710641157e+00
7.559665150939961720e+00
7.559665151000077188e+00
7.559665150930063859e+00
7.559665150762735486e+00
7.559665150525271216e+00
7.559665150240048703e+00
7.559665149925052674e+00
7.559665149594493094e+00
7.559665149259666705e+00
7.559665148929253675e+00
7.559665148609753693e+00
7.559665148305854565e+00
7.559665148020775050e+00
7.559665147756653880e+00
7.559665147514362360e+00
7.559665147294219345e+00
7.559665147096072069e+00
7.559665146919048340e+00
7.559665146762131194e+00
7.559665146624085175e+00
7.559665146503539823e+00
7.559665146399058955e+00
7.559665146309171746e+00
7.559665146232434907e+00
7.559665146167453997e+00
7.559665146112897638e+00
7.559665146067515273e+00
7.559665146030140725e+00
7.559665145999707292e+00
7.559665145975382750e+00
7.559665145956125265e+00
7.559665145941158571e+00
7.559665145929796104e+00
7.559665145921432128e+00
7.559665145915539064e+00
7.559665145911662165e+00
7.559665145909408857e+00
7.559665145908435413e+00
7.559665145908460282e+00
7.559665145909236550e+00
7.559665145910571482e+00
7.559665145912302542e+00
7.559665145914290285e+00
7.559665145916429019e+00
7.559665145918764040e+00
7.559665145921065310e+00
7.559665145923421647e+00
7.559665145925630547e+00
7.559665145927682239e+00
7.559665145929568730e+00
7.559665145931278474e+00
7.559665145932819463e+00
7.559665145934196140e+00
7.559665145935413832e+00
7.559665145936480535e+00
7.559665145937414898e+00
7.559665145938227582e+00
7.559665145939059805e+00
7.559665145939889364e+00
7.559665145940565267e+00
7.559665145941105280e+00
7.559665145941531605e+00
7.559665145941863784e+00
7.559665145942120468e+00
7.559665145942314091e+00
7.559665145942452646e+00
7.559665145942540576e+00
7.559665145942591202e+00
7.559665145942743081e+00
7.559665145942835451e+00
7.559665145942880748e+00
7.559665145942891407e+00
7.559665145942873643e+00
7.559665145942834563e+00
7.559665145942780384e+00
7.559665145942714659e+00
7.559665145942643605e+00
7.559665145942704889e+00
7.559665145942864761e+00
7.559665145942959796e+00
7.559665145943010423e+00
7.559665145943018416e+00
7.559665145943001541e+00
7.559665145942960685e+00
7.559665145942902953e+00
7.559665145942834563e+00
7.559665145942758180e+00
7.559665145942807918e+00
7.559665145942823017e+00
7.559665145942807918e+00
7.559665145942770614e+00
7.559665145942715547e+00
7.559665145942648046e+00
7.559665145942717324e+00
7.559665145942745745e+00
7.559665145942743081e+00
7.559665145942711995e+00
7.559665145942664921e+00
7.559665145942605413e+00
7.559665145942678244e+00
7.559665145942709330e+00
7.559665145942846110e+00
7.559665145942928710e+00
7.559665145942964237e+00
7.559665145942968678e+00
7.559665145942941145e+00
7.559665145942894959e+00
7.559665145942836340e+00
7.559665145942765285e+00
7.559665145942687126e+00
7.559665145942603637e+00
7.559665145942659592e+00
7.559665145942677356e+00
7.559665145942807918e+00
7.559665145942881637e+00
7.559665145942910947e+00
7.559665145942910947e+00
7.559665145942885189e+00
7.559665145942839004e+00
7.559665145942776832e+00
7.559665145942706665e+00
7.559665145942627618e+00
7.559665145942690678e+00
7.559665145942846110e+00
7.559665145942944697e+00
7.559665145942995323e+00
1.162942732721958111e-01
1.939891399208818479e-01
3.890579470955149999e-01
6.688267214872223310e-01
1.006984533544268645e+00
1.382252686358522054e+00
1.776965956434931160e+00
2.177241024745822706e+00
2.573110500942172418e+00
2.956493877165812023e+00
3.321351546982778569e+00
3.663529699348051061e+00
3.980406181961311241e+00
4.270585031433706824e+00
4.533850932493430186e+00
4.770554917647771731e+00
4.981452048435356161e+00
5.167729677358671836e+00
5.330875400363829009e+00
5.472569557318369249e+00
5.594598949064468307e+00
5.698788741660736790e+00
5.786949809418474366e+00
5.860839070192039202e+00
5.922130635078663552e+00
5.972395864112921338e+00
6.013090668730341370e+00
6.045548604862078790e+00
6.070978550124453754e+00
6.090465906720812228e+00
6.104976456054192369e+00
6.115362135908491759e+00
6.122368139208723470e+00
6.126640847388422628e+00
6.128736210911747584e+00
6.129128265138147569e+00
6.128217550288157511e+00
6.126339254040794380e+00
6.123770954403405575e+00
6.120739870846977126e+00
6.117429569066456629e+00
6.113986093102017350e+00
6.110523515580370102e+00
6.107128910210359862e+00
6.103866786128293143e+00
6.100782969857823979e+00
6.097908012821121382e+00
6.095260135715542482e+00
6.092847772682627117e+00
6.090671716029439686e+00
6.088726936452934169e+00
6.087004106958612049e+00
6.085490857556457911e+00
6.084172802110730416e+00
6.083034367757018224e+00
6.082059449843405297e+00
6.081231923927264305e+00
6.080536035065332356e+00
6.079956683524411432e+00
6.079479627112810647e+00
6.079091614049868753e+00
6.078780460317600998e+00
6.078535082728390826e+00
6.078345498283603376e+00
6.078202797677387359e+00
6.078099098090134156e+00
6.078027484945279113e+00
6.077981943106486540e+00
6.077957283840224711e+00
6.077949069554345662e+00
6.077953539136243144e+00
6.077967533616395635e+00
6.077988427666567439e+00
6.078014063343409212e+00
6.078042689023963163e+00
6.078072903356524392e+00
6.078103604355113099e+00
6.078133943612442636e+00
6.078163285490386869e+00
6.078191171243285673e+00
6.078217286722400914e+00
6.078241435835912476e+00
6.078263516516643428e+00
6.078283500528125494e+00
6.078301416371320265e+00
6.078317334952946460e+00
6.078331357984231076e+00
6.078343607561973450e+00
6.078354218646612850e+00
6.078363332752101833e+00
6.078371092706215784e+00
6.078377639515885278e+00
6.078383109154738229e+00
6.078387630827164045e+00
6.078391324935903839e+00
6.078394302623796541e+00
6.078396665354559580e+00
6.078398504825019977e+00
6.078399903131083803e+00
6.078400933122466654e+00
6.078401658892332193e+00
6.078402136357680341e+00
6.078402413894826495e+00
6.078402533001590946e+00
6.078402528963986917e+00
6.078402431510452786e+00
6.078402265441045671e+00
6.078402051222606239e+00
6.078401805543955483e+00
6.078401541827465948e+00
6.078401270695341196e+00
6.078401000390399211e+00
6.078400737152287903e+00
6.078400485550869981e+00
6.078400248779182391e+00
6.078400028908670372e+00
6.078399827109735476e+00
6.078399643840683098e+00
6.078399479008147033e+00
6.078399332102070396e+00
6.078399202308122362e+00
6.078399088600311195e+00
6.078398989816355957e+00
6.078398904718166129e+00
6.078398832039580313e+00
6.078398770523277150e+00
6.078398718948597512e+00
6.078398676151799407e+00
6.078398641040084982e+00
6.078398612600551587e+00
6.078398589905105176e+00
6.078398572112153175e+00
6.078398558465832657e+00
6.078398548293399095e+00
6.078398541001238442e+00
6.078398536069968827e+00
6.078398533048950725e+00
6.078398531550482708e+00
6.078398531243886183e+00
6.078398531849664721e+00
6.078398533133841930e+00
6.078398534902580863e+00
6.078398536997155155e+00
6.078398539289264768e+00
6.078398541676778954e+00
6.078398544079869126e+00
6.078398546437544958e+00
6.078398548704578630e+00
6.078398550848779003e+00
6.078398552848628178e+00
6.078398554691220035e+00
6.078398556370506967e+00
6.078398557885789977e+00
6.078398559240432597e+00
6.078398560440824383e+00
6.078398561495489183e+00
6.078398562414371931e+00
6.078398563208255112e+00
6.078398563888310235e+00
6.078398564465732790e+00
6.078398564951459804e+00
6.078398565355985106e+00
6.078398565689217214e+00
6.078398565960368316e+00
6.078398566177919626e+00
6.078398566349584087e+00
6.078398566482313470e+00
6.078398566582318807e+00
6.078398566655093482e+00
6.078398566705454087e+00
6.078398566737598152e+00
6.078398566755139676e+00
6.078398566761172184e+00
6.078398566758323796e+00
6.078398566748801635e+00
6.078398566734436237e+00
6.078398566716734841e+00
6.078398566696920469e+00
6.078398566675974557e+00
6.078398566654669821e+00
6.078398566633601341e+00
6.078398566613214093e+00
6.078398566593830488e+00
6.078398566575667239e+00
6.078398566558861127e+00
6.078398566543487647e+00
6.078398566529570779e+00
6.078398566517090984e+00
6.078398566506000300e+00
6.078398566496225008e+00
6.078398566487681620e+00
6.078398566480278653e+00
6.078398566473916631e+00
6.078398566468497854e+00
6.078398566463926400e+00
6.078398566460104568e+00
6.078398566456939989e+00
6.078398566454351837e+00
6.078398566452268170e+00
6.078398566450616158e+00
6.078398566449331852e+00
6.078398566448357521e+00
6.078398566447639872e+00
6.078398566447136275e+00
6.078398566446806761e+00
6.078398566446620244e+00
6.078398566446543860e+00
6.078398566446550966e+00
6.078398566446625573e+00
6.078398566446744589e+00
6.078398566446897355e+00
6.078398566447070550e+00
6.078398566447253515e+00
6.078398566447440921e+00
6.078398566447622997e+00
6.078398566447798856e+00
6.078398566447967610e+00
6.078398566448130147e+00
6.078398566448283802e+00
6.078398566448426799e+00
6.078398566448557361e+00
6.078398566448670159e+00
6.078398566448767859e+00
6.078398566448853124e+00
6.078398566448928619e+00
6.078398566448997009e+00
6.078398566449056517e+00
6.078398566449110696e+00
6.078398566449155105e+00
6.078398566449191520e+00
6.078398566449223495e+00
6.078398566449251028e+00
6.078398566449275009e+00
6.078398566449293661e+00
6.078398566449308760e+00
6.078398566449321194e+00
6.078398566449330964e+00
6.078398566449339846e+00
6.078398566449347840e+00
6.078398566449354057e+00
6.078398566449359386e+00
6.078398566449362050e+00
6.078398566449363827e+00
6.078398566449362939e+00
6.078398566449362939e+00
6.078398566449362050e+00
6.078398566449362050e+00
6.078398566449362050e+00
6.078398566449362050e+00
6.078398566449362050e+00
6.078398566449362050e+00
6.078398566449362050e+00
6.078398566449362050e+00
6.078398566449362050e+00
6.078398566449362050e+00
6.078398566449362050e+00
6.078398566449362050e+00
6.078398566449362050e+00
6.078398566449362050e+00
6.078398566449362050e+00
6.078398566449362050e+00
6.078398566449362050e+00
6.078398566449362050e+00
6.078398566449362050e+00
6.078398566449362050e+00
6.078398566449362050e+00
6.078398566449362050e+00
6.078398566449362050e+00
6.078398566449362050e+00
6.078398566449362050e+00
6.078398566449362050e+00
6.078398566449362050e+00
6.078398566449362050e+00
6.078398566449362050e+00
6.078398566449362050e+00
6.078398566449362050e+00
6.078398566449362050e+00
6.078398566449362050e+00
6.078398566449362050e+00
6.078398566449362050e+00
6.078398566449362050e+00
6.078398566449362050e+00
6.078398566449362050e+00
6.078398566449362050e+00
6.078398566449362050e+00
6.078398566449362050e+00
6.078398566449362050e+00
6.078398566449362050e+00
6.078398566449362050e+00
6.078398566449362050e+00
6.078398566449362050e+00
6.078398566449362050e+00
6.078398566449362050e+00
6.078398566449362050e+00
6.078398566449362050e+00
6.078398566449362050e+00
6.078398566449362050e+00
6.078398566449362050e+00
6.078398566449362050e+00
6.078398566449362050e+00
5.047900710825513393e+00
8.314727187557561905e+00
9.977059920871226950e+00
1.000000000000000000e+01
1.000000000000000000e+01
1.000000000000000000e+01
1.000000000000000000e+01
1.000000000000000000e+01
1.000000000000000000e+01
1.000000000000000000e+01
1.000000000000000000e+01
1.000000000000000000e+01
1.000000000000000000e+01
1.000000000000000000e+01
1.000000000000000000e+01
1.000000000000000000e+01
1.000000000000000000e+01
1.000000000000000000e+01
1.000000000000000000e+01
1.000000000000000000e+01
1.000000000000000000e+01
1.000000000000000000e+01
1.000000000000000000e+01
1.000000000000000000e+01
1.000000000000000000e+01
1.000000000000000000e+01
1.000000000000000000e+01
1.000000000000000000e+01
1.000000000000000000e+01
1.000000000000000000e+01
1.000000000000000000e+01
1.000000000000000000e+01
1.000000000000000000e+01
1.000000000000000000e+01
1.000000000000000000e+01
1.000000000000000000e+01
1.000000000000000000e+01
1.000000000000000000e+01
1.000000000000000000e+01
1.000000000000000000e+01
1.000000000000000000e+01
1.000000000000000000e+01
1.000000000000000000e+01
1.000000000000000000e+01
1.000000000000000000e+01
1.000000000000000000e+01
1.000000000000000000e+01
1.000000000000000000e+01
1.000000000000000000e+01
1.000000000000000000e+01
1.000000000000000000e+01
1.000000000000000000e+01
1.000000000000000000e+01
1.000000000000000000e+01
1.000000000000000000e+01
1.000000000000000000e+01
1.000000000000000000e+01
1.000000000000000000e+01
1.000000000000000000e+01
1.000000000000000000e+01
1.000000000000000000e+01
1.000000000000000000e+01
1.000000000000000000e+01
9.981130678161044045e+00
9.945578548794532736e+00
9.898122170690795585e+00
9.842660437154581388e+00
9.782336702156166908e+00
9.719649914950190706e+00
9.656553465814180726e+00
9.594542462489611623e+00
9.534730272999571099e+00
9.477915214908135155e+00
9.424638248481048919e+00
9.375232586870987816e+00
9.329866022553495952e+00
9.288576778830764269e+00
9.251303666082199229e+00
9.217911224357731470e+00
9.188210483775836934e+00
9.161975952667425815e+00
9.138959343521083412e+00
9.118900522076263115e+00
9.101536100974428223e+00
9.086606047440472622e+00
9.073858635395701810e+00
9.063054031299333957e+00
9.053966758530856751e+00
9.046387253793374938e+00
9.040122699851291799e+00
9.034997288072046828e+00
9.030852041690879517e+00
9.027544308923074468e+00
9.024947016315461923e+00
9.022947755398755376e+00
9.021447763391662988e+00
9.020360845775465819e+00
9.019612278181670106e+00
9.019137717606092508e+00
9.018882143231154558e+00
9.018798845383589224e+00
9.018848471340623618e+00
9.018998137350907385e+00
9.019220608918264048e+00
9.019493553177687417e+00
9.019798860568508658e+00
9.020122035765705704e+00
9.020451654259163732e+00
9.020778877970816012e+00
9.021097041358620672e+00
9.021401269944281154e+00
9.021688163382414416e+00
9.021955518111852257e+00
9.022202089669228542e+00
9.022427391639899596e+00
9.022631521290493950e+00
9.022815024165645070e+00
9.022978774522419698e+00
9.023123872294632974e+00
9.023251567090390779e+00
9.023363194589819614e+00
9.023460126640083345e+00
9.023543731322694939e+00
9.023615345744332217e+00
9.023676252910515672e+00
9.023727665362530459e+00
9.023770715638990580e+00
9.023806450676053359e+00
9.023835828942853965e+00
9.023859720385738470e+00
9.023878908344807215e+00
9.023894092928943067e+00
9.023905895424896073e+00
9.023914863397658692e+00
9.023921476201193670e+00
9.023926150682109792e+00
9.023929246902049783e+00
9.023931073748441278e+00
9.023931894336074677e+00
9.023931931129949291e+00
9.023931370742847236e+00
9.023930368378387357e+00
9.023929051907703780e+00
9.023927525575482278e+00
9.023925873342822257e+00
9.023924161879516959e+00
9.023922443223710843e+00
9.023920757128758297e+00
9.023919133121154346e+00
9.023917592292979961e+00
9.023916148851879981e+00
9.023914811452899087e+00
9.023913584334916749e+00
9.023912468282507149e+00
9.023911461434600767e+00
9.023910559958673971e+00
9.023909758606794895e+00
9.023909051170258877e+00
9.023908430846690365e+00
9.023907890532559151e+00
9.023907423052413890e+00
9.023907021334848011e+00
9.023906678544122428e+00
9.023906388175051418e+00
9.023906144117971095e+00
9.023905940699309625e+00
9.023905772702914163e+00
9.023905635376232581e+00
9.023905524424296942e+00
9.023905435995317248e+00
9.023905366660352811e+00
9.023905313388038252e+00
9.023905273516074743e+00
9.023905244722424612e+00
9.023905224995328211e+00
9.023905212603102299e+00
9.023905206066002549e+00
9.023905204128576329e+00
9.023905205733790069e+00
9.023905209998979160e+00
9.023905216193673695e+00
9.023905223719403068e+00
9.023905232091335549e+00
9.023905240922015736e+00
9.023905249906148285e+00
9.023905258808218477e+00
9.023905267450857082e+00
9.023905275704834139e+00
9.023905283480436523e+00
9.023905290719980599e+00
9.023905297391451086e+00
9.023905303483038765e+00
9.023905308998614316e+00
9.023905313953861196e+00
9.023905318373104834e+00
9.023905322286717379e+00
9.023905325729005611e+00
9.023905328736498532e+00
9.023905331346613323e+00
9.023905333596610845e+00
9.023905335522995230e+00
9.023905337160339712e+00
9.023905338541714727e+00
9.023905339697749994e+00
9.023905340656579455e+00
9.023905341444134365e+00
9.023905342083946124e+00
9.023905342597185353e+00
9.023905343002756041e+00
9.023905343317439431e+00
9.023905343556004155e+00
9.023905343731364326e+00
9.023905343854941918e+00
9.023905343936197809e+00
9.023905343983448901e+00
9.023905344003782858e+00
9.023905344003189555e+00
9.023905343986683647e+00
9.023905343958434244e+00
9.023905343921875044e+00
9.023905343879805585e+00
9.023905343834663029e+00
9.023905343788168665e+00
9.023905343741677854e+00
9.023905343696041470e+00
9.023905343652067756e+00
9.023905343610335805e+00
9.023905343571220428e+00
9.023905343534973866e+00
9.023905343501706255e+00
9.023905343471435359e+00
9.023905343444116767e+00
9.023905343419654557e+00
9.023905343397904844e+00
9.023905343378697097e+00
9.023905343361848352e+00
9.023905343347351504e+00
9.023905343334782003e+00
9.023905343324146955e+00
9.023905343315032468e+00
9.023905343307461635e+00
9.023905343301052540e+00
9.023905343295657744e+00
9.023905343291160008e+00
9.023905343287443870e+00
9.023905343284411629e+00
9.023905343281954927e+00
9.023905343279997382e+00
9.023905343278464386e+00
9.023905343277276003e+00
9.023905343276394930e+00
9.023905343275757218e+00
9.023905343275501423e+00
9.023905343275355762e+00
9.023905343275302471e+00
9.023905343275309576e+00
9.023905343275377078e+00
9.023905343275661295e+00
9.023905343276108937e+00
9.023905343276489077e+00
9.023905343276812374e+00
9.023905343277084157e+00
9.023905343277483837e+00
9.023905343277796476e+00
9.023905343278215696e+00
9.023905343278535440e+00
9.023905343278775248e+00
9.023905343278938673e+00
9.023905343279226443e+00
9.023905343279416513e+00
9.023905343279704283e+00
9.023905343279881919e+00
9.023905343280146596e+00
9.023905343280299363e+00
9.023905343280363311e+00
9.023905343280350877e+00
9.023905343280285152e+00
9.023905343280178570e+00
9.023905343280040015e+00
9.023905343280066660e+00
9.023905343280036462e+00
9.023905343279965408e+00
9.023905343279858826e+00
9.023905343279739810e+00
9.023905343279606583e+00
9.023905343279466251e+00
9.023905343279322366e+00
9.023905343279183811e+00
9.023905343279052360e+00
9.023905343278931568e+00
9.023905343279000846e+00
9.023905343279027491e+00
9.023905343279206903e+00
9.023905343279492897e+00
9.023905343279668756e+00
9.023905343279770008e+00
9.023905343279976066e+00
9.023905343280087976e+00
9.023905343280119951e+00
9.023905343280093305e+00
0.000000000000000000e+00
0.000000000000000000e+00
0.000000000000000000e+00
0.000000000000000000e+00
0.000000000000000000e+00
0.000000000000000000e+00
0.000000000000000000e+00
0.000000000000000000e+00
0.000000000000000000e+00
0.000000000000000000e+00
0.000000000000000000e+00
0.000000000000000000e+00
0.000000000000000000e+00
0.000000000000000000e+00
0.000000000000000000e+00
0.000000000000000000e+00
0.000000000000000000e+00
0.000000000000000000e+00
0.000000000000000000e+00
0.000000000000000000e+00
0.000000000000000000e+00
0.000000000000000000e+00
0.000000000000000000e+00
0.000000000000000000e+00
0.000000000000000000e+00
0.000000000000000000e+00
0.000000000000000000e+00
0.000000000000000000e+00
0.000000000000000000e+00
0.000000000000000000e+00
0.000000000000000000e+00
0.000000000000000000e+00
0.000000000000000000e+00
0.000000000000000000e+00
0.000000000000000000e+00
0.000000000000000000e+00
0.000000000000000000e+00
0.000000000000000000e+00
0.000000000000000000e+00
0.000000000000000000e+00
0.000000000000000000e+00
0.000000000000000000e+00
2.837113785227656643e-02
1.270182766856349232e-01
2.764237560000583627e-01
4.604980429066970471e-01
6.661602418404830583e-01
8.829436600589108952e-01
1.102715690204500776e+00
1.319535333408431876e+00
1.528543441452096419e+00
1.726257591454703588e+00
1.910328593142395670e+00
2.079326740595432987e+00
2.232556092264542880e+00
2.369894799944797903e+00
2.491659288030822594e+00
2.598490013871469717e+00
2.691256532722392958e+00
2.770979643728505692e+00
2.838768488492968700e+00
2.895770606867332120e+00
2.943133096501619139e+00
2.981973191708170212e+00
3.013356740826640845e+00
3.038283221596082218e+00
3.057676087524502595e+00
3.072377423974681498e+00
3.083145986915367232e+00
3.090657864225720530e+00
3.095509103228485159e+00
3.098219775496119599e+00
3.099238992357343125e+00
3.098950545702503501e+00
3.097678862214896967e+00
3.095695035621624847e+00
3.093222781902774443e+00
3.090444157361419641e+00
3.087504975208660962e+00
3.084519836522664260e+00
3.081576741518852192e+00
3.078741278426835759e+00
3.076060361680591271e+00
3.073565551577114530e+00
3.071275974354942928e+00
3.069200825674759603e+00
3.067341559373114368e+00
3.065693711442393443e+00
3.064248464044139642e+00
3.062993916295682073e+00
3.061916142163789711e+00
3.061000039947429752e+00
3.060230006105126854e+00
3.059590458922462730e+00
3.059066232879500191e+00
3.058642870636969047e+00
3.058306822212056630e+00
3.058045574291865965e+00
3.057847720990237939e+00
3.057702989068678434e+00
3.057602227880785950e+00
3.057537372980065893e+00
3.057501390064576885e+00
3.057488206763779193e+00
3.057492635805040493e+00
3.057510293627712095e+00
3.057537518809777755e+00
3.057571291157267890e+00
3.057609154026735609e+00
3.057649140967571899e+00
3.057689707525697020e+00
3.057729668713370597e+00
3.057768142381562360e+00
3.057804498522103565e+00
3.057838314367468335e+00
3.057869335038887471e+00
3.057897439411023210e+00
3.057922610807561004e+00
3.057944912111169256e+00
3.057964464858592191e+00
3.057981431893108226e+00
3.057996003158645948e+00
3.058008384239774280e+00
3.058018787406547201e+00
3.058027424139830419e+00
3.058034500266172184e+00
3.058040211899416327e+00
3.058044742745729572e+00
3.058048262381381832e+00
3.058050925311815771e+00
3.058052870646844834e+00
3.058054222250982335e+00
3.058055089249853253e+00
3.058055566793332236e+00
3.058055737123095863e+00
3.058055670195519493e+00
3.058055425247212966e+00
3.058055051738847396e+00
3.058054590451452892e+00
3.058054074540438982e+00
3.058053530530450370e+00
3.058052979239782587e+00
3.058052436757194403e+00
3.058051914915040026e+00
3.058051422016415444e+00
3.058050963735999606e+00
3.058050543481543482e+00
3.058050162985210818e+00
3.058049822276500240e+00
3.058049520482883032e+00
3.058049255941378775e+00
3.058049026432984263e+00
3.058048829374590660e+00
3.058048661973754800e+00
3.058048521351345084e+00
3.058048404636682704e+00
3.058048309039405943e+00
3.058048232031393532e+00
3.058048170959638323e+00
3.058048123533484208e+00
3.058048087666209280e+00
3.058048061608873880e+00
3.058048043654365777e+00
3.058048032171214015e+00
3.058048025886362264e+00
3.058048023701512186e+00
3.058048024679042243e+00
3.058048028156742593e+00
3.058048033309453739e+00
3.058048039598469270e+00
3.058048046586412383e+00
3.058048054053489118e+00
3.058048061561740916e+00
3.058048068907869066e+00
3.058048075942030763e+00
3.058048082558737057e+00
3.058048088688819721e+00
3.058048094292407537e+00
3.058048099352850713e+00
3.058048103871518819e+00
3.058048107863401199e+00
3.058048111353414367e+00
3.058048114502907033e+00
3.058048117183784775e+00
3.058048119440616830e+00
3.058048121318088342e+00
3.058048122859822193e+00
3.058048124107504595e+00
3.058048125100294001e+00
3.058048126003966694e+00
3.058048126816858225e+00
3.058048127540046845e+00
3.058048128047102576e+00
3.058048128377365504e+00
3.058048128565188595e+00
3.058048128640264540e+00
3.058048128627989914e+00
3.058048128549855527e+00
3.058048128423839440e+00
3.058048128264793775e+00
3.058048128084817296e+00
3.058048127893618684e+00
3.058048127828393081e+00
3.058048127860284904e+00
3.058048127835378160e+00
3.058048127768080438e+00
3.058048127670402128e+00
3.058048127552222439e+00
3.058048127421553630e+00
3.058048127414338957e+00
3.058048127371286284e+00
3.058048127302191332e+00
3.058048127215146295e+00
3.058048127246296044e+00
3.058048127236634439e+00
3.058048127196304478e+00
3.058048127133778937e+00
3.058048127056046894e+00
3.058048127098349056e+00
3.058048127100946090e+00
3.058048127073395239e+00
3.058048127153266460e+00
3.058048127182911191e+00
3.058048127173742081e+00
3.058048127135404748e+00
3.058048127075956302e+00
3.058048127002044314e+00
3.058048126919076903e+00
3.058048126831386160e+00
3.058048126742376915e+00
3.058048126654659526e+00
3.058048126570179992e+00
3.058048126490328755e+00
3.058048126416037515e+00
3.058048126477424411e+00
3.058048126510465536e+00
3.058048126521182741e+00
3.058048126514711473e+00
3.058048126495385599e+00
3.058048126466819561e+00
3.058048126431986091e+00
3.058048126522856514e+00
3.058048126577066927e+00
3.058048126602106009e+00
3.058048126604401951e+00
3.058048126589409499e+00
3.058048126561705882e+00
3.058048126525085397e+00
3.058048126482651341e+00
3.058048126436907044e+00
3.058048126389831811e+00
3.058048126342960416e+00
3.058048126297451041e+00
3.058048126254145238e+00
3.058048126213623430e+00
3.058048126176253767e+00
3.058048126142234313e+00
3.058048126111628573e+00
3.058048126084397023e+00
3.058048126060423311e+00
3.058048126039534687e+00
3.058048126021520652e+00
3.058048126006149392e+00
3.058048125993175770e+00
3.058048126111903464e+00
3.058048126197797423e+00
3.058048126256605048e+00
3.058048126293380520e+00
3.058048126442069137e+00
3.058048126542161960e+00
3.058048126602860517e+00
3.058048126632151753e+00
3.058048126636896402e+00
3.058048126752474172e+00
3.058048126819489454e+00
3.058048126847989323e+00
3.058048126976128156e+00
3.058048127046901321e+00
3.058048127072392042e+00
3.058048127062920951e+00
3.058048127027206853e+00
3.058048126972531922e+00
3.058048126904899799e+00
3.058048126829192359e+00
3.058048126749316253e+00
3.058048126668338362e+00
3.058048126588611471e+00
3.058048126511885290e+00
3.058048126439408598e+00
3.058048126372016728e+00
3.058048126310211945e+00
3.058048126254231391e+00
3.058048126204104822e+00
3.058048126159703450e+00
3.058048126120783916e+00
3.058048126087018481e+00
3.058048126058026117e+00
3.058048126162949298e+00
3.058048126237070896e+00
