1.479155544871898764e-01
2.916826111451478187e-01
4.307392817932574891e-01
5.658025494441154546e-01
6.968565629551356500e-01
8.239305912168927160e-01
9.471763740937089171e-01
1.066979627871197378e+00
1.183334610064787906e+00
1.296579788326175375e+00
1.406183410809998202e+00
1.513227055440467872e+00
1.616787383435326797e+00
1.717880880438577895e+00
1.816224402056837883e+00
1.911761546522696920e+00
2.005131888646324079e+00
2.095703925810725732e+00
2.184018792374826656e+00
2.270361802692287156e+00
2.354052229215688463e+00
2.435784110524969126e+00
2.515717040716318298e+00
2.593232422463283893e+00
2.668847657183878397e+00
2.742823152603080850e+00
2.814974732458843221e+00
2.873369274110710414e+00
2.913171483059714184e+00
2.936022393494826410e+00
2.946307111589188565e+00
2.948707322934807529e+00
2.947032128153068697e+00
2.943877566105541188e+00
2.940733707121996332e+00
2.938270866522453950e+00
2.936645142196634417e+00
2.935746943531100772e+00
2.935370325164582628e+00
2.935310144417795808e+00
2.935405741861658147e+00
2.935551095439515201e+00
2.935687647022856783e+00
2.935790854650835335e+00
2.935856815268628406e+00
2.935891775483532307e+00
2.935905223282578635e+00
2.935906068417342585e+00
2.935901042944883965e+00
2.935894448458599815e+00
2.935888564068684037e+00
2.935884265813702765e+00
2.935881608076059468e+00
2.935880262429367615e+00
2.935879798465478085e+00
2.935879832272010770e+00
2.935880083495505666e+00
2.935880378825842296e+00
2.935880630546330305e+00
2.935880808442175915e+00
2.935880914752841964e+00
2.935880965885627081e+00
2.935880981114168176e+00
2.935880976860604008e+00
2.935880964727886511e+00
2.935880951648095039e+00
2.935880940953980112e+00
2.935880933636809242e+00
2.935880929417717944e+00
2.935880927504503468e+00
2.935880927043624578e+00
2.935880927337435775e+00
2.935880927908715687e+00
2.935880928482372365e+00
2.935880928933717549e+00
2.935880929232782321e+00
2.935880929398787309e+00
2.935880929469024014e+00
2.935880929480926049e+00
2.935880929463936084e+00
2.935880929437560738e+00
2.935880929412620688e+00
2.935880929393693162e+00
2.935880929381551319e+00
2.935880929375084936e+00
2.935880929372566950e+00
2.935880929372375991e+00
2.935880929373278381e+00
2.935880929374476533e+00
2.935880929375550341e+00
2.935880929376340820e+00
2.935880929376830206e+00
2.935880929377077564e+00
2.935880929377161497e+00
2.935880929377158388e+00
2.935880929377116644e+00
2.935880929377061577e+00
2.935880929377019388e+00
2.935880929376983861e+00
2.935880929376966542e+00
2.935880929376956328e+00
2.935880929376955883e+00
2.935880929376958104e+00
2.935880929376958104e+00
2.935880929376958548e+00
2.935880929376959880e+00
2.935880929376959436e+00
2.935880929376958104e+00
2.935880929376959436e+00
2.935880929376959880e+00
2.935880929376960324e+00
2.935880929376960324e+00
2.935880929376960324e+00
2.935880929376960324e+00
2.935880929376960324e+00
2.935880929376960324e+00
2.935880929376960324e+00
2.935880929376960324e+00
2.935880929376960324e+00
2.935880929376960324e+00
2.935880929376960324e+00
2.935880929376960324e+00
2.935880929376960324e+00
2.935880929376960324e+00
2.935880929376960324e+00
2.935880929376960324e+00
2.935880929376960324e+00
2.935880929376960324e+00
2.935880929376960324e+00
2.935880929376960324e+00
2.935880929376960324e+00
2.935880929376960324e+00
2.935880929376960324e+00
2.935880929376960324e+00
2.935880929376960324e+00
2.935880929376960324e+00
2.935880929376960324e+00
2.935880929376960324e+00
2.935880929376960324e+00
2.935880929376960324e+00
2.935880929376960324e+00
2.935880929376960324e+00
2.935880929376960324e+00
2.935880929376960324e+00
2.935880929376960324e+00
2.935880929376960324e+00
2.935880929376960324e+00
2.935880929376960324e+00
2.935880929376960324e+00
2.935880929376960324e+00
2.935880929376960324e+00
2.935880929376960324e+00
2.935880929376960324e+00
2.935880929376960324e+00
2.935880929376960324e+00
2.935880929376960324e+00
2.935880929376960324e+00
2.935880929376960324e+00
2.935880929376960324e+00
2.935880929376960324e+00
2.935880929376960324e+00
2.935880929376960324e+00
2.935880929376960324e+00
2.935880929376960324e+00
2.935880929376960324e+00
2.935880929376960324e+00
2.935880929376960324e+00
2.935880929376960324e+00
2.935880929376960324e+00
2.935880929376960324e+00
2.935880929376960324e+00
2.935880929376960324e+00
2.935880929376960324e+00
2.935880929376960324e+00
2.935880929376960324e+00
2.935880929376960324e+00
2.935880929376960324e+00
2.935880929376960324e+00
2.935880929376960324e+00
2.935880929376960324e+00
2.935880929376960324e+00
2.935880929376960324e+00
2.935880929376960324e+00
2.935880929376960324e+00
2.935880929376960324e+00
2.935880929376960324e+00
2.935880929376960324e+00
2.935880929376960324e+00
2.935880929376960324e+00
2.935880929376960324e+00
2.935880929376960324e+00
2.935880929376960324e+00
2.935880929376960324e+00
2.935880929376960324e+00
2.935880929376960324e+00
2.935880929376960324e+00
2.935880929376960324e+00
2.935880929376960324e+00
2.935880929376960324e+00
2.935880929376960324e+00
2.935880929376960324e+00
2.935880929376960324e+00
2.935880929376960324e+00
2.935880929376960324e+00
2.935880929376960324e+00
2.935880929376960324e+00
2.935880929376960324e+00
2.935880929376960324e+00
2.935880929376960324e+00
2.935880929376960324e+00
2.935880929376960324e+00
2.935880929376960324e+00
2.935880929376960324e+00
2.935880929376960324e+00
2.935880929376960324e+00
2.935880929376960324e+00
2.935880929376960324e+00
2.935880929376960324e+00
2.935880929376960324e+00
2.935880929376960324e+00
2.935880929376960324e+00
2.935880929376960324e+00
2.935880929376960324e+00
2.935880929376960324e+00
2.935880929376960324e+00
2.935880929376960324e+00
2.935880929376960324e+00
2.935880929376960324e+00
2.935880929376960324e+00
2.935880929376960324e+00
2.935880929376960324e+00
2.935880929376960324e+00
2.935880929376960324e+00
2.935880929376960324e+00
2.935880929376960324e+00
2.935880929376960324e+00
2.935880929376960324e+00
2.935880929376960324e+00
2.935880929376960324e+00
2.935880929376960324e+00
2.935880929376960324e+00
2.935880929376960324e+00
2.935880929376960324e+00
2.935880929376960324e+00
2.935880929376960324e+00
2.935880929376960324e+00
2.935880929376960324e+00
2.935880929376960324e+00
2.935880929376960324e+00
2.935880929376960324e+00
2.935880929376960324e+00
2.935880929376960324e+00
2.935880929376960324e+00
2.935880929376960324e+00
2.935880929376960324e+00
2.935880929376960324e+00
2.935880929376960324e+00
2.935880929376960324e+00
2.935880929376960324e+00
2.935880929376960324e+00
2.935880929376960324e+00
2.935880929376960324e+00
2.935880929376960324e+00
2.935880929376960324e+00
2.935880929376960324e+00
2.935880929376960324e+00
2.935880929376960324e+00
2.935880929376960324e+00
2.935880929376960324e+00
2.935880929376960324e+00
2.935880929376960324e+00
2.935880929376960324e+00
2.935880929376960324e+00
2.935880929376960324e+00
2.935880929376960324e+00
2.935880929376960324e+00
2.935880929376960324e+00
2.935880929376960324e+00
2.935880929376960324e+00
2.935880929376960324e+00
2.935880929376960324e+00
2.935880929376960324e+00
2.935880929376960324e+00
2.935880929376960324e+00
2.935880929376960324e+00
2.935880929376960324e+00
2.935880929376960324e+00
2.935880929376960324e+00
2.935880929376960324e+00
2.935880929376960324e+00
2.935880929376960324e+00
2.935880929376960324e+00
2.935880929376960324e+00
2.935880929376960324e+00
2.935880929376960324e+00
2.935880929376960324e+00
2.935880929376960324e+00
2.935880929376960324e+00
2.935880929376960324e+00
2.935880929376960324e+00
2.935880929376960324e+00
3.003512664142718336e+00
3.069393917391476823e+00
3.133461386681916316e+00
3.196174374067119572e+00
3.257566543923411384e+00
3.317425475508130717e+00
3.375628036956355160e+00
3.432618208362426149e+00
3.488425189116737712e+00
3.543077087590289498e+00
3.596146970774053653e+00
3.648071429417803380e+00
3.698930230288539622e+00
3.748748109524322469e+00
3.797549114913707946e+00
3.844951319820057112e+00
3.891347193350625844e+00
3.936803081917264358e+00
3.981340339926335847e+00
4.024979856295563430e+00
4.067614661221457872e+00
4.109073682371668035e+00
4.149703563275627616e+00
4.189522829460440967e+00
4.228549438865290888e+00
4.266800808680779156e+00
4.304293840499413548e+00
4.340751743752006675e+00
4.376444744859220748e+00
4.411434098082734678e+00
4.445734942062887995e+00
4.479362040806520895e+00
4.512329794857560472e+00
4.544652252060680020e+00
4.576218783142726565e+00
4.607007389474198966e+00
4.637196142436681434e+00
4.666797600187287287e+00
4.695824085354304067e+00
4.724287685035609918e+00
4.752200251282285848e+00
4.779573402018357342e+00
4.806418522351466827e+00
4.832554876586009129e+00
4.856944197220105508e+00
4.875766531548849869e+00
4.888344035826925449e+00
4.895606135432169381e+00
4.899025573124891508e+00
4.900029424165779801e+00
4.899741612563476956e+00
4.898926383013337826e+00
4.898033932716259642e+00
4.897283241139217758e+00
4.896745313357712348e+00
4.896410150711636433e+00
4.896233082335648135e+00
4.896162599293806039e+00
4.896154293822441161e+00
4.896175765422616344e+00
4.896206456824653053e+00
4.896235243408628257e+00
4.896257468821693770e+00
4.896272326067110825e+00
4.896280906644982167e+00
4.896284948999068298e+00
4.896286137836343144e+00
4.896285800267707877e+00
4.896284838933314454e+00
4.896283785716837755e+00
4.896282899452669923e+00
4.896282264192181266e+00
4.896281868267961634e+00
4.896281659015563115e+00
4.896281575649444662e+00
4.896281565744075692e+00
4.896281591036072633e+00
4.896281627245027579e+00
4.896281661224430870e+00
4.896281687467504362e+00
4.896281705014650321e+00
4.896281715153432579e+00
4.896281719933025300e+00
4.896281721341633641e+00
4.896281720946201510e+00
4.896281719812761501e+00
4.896281718569956531e+00
4.896281717523688570e+00
4.896281716773486892e+00
4.896281716305770360e+00
4.896281716058455302e+00
4.896281715959736047e+00
4.896281715947925051e+00
4.896281715977725213e+00
4.896281716020456365e+00
4.896281716060578049e+00
4.896281716091573699e+00
4.896281716112306448e+00
4.896281716124289751e+00
4.896281716129943007e+00
4.896281716131612782e+00
4.896281716131061224e+00
4.896281716129744055e+00
4.896281716128295436e+00
4.896281716127077743e+00
4.896281716126209105e+00
4.896281716125661099e+00
4.896281716125373329e+00
4.896281716125263195e+00
4.896281716125248984e+00
4.896281716125282735e+00
4.896281716125330696e+00
4.896281716125377770e+00
4.896281716125416850e+00
4.896281716125439942e+00
4.896281716125455041e+00
4.896281716125461259e+00
4.896281716125465699e+00
4.896281716125467476e+00
4.896281716125372441e+00
4.896281716125387540e+00
4.896281716125405303e+00
4.896281716125332473e+00
4.896281716125366223e+00
4.896281716125399974e+00
4.896281716125425731e+00
4.896281716125352901e+00
4.896281716125380434e+00
4.896281716125404415e+00
4.896281716125336025e+00
4.896281716125282735e+00
4.896281716125242767e+00
4.896281716125222339e+00
4.896281716125300498e+00
4.896281716125364447e+00
4.896281716125410632e+00
4.896281716125352013e+00
4.896281716125297834e+00
4.896281716125345795e+00
4.896281716125390204e+00
4.896281716125423955e+00
4.896281716125442607e+00
4.896281716125450600e+00
4.896281716125457706e+00
4.896281716125463035e+00
4.896281716125463923e+00
4.896281716125463035e+00
4.896281716125372441e+00
4.896281716125387540e+00
4.896281716125407080e+00
4.896281716125334249e+00
4.896281716125367112e+00
4.896281716125399974e+00
4.896281716125425731e+00
4.896281716125352901e+00
4.896281716125380434e+00
4.896281716125405303e+00
4.896281716125336914e+00
4.896281716125372441e+00
4.896281716125403527e+00
4.896281716125427508e+00
4.896281716125442607e+00
4.896281716125362671e+00
4.896281716125385763e+00
4.896281716125407080e+00
4.896281716125427508e+00
4.896281716125440830e+00
4.896281716125449712e+00
4.896281716125456818e+00
4.896281716125461259e+00
4.896281716125463035e+00
4.896281716125463035e+00
4.896281716125463035e+00
4.896281716125370664e+00
4.896281716125385763e+00
4.896281716125407080e+00
4.896281716125334249e+00
4.896281716125367112e+00
4.896281716125399974e+00
4.896281716125425731e+00
4.896281716125440830e+00
4.896281716125449712e+00
4.896281716125367112e+00
4.896281716125387540e+00
4.896281716125318262e+00
4.896281716125360894e+00
4.896281716125398198e+00
4.896281716125423067e+00
4.896281716125350236e+00
4.896281716125293393e+00
4.896281716125337802e+00
4.896281716125383099e+00
4.896281716125328032e+00
4.896281716125372441e+00
4.896281716125407080e+00
4.896281716125428396e+00
4.896281716125441719e+00
4.896281716125452377e+00
4.896281716125458594e+00
4.896281716125463923e+00
4.896281716125463035e+00
4.896281716125462147e+00
4.896281716125461259e+00
4.896281716125460370e+00
4.896281716125459482e+00
4.896281716125459482e+00
4.896281716125460370e+00
4.896281716125459482e+00
4.896281716125460370e+00
4.896281716125461259e+00
4.896281716125460370e+00
4.896281716125459482e+00
4.896281716125460370e+00
4.896281716125459482e+00
4.896281716125460370e+00
4.896281716125459482e+00
4.896281716125459482e+00
4.896281716125460370e+00
4.896281716125459482e+00
4.896281716125460370e+00
4.896281716125459482e+00
4.896281716125460370e+00
4.896281716125459482e+00
4.896281716125459482e+00
4.896281716125460370e+00
4.896281716125459482e+00
4.896281716125460370e+00
4.896281716125459482e+00
4.896281716125459482e+00
4.896281716125460370e+00
4.896281716125459482e+00
4.896281716125460370e+00
4.896281716125459482e+00
4.896281716125460370e+00
4.896281716125459482e+00
4.896281716125460370e+00
4.896281716125459482e+00
4.896281716125459482e+00
4.896281716125460370e+00
4.896281716125459482e+00
4.896281716125460370e+00
4.896281716125459482e+00
4.896281716125460370e+00
4.896281716125459482e+00
4.896281716125460370e+00
4.896281716125459482e+00
4.896281716125459482e+00
4.896281716125460370e+00
4.896281716125459482e+00
4.896281716125460370e+00
4.896281716125459482e+00
4.896281716125459482e+00
4.896281716125460370e+00
4.896281716125459482e+00
4.896281716125460370e+00
4.896281716125459482e+00
4.896281716125460370e+00
4.896281716125459482e+00
4.896281716125459482e+00
4.896281716125460370e+00
4.896281716125459482e+00
4.896281716125459482e+00
4.896281716125460370e+00
4.896281716125459482e+00
4.896281716125460370e+00
4.896281716125459482e+00
4.896281716125460370e+00
4.896281716125459482e+00
4.896281716125460370e+00
4.896281716125459482e+00
4.896281716125459482e+00
4.896281716125460370e+00
4.896281716125459482e+00
4.896281716125460370e+00
4.896281716125459482e+00
4.896281716125460370e+00
4.896281716125459482e+00
4.896281716125460370e+00
4.896281716125459482e+00
4.896281716125460370e+00
4.896281716125459482e+00
4.896281716125460370e+00
4.896281716125459482e+00
4.896281716125460370e+00
4.896281716125459482e+00
4.896281716125459482e+00
4.896281716125460370e+00
4.896281716125459482e+00
4.896281716125460370e+00
4.896281716125459482e+00
4.896281716125460370e+00
4.896281716125459482e+00
4.896281716125460370e+00
4.896281716125459482e+00
4.896281716125459482e+00
4.896281716125460370e+00
4.896281716125459482e+00
4.896281716125460370e+00
4.896281716125461259e+00
4.896281716125460370e+00
4.799127430100049274e+00
4.702922104460815156e+00
4.608581438007954389e+00
4.515648219527968799e+00
4.424119187460771485e+00
4.334389997188389465e+00
4.245848815721159575e+00
4.158835523875905160e+00
4.073557353003702808e+00
4.002203963755055938e+00
3.952010763451917263e+00
3.921825775836409012e+00
3.906911399067655832e+00
3.901975155069310031e+00
3.902566508661424294e+00
3.905533818176574634e+00
3.908962649910283638e+00
3.911892624742258295e+00
3.913992647680692105e+00
3.915284311837265996e+00
3.915944160919895278e+00
3.916182328746621089e+00
3.916180787707714384e+00
3.916071232665161883e+00
3.915935466448908109e+00
3.915815866132327905e+00
3.915728250501487206e+00
3.915673165473255946e+00
3.915644147230310956e+00
3.915632896437031274e+00
3.915631994262207094e+00
3.915635955896836329e+00
3.915641301003667252e+00
3.915646165135660439e+00
3.915649808884488436e+00
3.915652149769598189e+00
3.915653418447279321e+00
3.915653940953365275e+00
3.915654018437890738e+00
3.915653878817138445e+00
3.915653669886787203e+00
3.915653472740195262e+00
3.915653321594632530e+00
3.915653222422908364e+00
3.915653167200981333e+00
3.915653143234753664e+00
3.915653138338669681e+00
3.915653143071115228e+00
3.915653151178583258e+00
3.915653159138575479e+00
3.915653165389598289e+00
3.915653169578567905e+00
3.915653171971359203e+00
3.915653173058717851e+00
3.915653173331765213e+00
3.915653173180467572e+00
3.915653172868611254e+00
3.915653172548536620e+00
3.915653172290788131e+00
3.915653172114388347e+00
3.915653172011141159e+00
3.915653171962261148e+00
3.915653171948033417e+00
3.915653171952404588e+00
3.915653171964277757e+00
3.915653171977091507e+00
3.915653171987686143e+00
3.915653171995087334e+00
3.915653171999521120e+00
3.915653172001706039e+00
3.915653172002416582e+00
3.915653172002313109e+00
3.915653172001869464e+00
3.915653172001362314e+00
3.915653172000928883e+00
3.915653172000620685e+00
3.915653172000433724e+00
3.915653172000330695e+00
3.915653172000297388e+00
3.915653172000296944e+00
3.915653172000312487e+00
3.915653172000330251e+00
3.915653172000345350e+00
3.915653172000358673e+00
3.915653172000368443e+00
3.915653172000376436e+00
3.915653172000379101e+00
3.915653172000378657e+00
3.915653172000377324e+00
3.915653172000376880e+00
3.915653172000376436e+00
3.915653172000375104e+00
3.915653172000373772e+00
3.915653172000372884e+00
3.915653172000373772e+00
3.915653172000375104e+00
3.915653172000373772e+00
3.915653172000373772e+00
3.915653172000373772e+00
3.915653172000375104e+00
3.915653172000373772e+00
3.915653172000373772e+00
3.915653172000373772e+00
3.915653172000373772e+00
3.915653172000373772e+00
3.915653172000373772e+00
3.915653172000373772e+00
3.915653172000375104e+00
3.915653172000373772e+00
3.915653172000373772e+00
3.915653172000373772e+00
3.915653172000373772e+00
3.915653172000373772e+00
3.915653172000373772e+00
3.915653172000375104e+00
3.915653172000373772e+00
3.915653172000373772e+00
3.915653172000373772e+00
3.915653172000373772e+00
3.915653172000375104e+00
3.915653172000373772e+00
3.915653172000373772e+00
3.915653172000373772e+00
3.915653172000375104e+00
3.915653172000373772e+00
3.915653172000373772e+00
3.915653172000373772e+00
3.915653172000373772e+00
3.915653172000373772e+00
3.915653172000375104e+00
3.915653172000373772e+00
3.915653172000373772e+00
3.915653172000373772e+00
3.915653172000373772e+00
3.915653172000373772e+00
3.915653172000373772e+00
3.915653172000373772e+00
3.915653172000373772e+00
3.915653172000373772e+00
3.915653172000373772e+00
3.915653172000373772e+00
3.915653172000373772e+00
3.915653172000373772e+00
3.915653172000373772e+00
3.915653172000375104e+00
3.915653172000373772e+00
3.915653172000373772e+00
3.915653172000373772e+00
3.915653172000375104e+00
3.915653172000373772e+00
3.915653172000373772e+00
3.915653172000373772e+00
3.915653172000373772e+00
3.915653172000373772e+00
3.915653172000373772e+00
3.915653172000373772e+00
3.915653172000373772e+00
3.915653172000373772e+00
3.915653172000373772e+00
3.915653172000373772e+00
3.915653172000373772e+00
3.915653172000373772e+00
3.915653172000373772e+00
3.915653172000373772e+00
3.915653172000373772e+00
3.915653172000373772e+00
3.915653172000373772e+00
3.915653172000373772e+00
3.915653172000373772e+00
3.915653172000375104e+00
3.915653172000373772e+00
3.915653172000373772e+00
3.915653172000373772e+00
3.915653172000373772e+00
3.915653172000373772e+00
3.915653172000375104e+00
3.915653172000373772e+00
3.915653172000373772e+00
3.915653172000373772e+00
3.915653172000375104e+00
3.915653172000373772e+00
3.915653172000373772e+00
3.915653172000373772e+00
3.915653172000373772e+00
3.915653172000373772e+00
3.915653172000373772e+00
3.915653172000373772e+00
3.915653172000373772e+00
3.915653172000375104e+00
3.915653172000373772e+00
3.915653172000373772e+00
3.915653172000373772e+00
3.915653172000373772e+00
3.915653172000373772e+00
3.915653172000373772e+00
3.915653172000373772e+00
3.915653172000373772e+00
3.915653172000373772e+00
3.915653172000373772e+00
3.915653172000373772e+00
3.915653172000373772e+00
3.915653172000373772e+00
3.915653172000373772e+00
3.915653172000375104e+00
3.915653172000373772e+00
3.915653172000373772e+00
3.915653172000373772e+00
3.915653172000373772e+00
3.915653172000373772e+00
3.915653172000373772e+00
3.915653172000375104e+00
3.915653172000373772e+00
3.915653172000373772e+00
3.915653172000373772e+00
3.915653172000375104e+00
3.915653172000373772e+00
3.915653172000373772e+00
3.915653172000373772e+00
3.915653172000373772e+00
3.915653172000373772e+00
3.915653172000373772e+00
3.915653172000373772e+00
3.915653172000373772e+00
3.915653172000373772e+00
3.915653172000373772e+00
3.915653172000373772e+00
3.915653172000373772e+00
3.915653172000375104e+00
3.915653172000373772e+00
3.915653172000373772e+00
3.915653172000373772e+00
3.915653172000373772e+00
3.915653172000373772e+00
3.915653172000373772e+00
3.915653172000373772e+00
3.915653172000373772e+00
3.915653172000375104e+00
3.915653172000373772e+00
3.915653172000373772e+00
3.915653172000373772e+00
3.915653172000373772e+00
3.915653172000373772e+00
3.915653172000373772e+00
3.915653172000373772e+00
3.915653172000373772e+00
3.915653172000373772e+00
3.915653172000373772e+00
3.915653172000373772e+00
3.915653172000373772e+00
3.915653172000375104e+00
3.915653172000373772e+00
3.915653172000373772e+00
3.915653172000373772e+00
3.915653172000373772e+00
3.915653172000373772e+00
3.915653172000373772e+00
3.915653172000373772e+00
3.915653172000373772e+00
3.915653172000373772e+00
3.915653172000375104e+00
3.915653172000373772e+00
3.915653172000373772e+00
3.915653172000373772e+00
3.915653172000373772e+00
3.915653172000373772e+00
3.915653172000375104e+00
3.915653172000373772e+00
3.915653172000373772e+00
3.915653172000373772e+00
3.915653172000375104e+00
3.915653172000373772e+00
3.915653172000373772e+00
3.915653172000373772e+00
3.915653172000375104e+00
3.915653172000373772e+00
3.915653172000373772e+00
3.915653172000373772e+00
3.915653172000373772e+00
3.915653172000375104e+00
3.915653172000373772e+00
3.915653172000373772e+00
3.915653172000373772e+00
3.915653172000375104e+00
3.915653172000373772e+00
3.915653172000373772e+00
3.915653172000373772e+00
3.915653172000373772e+00
3.915653172000373772e+00
3.915653172000373772e+00
3.915653172000373772e+00
3.915653172000373772e+00
3.915653172000373772e+00
3.915653172000373772e+00
3.915653172000373772e+00
3.915653172000373772e+00
3.915653172000373772e+00
3.915653172000373772e+00
3.915653172000375104e+00
3.915653172000373772e+00
3.915653172000373772e+00
3.960617562836849181e+00
4.004674497350934281e+00
4.047844618093688673e+00
4.089782341000411492e+00
4.130797775483980416e+00
4.170994000838042837e+00
4.210389237086734404e+00
4.249001151167489887e+00
4.286846882855732233e+00
4.323807581563674951e+00
4.359835075523634806e+00
4.395151707427253918e+00
4.429772795133925634e+00
4.463713276498634031e+00
4.496987720739303640e+00
4.529610339388589146e+00
4.561594996848197248e+00
4.592679051718867811e+00
4.623146855487334506e+00
4.653021518281609481e+00
4.682315472948741508e+00
4.711040916742565088e+00
4.739209811586694521e+00
4.766833884796055187e+00
4.793924630210119275e+00
4.820443719761674295e+00
4.846198747827206610e+00
4.871459268226892014e+00
4.896235591688737898e+00
4.920537748446997206e+00
4.944375499916788819e+00
4.967758349701534293e+00
4.990695553977714916e+00
5.013196131297997127e+00
5.035268871850729688e+00
5.056922346211292663e+00
5.078089072132722315e+00
5.098741666768225933e+00
5.119002362700757480e+00
5.138878996988007763e+00
5.158379225680035596e+00
5.177510546013313508e+00
5.196280290997236762e+00
5.214695634150784187e+00
5.232763595572324178e+00
5.250491039684036743e+00
5.267884689498348649e+00
5.284951120109382394e+00
5.301696766789304682e+00
5.318127928971436269e+00
5.334152674119827076e+00
5.349832852078796996e+00
5.365219245417387484e+00
5.380317568473120815e+00
5.395133422232439635e+00
5.409672294575845974e+00
5.423939561276017507e+00
5.437940493411779208e+00
5.451680251724250859e+00
5.465163893047855659e+00
5.478396376162347536e+00
5.491382554544094852e+00
5.504127184835837738e+00
5.516634931569399214e+00
5.528910359747783332e+00
5.540957946141946699e+00
5.552782076420348822e+00
5.564387048001967706e+00
5.575777071519354422e+00
5.586853114209056059e+00
5.597715382805970918e+00
5.608376841165600091e+00
5.618841317414584147e+00
5.629112562539877018e+00
5.639194253420780178e+00
5.649089988879287816e+00
5.658803301576726952e+00
5.668337646000901842e+00
5.677696414424433513e+00
5.686882930278028603e+00
5.695900446414612794e+00
5.704752157561487458e+00
5.713441188602703669e+00
5.721970606921378710e+00
5.730343418873436789e+00
5.738562572692218033e+00
5.746630952348625421e+00
5.754551395100379274e+00
5.762326669803547574e+00
5.769959501707583094e+00
5.777452559375194419e+00
5.784808460838775090e+00
5.792029767188991762e+00
5.799118995694368728e+00
5.806078615258488007e+00
5.812911039408343861e+00
5.819618643486321297e+00
5.826203751387319052e+00
5.832643761144795214e+00
5.838927600635638981e+00
5.845096804914535760e+00
5.851153506627266410e+00
5.857099786856086787e+00
5.862937697345899757e+00
5.868384126922999933e+00
5.872615514324989405e+00
5.875490402514031096e+00
5.877203190192686222e+00
5.878063340083102162e+00
5.878373461186326310e+00
5.878375400713937715e+00
5.878237405116339076e+00
5.878062332033286985e+00
5.877903827201269138e+00
5.877783028237941743e+00
5.877702321535097418e+00
5.877655149665113044e+00
5.877632156764319049e+00
5.877624489899308635e+00
5.877625225784611551e+00
5.877629626894621317e+00
5.877634849252102889e+00
5.877639448712489667e+00
5.877642889546065064e+00
5.877645150042327238e+00
5.877646445261772712e+00
5.877647056549581528e+00
5.877647241630224784e+00
5.877647198430054232e+00
5.877647060080971819e+00
5.877646905004009881e+00
5.877646771900790768e+00
5.877646674110917679e+00
5.877646610946665184e+00
5.877646575498820525e+00
5.877646559357208034e+00
5.877646555034434783e+00
5.877646556887688334e+00
5.877646561184719509e+00
5.877646565769688358e+00
5.877646569611394867e+00
5.877646572384486845e+00
5.877646574145246383e+00
5.877646575112041027e+00
5.877646575535060869e+00
5.877646575631220394e+00
5.877646575561029429e+00
5.877646575428883580e+00
5.877646575293860032e+00
5.877646575183255173e+00
5.877646575104791715e+00
5.877646575055840650e+00
5.877646575029570997e+00
5.877646575018586894e+00
5.877646575016609809e+00
5.877646575019093156e+00
5.877646575023117492e+00
5.877646575027079656e+00
5.877646575030264664e+00
5.877646575032475340e+00
5.877646575033839582e+00
5.877646575034555454e+00
5.877646575034830789e+00
5.877646575034860099e+00
5.877646575034773946e+00
5.877646575034656706e+00
5.877646575034537690e+00
5.877646575034452425e+00
5.877646575034387588e+00
5.877646575034344956e+00
5.877646575034321863e+00
5.877646575034313869e+00
5.877646575034313869e+00
5.877646575034315646e+00
5.877646575034319198e+00
5.877646575034324528e+00
5.877646575034327192e+00
5.877646575034328080e+00
5.877646575034329857e+00
5.877646575034330745e+00
5.877646575034339627e+00
5.877646575034347620e+00
5.877646575034344067e+00
5.877646575034338738e+00
5.877646575034336074e+00
5.877646575034336074e+00
5.877646575034343179e+00
5.877646575034338738e+00
5.877646575034336074e+00
5.877646575034336074e+00
5.877646575034343179e+00
5.877646575034338738e+00
5.877646575034336074e+00
5.877646575034336074e+00
5.877646575034334298e+00
5.877646575034334298e+00
5.877646575034334298e+00
5.877646575034334298e+00
5.877646575034334298e+00
5.877646575034334298e+00
5.877646575034334298e+00
5.877646575034334298e+00
5.877646575034334298e+00
5.877646575034334298e+00
5.877646575034334298e+00
5.877646575034334298e+00
5.877646575034334298e+00
5.877646575034334298e+00
5.877646575034334298e+00
5.877646575034340515e+00
5.877646575034339627e+00
5.877646575034336962e+00
5.877646575034336074e+00
5.877646575034343179e+00
5.877646575034338738e+00
5.877646575034336074e+00
5.877646575034336074e+00
5.877646575034343179e+00
5.877646575034338738e+00
5.877646575034336074e+00
5.877646575034336074e+00
5.877646575034343179e+00
5.877646575034338738e+00
5.877646575034336074e+00
5.877646575034336074e+00
5.877646575034343179e+00
5.877646575034338738e+00
5.877646575034336074e+00
5.877646575034336074e+00
5.877646575034343179e+00
5.877646575034338738e+00
5.877646575034336074e+00
5.877646575034336074e+00
5.877646575034343179e+00
5.877646575034338738e+00
5.877646575034336074e+00
5.877646575034336074e+00
5.877646575034343179e+00
5.877646575034338738e+00
5.877646575034336074e+00
5.877646575034336074e+00
5.877646575034343179e+00
5.877646575034338738e+00
5.877646575034336074e+00
5.877646575034336074e+00
5.877646575034343179e+00
5.877646575034338738e+00
5.877646575034336074e+00
5.877646575034336074e+00
5.877646575034343179e+00
5.877646575034338738e+00
5.877646575034336074e+00
5.877646575034336074e+00
5.877646575034343179e+00
5.877646575034338738e+00
5.877646575034336074e+00
5.877646575034336074e+00
5.877646575034343179e+00
5.877646575034338738e+00
5.877646575034336074e+00
5.877646575034336074e+00
5.877646575034343179e+00
5.877646575034338738e+00
5.877646575034336074e+00
5.877646575034336074e+00
5.877646575034343179e+00
5.877646575034338738e+00
5.877646575034336074e+00
5.877646575034336074e+00
5.877646575034334298e+00
5.877646575034336074e+00
5.877646575034336074e+00
5.877646575034343179e+00
5.877646575034344956e+00
5.877646575034338738e+00
5.877646575034336074e+00
5.877646575034336074e+00
5.877646575034343179e+00
5.877646575034338738e+00
5.877646575034336074e+00
5.877646575034336074e+00
5.877646575034343179e+00
5.877646575034338738e+00
5.877646575034336074e+00
5.877646575034336074e+00
5.877646575034343179e+00
5.877646575034338738e+00
5.877646575034336074e+00
5.877646575034336074e+00
5.877646575034343179e+00
5.877646575034338738e+00
5.877646575034336074e+00
5.877646575034336074e+00
5.877646575034334298e+00
5.877646575034334298e+00
5.877646575034334298e+00
5.877646575034334298e+00
5.877646575034334298e+00
5.877646575034334298e+00
5.877646575034334298e+00
5.765676183967560320e+00
5.655288807458140887e+00
5.546634083638823043e+00
5.439211672295494182e+00
5.333792851364294485e+00
5.229519633257583955e+00
5.127118798644750619e+00
5.026269414617249076e+00
4.926828069265487109e+00
4.829286438587220509e+00
4.732649357863880191e+00
4.637731412358069072e+00
4.544493055482752730e+00
4.452398588346841990e+00
4.362112391989293236e+00
4.273275585325388093e+00
4.185717102612169782e+00
4.099901972761258229e+00
4.015374313579861187e+00
3.932081876369873275e+00
3.850473087463061272e+00
3.770219538228916534e+00
3.691153805594527881e+00
3.613706945487213051e+00
3.537747523806787697e+00
3.462746638734370386e+00
3.389300241386838053e+00
3.317382497199916624e+00
3.246432548232850657e+00
3.176732882101493516e+00
3.108502870957006170e+00
3.041716280900887082e+00
2.975618443234464561e+00
2.910932008769443247e+00
2.847632150759171754e+00
2.785671115929170938e+00
2.724554524149873203e+00
2.664759394179572638e+00
2.606261168622189039e+00
2.549036145377269857e+00
2.492583736757860269e+00
2.437210868811461317e+00
2.383056657529214917e+00
2.330098142315295551e+00
2.278281533714590967e+00
2.227134358197115027e+00
2.177126320852263763e+00
2.128235247904989080e+00
2.080439254999511434e+00
2.033716750002124485e+00
1.995315556131618706e+00
1.969396998553932576e+00
1.954937970292743188e+00
1.948883344472538193e+00
1.947973450844844301e+00
1.949586635176452143e+00
1.951976000397208644e+00
1.954180199673342111e+00
1.955807300320659525e+00
1.956809849108822830e+00
1.957306314190522034e+00
1.957463440537504429e+00
1.957432397582898886e+00
1.957323470672111432e+00
1.957203826358577370e+00
1.957106144447374518e+00
1.957040241615869647e+00
1.957003421038978841e+00
1.956987958667130822e+00
1.956985587760593281e+00
1.956989649876273329e+00
1.956995702484965793e+00
1.957001297001616180e+00
1.957005432121863731e+00
1.957007983256297878e+00
1.957009248965304371e+00
1.957009651715702070e+00
1.957009575224725184e+00
1.957009299807842995e+00
1.957008996388221345e+00
1.957008748294073675e+00
1.957008580702191303e+00
1.957008486934754599e+00
1.957008447448443711e+00
1.957008441276472777e+00
1.957008451505760194e+00
1.957008466838389360e+00
1.957008481038055914e+00
1.957008491546977202e+00
1.957008498038562916e+00
1.957008501265246059e+00
1.957008502297411301e+00
1.957008502109074177e+00
1.957008501412677015e+00
1.957008500643188542e+00
1.957008500013072361e+00
1.957008499586902150e+00
1.957008499348115604e+00
1.957008499247282485e+00
1.957008499231225107e+00
1.957008499256981171e+00
1.957008499295821657e+00
1.957008499331861717e+00
1.957008499358568798e+00
1.957008499375087585e+00
1.957008499383313671e+00
1.957008499385958444e+00
1.957008499385495037e+00
1.957008499383735334e+00
1.957008499381783562e+00
1.957008499380184174e+00
1.957008499379101485e+00
1.957008499378492639e+00
1.957008499378234179e+00
1.957008499378191546e+00
1.957008499378256383e+00
1.957008499378355415e+00
1.957008499378446453e+00
1.957008499378513955e+00
1.957008499378555033e+00
1.957008499378575905e+00
1.957008499378583011e+00
1.957008499378582123e+00
1.957008499378577238e+00
1.957008499378572131e+00
1.957008499378568578e+00
1.957008499378565247e+00
1.957008499378563693e+00
1.957008499378563027e+00
1.957008499378563027e+00
1.957008499378563249e+00
1.957008499378563693e+00
1.957008499378564359e+00
1.957008499378564359e+00
1.957008499378564359e+00
1.957008499378564137e+00
1.957008499378564359e+00
1.957008499378564359e+00
1.957008499378564137e+00
1.957008499378564359e+00
1.957008499378564137e+00
1.957008499378564359e+00
1.957008499378564359e+00
1.957008499378564137e+00
1.957008499378563693e+00
1.957008499378563693e+00
1.957008499378564359e+00
1.957008499378564359e+00
1.957008499378564137e+00
1.957008499378564359e+00
1.957008499378564137e+00
1.957008499378564359e+00
1.957008499378564137e+00
1.957008499378564359e+00
1.957008499378564137e+00
1.957008499378564359e+00
1.957008499378564137e+00
1.957008499378564359e+00
1.957008499378564137e+00
1.957008499378564359e+00
1.957008499378564137e+00
1.957008499378564359e+00
1.957008499378564137e+00
1.957008499378563693e+00
1.957008499378563693e+00
1.957008499378564359e+00
1.957008499378564359e+00
1.957008499378564137e+00
1.957008499378563693e+00
1.957008499378563693e+00
1.957008499378564359e+00
1.957008499378564359e+00
1.957008499378564137e+00
1.957008499378564359e+00
1.957008499378564359e+00
1.957008499378564137e+00
1.957008499378564359e+00
1.957008499378564137e+00
1.957008499378564359e+00
1.957008499378564137e+00
1.957008499378563693e+00
1.957008499378564359e+00
1.957008499378564359e+00
1.957008499378564137e+00
1.957008499378564359e+00
1.957008499378564137e+00
1.957008499378564359e+00
1.957008499378564137e+00
1.957008499378564359e+00
1.957008499378564137e+00
1.957008499378564359e+00
1.957008499378564137e+00
1.957008499378564359e+00
1.957008499378564137e+00
1.957008499378564359e+00
1.957008499378564137e+00
1.957008499378564359e+00
1.957008499378564137e+00
1.957008499378564359e+00
1.957008499378564137e+00
1.957008499378564359e+00
1.957008499378564137e+00
1.957008499378564359e+00
1.957008499378564137e+00
1.957008499378564359e+00
1.957008499378564137e+00
1.957008499378564359e+00
1.957008499378564137e+00
1.957008499378564359e+00
1.957008499378564137e+00
1.957008499378564359e+00
1.957008499378564137e+00
1.957008499378564359e+00
1.957008499378564137e+00
1.957008499378564359e+00
1.957008499378564137e+00
1.957008499378564359e+00
1.957008499378564137e+00
1.957008499378564359e+00
1.957008499378564137e+00
1.957008499378563693e+00
1.957008499378563693e+00
1.957008499378564359e+00
1.957008499378564359e+00
1.957008499378564137e+00
1.957008499378564359e+00
1.957008499378564137e+00
1.957008499378564359e+00
1.957008499378564137e+00
1.957008499378564359e+00
1.957008499378564137e+00
1.957008499378564359e+00
1.957008499378564137e+00
1.957008499378563693e+00
1.957008499378564359e+00
1.957008499378564359e+00
1.957008499378564359e+00
1.957008499378564137e+00
1.957008499378564359e+00
1.957008499378564137e+00
1.957008499378564359e+00
1.957008499378564359e+00
1.957008499378564137e+00
1.957008499378563693e+00
1.957008499378563693e+00
1.957008499378564359e+00
1.957008499378564359e+00
1.957008499378564359e+00
1.957008499378564137e+00
1.957008499378563693e+00
1.957008499378563693e+00
1.957008499378564359e+00
1.957008499378564359e+00
1.957008499378564137e+00
1.957008499378564359e+00
1.957008499378564137e+00
1.957008499378564359e+00
1.957008499378564137e+00
1.957008499378564359e+00
1.957008499378564137e+00
1.957008499378564359e+00
1.957008499378564137e+00
1.957008499378564359e+00
1.957008499378564137e+00
1.957008499378563693e+00
1.957008499378564359e+00
1.957008499378564359e+00
1.957008499378564359e+00
1.957008499378564137e+00
1.957008499378564359e+00
1.957008499378564137e+00
1.957008499378564359e+00
1.957008499378564137e+00
1.957008499378563693e+00
1.957008499378563693e+00
1.957008499378564359e+00
1.957008499378564359e+00
1.957008499378564359e+00
1.957008499378564137e+00
1.957008499378564359e+00
1.957008499378564137e+00
1.957008499378564359e+00
1.957008499378564137e+00
1.957008499378564359e+00
1.957008499378564137e+00
1.957008499378563693e+00
1.957008499378563693e+00
1.957008499378564359e+00
1.957008499378564359e+00
1.957008499378564359e+00
1.957008499378564137e+00
1.957008499378564359e+00
1.957008499378564137e+00
1.957008499378564359e+00
1.957008499378564137e+00
1.957008499378564359e+00
1.957008499378564137e+00
1.957008499378564359e+00
1.957008499378564137e+00
