1.479155544871898764e-01
2.916826111451478187e-01
4.307392817932574891e-01
5.658025494441154546e-01
6.968565629551356500e-01
8.239305912168927160e-01
9.471763740937089171e-01
1.066979627871197378e+00
1.183334610064787906e+00
1.296579788326175375e+00
1.406183410809998202e+00
1.513227055440467872e+00
1.616787383435326797e+00
1.717880880438577895e+00
1.816224402056837883e+00
1.911761546522696920e+00
2.005131888646324079e+00
2.095703925810725732e+00
2.184018792374826656e+00
2.270361802692287156e+00
2.354052229215688463e+00
2.435784110524969126e+00
2.515717040716318298e+00
2.593232422463283893e+00
2.666833925325977628e+00
2.731199365483737207e+00
2.784001683938293059e+00
2.824694239862281631e+00
2.854663855324186983e+00
2.875561502527150815e+00
2.889191967687195994e+00
2.897298144498080763e+00
2.901420458526501545e+00
2.902834520557111553e+00
2.902540209689721262e+00
2.901281650965586323e+00
2.899583283818058632e+00
2.897791793242461722e+00
2.896117466566778820e+00
2.894671256402665538e+00
2.893495807400368935e+00
2.892590003659684772e+00
2.891927422647183388e+00
2.891469464379916143e+00
2.891174144600877405e+00
2.891001529448844476e+00
2.890916692418798561e+00
2.890890955615372349e+00
2.890902007689622799e+00
2.890933373020460273e+00
2.890973539450502727e+00
2.891014978499494958e+00
2.891053195392902175e+00
2.891085887245992136e+00
2.891112244539513654e+00
2.891132402593592055e+00
2.891147032634011182e+00
2.891157053013643008e+00
2.891163437845271744e+00
2.891167100510479315e+00
2.891168831798305749e+00
2.891169275690725904e+00
2.891168929331113358e+00
2.891168157043023879e+00
2.891167211170366791e+00
2.891166254888695164e+00
2.891165383975433656e+00
2.891164645907667641e+00
2.891164055561233681e+00
2.891163607457733153e+00
2.891163284816544721e+00
2.891163065896543483e+00
2.891162928154496825e+00
2.891162850733786538e+00
2.891162815752446047e+00
2.891162808768728887e+00
2.891162818714259508e+00
2.891162837543420405e+00
2.891162859732891555e+00
2.891162881754024916e+00
2.891162901570728749e+00
2.891162918213110444e+00
2.891162931420665938e+00
2.891162941370426065e+00
2.891162948476653227e+00
2.891162953251817935e+00
2.891162956217396829e+00
2.891162957846806325e+00
2.891162958544871042e+00
2.891162958635205893e+00
2.891162958363889590e+00
2.891162957908436582e+00
2.891162957390517096e+00
2.891162956885256374e+00
2.891162956434694120e+00
2.891162956059543099e+00
2.891162955764056353e+00
2.891162955543094881e+00
2.891162955387504674e+00
2.891162955283235192e+00
2.891162955219309882e+00
2.891162955184931604e+00
2.891162955171005411e+00
2.891162955170285098e+00
2.891162955177308813e+00
2.891162955189118922e+00
2.891162955201052487e+00
2.891162955212484675e+00
2.891162955223488762e+00
2.891162955231670217e+00
2.891162955237993160e+00
2.891162955242633892e+00
2.891162955245854871e+00
2.891162955247942978e+00
2.891162955249174882e+00
2.891162955249788169e+00
2.891162955249986233e+00
2.891162955249924504e+00
2.891162955249716227e+00
2.891162955249442224e+00
2.891162955250114575e+00
2.891162955250704325e+00
2.891162955250230482e+00
2.891162955249754862e+00
2.891162955250280664e+00
2.891162955250767386e+00
2.891162955251187938e+00
2.891162955250568878e+00
2.891162955249977351e+00
2.891162955250413891e+00
2.891162955249878763e+00
2.891162955249400923e+00
2.891162955249958699e+00
2.891162955249539479e+00
2.891162955249160227e+00
2.891162955249798827e+00
2.891162955249442224e+00
2.891162955249109601e+00
2.891162955248821387e+00
2.891162955248588240e+00
2.891162955248407496e+00
2.891162955248275157e+00
2.891162955248184563e+00
2.891162955248124611e+00
2.891162955248093080e+00
2.891162955248074429e+00
2.891162955249027888e+00
2.891162955248926636e+00
2.891162955248792521e+00
2.891162955248649968e+00
2.891162955248517630e+00
2.891162955248404831e+00
2.891162955248312461e+00
2.891162955248241406e+00
2.891162955249146016e+00
2.891162955249004796e+00
2.891162955249796163e+00
2.891162955249527489e+00
2.891162955249239275e+00
2.891162955248964828e+00
2.891162955248724575e+00
2.891162955248529620e+00
2.891162955248376409e+00
2.891162955249222399e+00
2.891162955249996891e+00
2.891162955249699795e+00
2.891162955249375610e+00
2.891162955250025313e+00
2.891162955249653166e+00
2.891162955249292121e+00
2.891162955248970157e+00
2.891162955248701927e+00
2.891162955249449329e+00
2.891162955249188204e+00
2.891162955248935074e+00
2.891162955248709920e+00
2.891162955248522959e+00
2.891162955248375965e+00
2.891162955248267163e+00
2.891162955248190336e+00
2.891162955248139710e+00
2.891162955248108624e+00
2.891162955249047428e+00
2.891162955248937738e+00
2.891162955248794741e+00
2.891162955248648192e+00
2.891162955248514077e+00
2.891162955248399502e+00
2.891162955248307131e+00
2.891162955249194866e+00
2.891162955249040767e+00
2.891162955248863575e+00
2.891162955248689936e+00
2.891162955248535837e+00
2.891162955248407052e+00
2.891162955248304467e+00
2.891162955248226751e+00
2.891162955248173905e+00
2.891162955248137489e+00
2.891162955249072297e+00
2.891162955248958166e+00
2.891162955248812061e+00
2.891162955248660626e+00
2.891162955248521182e+00
2.891162955249358291e+00
2.891162955249159339e+00
2.891162955248945732e+00
2.891162955248741895e+00
2.891162955248567368e+00
2.891162955248422595e+00
2.891162955249269917e+00
2.891162955249081623e+00
2.891162955249838351e+00
2.891162955249546140e+00
2.891162955249240163e+00
2.891162955248955058e+00
2.891162955248709920e+00
2.891162955249467981e+00
2.891162955249211741e+00
2.891162955248960387e+00
2.891162955248733457e+00
2.891162955249501731e+00
2.891162955249247268e+00
2.891162955248992361e+00
2.891162955248762767e+00
2.891162955248568700e+00
2.891162955248414157e+00
2.891162955248295585e+00
2.891162955249168665e+00
2.891162955249007016e+00
2.891162955249784616e+00
2.891162955249510169e+00
2.891162955249219291e+00
2.891162955248944844e+00
2.891162955248708144e+00
2.891162955248514521e+00
2.891162955249323208e+00
2.891162955249110045e+00
2.891162955248891553e+00
2.891162955248691713e+00
2.891162955249479083e+00
2.891162955249238831e+00
2.891162955248992361e+00
2.891162955248765876e+00
2.891162955248573585e+00
2.891162955248419486e+00
2.891162955248300470e+00
2.891162955248215205e+00
2.891162955249113153e+00
2.891162955248973709e+00
2.891162955248809396e+00
2.891162955248649080e+00
2.891162955248505639e+00
2.891162955249342303e+00
2.891162955249144240e+00
2.891162955248931521e+00
2.891162955248730793e+00
2.891162955248557154e+00
2.891162955248414157e+00
2.891162955248303579e+00
2.891162955248222310e+00
2.891162955248165023e+00
2.891162955248127719e+00
2.891162955248105959e+00
2.891162955248095745e+00
2.891162955249049205e+00
2.891162955248946620e+00
2.891162955248809396e+00
2.891162955248663735e+00
2.891162955248529620e+00
2.891162955249367172e+00
2.891162955249167776e+00
2.891162955248953281e+00
2.891162955248749000e+00
2.891162955248570920e+00
2.891162955248424371e+00
2.891162955249268141e+00
2.891162955249080735e+00
2.891162955249836575e+00
2.891162955249544808e+00
2.891162955249239275e+00
2.891162955248955058e+00
2.891162955248710364e+00
2.891162955249468425e+00
2.891162955249213073e+00
2.891162955248960831e+00
2.891162955248734345e+00
2.891162955248545607e+00
2.891162955248395505e+00
2.891162955249241051e+00
2.891162955249056310e+00
2.891162955248862243e+00
2.891162955248678390e+00
2.891162955248517630e+00
2.891162955248387956e+00
2.891162955248285815e+00
2.891162955248213429e+00
2.891162955248162802e+00
2.891162955248131272e+00
2.891162955248110844e+00
2.891162955249059863e+00
2.959751232839730850e+00
3.026873437802942046e+00
3.092004883395460091e+00
3.155593728968802303e+00
3.217840013261501930e+00
3.278777029052078351e+00
3.337964433188024493e+00
3.395738676223843733e+00
3.452310891645437252e+00
3.507709888676103116e+00
3.561838345592617916e+00
3.614468552989775763e+00
3.666016655658727696e+00
3.716507850063920593e+00
3.765966628317208631e+00
3.814302624390911944e+00
3.861320693663028436e+00
3.907384657333389022e+00
3.952516173588373594e+00
3.996736433348015094e+00
4.040066163157322698e+00
4.082240957009190652e+00
4.123407232186405480e+00
4.163750926382250306e+00
4.203290363027154086e+00
4.242043307570714461e+00
4.280026993714522554e+00
4.317184312215112563e+00
4.353342635551054052e+00
4.388787272062474543e+00
4.423533609904645836e+00
4.457596655117040285e+00
4.490991043068209621e+00
4.523731049481680699e+00
4.555830601061205520e+00
4.587078779655544558e+00
4.617655702656637828e+00
4.647637200512679811e+00
4.677035748864343034e+00
4.705863587764425482e+00
4.733122480267360821e+00
4.757045709765238328e+00
4.776901326879900544e+00
4.792624670390952524e+00
4.804545239867911377e+00
4.813192720754289056e+00
4.819132095846435426e+00
4.822975738750828967e+00
4.825281825635166832e+00
4.826490004848000837e+00
4.826952762728045521e+00
4.826940851088939333e+00
4.826653630389687422e+00
4.826231375161365023e+00
4.825767624887737028e+00
4.825320486679397725e+00
4.824922330232300105e+00
4.824587695014992406e+00
4.824319461438032697e+00
4.824113468751723310e+00
4.823961822630985274e+00
4.823855149096232253e+00
4.823784038019353737e+00
4.823739882587509520e+00
4.823715302581542907e+00
4.823704280201191352e+00
4.823702120189115483e+00
4.823705309284848752e+00
4.823711332532881535e+00
4.823718476288580526e+00
4.823725644559533343e+00
4.823732196582712461e+00
4.823737813923056450e+00
4.823742393241298387e+00
4.823745965631277777e+00
4.823748637720203902e+00
4.823750550736582099e+00
4.823751855385702392e+00
4.823752690106953622e+00
4.823753179230381605e+00
4.823753421947895248e+00
4.823753502066853827e+00
4.823753478279702023e+00
4.823753396908259106e+00
4.823753289165045643e+00
4.823753175540460347e+00
4.823753068481088313e+00
4.823752974692964379e+00
4.823752896818079172e+00
4.823752835076137835e+00
4.823752788154854976e+00
4.823752753987267106e+00
4.823752730248722642e+00
4.823752714668949615e+00
4.823752705208916858e+00
4.823752700143472794e+00
4.823752698081895218e+00
4.823752697950403956e+00
4.823752698954174356e+00
4.823752700530643089e+00
4.823752702301940865e+00
4.823752704030948912e+00
4.823752705583327582e+00
4.823752706896390130e+00
4.823752707954688468e+00
4.823752708771623432e+00
4.823752709376212700e+00
4.823752709804019823e+00
4.823752710091297580e+00
4.823752710271500987e+00
4.823752710373526931e+00
4.823752710421064016e+00
4.823752710432700930e+00
4.823752710422408718e+00
4.823752710400260213e+00
4.823752710373154784e+00
4.823752710345546646e+00
4.823752710320070136e+00
4.823752710298071733e+00
4.823752710280040823e+00
4.823752710265899246e+00
4.823752710255266862e+00
4.823752710247613429e+00
4.823752710242366959e+00
4.823752710238979446e+00
4.823752710236973051e+00
4.823752710235950758e+00
4.823752710272403377e+00
4.823752710268803590e+00
4.823752710264053611e+00
4.823752710259051391e+00
4.823752710254338716e+00
4.823752710250215792e+00
4.823752710246791864e+00
4.823752710244078479e+00
4.823752710242025010e+00
4.823752710240521324e+00
4.823752710239480379e+00
4.823752710238795594e+00
4.823752710238381702e+00
4.823752710238162322e+00
4.823752710238073504e+00
4.823752710238062846e+00
4.823752710238107255e+00
4.823752710274990640e+00
4.823752710271412170e+00
4.823752710266449029e+00
4.823752710261109300e+00
4.823752710292836809e+00
4.823752710284687772e+00
4.823752710275893030e+00
4.823752710267493526e+00
4.823752710296878909e+00
4.823752710287013024e+00
4.823752710277015687e+00
4.823752710267820376e+00
4.823752710259897825e+00
4.823752710253415010e+00
4.823752710248338182e+00
4.823752710244529673e+00
4.823752710241789643e+00
4.823752710239917363e+00
4.823752710238709440e+00
4.823752710237999786e+00
4.823752710237638297e+00
4.823752710237512176e+00
4.823752710237538821e+00
4.823752710237647179e+00
4.823752710237794616e+00
4.823752710237953600e+00
4.823752710238102814e+00
4.823752710238231600e+00
4.823752710238341734e+00
4.823752710238429664e+00
4.823752710238495389e+00
4.823752710238546904e+00
4.823752710238580654e+00
4.823752710238601971e+00
4.823752710275425848e+00
4.823752710271778099e+00
4.823752710303550018e+00
4.823752710294487933e+00
4.823752710284303191e+00
4.823752710274354705e+00
4.823752710265421406e+00
4.823752710257864784e+00
4.823752710251773657e+00
4.823752710247068087e+00
4.823752710243587316e+00
4.823752710277934064e+00
4.823752710272618316e+00
4.823752710303344848e+00
4.823752710330507121e+00
4.823752710316387748e+00
4.823752710301327795e+00
4.823752710287047663e+00
4.823752710274475497e+00
4.823752710264002985e+00
4.823752710255673648e+00
4.823752710249324949e+00
4.823752710244685105e+00
4.823752710241447694e+00
4.823752710239316066e+00
4.823752710238013997e+00
4.823752710237305230e+00
4.823752710237012131e+00
4.823752710236981933e+00
4.823752710237105390e+00
4.823752710237307006e+00
4.823752710237539709e+00
4.823752710237775077e+00
4.823752710274794353e+00
4.823752710271316246e+00
4.823752710266414390e+00
4.823752710261117294e+00
4.823752710256053788e+00
4.823752710251570264e+00
4.823752710247825704e+00
4.823752710244834319e+00
4.823752710242541930e+00
4.823752710240866826e+00
4.823752710239687325e+00
4.823752710238904839e+00
4.823752710238424335e+00
4.823752710238159658e+00
4.823752710238046859e+00
4.823752710238031760e+00
4.823752710238075281e+00
4.823752710238146335e+00
4.823752710238227159e+00
4.823752710238309760e+00
4.823752710238387031e+00
4.823752710238447428e+00
4.823752710238498942e+00
4.823752710238537134e+00
4.823752710238568220e+00
4.823752710238587760e+00
4.823752710238601971e+00
4.823752710238609964e+00
4.823752710238617070e+00
4.823752710238620622e+00
4.823752710238623287e+00
4.823752710238621511e+00
4.823752710238621511e+00
4.823752710238622399e+00
4.823752710275432065e+00
4.823752710271774546e+00
4.823752710266729693e+00
4.823752710261319798e+00
4.823752710292986023e+00
4.823752710284790801e+00
4.823752710275958755e+00
4.823752710267537047e+00
4.823752710260090559e+00
4.823752710253864429e+00
4.823752710248898623e+00
4.823752710245101660e+00
4.823752710242323438e+00
4.823752710240378327e+00
4.823752710239092245e+00
4.823752710238299102e+00
4.823752710237865671e+00
4.823752710237677377e+00
4.823752710237649843e+00
4.823752710237717345e+00
4.823752710274650468e+00
4.823752710271133282e+00
4.823752710266224319e+00
4.823752710260938770e+00
4.823752710292709800e+00
4.823752710284599843e+00
4.823752710275836186e+00
4.823752710267461552e+00
4.823752710260051479e+00
4.823752710253853770e+00
4.823752710248903064e+00
4.823752710245117648e+00
4.823752710279154421e+00
4.823752710273553568e+00
4.823752710267219967e+00
4.823752710261016929e+00
4.823752710292248835e+00
4.823752710283867984e+00
4.823752710275007516e+00
4.823752710266652421e+00
4.823752710259320509e+00
4.823752710253232046e+00
4.823752710248401243e+00
4.823752710244731290e+00
4.823752710242052544e+00
4.823752710277004141e+00
4.823752710272122712e+00
4.823752710266338006e+00
4.823752710260528431e+00
4.823752710255219789e+00
4.823752710250667874e+00
4.823752710246960618e+00
4.823752710244066044e+00
4.823752710241904218e+00
4.823752710240349018e+00
4.727158618153617375e+00
4.632347227613417218e+00
4.539165171668542165e+00
4.447175081219223891e+00
4.356991708137213593e+00
4.268209448782868343e+00
4.180751611427719894e+00
4.100489543885764476e+00
4.031439808373825429e+00
3.974987282255431964e+00
3.931316799709508203e+00
3.899083864733337457e+00
3.876457617514509124e+00
3.861492395734165584e+00
3.852354282477297609e+00
3.847442558526013467e+00
3.845438904904468824e+00
3.845310096544570566e+00
3.846283412694980530e+00
3.847808464461500044e+00
3.849514601327579832e+00
3.851169673119492654e+00
3.852643350938456557e+00
3.853876469191075405e+00
3.854856661054375966e+00
3.855599921707768107e+00
3.856137267686450709e+00
3.856505610669700879e+00
3.856741906286035082e+00
3.856879749901214183e+00
3.856947703365154467e+00
3.856968781986675143e+00
3.856960668325219110e+00
3.856936320618719272e+00
3.856904765491856235e+00
3.856871906530265015e+00
3.856841303534981780e+00
3.856814816482770247e+00
3.856793152486151843e+00
3.856776278580603012e+00
3.856763736820011612e+00
3.856754864007846617e+00
3.856748938172867902e+00
3.856745269334863835e+00
3.856743249358879577e+00
3.856742373447163974e+00
3.856742243166777495e+00
3.856742558461469184e+00
3.856743103989278776e+00
3.856743733412476782e+00
3.856744353936487180e+00
3.856744912410768222e+00
3.856745383611911659e+00
3.856745760869864093e+00
3.856746048915953740e+00
3.856746258678476202e+00
3.856746403688064539e+00
3.856746497748631430e+00
3.856746553557807378e+00
3.856746582006046253e+00
3.856746591934669954e+00
3.856746590182877021e+00
3.856746581798716544e+00
3.856746570325842338e+00
3.856746558108226086e+00
3.856746546577304535e+00
3.856746536502605238e+00
3.856746528198192969e+00
3.856746521684466078e+00
3.856746516809159253e+00
3.856746513333549231e+00
3.856746510990512355e+00
3.856746509520894151e+00
3.856746508693927211e+00
3.856746508316503341e+00
3.856746508235105342e+00
3.856746508333328993e+00
3.856746508527015393e+00
3.856746508758466696e+00
3.856746508990663180e+00
3.856746509202009232e+00
3.856746509381860921e+00
3.856746509526922218e+00
3.856746509638441456e+00
3.856746509720234695e+00
3.856746509777245979e+00
3.856746509814620971e+00
3.856746509837147396e+00
3.856746509848974824e+00
3.856746509853496097e+00
3.856746509853353988e+00
3.856746509850511373e+00
3.856746509846364024e+00
3.856746509841834314e+00
3.856746509837496895e+00
3.856746509833670622e+00
3.856746509830487835e+00
3.856746509827974734e+00
3.856746509826081581e+00
3.856746509824725333e+00
3.856746509823803848e+00
3.856746509823217650e+00
3.856746509822877034e+00
3.856746509822713609e+00
3.856746509822669200e+00
3.856746509822698066e+00
3.856746509822768676e+00
3.856746509822854385e+00
3.856746509822940094e+00
3.856746509823021363e+00
3.856746509823089752e+00
3.856746509823146596e+00
3.856746509823189673e+00
3.856746509823218538e+00
3.856746509823239411e+00
3.856746509823254065e+00
3.856746509823265168e+00
3.856746509823269609e+00
3.856746509823271829e+00
3.856746509823272717e+00
3.856746509823271385e+00
3.856746509823268276e+00
3.856746509823265168e+00
3.856746509823262947e+00
3.856746509823261171e+00
3.856746509823258950e+00
3.856746509823258062e+00
3.856746509823258506e+00
3.856746509823258950e+00
3.856746509823258950e+00
3.856746509823258950e+00
3.856746509823258950e+00
3.856746509823258950e+00
3.856746509823258950e+00
3.856746509823258950e+00
3.856746509823258950e+00
3.856746509823258950e+00
3.856746509823258950e+00
3.856746509823258950e+00
3.856746509823258950e+00
3.856746509823258950e+00
3.856746509823258950e+00
3.856746509823258950e+00
3.856746509823258950e+00
3.856746509823258950e+00
3.856746509823258950e+00
3.856746509823258950e+00
3.856746509823258950e+00
3.856746509823258950e+00
3.856746509823258950e+00
3.856746509823258950e+00
3.856746509823258950e+00
3.856746509823258950e+00
3.856746509823258950e+00
3.856746509823258950e+00
3.856746509823258950e+00
3.856746509823258950e+00
3.856746509823258950e+00
3.856746509823258950e+00
3.856746509823258950e+00
3.856746509823258950e+00
3.856746509823258950e+00
3.856746509823258950e+00
3.856746509823258950e+00
3.856746509823258950e+00
3.856746509823258950e+00
3.856746509823258950e+00
3.856746509823258950e+00
3.856746509823258950e+00
3.856746509823258950e+00
3.856746509823258950e+00
3.856746509823258950e+00
3.856746509823258950e+00
3.856746509823258950e+00
3.856746509823258950e+00
3.856746509823258950e+00
3.856746509823258950e+00
3.856746509823258950e+00
3.856746509823258950e+00
3.856746509823258950e+00
3.856746509823258950e+00
3.856746509823258950e+00
3.856746509823258950e+00
3.856746509823258950e+00
3.856746509823258950e+00
3.856746509823258950e+00
3.856746509823258950e+00
3.856746509823258950e+00
3.856746509823258950e+00
3.856746509823258950e+00
3.856746509823258950e+00
3.856746509823258950e+00
3.856746509823258950e+00
3.856746509823258950e+00
3.856746509823258950e+00
3.856746509823258950e+00
3.856746509823258950e+00
3.856746509823258950e+00
3.856746509823258950e+00
3.856746509823258950e+00
3.856746509823258950e+00
3.856746509823258950e+00
3.856746509823258950e+00
3.856746509823258950e+00
3.856746509823258950e+00
3.856746509823258950e+00
3.856746509823258950e+00
3.856746509823258950e+00
3.856746509823258950e+00
3.856746509823258950e+00
3.856746509823258950e+00
3.856746509823258950e+00
3.856746509823258950e+00
3.856746509823258950e+00
3.856746509823258950e+00
3.856746509823258950e+00
3.856746509823258950e+00
3.856746509823258950e+00
3.856746509823258950e+00
3.856746509823258950e+00
3.856746509823258950e+00
3.856746509823258950e+00
3.856746509823258950e+00
3.856746509823258950e+00
3.856746509823258950e+00
3.856746509823258950e+00
3.856746509823258950e+00
3.856746509823258950e+00
3.856746509823258950e+00
3.856746509823258950e+00
3.856746509823258950e+00
3.856746509823258950e+00
3.856746509823258950e+00
3.856746509823258950e+00
3.856746509823258950e+00
3.856746509823258950e+00
3.856746509823258950e+00
3.856746509823258950e+00
3.856746509823258950e+00
3.856746509823258950e+00
3.856746509823258950e+00
3.856746509823258950e+00
3.856746509823258950e+00
3.856746509823258950e+00
3.856746509823258950e+00
3.856746509823258950e+00
3.856746509823258950e+00
3.856746509823258950e+00
3.856746509823258950e+00
3.856746509823258950e+00
3.856746509823258950e+00
3.856746509823258950e+00
3.856746509823258950e+00
3.856746509823258950e+00
3.856746509823258950e+00
3.856746509823258950e+00
3.856746509823258950e+00
3.856746509823258950e+00
3.856746509823258950e+00
3.856746509823258950e+00
3.856746509823258950e+00
3.856746509823258950e+00
3.856746509823258950e+00
3.856746509823258950e+00
3.856746509823258950e+00
3.856746509823258950e+00
3.856746509823258950e+00
3.856746509823258950e+00
3.856746509823258950e+00
3.856746509823258950e+00
3.856746509823258950e+00
3.856746509823258950e+00
3.856746509823258950e+00
3.856746509823258950e+00
3.856746509823258950e+00
3.856746509823258950e+00
3.856746509823258950e+00
3.856746509823258950e+00
3.856746509823258950e+00
3.856746509823258950e+00
3.856746509823258950e+00
3.856746509823258950e+00
3.856746509823258950e+00
3.856746509823258950e+00
3.856746509823258950e+00
3.856746509823258950e+00
3.856746509823258950e+00
3.856746509823258950e+00
3.856746509823258950e+00
3.856746509823258950e+00
3.856746509823258950e+00
3.856746509823258950e+00
3.856746509823258950e+00
3.856746509823258950e+00
3.856746509823258950e+00
3.856746509823258950e+00
3.856746509823258950e+00
3.856746509823258950e+00
3.856746509823258950e+00
3.856746509823258950e+00
3.902903192189133286e+00
3.948125321213979966e+00
3.992434133585868405e+00
4.035850401295357770e+00
4.078153713726869078e+00
4.119401769276305636e+00
4.159825413511705428e+00
4.199443026132696488e+00
4.238272426188746778e+00
4.276330898480309450e+00
4.313594795407405869e+00
4.349824041263077312e+00
4.385338068259169830e+00
4.420152302704971170e+00
4.454281787646842794e+00
4.487741194355325369e+00
4.520544833391297423e+00
4.552706665269790953e+00
4.584043800435749993e+00
4.614679870736640765e+00
4.644719278194929579e+00
4.674174521574296470e+00
4.703057864060607329e+00
4.731381333387563615e+00
4.759156722434793707e+00
4.786395590250403842e+00
4.813109263453505982e+00
4.839040740386542971e+00
4.864438611684320790e+00
4.889349429073523545e+00
4.913783300086416617e+00
4.937750060237853234e+00
4.961259284214823317e+00
4.984320296431251407e+00
5.006942180989901736e+00
5.029133791090372618e+00
5.050903757919257941e+00
5.072237648779494457e+00
5.093001352770953893e+00
5.113370934534105849e+00
5.133354276001155014e+00
5.152959088937875798e+00
5.172192911688334505e+00
5.191063123060664530e+00
5.209576940622848262e+00
5.227741425974029355e+00
5.245563490069168111e+00
5.263049890820946430e+00
5.280207247206258003e+00
5.297042032993395821e+00
5.313560583279992144e+00
5.329710766448696901e+00
5.345474207682461731e+00
5.360942241912296069e+00
5.376120617865226770e+00
5.391014970450680899e+00
5.405630815235164199e+00
5.419973563138984929e+00
5.434048513425716820e+00
5.447860852278037846e+00
5.461415669950876683e+00
5.474717953077431254e+00
5.487772580773496500e+00
5.500584340250071591e+00
5.513157923276314598e+00
5.525497917341814613e+00
5.537608829195791671e+00
5.549495064222165652e+00
5.561160945268467160e+00
5.572610709175457089e+00
5.583776540550803524e+00
5.594695707916279126e+00
5.605412980373851717e+00
5.615932205724894821e+00
5.626257159909010319e+00
5.636391535454515989e+00
5.646338955835545903e+00
5.656102970677017616e+00
5.665687059206409693e+00
5.675094629714754646e+00
5.684329024225131199e+00
5.693393515985045283e+00
5.702291314930113764e+00
5.711025563929500670e+00
5.719599348417196971e+00
5.728015693388351259e+00
5.736277559263732506e+00
5.744387850506414317e+00
5.752349412273884965e+00
5.760165039983836444e+00
5.767433167554700368e+00
5.773761930739685688e+00
5.779003150074607298e+00
5.783163287945724207e+00
5.786338373902864873e+00
5.788668436050429911e+00
5.790307194697055237e+00
5.791403229455151624e+00
5.792089445579330587e+00
5.792478270160311915e+00
5.792660602898011213e+00
5.792707039101965272e+00
5.792670317248557410e+00
5.792588268392065309e+00
5.792486807387822623e+00
5.792382693107593461e+00
5.792285918404441958e+00
5.792201680663829677e+00
5.792131937426361787e+00
5.792076593953532360e+00
5.792034365250612105e+00
5.792003384110506303e+00
5.791981600289155985e+00
5.791967036270799341e+00
5.791957922492754207e+00
5.791952762699342117e+00
5.791950347497836660e+00
5.791949737857843061e+00
5.791950232453849878e+00
5.791951328340327443e+00
5.791952681103845535e+00
5.791954068111180298e+00
5.791955356698467838e+00
5.791956477954547822e+00
5.791957406001977837e+00
5.791958142250112296e+00
5.791958703889634741e+00
5.791959115840727534e+00
5.791959405401184036e+00
5.791959598924611541e+00
5.791959719965187325e+00
5.791959788435422141e+00
5.791959820426193950e+00
5.791959828427978962e+00
5.791959821767049377e+00
5.791959807129801518e+00
5.791959789093527711e+00
5.791959770615764391e+00
5.791959753457739168e+00
5.791959738533161151e+00
5.791959726183903534e+00
5.791959716389399659e+00
5.791959708919629080e+00
5.791959703442122631e+00
5.791959699593115296e+00
5.791959697021627385e+00
5.791959695414087506e+00
5.791959694505493417e+00
5.791959694081770138e+00
5.791959693976759915e+00
5.791959694066456166e+00
5.791959694261960223e+00
5.791959694502435418e+00
5.791959694748594067e+00
5.791959694977059314e+00
5.791959695175710188e+00
5.791959695340037406e+00
5.791959695470334957e+00
5.791959695569683042e+00
5.791959695642521666e+00
5.791959695693684296e+00
5.791959695727859625e+00
5.791959695749214099e+00
5.791959695761270233e+00
5.791959695766885297e+00
5.791959695768261085e+00
5.791959695767049610e+00
5.791959695764446359e+00
5.791959695761232041e+00
5.791959695757951110e+00
5.791959695754906434e+00
5.791959695752260551e+00
5.791959695750072079e+00
5.791959695748339243e+00
5.791959695747022074e+00
5.791959695746060177e+00
5.791959695745378944e+00
5.791959695744928638e+00
5.791959695744652414e+00
5.791959695744491654e+00
5.791959695744415271e+00
5.791959695744394843e+00
5.791959695744408165e+00
5.791959695744439252e+00
5.791959695744477443e+00
5.791959695744520076e+00
5.791959695744562708e+00
5.791959695744606229e+00
5.791959695744638204e+00
5.791959695744659520e+00
5.791959695744679060e+00
5.791959695744687941e+00
5.791959695744701264e+00
5.791959695744712810e+00
5.791959695744713699e+00
5.791959695744715475e+00
5.791959695744715475e+00
5.791959695744713699e+00
5.791959695744712810e+00
5.791959695744712810e+00
5.791959695744712810e+00
5.791959695744712810e+00
5.791959695744710146e+00
5.791959695744706593e+00
5.791959695744713699e+00
5.791959695744710146e+00
5.791959695744708370e+00
5.791959695744709258e+00
5.791959695744709258e+00
5.791959695744709258e+00
5.791959695744709258e+00
5.791959695744709258e+00
5.791959695744709258e+00
5.791959695744709258e+00
5.791959695744709258e+00
5.791959695744709258e+00
5.791959695744709258e+00
5.791959695744709258e+00
5.791959695744709258e+00
5.791959695744709258e+00
5.791959695744709258e+00
5.791959695744709258e+00
5.791959695744709258e+00
5.791959695744709258e+00
5.791959695744709258e+00
5.791959695744709258e+00
5.791959695744709258e+00
5.791959695744709258e+00
5.791959695744709258e+00
5.791959695744709258e+00
5.791959695744709258e+00
5.791959695744709258e+00
5.791959695744709258e+00
5.791959695744709258e+00
5.791959695744709258e+00
5.791959695744709258e+00
5.791959695744709258e+00
5.791959695744709258e+00
5.791959695744709258e+00
5.791959695744709258e+00
5.791959695744709258e+00
5.791959695744709258e+00
5.791959695744709258e+00
5.791959695744709258e+00
5.791959695744709258e+00
5.791959695744709258e+00
5.791959695744709258e+00
5.791959695744709258e+00
5.791959695744709258e+00
5.791959695744709258e+00
5.791959695744709258e+00
5.791959695744709258e+00
5.791959695744709258e+00
5.791959695744709258e+00
5.791959695744709258e+00
5.791959695744709258e+00
5.791959695744709258e+00
5.791959695744709258e+00
5.791959695744709258e+00
5.791959695744709258e+00
5.791959695744709258e+00
5.791959695744709258e+00
5.791959695744709258e+00
5.791959695744709258e+00
5.791959695744709258e+00
5.791959695744709258e+00
5.791959695744709258e+00
5.791959695744709258e+00
5.791959695744709258e+00
5.791959695744709258e+00
5.791959695744709258e+00
5.791959695744709258e+00
5.791959695744709258e+00
5.791959695744709258e+00
5.791959695744709258e+00
5.791959695744709258e+00
5.791959695744709258e+00
5.791959695744709258e+00
5.791959695744709258e+00
5.791959695744709258e+00
5.791959695744709258e+00
5.791959695744709258e+00
5.791959695744709258e+00
5.791959695744709258e+00
5.791959695744709258e+00
5.791959695744709258e+00
5.791959695744709258e+00
5.791959695744709258e+00
5.791959695744709258e+00
5.791959695744709258e+00
5.791959695744709258e+00
5.791959695744709258e+00
5.791959695744709258e+00
5.791959695744709258e+00
5.791959695744709258e+00
5.791959695744709258e+00
5.791959695744709258e+00
5.791959695744709258e+00
5.791959695744709258e+00
5.791959695744709258e+00
5.681089768285057851e+00
5.572215254992882727e+00
5.464317413166756232e+00
5.358429338272366671e+00
5.253909638881189004e+00
5.151048139761273070e+00
5.049956783577438379e+00
4.950064451947114641e+00
4.852077917694647802e+00
4.755264211787033624e+00
4.659907745708747662e+00
4.566403967836828670e+00
4.473913707730080347e+00
4.383204286749918133e+00
4.294143082728686167e+00
4.206170319522314571e+00
4.119947194287571612e+00
4.035228845887602667e+00
3.951536255410623699e+00
3.869533525980850541e+00
3.789069731304580468e+00
3.709619050700255549e+00
3.631793501228418819e+00
3.555566551499171002e+00
3.480260834211518439e+00
3.406450863882996671e+00
3.334175567195786005e+00
3.263056133639121281e+00
3.193006856149411377e+00
3.124433149826912892e+00
3.057309946347596341e+00
2.991049819194957493e+00
2.926033356403944907e+00
2.862409363719756072e+00
2.800152620398166370e+00
2.738821397919004141e+00
2.678717441884342243e+00
2.619916090956488919e+00
2.562393449125168754e+00
2.505798087844021360e+00
2.450135010728322627e+00
2.395695997173158176e+00
2.342458082069447389e+00
2.290398334957405968e+00
2.239070960148595635e+00
2.188796778076113281e+00
2.139644754127945969e+00
2.091592935603740155e+00
2.047486875536715267e+00
2.009840514873913797e+00
1.979638705538133703e+00
1.956880483297962270e+00
1.940707662477446638e+00
1.929966308944064624e+00
1.923445897811867367e+00
1.920023694864383845e+00
1.918739760699023078e+00
1.918824216908374680e+00
1.919694135210689101e+00
1.920933110517622833e+00
1.922262804562951954e+00
1.923512703448476024e+00
1.924591833228851856e+00
1.925464418477465189e+00
1.926130274737759107e+00
1.926609881887479281e+00
1.926933670256560260e+00
1.927134812348531456e+00
1.927244767623885968e+00
1.927290868823867021e+00
1.927295333894723628e+00
1.927275197892750702e+00
1.927242794668275749e+00
1.927206501380999359e+00
1.927171565790773977e+00
1.927140897062882496e+00
1.927115758105696797e+00
1.927096330820386560e+00
1.927082152050527242e+00
1.927072430425500915e+00
1.927066262788961648e+00
1.927062771190163115e+00
1.927061179997249019e+00
1.927060849765630968e+00
1.927061283986023721e+00
1.927062118470329821e+00
1.927063101978206294e+00
1.927064074139946293e+00
1.927064942759597610e+00
1.927065664945154744e+00
1.927066230199853791e+00
1.927066648115581371e+00
1.927066938930586559e+00
1.927067126955125609e+00
1.927067236761117686e+00
1.927067290110056508e+00
1.927067305444535306e+00
1.927067297286260805e+00
1.927067276257958817e+00
1.927067249857122411e+00
1.927067222968576576e+00
1.927067198474890164e+00
1.927067177720910518e+00
1.927067161345302537e+00
1.927067148998846902e+00
1.927067140272375578e+00
1.927067134604172782e+00
1.927067131221918750e+00
1.927067129502722853e+00
1.927067128919590200e+00
1.927067129053633421e+00
1.927067129590405381e+00
1.927067130307372089e+00
1.927067131057476734e+00
1.927067131752106421e+00
1.927067132345373635e+00
1.927067132731726584e+00
1.927067133012404732e+00
1.927067133292845291e+00
1.927067133492372575e+00
1.927067133625087303e+00
1.927067133705822055e+00
1.927067133748359140e+00
1.927067133764500007e+00
1.927067133763718410e+00
1.927067133664173593e+00
1.927067133659113196e+00
1.927067133656527043e+00
1.927067133655635089e+00
1.927067133655812503e+00
1.927067133656594766e+00
1.927067133657649922e+00
1.927067133658757037e+00
1.927067133659784659e+00
1.927067133660664178e+00
1.927067133572345936e+00
1.927067133582943681e+00
1.927067133597027748e+00
1.927067133611733318e+00
1.927067133625332662e+00
1.927067133636938268e+00
1.927067133646229058e+00
1.927067133653253217e+00
1.927067133658262321e+00
1.927067133661602982e+00
1.927067133663644016e+00
1.927067133664726484e+00
1.927067133665146148e+00
1.927067133665139043e+00
1.927067133664884802e+00
1.927067133575489200e+00
1.927067133585149028e+00
1.927067133598469262e+00
1.927067133612586636e+00
1.927067133625760098e+00
1.927067133637075491e+00
1.927067133557162304e+00
1.927067133574148050e+00
1.927067133592815340e+00
1.927067133610596894e+00
1.927067133626096052e+00
1.927067133638726615e+00
1.927067133648434627e+00
1.927067133655480990e+00
1.927067133660280263e+00
1.927067133663299181e+00
1.927067133664983167e+00
1.927067133665725240e+00
1.927067133665848697e+00
1.927067133665599785e+00
1.927067133665159471e+00
1.927067133664651655e+00
1.927067133664155829e+00
1.927067133574693836e+00
1.927067133584394298e+00
1.927067133597812232e+00
1.927067133523029163e+00
1.927067133546390254e+00
1.927067133482496031e+00
1.927067133516212172e+00
1.927067133550354416e+00
1.927067133581343850e+00
1.927067133607416993e+00
1.927067133628042273e+00
1.927067133643453278e+00
1.927067133654303932e+00
1.927067133661427345e+00
1.927067133665680387e+00
1.927067133667843324e+00
1.927067133668579846e+00
1.927067133668413312e+00
1.927067133578716174e+00
1.927067133587881287e+00
1.927067133600642412e+00
1.927067133614219108e+00
1.927067133537893495e+00
1.927067133558880485e+00
1.927067133581389147e+00
1.927067133513514552e+00
1.927067133541832566e+00
1.927067133570291135e+00
1.927067133595997683e+00
1.927067133617546668e+00
1.927067133634538854e+00
1.927067133647194286e+00
1.927067133656074960e+00
1.927067133661879206e+00
1.927067133576297886e+00
1.927067133499066554e+00
1.927067133523394427e+00
1.927067133551374267e+00
1.927067133578688418e+00
1.927067133602893723e+00
1.927067133622886397e+00
1.927067133638443730e+00
1.927067133649876807e+00
1.927067133657781817e+00
1.927067133662849763e+00
1.927067133576743752e+00
1.927067133588188153e+00
1.927067133602241356e+00
1.927067133527384790e+00
1.927067133550270928e+00
1.927067133574737134e+00
1.927067133597684778e+00
1.927067133528442389e+00
1.927067133554479783e+00
1.927067133580357527e+00
1.927067133603563187e+00
1.927067133533885368e+00
1.927067133559129397e+00
1.927067133584082104e+00
1.927067133606382043e+00
1.927067133624920992e+00
1.927067133639432273e+00
1.927067133561136902e+00
1.927067133489643425e+00
1.927067133518237885e+00
1.927067133549207556e+00
1.927067133578469926e+00
1.927067133603829419e+00
1.927067133624397410e+00
1.927067133551113365e+00
1.927067133572547553e+00
1.927067133593955095e+00
1.927067133613214134e+00
1.927067133629309925e+00
1.927067133552941014e+00
1.927067133483380212e+00
1.927067133513721497e+00
1.927067133546154443e+00
1.927067133576569447e+00
1.927067133513762354e+00
1.927067133544995592e+00
1.927067133574831059e+00
1.927067133600883553e+00
1.927067133622149653e+00
1.927067133638516339e+00
1.927067133650413489e+00
1.927067133658531883e+00
1.927067133574625668e+00
1.927067133587557102e+00
1.927067133602536231e+00
1.927067133617210715e+00
1.927067133630246953e+00
1.927067133641036101e+00
1.927067133649446262e+00
1.927067133655637754e+00
1.927067133570902646e+00
1.927067133583723946e+00
1.927067133599019266e+00
1.927067133614228656e+00
1.927067133627872408e+00
1.927067133639249752e+00
1.927067133648179054e+00
1.927067133654798203e+00
1.927067133659416287e+00
1.927067133662416110e+00
1.927067133664178922e+00
1.927067133665046006e+00
1.927067133665308463e+00
1.927067133665193444e+00
1.927067133664872145e+00
1.927067133575437907e+00
1.927067133585081526e+00
1.927067133598399096e+00
1.927067133612522465e+00
1.927067133625706141e+00
1.927067133637031970e+00
1.927067133646152008e+00
1.927067133653084241e+00
1.927067133658055598e+00
1.927067133661395371e+00
1.927067133663456833e+00
1.927067133575546487e+00
1.927067133586063186e+00
1.927067133599790649e+00
1.927067133614011718e+00
1.927067133627105244e+00
