7.275963955225851765e-02
1.926852411730135828e-01
3.334472785958241814e-01
4.714664278123446017e-01
6.051586242055416731e-01
7.352490721677465979e-01
8.609361587943423766e-01
9.832914916558758156e-01
1.101912494526636088e+00
1.217437138546292985e+00
1.329481495336722441e+00
1.438314844859124975e+00
1.544366801270879996e+00
1.647129746261387417e+00
1.747525860069434778e+00
1.844896381990880130e+00
1.939781995743554699e+00
2.032472246581307207e+00
2.120699368737245738e+00
2.203981322645676144e+00
2.281404374530123125e+00
2.351715735391914475e+00
2.415456559321876640e+00
2.472615865198937612e+00
2.523350870166265913e+00
2.567568274821216079e+00
2.605951605612457200e+00
2.639055708470844586e+00
2.667333731364228910e+00
2.691249074250157580e+00
2.711261457130621721e+00
2.727816430090884037e+00
2.741337760159945791e+00
2.752222189243667572e+00
2.760836123591518199e+00
2.767513870032742851e+00
2.772557091613287117e+00
2.776235202283734882e+00
2.778786472604572566e+00
2.780419618672194115e+00
2.781315771622669963e+00
2.781630632060849706e+00
2.781496744325833603e+00
2.781025796600084199e+00
2.780310881647868104e+00
2.779428674533513277e+00
2.778441492032268201e+00
2.777399211429897541e+00
2.776341035024744386e+00
2.775297093771916579e+00
2.774289889081141158e+00
2.773335576033409300e+00
2.772445094429161205e+00
2.771625156310432825e+00
2.770879100077068280e+00
2.770207622187355057e+00
2.769609397820893104e+00
2.769081601893114364e+00
2.768620341536782714e+00
2.768221010681856775e+00
2.767878576733806995e+00
2.767587808623201528e+00
2.767343454717142048e+00
2.767140378278990287e+00
2.766973657361557315e+00
2.766838655240217992e+00
2.766731066750006462e+00
2.766646945193963258e+00
2.766582713846061914e+00
2.766535165482991943e+00
2.766501452847432763e+00
2.766479072469688383e+00
2.766465843853643136e+00
2.766459885663690610e+00
2.766459590228619092e+00
2.766463597402414099e+00
2.766470768586836382e+00
2.766480161522184122e+00
2.766491006287151055e+00
2.766502682812151281e+00
2.766514700099408586e+00
2.766526677253945632e+00
2.766538326359542221e+00
2.766549437179628423e+00
2.766559863622508164e+00
2.766569511881235677e+00
2.766578330138395270e+00
2.766586299713672314e+00
2.766593427525834592e+00
2.766599739738926811e+00
2.766605276464657148e+00
2.766610087397523454e+00
2.766614228265853015e+00
2.766617757989994875e+00
2.766620736447423567e+00
2.766623222753779032e+00
2.766625273977938893e+00
2.766626944218236517e+00
2.766628283975588687e+00
2.766629339767377793e+00
2.766630153933561154e+00
2.766630764593410063e+00
2.766631205717587250e+00
2.766631507285849612e+00
2.766631695505894495e+00
2.766631793073056400e+00
2.766631819454552499e+00
2.766631791185327760e+00
2.766631722165293183e+00
2.766631623950277952e+00
2.766631506030955645e+00
2.766631376095721961e+00
2.766631240274902481e+00
2.766631103364658451e+00
2.766630969030011933e+00
2.766630839986932600e+00
2.766630718164018177e+00
2.766630604844742880e+00
2.766630500791327663e+00
2.766630406351698213e+00
2.766630321550870519e+00
2.766630246168315654e+00
2.766630179802741729e+00
2.766630121925706565e+00
2.766630071925452405e+00
2.766630029142241209e+00
2.766629992896316725e+00
2.766629962509641327e+00
2.766629937322326427e+00
2.766629916704640202e+00
2.766629900065380010e+00
2.766629886857257858e+00
2.766629876579886904e+00
2.766629868780904999e+00
2.766629863055591443e+00
2.766629859045448558e+00
2.766629856435931956e+00
2.766629854953640777e+00
2.766629854363197083e+00
2.766629854463902749e+00
2.766629855086353729e+00
2.766629856089084516e+00
2.766629857355348054e+00
2.766629858790036867e+00
2.766629860316834222e+00
2.766629861875557594e+00
2.766629863419765467e+00
2.766629864914592840e+00
2.766629866334822108e+00
2.766629867663178644e+00
2.766629868888841770e+00
2.766629870006153347e+00
2.766629871013518205e+00
2.766629871912454242e+00
2.766629872706807713e+00
2.766629873402098205e+00
2.766629874004972400e+00
2.766629874522768429e+00
2.766629874963161040e+00
2.766629875333901811e+00
2.766629875642599323e+00
2.766629875896565505e+00
2.766629876102706831e+00
2.766629876267451937e+00
2.766629876396700105e+00
2.766629876495815044e+00
2.766629876569606683e+00
2.766629876622360484e+00
2.766629876657844100e+00
2.766629876679347344e+00
2.766629876689712386e+00
2.766629876691371503e+00
2.766629876686383493e+00
2.766629876676482969e+00
2.766629876663095011e+00
2.766629876647402231e+00
2.766629876630343876e+00
2.766629876612674899e+00
2.766629876594984605e+00
2.766629876577716196e+00
2.766629876561200074e+00
2.766629876545659172e+00
2.766629876531247589e+00
2.766629876518049702e+00
2.766629876506102370e+00
2.766629876495398044e+00
2.766629876485905193e+00
2.766629876477562089e+00
2.766629876470300786e+00
2.766629876464043569e+00
2.766629876458698956e+00
2.766629876454183457e+00
2.766629876450407810e+00
2.766629876447284531e+00
2.766629876444734126e+00
2.766629876442683766e+00
2.766629876441062397e+00
2.766629876439810065e+00
2.766629876438867708e+00
2.766629876438183366e+00
2.766629876437705526e+00
2.766629876437403102e+00
2.766629876437239233e+00
2.766629876437182833e+00
2.766629876437212143e+00
2.766629876437305402e+00
2.766629876437443514e+00
2.766629876437613600e+00
2.766629876437802782e+00
2.766629876438004398e+00
2.766629876438205127e+00
2.766629876438404967e+00
2.766629876438596369e+00
2.766629876438778890e+00
2.766629876438949420e+00
2.766629876439105296e+00
2.766629876439246072e+00
2.766629876439374414e+00
2.766629876439485880e+00
2.766629876439588021e+00
2.766629876439675506e+00
2.766629876439752334e+00
2.766629876439816282e+00
2.766629876439871349e+00
2.766629876439917535e+00
2.766629876439957947e+00
2.766629876439989033e+00
2.766629876440013458e+00
2.766629876440033442e+00
2.766629876440050317e+00
2.766629876440060976e+00
2.766629876440069857e+00
2.766629876440074298e+00
2.766629876440080071e+00
2.766629876440082292e+00
2.766629876440082292e+00
2.766629876440082736e+00
2.766629876440085845e+00
2.766629876440084956e+00
2.766629876440083624e+00
2.766629876440080960e+00
2.766629876440080071e+00
2.766629876440077851e+00
2.766629876440076075e+00
2.766629876440073854e+00
2.766629876440072078e+00
2.766629876440070301e+00
2.766629876440069413e+00
2.766629876440068081e+00
2.766629876440066749e+00
2.766629876440063196e+00
2.766629876440061420e+00
2.766629876440059643e+00
2.766629876440058755e+00
2.766629876440055646e+00
2.766629876440052982e+00
2.766629876440052982e+00
2.766629876440052538e+00
2.766629876440052094e+00
2.766629876440052094e+00
2.766629876440054314e+00
2.766629876440056979e+00
2.766629876440060531e+00
2.766629876440058755e+00
2.766629876440057867e+00
2.766629876440056979e+00
2.766629876440056979e+00
2.766629876440055646e+00
2.766629876440055646e+00
2.766629876440055202e+00
2.766629876440054758e+00
2.766629876440054314e+00
2.766629876440056979e+00
2.766629876440056979e+00
2.766629876440055646e+00
2.766629876440055646e+00
2.766629876440055202e+00
2.766629876440054758e+00
2.766629876440057867e+00
2.766629876440056979e+00
2.766629876440056979e+00
2.766629876440055646e+00
2.766629876440055646e+00
2.766629876440055202e+00
2.766629876440054758e+00
2.766629876440057867e+00
2.766629876440056979e+00
2.766629876440056979e+00
2.766629876440055646e+00
2.766629876440055646e+00
2.766629876440055202e+00
2.766629876440054758e+00
2.766629876440057867e+00
2.766629876440056979e+00
2.766629876440056979e+00
2.766629876440055646e+00
2.766629876440055646e+00
2.766629876440055202e+00
2.766629876440054758e+00
2.766629876440057867e+00
2.766629876440056979e+00
2.766668590383227766e+00
2.807923981837592287e+00
2.871844334475598171e+00
2.940846608646752625e+00
3.008372283835212269e+00
3.074097498291884278e+00
3.138065349810589932e+00
3.200681202750164100e+00
3.261978643978196590e+00
3.321697840656396838e+00
3.379811262356551271e+00
3.436714454845870570e+00
3.492436535885345084e+00
3.547005537153600230e+00
3.599957919915070637e+00
3.651804064914160541e+00
3.702586373987455826e+00
3.752329532411898594e+00
3.801057538877673281e+00
3.848356073133493815e+00
3.894682887558463591e+00
3.940071285060967821e+00
3.984542586112258533e+00
4.028117645917297374e+00
4.070656750334990193e+00
4.112054862618213846e+00
4.152625201049671588e+00
4.192386248954225181e+00
4.231355924079551301e+00
4.269551605308344655e+00
4.306755946838650928e+00
4.342036724358409039e+00
4.375262104552238185e+00
4.406176619351775514e+00
4.434622016897463048e+00
4.460535019955957914e+00
4.483925954836949224e+00
4.504860829694354862e+00
4.523446430591071099e+00
4.539818066661416296e+00
4.554129606163527022e+00
4.566510668617682178e+00
4.577102462216886103e+00
4.586151711951630183e+00
4.593821450760859015e+00
4.600267154837563766e+00
4.605634998142912551e+00
4.610060747907676060e+00
4.613669141559470610e+00
4.616573696694928230e+00
4.618876803948765541e+00
4.620670038178928074e+00
4.622034682917021797e+00
4.623042322094315537e+00
4.623755535664214378e+00
4.624228627684558113e+00
4.624508372544745782e+00
4.624634744127443575e+00
4.624641639631857259e+00
4.624557555563531430e+00
4.624406238853232765e+00
4.624207275005550954e+00
4.623976643191031854e+00
4.623727214168746436e+00
4.623469202049358628e+00
4.623210565187879872e+00
4.622957370325377902e+00
4.622714104946977542e+00
4.622483950218359894e+00
4.622269026084318888e+00
4.622070595478508181e+00
4.621889243992475471e+00
4.621725018266948481e+00
4.621577569254943896e+00
4.621446244376340218e+00
4.621330182550956067e+00
4.621228376444922681e+00
4.621139735468668519e+00
4.621063129454413776e+00
4.620997424027536660e+00
4.620941507562493555e+00
4.620894311153013412e+00
4.620854822055669331e+00
4.620822095492102655e+00
4.620795258020290674e+00
4.620773510991829980e+00
4.620756130880345758e+00
4.620742467224597583e+00
4.620731941614051763e+00
4.620724042137966947e+00
4.620718319599682822e+00
4.620714382749719462e+00
4.620711893335890608e+00
4.620710561128831273e+00
4.620710139042127906e+00
4.620710418436170031e+00
4.620711224668634820e+00
4.620712412934977031e+00
4.620713864424164541e+00
4.620715482801248442e+00
4.620717191020188963e+00
4.620718928459617736e+00
4.620720648369879058e+00
4.620722315615497955e+00
4.620723904692710882e+00
4.620725398002917927e+00
4.620726784359015404e+00
4.620728057703764158e+00
4.620729216017497976e+00
4.620730260396178402e+00
4.620731194278958398e+00
4.620732022807439776e+00
4.620732752300032331e+00
4.620733389824716930e+00
4.620733942857893517e+00
4.620734419015320782e+00
4.620734825844424520e+00
4.620735170668366365e+00
4.620735460471886213e+00
4.620735701822892061e+00
4.620735900822382725e+00
4.620736063076775757e+00
4.620736193687994486e+00
4.620736297258375203e+00
4.620736377904643533e+00
4.620736439280554109e+00
4.620736484604271332e+00
4.620736516689233575e+00
4.620736537976902980e+00
4.620736550570107681e+00
4.620736556266097139e+00
4.620736556588970423e+00
4.620736552820170040e+00
4.620736546027238489e+00
4.620736537090894380e+00
4.620736526729640303e+00
4.620736515522160026e+00
4.620736503927924232e+00
4.620736492304830634e+00
4.620736480925657474e+00
4.620736469992089646e+00
4.620736459647495131e+00
4.620736449987147942e+00
4.620736441067900380e+00
4.620736432916014103e+00
4.620736425533888081e+00
4.620736418905748266e+00
4.620736413002360266e+00
4.620736407784828970e+00
4.620736403208153931e+00
4.620736399223234869e+00
4.620736395779289296e+00
4.620736392825341099e+00
4.620736390311418695e+00
4.620736388189492949e+00
4.620736386414074914e+00
4.620736384942579100e+00
4.620736383735914110e+00
4.620736382758101612e+00
4.620736381976612073e+00
4.620736381362232414e+00
4.620736380888933681e+00
4.620736380533704946e+00
4.620736380276352584e+00
4.620736380099281781e+00
4.620736379987295805e+00
4.620736379927339321e+00
4.620736379908308322e+00
4.620736379920820092e+00
4.620736379957023132e+00
4.620736380010404432e+00
4.620736380075625149e+00
4.620736380148353639e+00
4.620736380225128670e+00
4.620736380303134716e+00
4.620736380380446207e+00
4.620736380455393366e+00
4.620736380526824227e+00
4.620736380593868375e+00
4.620736380656107478e+00
4.620736380713359459e+00
4.620736380765445794e+00
4.620736380812409116e+00
4.620736380854407521e+00
4.620736380891671047e+00
4.620736380924476805e+00
4.620736380953061051e+00
4.620736380977942481e+00
4.620736380999362680e+00
4.620736381017581884e+00
4.620736381033102802e+00
4.620736381046151031e+00
4.620736381057021447e+00
4.620736381065987608e+00
4.620736381073300869e+00
4.620736381079194821e+00
4.620736381083868416e+00
4.620736381087510836e+00
4.620736381090281952e+00
4.620736381092329204e+00
4.620736381093781375e+00
4.620736381094747713e+00
4.620736381095233547e+00
4.620736381095499112e+00
4.620736381095523981e+00
4.620736381095364997e+00
4.620736381095069234e+00
4.620736381094679324e+00
4.620736381094219247e+00
4.620736381093720979e+00
4.620736381093208500e+00
4.620736381092692469e+00
4.620736381092188871e+00
4.620736381091703038e+00
4.620736381091241185e+00
4.620736381090813971e+00
4.620736381090416955e+00
4.620736381089969314e+00
4.620736381089644240e+00
4.620736381089263212e+00
4.620736381089010081e+00
4.620736381088785372e+00
4.620736381088589972e+00
4.620736381088425659e+00
4.620736381088283551e+00
4.620736381088162759e+00
4.620736381088063283e+00
4.620736381087980682e+00
4.620736381087907851e+00
4.620736381087851008e+00
4.620736381087716005e+00
4.620736381087593436e+00
4.620736381087573008e+00
4.620736381087563238e+00
4.620736381087557909e+00
4.620736381087554356e+00
4.620736381087556133e+00
4.620736381087560574e+00
4.620736381087568567e+00
4.620736381087579225e+00
4.620736381087593436e+00
4.620736381087517941e+00
4.620736381087534816e+00
4.620736381087551692e+00
4.620736381087568567e+00
4.620736381087585443e+00
4.620736381087602318e+00
4.620736381087617417e+00
4.620736381087633404e+00
4.620736381087648503e+00
4.620736381087569455e+00
4.620736381087495737e+00
4.620736381087513500e+00
4.620736381087530376e+00
4.620736381087549027e+00
4.620736381087566791e+00
4.620736381087584554e+00
4.620736381087601430e+00
4.620736381087617417e+00
4.620736381087633404e+00
4.620736381087559685e+00
4.620736381087576561e+00
4.620736381087593436e+00
4.620736381087611200e+00
4.620736381087628075e+00
4.620736381087644062e+00
4.620736381087565015e+00
4.620736381087581890e+00
4.620736381087597877e+00
4.620736381087614753e+00
4.620736381087631628e+00
4.620736381087646727e+00
4.620736381087568567e+00
4.620736381087584554e+00
4.620736381087509947e+00
4.620736381087526823e+00
4.620736381087544586e+00
4.620736381087561462e+00
4.620736381087579225e+00
4.620736381087596101e+00
4.620736381087612976e+00
4.620736381087628963e+00
4.620736381087644951e+00
4.620736381087660050e+00
4.620736381087579225e+00
4.620736381087595213e+00
4.620736381087520606e+00
4.620736381087537481e+00
4.620736381087554356e+00
4.620736381087571232e+00
4.620736381087588107e+00
4.620736381087604983e+00
4.620736381087621858e+00
4.620736381087637845e+00
4.620736381087652944e+00
4.620736381087573008e+00
4.620736381087499289e+00
4.620736381087516165e+00
4.620736381087533040e+00
4.620736381087551692e+00
4.529116226356398656e+00
4.439725669787033979e+00
4.354507258161124383e+00
4.274111145069791284e+00
4.199121630659579552e+00
4.130313764015699718e+00
4.067812508365290292e+00
4.011090454297469243e+00
3.960381868540851169e+00
3.915537756276839865e+00
3.876207847669447037e+00
3.841995657750767457e+00
3.812478990435112625e+00
3.787083133548672986e+00
3.765464706763231639e+00
3.747303551487536577e+00
3.732200570610554546e+00
3.719779795348983953e+00
3.709691786689429005e+00
3.701615587654063511e+00
3.695259522550233378e+00
3.690361108310592719e+00
3.686686287331089940e+00
3.684028168219002364e+00
3.682205420339578428e+00
3.681060441322236088e+00
3.680457410120385742e+00
3.680280277121050769e+00
3.680430772864297317e+00
3.680826470839765552e+00
3.681398938555285216e+00
3.682092000563334633e+00
3.682860127406965223e+00
3.683666957069223535e+00
3.684483956512020875e+00
3.685289216351109953e+00
3.686066380126597153e+00
3.686803696021218713e+00
3.687493189136342497e+00
3.688129943262749677e+00
3.688711481475647869e+00
3.689237238181725331e+00
3.689708115128116361e+00
3.690126097248016546e+00
3.690493958130371954e+00
3.690814996128886971e+00
3.691092833665182038e+00
3.691331243823378294e+00
3.691534036073546687e+00
3.691704951825678371e+00
3.691847589645606664e+00
3.691965356666977893e+00
3.692061432687789857e+00
3.692138748054284214e+00
3.692199975743835960e+00
3.692247528541534596e+00
3.692283564099454019e+00
3.692309995599200256e+00
3.692328504456462213e+00
3.692340556222880821e+00
3.692347417593763836e+00
3.692350174240633276e+00
3.692349748231602113e+00
3.692346915267528562e+00
3.692342322360099516e+00
3.692336502182627544e+00
3.692329888749095623e+00
3.692322830473438344e+00
3.692315602526863749e+00
3.692308417654631469e+00
3.692301437085291571e+00
3.692294777739033140e+00
3.692288520946144903e+00
3.692282718877521575e+00
3.692277400318591862e+00
3.692272575610893171e+00
3.692268240843898042e+00
3.692264381377624360e+00
3.692260974653178707e+00
3.692257993164407281e+00
3.692255405454412109e+00
3.692253178407608694e+00
3.692251278286002414e+00
3.692249671682573009e+00
3.692248326237425271e+00
3.692247210963135462e+00
3.692246297189554216e+00
3.692245558195696109e+00
3.692244969527170184e+00
3.692244509226762172e+00
3.692244157219637835e+00
3.692243895831992084e+00
3.692243709290851772e+00
3.692243584179288884e+00
3.692243508695659759e+00
3.692243472696012496e+00
3.692243467536814538e+00
3.692243485919812773e+00
3.692243521742161416e+00
3.692243569954133608e+00
3.692243626425992353e+00
3.692243687824992460e+00
3.692243751502986004e+00
3.692243815394760098e+00
3.692243877926967066e+00
3.692243937937233600e+00
3.692243994602969259e+00
3.692244047379182437e+00
3.692244095944674953e+00
3.692244140155839460e+00
3.692244180007345999e+00
3.692244215598991630e+00
3.692244247108032340e+00
3.692244274766314227e+00
3.692244298841624417e+00
3.692244319622659976e+00
3.692244337407114330e+00
3.692244352492431325e+00
3.692244365168771303e+00
3.692244375713853888e+00
3.692244384389339551e+00
3.692244391438459505e+00
3.692244397084656793e+00
3.692244401531023179e+00
3.692244404960361326e+00
3.692244407535711481e+00
3.692244409401225447e+00
3.692244410683272360e+00
3.692244411491715450e+00
3.692244411921259850e+00
3.692244412052847924e+00
3.692244411955043937e+00
3.692244411685376537e+00
3.692244411291622175e+00
3.692244410813021016e+00
3.692244410281389833e+00
3.692244409722153176e+00
3.692244409155274187e+00
3.692244408596094374e+00
3.692244408056082783e+00
3.692244407543491036e+00
3.692244407063926648e+00
3.692244406620869057e+00
3.692244406216085739e+00
3.692244405850008793e+00
3.692244405522045358e+00
3.692244405230833859e+00
3.692244404974468264e+00
3.692244404750671283e+00
3.692244404556938697e+00
3.692244404390648604e+00
3.692244404249155121e+00
3.692244404129868318e+00
3.692244404030282201e+00
3.692244403948028886e+00
3.692244403880896364e+00
3.692244403826847599e+00
3.692244403784018303e+00
3.692244403750728932e+00
3.692244403725479795e+00
3.692244403706937295e+00
3.692244403693925481e+00
3.692244403685428722e+00
3.692244403680561060e+00
3.692244403678565323e+00
3.692244403678799358e+00
3.692244403680716491e+00
3.692244403683868637e+00
3.692244403687883647e+00
3.692244403692456878e+00
3.692244403697348076e+00
3.692244403702364064e+00
3.692244403707353406e+00
3.692244403712201972e+00
3.692244403716830714e+00
3.692244403721183232e+00
3.692244403725221780e+00
3.692244403728924595e+00
3.692244403732283242e+00
3.692244403735301717e+00
3.692244403737989344e+00
3.692244403740362113e+00
3.692244403742440451e+00
3.692244403744247450e+00
3.692244403745801318e+00
3.692244403747126480e+00
3.692244403748247805e+00
3.692244403749186166e+00
3.692244403749967319e+00
3.692244403750607251e+00
3.692244403751122839e+00
3.692244403751536730e+00
3.692244403751858695e+00
3.692244403752104720e+00
3.692244403752289461e+00
3.692244403752423576e+00
3.692244403752512394e+00
3.692244403752563908e+00
3.692244403752587445e+00
3.692244403752590109e+00
3.692244403752575455e+00
3.692244403752551474e+00
3.692244403752515947e+00
3.692244403752475534e+00
3.692244403752430237e+00
3.692244403752385828e+00
3.692244403752340975e+00
3.692244403752295678e+00
3.692244403752254378e+00
3.692244403752214410e+00
3.692244403752177551e+00
3.692244403752145576e+00
3.692244403752115822e+00
3.692244403752092285e+00
3.692244403752068305e+00
3.692244403752046988e+00
3.692244403752025672e+00
3.692244403752008797e+00
3.692244403751991477e+00
3.692244403751977710e+00
3.692244403751971049e+00
3.692244403751963944e+00
3.692244403751957726e+00
3.692244403751951953e+00
3.692244403751944848e+00
3.692244403751939963e+00
3.692244403751935522e+00
3.692244403751933746e+00
3.692244403751933302e+00
3.692244403751930637e+00
3.692244403751928861e+00
3.692244403751927084e+00
3.692244403751927084e+00
3.692244403751926196e+00
3.692244403751926196e+00
3.692244403751925308e+00
3.692244403751924864e+00
3.692244403751924420e+00
3.692244403751924420e+00
3.692244403751924420e+00
3.692244403751924864e+00
3.692244403751925308e+00
3.692244403751926196e+00
3.692244403751926196e+00
3.692244403751926196e+00
3.692244403751926196e+00
3.692244403751926196e+00
3.692244403751926196e+00
3.692244403751926196e+00
3.692244403751926196e+00
3.692244403751926196e+00
3.692244403751926196e+00
3.692244403751926196e+00
3.692244403751926196e+00
3.692244403751926196e+00
3.692244403751926196e+00
3.692244403751926196e+00
3.692244403751926196e+00
3.692244403751926196e+00
3.692244403751926196e+00
3.692244403751926196e+00
3.692244403751926196e+00
3.692244403751926196e+00
3.692244403751926196e+00
3.692244403751926196e+00
3.692244403751926196e+00
3.692244403751926196e+00
3.692244403751926196e+00
3.692244403751926196e+00
3.692244403751926196e+00
3.692244403751926196e+00
3.692244403751926196e+00
3.692244403751926196e+00
3.692244403751926196e+00
3.692244403751926196e+00
3.692244403751926196e+00
3.692244403751926196e+00
3.692244403751926196e+00
3.692244403751926196e+00
3.692244403751926196e+00
3.692244403751926196e+00
3.692244403751926196e+00
3.692244403751926196e+00
3.692244403751926196e+00
3.692244403751926196e+00
3.692244403751926196e+00
3.692244403751926196e+00
3.692244403751926196e+00
3.692244403751926196e+00
3.692244403751926196e+00
3.692244403751926196e+00
3.692244403751926196e+00
3.692244403751926196e+00
3.692244403751926196e+00
3.692244403751926196e+00
3.692244403751926196e+00
3.692244403751926196e+00
3.692244403751926196e+00
3.692244403751926196e+00
3.692244403751926196e+00
3.679114189215687780e+00
3.707872463979504207e+00
3.757215456778547846e+00
3.805810379251453934e+00
3.853001019068634569e+00
3.899233639145563313e+00
3.944529981284792264e+00
3.988911319602448380e+00
4.032398463259578847e+00
4.074807025210332334e+00
4.116122058575256482e+00
4.156611180415515250e+00
4.196292816623238053e+00
4.235184830245903420e+00
4.273304548025953942e+00
4.310655720754278164e+00
4.346943047397350490e+00
4.382513900164597409e+00
4.417383736635329683e+00
4.451567630185210511e+00
4.485080281507964450e+00
4.517936029714601176e+00
4.550148863028919521e+00
4.581558840055929949e+00
4.612243344740623918e+00
4.642330173283693462e+00
4.671831843345307433e+00
4.700760637019756771e+00
4.729128600920956771e+00
4.756947546744497934e+00
4.784229052257797932e+00
4.810984462673654427e+00
4.836980996756918394e+00
4.862418403430387670e+00
4.887367932866275133e+00
4.911839714932908052e+00
4.935843606554336738e+00
4.959389202952737996e+00
4.982485848252542482e+00
5.005142645488461994e+00
5.027368466056598706e+00
5.049171958644848246e+00
5.070553920754421462e+00
5.091349602055892376e+00
5.111750521082526255e+00
5.131764573907427796e+00
5.151399485445543824e+00
5.170662807545346240e+00
5.189561932682398293e+00
5.208104090634130934e+00
5.226296358299456379e+00
5.244145652070475450e+00
5.261658745204985443e+00
5.278842266777373560e+00
5.295702703109415488e+00
5.312246401952211095e+00
5.328432681888279454e+00
5.344220084115635316e+00
5.359711614207006036e+00
5.374913029105087503e+00
5.389829969336578763e+00
5.404467965980434663e+00
5.418832434402300002e+00
5.432704005822471593e+00
5.445893416512260998e+00
5.458271820881670955e+00
5.469759155506800141e+00
5.480314258265681637e+00
5.489926455848018527e+00
5.498608505264615864e+00
5.506390705189787127e+00
5.513316023210620642e+00
5.519436122849737281e+00
5.524808125673497550e+00
5.529492047955861800e+00
5.533548786442504586e+00
5.537038552015716597e+00
5.540019700109712453e+00
5.542547889552041696e+00
5.544675490007893615e+00
5.546451213363002175e+00
5.547919909425600871e+00
5.549122496015617578e+00
5.550095995081623990e+00
5.550873645694811565e+00
5.551485071939031180e+00
5.551956492081767891e+00
5.552310953319709697e+00
5.552568579625719813e+00
5.552746825681635912e+00
5.552860728979389648e+00
5.552923155031691316e+00
5.552945031851240110e+00
5.552935571718728980e+00
5.552902477514677138e+00
5.552852133136316759e+00
5.552789777753274869e+00
5.552719663248189441e+00
5.552645196821748286e+00
5.552569066903220829e+00
5.552493356112274014e+00
5.552419639540680407e+00
5.552349071809929981e+00
5.552282461418682757e+00
5.552220336201127537e+00
5.552162998485639989e+00
5.552110572327074500e+00
5.552063045339406422e+00
5.552020294141289725e+00
5.551982124532917950e+00
5.551948285549006989e+00
5.551918490441701159e+00
5.551892431712441400e+00
5.551869792239378931e+00
5.551850257545869027e+00
5.551833515950475473e+00
5.551819268242971006e+00
5.551807234541571212e+00
5.551797151723881107e+00
5.551788776530839797e+00
5.551781885963035457e+00
5.551776278105601037e+00
5.551771769643243815e+00
5.551768197207769262e+00
5.551765416340290749e+00
5.551763299404961494e+00
5.551761734399094372e+00
5.551760623974225872e+00
5.551759884000849077e+00
5.551759442269156963e+00
5.551759237236575828e+00
5.551759216839311506e+00
5.551759337377109915e+00
5.551759562481216825e+00
5.551759862165337012e+00
5.551760211963378211e+00
5.551760592150761120e+00
5.551760987047105189e+00
5.551761384396123766e+00
5.551761774817962625e+00
5.551762151329366901e+00
5.551762508924513284e+00
5.551762844213314452e+00
5.551763155109965986e+00
5.551763440567245134e+00
5.551763700351195041e+00
5.551763934852156801e+00
5.551764144926666589e+00
5.551764331766777083e+00
5.551764496793749615e+00
5.551764641571705461e+00
5.551764767738728068e+00
5.551764876953251715e+00
5.551764970852316239e+00
5.551765051020220554e+00
5.551765118966372370e+00
5.551765176109691780e+00
5.551765223768878599e+00
5.551765263157167674e+00
5.551765295380697296e+00
5.551765321439667389e+00
5.551765342231510303e+00
5.551765358555637242e+00
5.551765371119142145e+00
5.551765380543272954e+00
5.551765387370181770e+00
5.551765392069740734e+00
5.551765395046751372e+00
5.551765396647368789e+00
5.551765397165201676e+00
5.551765396847601508e+00
5.551765395901577804e+00
5.551765394498252348e+00
5.551765392777912922e+00
5.551765390854648707e+00
5.551765388819458025e+00
5.551765386744135000e+00
5.551765384684209437e+00
5.551765382681580263e+00
5.551765380766869207e+00
5.551765378961419195e+00
5.551765377279058278e+00
5.551765375727471863e+00
5.551765374309930223e+00
5.551765373025657091e+00
5.551765371871202781e+00
5.551765370841073910e+00
5.551765369928335581e+00
5.551765369125119420e+00
5.551765368423004610e+00
5.551765367813358942e+00
5.551765367287555542e+00
5.551765366837185134e+00
5.551765366454177730e+00
5.551765366130898549e+00
5.551765365860223511e+00
5.551765365635555227e+00
5.551765365450871847e+00
5.551765365300694199e+00
5.551765365179975653e+00
5.551765365084553316e+00
5.551765365010281172e+00
5.551765364953837434e+00
5.551765364912324863e+00
5.551765364883001652e+00
5.551765364863599395e+00
5.551765364852176532e+00
5.551765364847080164e+00
5.551765364846903417e+00
5.551765364850477447e+00
5.551765364856832363e+00
5.551765364865032915e+00
5.551765364874677644e+00
5.551765364885111076e+00
5.551765364895914878e+00
5.551765364906761313e+00
5.551765364917398138e+00
5.551765364927643276e+00
5.551765364937361724e+00
5.551765364946460224e+00
5.551765364954768245e+00
5.551765364962388816e+00
5.551765364969314831e+00
5.551765364975675965e+00
5.551765364981372741e+00
5.551765364986441575e+00
5.551765364990923324e+00
5.551765364994851737e+00
5.551765364998277441e+00
5.551765365001247510e+00
5.551765365003798358e+00
5.551765365005977060e+00
5.551765365007823583e+00
5.551765365009377895e+00
5.551765365010676412e+00
5.551765365011628539e+00
5.551765365012512277e+00
5.551765365013101139e+00
5.551765365013679343e+00
5.551765365014014186e+00
5.551765365014373010e+00
5.551765365014651898e+00
5.551765365014861509e+00
5.551765365015010723e+00
5.551765365015115528e+00
5.551765365015182141e+00
5.551765365015221221e+00
5.551765365015231879e+00
5.551765365015228326e+00
5.551765365015204345e+00
5.551765365015173259e+00
5.551765365015016940e+00
5.551765365014982301e+00
5.551765365014942333e+00
5.551765365014906806e+00
5.551765365014868614e+00
5.551765365014714071e+00
5.551765365014563081e+00
5.551765365014539100e+00
5.551765365014522224e+00
5.551765365014508902e+00
5.551765365014381892e+00
5.551765365014381892e+00
5.551765365014263764e+00
5.551765365014267317e+00
5.551765365014272646e+00
5.551765365014285081e+00
5.551765365014181164e+00
5.551765365014204257e+00
5.551765365014109221e+00
5.551765365014142084e+00
5.551765365014054154e+00
5.551765365014090570e+00
5.551765365014127873e+00
5.551765365014167841e+00
5.551765365014205145e+00
5.551765365014239784e+00
5.551765365014277087e+00
5.551765365014189157e+00
5.551765365014222908e+00
5.551765365014255771e+00
5.551765365014288633e+00
5.551765365014314391e+00
5.551765365014341036e+00
5.551765365014365017e+00
5.551765365014387221e+00
5.551765365014407649e+00
5.551765365014422748e+00
5.551765365014436071e+00
5.551765365014327713e+00
5.551765365014344589e+00
5.551765365014239784e+00
5.551765365014142972e+00
5.551765365014171394e+00
5.551765365014197151e+00
5.551765365014110998e+00
5.551765365014144749e+00
5.551765365014179388e+00
5.551765365014213138e+00
5.551765365014126097e+00
5.444247533645425463e+00
5.338734540290730024e+00
5.234411835863952867e+00
5.131918554631083040e+00
5.031020611101904016e+00
4.931488763462536618e+00
4.833857843207216121e+00
4.737185280251347663e+00
4.642179334006114821e+00
4.548894486811283500e+00
4.456713814629561732e+00
4.366342695326025591e+00
4.277460846042043130e+00
4.189819237835774146e+00
4.103922241510650437e+00
4.019356297289467861e+00
3.935983568674460198e+00
3.854295739587887848e+00
3.773999994268395053e+00
3.694857028158761825e+00
3.617334191554303580e+00
3.541334108683744208e+00
3.466259042676280711e+00
3.392739703594436218e+00
3.320750224513970394e+00
3.249766257078321896e+00
3.179996451643236632e+00
3.111697489265536021e+00
3.044844333635289502e+00
2.978712958896993612e+00
2.913960318272951877e+00
2.850595440660562918e+00
2.788593018754564223e+00
2.727415443372060988e+00
2.667558366999054353e+00
2.608999336708211381e+00
2.551714611791170650e+00
2.495233516122806972e+00
2.439802435252733215e+00
2.385591097521104320e+00
2.332576541240623857e+00
2.280729453181689959e+00
2.229912178624636532e+00
2.181562805325940158e+00
2.136316854898561157e+00
2.094577147089119684e+00
2.056559693846806258e+00
2.022276684638000699e+00
1.991486975649767732e+00
1.964358583502548772e+00
1.940702835524879877e+00
1.920287345646032318e+00
1.902852576635827964e+00
1.888125108054896861e+00
1.875828040063421964e+00
1.865688973443471399e+00
1.857445940189535794e+00
1.850851627638082864e+00
1.845676200252410526e+00
1.841708987320905377e+00
1.838759265491489492e+00
1.836656339384435288e+00
1.835249084408117071e+00
1.834405094285898929e+00
1.834009553618002553e+00
1.833963936444657161e+00
1.834184587530724553e+00
1.834601276076735843e+00
1.835155749318110319e+00
1.835800330466097474e+00
1.836496574345935606e+00
1.837214031450782548e+00
1.837929086063780026e+00
1.838623907965580173e+00
1.839285513503940983e+00
1.839904917836718834e+00
1.840476404791901555e+00
1.840996874720809418e+00
1.841465293055642105e+00
1.841882218909164370e+00
1.842249398002791638e+00
1.842569437290480172e+00
1.842845525419462671e+00
1.843081202990111800e+00
1.843280203637061243e+00
1.843446289649315117e+00
1.843583167664907485e+00
1.843694389236044673e+00
1.843783312180355738e+00
1.843853052366560608e+00
1.843906464250720356e+00
1.843946130751208390e+00
1.843974362394710242e+00
1.843993205007610436e+00
1.844004448827676335e+00
1.844009646525960999e+00
1.844010129844331880e+00
1.844007029147616272e+00
1.844001293068790126e+00
1.843993708137684706e+00
1.843984917739312834e+00
1.843975440572264368e+00
1.843965687061282610e+00
1.843955975236225786e+00
1.843946545198659859e+00
1.843937571372977091e+00
1.843929174221806022e+00
1.843921430158668162e+00
1.843914380258420804e+00
1.843908037766111452e+00
1.843902394502150655e+00
1.843897426266451589e+00
1.843893097345021825e+00
1.843889364220598237e+00
1.843886178584679403e+00
1.843883489742789372e+00
1.843881246498108695e+00
1.843879398591433239e+00
1.843877897767935536e+00
1.843876698533714942e+00
1.843875758657879116e+00
1.843875039468892973e+00
1.843874505901562433e+00
1.843874126849904815e+00
1.843873874550889580e+00
1.843873724774534484e+00
1.843873656524740889e+00
1.843873651795962409e+00
1.843873695311866179e+00
1.843873774257069220e+00
1.843873878010541922e+00
1.843873997887145677e+00
1.843874126891975163e+00
1.843874259404834071e+00
1.843874391315952321e+00
1.843874519308245308e+00
1.843874641036204132e+00
1.843874754884183176e+00
1.843874859831073687e+00
1.843874955332472476e+00
1.843875041219144251e+00
1.843875117524541585e+00
1.843875184673174461e+00
1.843875243241708484e+00
1.843875293735470100e+00
1.843875336811777954e+00
1.843875373073701862e+00
1.843875403391932011e+00
1.843875428360076896e+00
1.843875448632182001e+00
1.843875464824656918e+00
1.843875477509527849e+00
1.843875487210469233e+00
1.843875494401038928e+00
1.843875499504635584e+00
1.843875502895756080e+00
1.843875504816324229e+00
1.843875505725834030e+00
1.843875505779373647e+00
1.843875505183061536e+00
1.843875504023892997e+00
1.843875502534739752e+00
1.843875500919821331e+00
1.843875499184621569e+00
1.843875497402974295e+00
1.843875495632010475e+00
1.843875493828852630e+00
1.843875492200202748e+00
1.843875490679106610e+00
1.843875489278657964e+00
1.843875487919778955e+00
1.843875486779853912e+00
1.843875485768571743e+00
1.843875484880785898e+00
1.843875484109419149e+00
1.843875483446109964e+00
1.843875482881743189e+00
1.843875482406863719e+00
1.843875482012008016e+00
1.843875481687941686e+00
1.843875481425850671e+00
1.843875481131572736e+00
1.843875480972955394e+00
1.843875480854616056e+00
1.843875480769837205e+00
1.843875480712664716e+00
1.843875480677881873e+00
1.843875480660955191e+00
1.843875480572104930e+00
1.843875480497637387e+00
1.843875480435982261e+00
1.843875480471510064e+00
1.843875480513162302e+00
1.843875480558383240e+00
1.843875480605142947e+00
1.843875480651865795e+00
1.843875480697356517e+00
1.843875480740742923e+00
1.843875480781417053e+00
1.843875480818991441e+00
1.843875480853248927e+00
1.843875480798223165e+00
1.843875480743558004e+00
1.843875480776460796e+00
1.843875480808275125e+00
1.843875480838443881e+00
1.843875480866589811e+00
1.843875480892479102e+00
1.843875480830104774e+00
1.843875480854938242e+00
1.843875480878618633e+00
1.843875480900813768e+00
1.843875480835426295e+00
1.843875480857841254e+00
1.843875480879612505e+00
1.843875480900336372e+00
1.843875480919733967e+00
1.843875480851739246e+00
1.843875480871759009e+00
1.843875480891358443e+00
1.843875480824247681e+00
1.843875480845644788e+00
1.843875480866958849e+00
1.843875480887662954e+00
1.843875480907371189e+00
1.843875480925817767e+00
1.843875480942834155e+00
1.843875480958327540e+00
1.843875480972268166e+00
1.843875480984674242e+00
1.843875480995598615e+00
1.843875481005118333e+00
1.843875481013330209e+00
1.843875480934451305e+00
1.843875480944096479e+00
1.843875480953973023e+00
1.843875480963771185e+00
1.843875480973257153e+00
1.843875480982263282e+00
1.843875480990674331e+00
1.843875480912528619e+00
1.843875480923292232e+00
1.843875480934553890e+00
1.843875480945900591e+00
1.843875480957020363e+00
1.843875480967680724e+00
1.843875480977720249e+00
1.843875480987031246e+00
1.843875480995548877e+00
1.843875481003247163e+00
1.843875481010126105e+00
1.843875481016207685e+00
1.843875481021527651e+00
1.843875481026134411e+00
1.843875481030083030e+00
1.843875481033430130e+00
1.843875481036236108e+00
1.843875481038559139e+00
1.843875481040457176e+00
1.843875481041984177e+00
1.843875481043190545e+00
1.843875481044122910e+00
1.843875481044824127e+00
1.843875480959445312e+00
1.843875480963521385e+00
1.843875480968679259e+00
1.843875480974523473e+00
1.843875480894850316e+00
1.843875480904912045e+00
1.843875480916114196e+00
1.843875480927891664e+00
1.843875480939800138e+00
1.843875480865615923e+00
1.843875480880589279e+00
1.843875480896137509e+00
1.843875480825835078e+00
1.843875480844772818e+00
1.843875480864247240e+00
1.843875480883627294e+00
1.843875480902436026e+00
1.843875480920327936e+00
1.843875480937064770e+00
1.843875480952495760e+00
1.843875480966540525e+00
1.843875480979172643e+00
1.843875480990409432e+00
1.843875481000299743e+00
1.843875481008915296e+00
1.843875481016343354e+00
1.843875481022680951e+00
1.843875481028029339e+00
1.843875481032489771e+00
1.843875481036163055e+00
1.843875481039144670e+00
1.843875481041526987e+00
1.843875481043394160e+00
1.843875480958934165e+00
1.843875480963719893e+00
1.843875480969409786e+00
