1.237566185479700015e-02
3.607825658136736002e-02
7.053081762469552707e-02
1.151377084354938268e-01
1.692883184098213922e-01
2.323605735959549390e-01
3.031782114633876923e-01
3.813413196756548218e-01
4.664516091896523942e-01
5.574106456479642757e-01
6.536366667210531389e-01
7.548923697618180606e-01
8.593595911734119852e-01
9.675539760864653172e-01
1.078382648134518451e+00
1.190818739120142356e+00
1.302947087105680524e+00
1.412401517432509301e+00
1.519300424360578328e+00
1.622659065055205296e+00
1.723617513021827641e+00
1.821772659733174704e+00
1.917183644398899434e+00
2.010431367050635743e+00
2.100831866304582185e+00
2.189031968387109561e+00
2.275263342391089072e+00
2.358797203553721467e+00
2.440424405170003919e+00
2.520255472316535350e+00
2.597621407923010661e+00
2.672882730069208179e+00
2.746007204990649431e+00
2.816572298722031409e+00
2.884314434053500520e+00
2.949439358423979751e+00
3.011812767569998606e+00
3.070988951550453816e+00
3.126891735971847552e+00
3.179766234936116653e+00
3.229538763146395652e+00
3.276149156580678401e+00
3.319284853117847600e+00
3.359003973354343753e+00
3.395496761171706179e+00
3.428755320389085259e+00
3.458783229821247751e+00
3.485595183197479408e+00
3.509216553206986333e+00
3.529682956912254532e+00
3.547039793972119437e+00
3.561222592199288162e+00
3.572426108588468985e+00
3.580738408983118681e+00
3.586238416482595337e+00
3.589012059077920647e+00
3.589151724736995952e+00
3.586755712224680703e+00
3.581927689454832642e+00
3.574776137196278736e+00
3.565413800627489582e+00
3.553957142045948814e+00
3.540446495011152273e+00
3.525016432806715283e+00
3.507842466565811002e+00
3.489052264052734831e+00
3.468774619205911236e+00
3.447138946090391176e+00
3.424274795423942308e+00
3.400311384215547239e+00
3.375377137166425179e+00
3.349599254157133110e+00
3.323103282957887483e+00
3.296012734188091375e+00
3.268151048319590135e+00
3.239923361992272710e+00
3.211454792502542510e+00
3.182859158984168158e+00
3.154246444222420287e+00
3.125722546576224836e+00
3.097389018533696969e+00
3.069342852840052593e+00
3.041674620687617292e+00
3.014170250294642361e+00
2.987222374062736385e+00
2.960909962575062782e+00
2.935306522320893841e+00
2.910480026450057434e+00
2.886492881046694770e+00
2.863401902082013617e+00
2.841258330908540852e+00
2.820107854962006222e+00
2.799990664595629841e+00
2.780878823580234638e+00
2.762775220926793285e+00
2.745803502307401445e+00
2.729983381769519823e+00
2.715329490945768587e+00
2.701851528089223464e+00
2.689554409601809137e+00
2.678438429292056888e+00
2.668499444825255917e+00
2.659729061397805960e+00
2.652114829620328074e+00
2.645640453553910199e+00
2.640286003051830921e+00
2.636028132736032870e+00
2.632840304558325517e+00
2.630693017310282933e+00
2.629554028464178739e+00
2.629388587369244412e+00
2.630159673696742306e+00
2.631828214623471940e+00
2.634353318109904585e+00
2.637692497183522722e+00
2.641801892194620471e+00
2.646636487157166595e+00
2.652150324675351278e+00
2.658296712473556145e+00
2.665028426836825837e+00
2.672297907031658148e+00
2.680057445254570236e+00
2.688259368334212862e+00
2.696856214660922291e+00
2.705800891372938111e+00
2.715046847362251992e+00
2.724548213999854251e+00
2.734259951648286613e+00
2.744137976804496670e+00
2.754139295674736587e+00
2.764222114278551690e+00
2.774345947481779096e+00
2.784471716386073492e+00
2.794509551289714011e+00
2.804444005540900342e+00
2.814273790028327671e+00
2.823966801224545797e+00
2.833492672304057880e+00
2.842822820276285523e+00
2.851930480538333867e+00
2.860790734301788429e+00
2.869380530724544798e+00
2.877678689552088276e+00
2.885665920576601096e+00
2.893324811371432048e+00
2.900639821332383406e+00
2.907597266276273462e+00
2.914185297560987653e+00
2.920393874269029411e+00
2.926214730922064966e+00
2.931641339609513786e+00
2.936668868587851922e+00
2.941294132892982027e+00
2.945515544924321549e+00
2.949333058884030301e+00
2.952748112328491548e+00
2.955763565762317135e+00
2.958383632800401397e+00
2.960613821645794896e+00
2.962460859549318037e+00
2.963932624494016288e+00
2.965038072095473876e+00
2.965787161339579647e+00
2.966190781429137946e+00
2.966260675426886984e+00
2.966009365191208058e+00
2.965450075873421465e+00
2.964596663115912190e+00
2.963463529147176256e+00
2.962065562133897600e+00
2.960418054411027899e+00
2.958536633592396825e+00
2.956437189742008531e+00
2.954135813173569769e+00
2.951648719332292448e+00
2.948992189776107775e+00
2.946182506383447475e+00
2.943235896633317861e+00
2.940168468734191354e+00
2.936996161440240005e+00
2.933734688947443381e+00
2.930399494280895301e+00
2.927005700438904956e+00
2.923568067326464792e+00
2.920100951077166940e+00
2.916618266422364325e+00
2.913133452133294998e+00
2.909659439549308946e+00
2.906208624192825329e+00
2.902792840459954338e+00
2.899423339364223473e+00
2.896110769300126897e+00
2.892865159782788798e+00
2.889695908110494038e+00
2.886611768887583196e+00
2.883620846336799826e+00
2.880730589322251678e+00
2.877947788996908951e+00
2.875278578981923072e+00
2.872728437979161331e+00
2.870302194712825994e+00
2.868004035091407555e+00
2.865837511477127286e+00
2.863805553946380478e+00
2.861910483421893581e+00
2.860154026554891260e+00
2.858537332233838324e+00
2.857060989595014089e+00
2.855725047869118960e+00
2.854529035418388538e+00
2.853471983714022553e+00
2.852552450621174795e+00
2.851768536024956724e+00
2.851117918148430963e+00
2.850597874441934909e+00
2.850205302063645529e+00
2.849936748989109425e+00
2.849788438639705657e+00
2.849756296470038031e+00
2.849835978736026121e+00
2.850022890044345392e+00
2.850312223190528460e+00
2.850698976285130470e+00
2.851177982931651034e+00
2.851743928441043074e+00
2.852391389883879746e+00
2.853114850406870406e+00
2.853908726620368430e+00
2.854767386247968108e+00
2.855685175049873958e+00
2.856656442772937954e+00
2.857675557271948108e+00
2.858736926676332502e+00
2.859835017250102140e+00
2.860964376552152633e+00
2.862119642441962597e+00
2.863295565560060929e+00
2.864487021100835307e+00
2.865689024176896194e+00
2.866896744097214622e+00
2.868105513327153577e+00
2.869310840063681756e+00
2.870508417504614052e+00
2.871694133405606753e+00
2.872864078926564257e+00
2.874014546059733721e+00
2.875142049431122171e+00
2.876243318362233126e+00
2.877315305716822813e+00
2.878355187706878482e+00
2.879360367430017664e+00
2.880328475874271099e+00
2.881257371387039967e+00
2.882145138590973765e+00
2.882990086910180771e+00
2.883790751950976006e+00
2.884545880248131855e+00
2.885254441576780682e+00
2.885915613745063002e+00
2.886528781329409377e+00
2.887093531387958656e+00
2.887609638203706197e+00
2.888077069637197791e+00
2.888495974380797193e+00
2.888866671677822850e+00
2.889189646781684662e+00
2.889465542049884039e+00
2.889695148568138361e+00
2.889879397523001714e+00
2.890019351401246883e+00
2.890116195055040027e+00
2.890171228777470791e+00
2.890185852647016329e+00
2.890161563987079685e+00
2.890099942508606023e+00
2.890002652881770828e+00
2.889871421593283696e+00
2.889708034202597364e+00
2.889514327657990655e+00
2.889292179398538440e+00
2.889043499581636532e+00
2.888770222791840148e+00
2.888474299977382920e+00
2.888157693421167238e+00
2.887822358777246023e+00
2.887470252311134189e+00
2.887103315042931939e+00
2.886723467822131184e+00
2.886332605940438167e+00
2.885932592219298432e+00
2.885525251757583565e+00
2.885112366502361247e+00
2.884695670395743594e+00
2.884276844830611086e+00
2.883857514794208932e+00
2.883439244255094902e+00
2.883023533622017354e+00
2.882611816272538707e+00
2.882205455395967508e+00
2.881805742616713406e+00
2.881413894175020030e+00
2.827117252738351461e+00
2.782133173039874396e+00
2.746069768559963098e+00
2.719034115612931846e+00
2.700778947440964917e+00
2.691033338076712411e+00
2.689504829023225518e+00
2.695881583477236720e+00
2.709834500668764967e+00
2.731019316386030127e+00
2.759078598327030285e+00
2.793599099877788206e+00
2.833950062424746008e+00
2.879996181003852129e+00
2.931350932617597049e+00
2.987624351214020368e+00
3.048239680463066925e+00
3.110811190877307730e+00
3.174002442814293001e+00
3.235861015277714081e+00
3.296407736369314279e+00
3.355049159325020902e+00
3.412467521027089390e+00
3.468692426067464751e+00
3.523752363429552226e+00
3.577400490914479647e+00
3.629710415377629396e+00
3.680945705493193998e+00
3.731131348379383095e+00
3.780291634090577446e+00
3.828203960379379378e+00
3.874939699796521086e+00
3.920727739475696971e+00
3.965589600201227416e+00
4.009546336247084675e+00
4.052618538523752534e+00
4.094410798940844920e+00
4.135333689807566770e+00
4.175439437601058401e+00
4.214746199146833128e+00
4.253271581167592963e+00
4.291032666020336173e+00
4.327872709445405697e+00
4.363819927285042866e+00
4.399058015464452076e+00
4.433602248765134313e+00
4.467467523256747342e+00
4.500668367617045362e+00
4.533218954038312987e+00
4.565111218039413110e+00
4.596116440427515215e+00
4.626517282133977282e+00
4.656326385060619799e+00
4.685556155708012760e+00
4.714132767037376048e+00
4.741983029639240677e+00
4.769038896724073773e+00
4.795237489942868692e+00
4.820471206074017800e+00
4.844505119806114202e+00
4.867536929145746427e+00
4.889525568011875656e+00
4.910434885828771634e+00
4.930233590747152839e+00
4.948895187958806119e+00
4.966397902751335636e+00
4.982724591087073662e+00
4.997862637059577118e+00
5.011803839941497252e+00
5.024544286961706518e+00
5.036084221760449786e+00
5.046427898491517183e+00
5.055583432686631795e+00
5.063562624164081427e+00
5.070374774371467552e+00
5.075999732907352957e+00
5.080514262991033370e+00
5.083943163789329311e+00
5.086313972599250555e+00
5.087656778498211629e+00
5.088004033607700372e+00
5.087390361711044307e+00
5.085852358616654634e+00
5.083428418877803168e+00
5.080158536101124334e+00
5.076084102666845510e+00
5.071247732266874308e+00
5.065656760391300750e+00
5.059371908457014122e+00
5.052452799419461904e+00
5.044945674799270030e+00
5.036897110712663661e+00
5.028353859436631268e+00
5.019362675433085563e+00
5.009970159276218915e+00
5.000222610701237080e+00
4.990165875306297849e+00
4.979845207816939734e+00
4.969305139328966447e+00
4.958589351755663621e+00
4.947740557264529215e+00
4.936800393167121825e+00
4.925809309466274932e+00
4.914806479141386575e+00
4.903829706958381607e+00
4.892915352504877191e+00
4.882098252862656196e+00
4.871411659726920362e+00
4.860887185344699546e+00
4.850554744367722826e+00
4.840442515805521317e+00
4.830576919447530315e+00
4.820982572147264555e+00
4.811628925078185404e+00
4.802538248778243535e+00
4.793786148701908445e+00
4.785390422724017156e+00
4.777366992680525115e+00
4.769729916476238785e+00
4.762491407841087820e+00
4.755661861929134204e+00
4.749249883785127579e+00
4.743262329193368210e+00
4.737704342581385397e+00
4.732579397809594468e+00
4.727889351319686462e+00
4.723634500325435859e+00
4.719813629408917244e+00
4.716424078871205516e+00
4.713461795674811050e+00
4.710921412088886484e+00
4.708796305270946725e+00
4.707078666842324566e+00
4.705759579116676861e+00
4.704829069773186490e+00
4.704276205421729529e+00
4.704089154829581787e+00
4.704255261505553065e+00
4.704761120303640354e+00
4.705592649353134149e+00
4.706735164556438811e+00
4.708173451333125037e+00
4.709891836659304332e+00
4.711874257730292115e+00
4.714104339774341845e+00
4.716565444339799740e+00
4.719240758100459843e+00
4.722113346744713169e+00
4.725166214766823636e+00
4.728382367730980640e+00
4.731744875124166860e+00
4.735236920496696200e+00
4.738841856826763177e+00
4.742543257164140158e+00
4.746324961035456980e+00
4.750171120886419907e+00
4.754066247568085934e+00
4.757995245682479890e+00
4.761943452955987865e+00
4.765896676769259876e+00
4.769841213629812948e+00
4.773763897652189669e+00
4.777652115486946016e+00
4.781493821334393601e+00
4.785277565998241833e+00
4.788992522329849066e+00
4.792628478585861274e+00
4.796175874763106250e+00
4.799625790620657639e+00
4.802969960832662366e+00
4.806200788154348480e+00
4.809311334546268135e+00
4.812295324327024559e+00
4.815147133472148511e+00
4.817842769856338414e+00
4.820386155839115894e+00
4.822786239033579392e+00
4.825040087860378080e+00
4.827145366922237280e+00
4.829100331930716195e+00
4.830903804686512260e+00
4.832555165246203543e+00
4.834054328658252686e+00
4.835401729341621824e+00
4.836598295755933918e+00
4.837645434731165039e+00
4.838545008127539404e+00
4.839299308910542052e+00
4.839911039778565183e+00
4.840383285788320222e+00
4.840719493572350984e+00
4.840923444229986217e+00
4.840999234126105222e+00
4.840951238980063742e+00
4.840784104487469541e+00
4.840502699255728736e+00
4.840112112792433585e+00
4.839617615868457179e+00
4.839024643245246615e+00
4.838338765621752025e+00
4.837565667042751372e+00
4.836711122845184008e+00
4.835780971753790070e+00
4.834781101318282204e+00
4.833717422468819969e+00
4.832595846408053397e+00
4.831422267732223830e+00
4.830202543481786570e+00
4.828942477572901737e+00
4.827647798938319745e+00
4.826324145067600213e+00
4.824977051806309980e+00
4.823611932280798875e+00
4.822234064005963994e+00
4.820848577489188713e+00
4.819460443742523026e+00
4.818074462261690449e+00
4.816695251813477796e+00
4.815316715730443953e+00
4.813948274997384758e+00
4.812599599072790113e+00
4.811274590369595039e+00
4.809976929629332432e+00
4.808710070585439311e+00
4.807477236335821580e+00
4.806281416649308191e+00
4.805125365852696007e+00
4.804011603125878160e+00
4.802942410427552211e+00
4.801919834746867011e+00
4.800945689372373870e+00
4.800021555773599680e+00
4.799148786027087610e+00
4.798328508127571723e+00
4.797561629727940868e+00
4.796848843333367363e+00
4.796190627359250058e+00
4.795587260877424818e+00
4.795038820928539280e+00
4.794545195658754366e+00
4.794106089009189553e+00
4.793721027242441757e+00
4.793389373149767430e+00
4.793110325451931608e+00
4.792882932154107323e+00
4.792706101152316656e+00
4.792578605601440778e+00
4.792499094185918906e+00
4.792466101490523656e+00
4.792478053600689236e+00
4.792533280799164075e+00
4.792630025916619019e+00
4.792766452051728798e+00
4.792940655486985335e+00
4.793150670985662387e+00
4.793394481960432607e+00
4.793670029241297925e+00
4.793975219669334820e+00
4.794307934495396495e+00
4.794666037560747718e+00
4.795047383240136796e+00
4.795449824128586336e+00
4.795871218455146412e+00
4.796309437207931126e+00
4.796762372301600408e+00
4.797227938876431175e+00
4.797704086097407838e+00
4.798188801065669473e+00
4.798680114072103819e+00
4.799176107516422540e+00
4.799674908737383561e+00
4.800174710751712759e+00
4.800673771790460620e+00
4.801170403250306862e+00
4.801662997200602412e+00
4.802150013571944598e+00
4.802629991500770856e+00
4.803101539737617998e+00
4.803563349857390641e+00
4.804014192680427620e+00
4.804452922018762173e+00
4.804878477866486364e+00
4.805289879537720132e+00
4.805686233863736057e+00
4.806066726203685135e+00
4.806430630427062312e+00
4.806777304822674957e+00
4.807106184058983267e+00
4.807416784360969864e+00
4.807708707508241197e+00
4.807981630627372382e+00
4.808235307705086115e+00
4.808469567896858976e+00
4.808684310887850089e+00
4.808879509970634736e+00
4.809055204839763675e+00
4.809211500498645542e+00
4.809348564536770176e+00
4.809466624290505088e+00
4.809565963903090768e+00
4.713158970881061727e+00
4.618619407813818079e+00
4.525581022680960963e+00
4.433857185542658286e+00
4.343936097983773337e+00
4.255293031517289215e+00
4.168155575927116274e+00
4.083091738400548287e+00
3.999734648967538497e+00
3.918628117222481944e+00
3.840265623937081596e+00
3.764472791090497150e+00
3.691438601947493403e+00
3.621673497659661400e+00
3.555309237870919237e+00
3.491919592937480221e+00
3.432115098655323937e+00
3.376040168785071405e+00
3.323759803346070463e+00
3.275100902642849476e+00
3.230045439071317137e+00
3.188926574419892468e+00
3.151746616087272912e+00
3.118492882037338987e+00
3.089138367067391311e+00
3.063642434092828104e+00
3.041951548778317971e+00
3.023800312272874269e+00
3.009351681681502466e+00
2.998518897231534641e+00
2.991203639938873060e+00
2.987298268888407105e+00
2.986686620697021954e+00
2.989244828444733493e+00
2.994842108686922355e+00
3.003341550169037255e+00
3.014600889154234409e+00
3.028473269502620635e+00
3.044774940063320834e+00
3.063211697937722633e+00
3.083777562263265271e+00
3.106316896318165988e+00
3.130672990363290609e+00
3.156688670280523024e+00
3.184206884622013511e+00
3.213071260416305197e+00
3.243126635123257273e+00
3.274219560533560003e+00
3.306079454265297812e+00
3.338438218089663678e+00
3.371384208544230709e+00
3.404777992767868522e+00
3.438483827066648679e+00
3.472369980842924253e+00
3.506309035618851766e+00
3.540178155570355312e+00
3.573621298938599367e+00
3.606685437106773584e+00
3.639346898715578149e+00
3.671505546873336190e+00
3.703066742905778863e+00
3.733941479494350180e+00
3.764046466621906895e+00
3.793304216881006052e+00
3.821460913132396886e+00
3.848558264776612337e+00
3.874622146035740400e+00
3.899599732539648311e+00
3.923443954807660283e+00
3.946113427174420263e+00
3.967572380904176299e+00
3.987790576874781223e+00
4.006743201073681426e+00
4.024410755153998487e+00
4.040778923797065048e+00
4.055837670034803111e+00
4.069437896033156754e+00
4.081739839611216780e+00
4.092748737191680419e+00
4.102474092056958455e+00
4.110929487788304471e+00
4.118132399984610892e+00
4.124104000012056126e+00
4.128868945636155807e+00
4.132455176403443176e+00
4.134893697137681734e+00
4.136218368042123394e+00
4.136465676839772065e+00
4.135674526695005682e+00
4.133886011154134010e+00
4.131143193682484061e+00
4.127490892030015068e+00
4.122975448322019787e+00
4.117644528202084153e+00
4.111546898311541298e+00
4.104732219161435047e+00
4.097250838266599082e+00
4.089153592179685326e+00
4.080491608233993261e+00
4.071316116827393472e+00
4.061678269579934053e+00
4.051584461789810021e+00
4.041062354262677125e+00
4.030226274439069556e+00
4.019126228671539458e+00
4.007811315483243320e+00
3.996329582758953336e+00
3.984727893112052222e+00
3.973051800956057367e+00
3.961345440725356326e+00
3.949651409751889997e+00
3.938010688462277198e+00
3.926462546890105543e+00
3.915044461518048635e+00
3.903792054738535633e+00
3.892739033565183693e+00
3.881917141014359363e+00
3.871356115434760437e+00
3.861083658932404905e+00
3.851125414013615522e+00
3.841504947622833122e+00
3.832243752108338786e+00
3.823361232859403547e+00
3.814874729488483940e+00
3.806799523415467679e+00
3.799119113421915550e+00
3.791835823504305036e+00
3.785002156330424139e+00
3.778625732264841552e+00
3.772712249220679048e+00
3.767265533760567831e+00
3.762287598798276012e+00
3.757778703804698583e+00
3.753737420447904594e+00
3.750160700864491492e+00
3.747043952010728152e+00
3.744381103661654109e+00
3.742164695504355265e+00
3.740385948558104356e+00
3.739034852264427222e+00
3.738100241304070259e+00
3.737569886062989344e+00
3.737430564027364177e+00
3.737668161126784128e+00
3.738267744571084350e+00
3.739213650008001544e+00
3.740489566485284190e+00
3.742078619487362534e+00
3.743963443462988927e+00
3.746126275169364028e+00
3.748549028638335390e+00
3.751213366106875835e+00
3.754100775941949575e+00
3.757192647153840159e+00
3.760470336754484499e+00
3.763915238277962150e+00
3.767508846247122456e+00
3.771232818611454540e+00
3.775069036377513232e+00
3.778999656811011576e+00
3.783007170579125056e+00
3.787074447828314927e+00
3.791184786925552164e+00
3.795321956982712575e+00
3.799470237770683934e+00
3.803601913481857721e+00
3.807688700619639821e+00
3.811743317862537506e+00
3.815752660905168625e+00
3.819704273436515418e+00
3.823586367640850359e+00
3.827387839832627758e+00
3.831098284359728989e+00
3.834708007078796665e+00
3.838208021951010185e+00
3.841590072202827333e+00
3.844846621542057807e+00
3.847970857065213579e+00
3.850956685365964915e+00
3.853798727937435498e+00
3.856492315430332773e+00
3.859033468054005489e+00
3.861418899257145210e+00
3.863645989741298248e+00
3.865712778794915927e+00
3.867617940978185231e+00
3.869360770772992897e+00
3.870941161500562888e+00
3.872359582828819313e+00
3.873617057677899211e+00
3.874715142942565027e+00
3.875655890187464703e+00
3.876441840457432342e+00
3.877075976476526797e+00
3.877561715086804472e+00
3.877902859744021047e+00
3.878103590334906592e+00
3.878168428214151309e+00
3.878102197027434528e+00
3.877910010944092267e+00
3.877597236558182558e+00
3.877169467144244042e+00
3.876632492080510861e+00
3.875992275066916459e+00
3.875254917972259960e+00
3.874426642343679728e+00
3.873513757271284774e+00
3.872522636090690362e+00
3.871459694196961454e+00
3.870331355059112077e+00
3.869144043728208526e+00
3.867904145058250531e+00
3.866617998143687895e+00
3.865291871356182796e+00
3.863931932670936042e+00
3.862544250022140968e+00
3.861134753759213112e+00
3.859709238098362860e+00
3.858273334818651978e+00
3.856832503611001606e+00
3.855392018227968620e+00
3.853956954828521297e+00
3.852532181127988675e+00
3.851122347122046818e+00
3.849731877036512095e+00
3.848364961876610479e+00
3.847025553214180160e+00
3.845717358194451485e+00
3.844443835595761083e+00
3.843208195264062876e+00
3.842013386032711253e+00
3.840862109624490817e+00
3.839756811616517052e+00
3.838699683013811370e+00
3.837692663741247401e+00
3.836737443674576475e+00
3.835835467218643213e+00
3.834987936775146267e+00
3.834195816334220464e+00
3.833459839661514046e+00
3.832780514053880427e+00
3.832158127637827594e+00
3.831592756992876936e+00
3.831084274382777544e+00
3.830632355341307083e+00
3.830236490657350501e+00
3.829895984311331159e+00
3.829609978251380831e+00
3.829377453657787811e+00
3.829197236071637089e+00
3.829068010248627640e+00
3.828988334145107419e+00
3.828956642314113701e+00
3.828971258433543134e+00
3.829030404680807020e+00
3.829132212159294557e+00
3.829274731507735119e+00
3.829455940858324414e+00
3.829673760730591070e+00
3.829926056055761752e+00
3.830210650645167192e+00
3.830525335864858327e+00
3.830867879232750184e+00
3.831236032383205981e+00
3.831627540760422779e+00
3.832040151845549580e+00
3.832471622214702389e+00
3.832919727890017114e+00
3.833382261131639268e+00
3.833857054072989712e+00
3.834341975466722729e+00
3.834834931029912131e+00
3.835333882322061516e+00
3.835836844515076116e+00
3.836341892286772470e+00
3.836847164464904925e+00
3.837350868681826288e+00
3.837851284429540932e+00
3.838346767513232560e+00
3.838835752112092159e+00
3.839316753847641372e+00
3.839788371760734620e+00
3.840249290223272993e+00
3.840698280402224718e+00
3.841134201439624807e+00
3.841556000972916163e+00
3.841962716188527693e+00
3.842353472299537831e+00
3.842727484428304141e+00
3.843084055649485187e+00
3.843422576939707902e+00
3.843742525206645499e+00
3.844043462782278375e+00
3.844325035157417858e+00
3.844586969876746974e+00
3.844829073450976242e+00
3.845051229469520049e+00
3.845253397034061216e+00
3.845435609609783256e+00
3.845597961832999623e+00
3.773914572589182725e+00
3.711618748838710236e+00
3.658981583188707809e+00
3.615831793035060748e+00
3.581969203481554676e+00
3.557166848962815209e+00
3.541100005753734958e+00
3.533569384009346948e+00
3.534358002182761194e+00
3.543149782199193076e+00
3.559509135684433279e+00
3.583068353090883562e+00
3.613524846579314609e+00
3.650511843959750813e+00
3.693653527977389661e+00
3.740798042711377391e+00
3.789605080771093260e+00
3.837242069656734866e+00
3.883794356054168784e+00
3.929403106547122437e+00
3.974089752243024520e+00
4.017875258275435790e+00
4.060726793759474873e+00
4.102323765830086622e+00
4.143088499682214376e+00
4.183039616726150101e+00
4.222195166207000305e+00
4.260572652333719290e+00
4.298189059698229286e+00
4.334822859597497136e+00
4.370632868637096102e+00
4.405736707523676188e+00
4.440149577506752543e+00
4.473886303328047376e+00
4.506961344460648888e+00
4.539388805938211036e+00
4.571105276261211436e+00
4.601993591238499270e+00
4.632279968394006353e+00
4.661977004520734269e+00
4.691097060933099527e+00
4.719652263380709201e+00
4.747654502455788794e+00
4.775115434444506590e+00
4.802046482576415087e+00
4.828316745236992169e+00
4.853920516347038472e+00
4.879032940865202228e+00
4.903664243075864348e+00
4.927824370387801522e+00
4.951523004801303252e+00
4.974769573722014115e+00
4.997573260164909215e+00
5.019943012388433878e+00
5.041887552996112021e+00
5.063415387540152857e+00
5.084401821661945320e+00
5.104934583613806254e+00
5.125077843906102437e+00
5.144839385405635568e+00
5.164226815453598185e+00
5.183247582293771138e+00
5.201908970932839438e+00
5.220218101425325941e+00
5.238181951517175250e+00
5.255807339983356918e+00
5.273100945812718265e+00
5.290069299498930455e+00
5.306718796441714403e+00
5.323055696497369205e+00
5.338945123515159707e+00
5.354535486509572451e+00
5.369833811415902325e+00
5.384845780227508705e+00
5.399576957876057293e+00
5.414032798544774039e+00
5.428218645648253293e+00
5.442139735675173284e+00
5.455801200650477689e+00
5.469208062970832174e+00
5.482365248645122868e+00
5.495277584768579082e+00
5.507949800040587540e+00
5.520386528569479090e+00
5.532592307176816604e+00
5.544571586751727565e+00
5.556328724232798777e+00
5.567867989180142807e+00
5.579168329769885304e+00
5.590172739989861306e+00
5.600973626187383481e+00
5.611574874235128796e+00
5.621980287177837710e+00
5.632193591701657454e+00
5.642218441822278940e+00
5.652058418173467658e+00
5.661717028063295132e+00
5.671197708442735852e+00
5.680503826274058810e+00
5.689638685725730838e+00
5.698605524304783287e+00
5.707407511231194164e+00
5.716047759122574234e+00
5.724529313582022105e+00
5.732855160391292060e+00
5.741009242299029758e+00
5.748970886774895206e+00
5.756720781316247759e+00
5.764240981882148951e+00
5.771514934945231268e+00
5.778527474404095976e+00
5.785264821918475242e+00
5.791714587746647602e+00
5.797865756445696128e+00
5.803708679732090481e+00
5.809235059041856886e+00
5.814437917883036100e+00
5.819311590459405714e+00
5.823851685107248599e+00
5.828055057591292609e+00
5.831902334386116493e+00
5.835392661246853407e+00
5.838547485512238566e+00
5.841368360078898370e+00
5.843857869363746183e+00
5.846019581801762399e+00
5.847858006488611871e+00
5.849378544659572299e+00
5.850587439889567420e+00
5.851491731240239247e+00
5.852099199420544906e+00
5.852418317532656289e+00
5.852458199728971522e+00
5.852228547478174114e+00
5.851739598877865767e+00
5.851002075662683488e+00
5.850027133546983116e+00
5.848826307798309365e+00
5.847411464467335840e+00
5.845794749296719495e+00
5.843988538768334351e+00
5.842005392324809421e+00
5.839858003798342523e+00
5.837559156459889209e+00
5.835121676232570387e+00
5.832558391470827885e+00
5.829879251150114072e+00
5.827074773715425593e+00
5.824181780144339626e+00
5.821212905540201099e+00
5.818180589872905095e+00
5.815097044807433946e+00
5.811974220509783962e+00
5.808823778361393408e+00
5.805657050218030690e+00
5.802485032311107460e+00
5.799318347098441961e+00
5.796167225698588332e+00
5.793041487372645015e+00
5.789950521491245006e+00
5.786903270413152001e+00
5.783908219062340095e+00
5.780973380302300235e+00
5.778106287511346473e+00
5.775313981535466823e+00
5.772603011494643610e+00
5.769979426587568128e+00
5.767448774296036973e+00
5.765016101357089973e+00
5.762685952452515359e+00
5.760462374170333355e+00
5.758348920880555610e+00
5.756348656145741316e+00
5.754464163908968644e+00
5.752697557150987961e+00
5.751050483207341912e+00
5.749524139650451282e+00
5.748119283546102132e+00
5.746836245671651966e+00
5.745674943411407831e+00
5.744634897724469447e+00
5.743715245949985615e+00
5.742914761354118269e+00
5.742231866244313032e+00
5.741664653352630765e+00
5.741210902204571198e+00
5.740868096551854372e+00
5.740633445898692067e+00
5.740503900324056552e+00
5.740476173507860658e+00
5.740546760058107267e+00
5.740711955192169924e+00
5.740967874615383160e+00
5.741310471310160146e+00
5.741735557014348679e+00
5.742238821797873705e+00
5.742815849253164906e+00
5.743462136817173658e+00
5.744173113820521870e+00
5.744944158277633939e+00
5.745770614902589557e+00
5.746647809810388807e+00
5.747571068208378264e+00
5.748535731654359715e+00
5.749537160447145467e+00
5.750570768596343640e+00
5.751632022125770405e+00
5.752716457127054817e+00
5.753819691192861185e+00
5.754937434475008828e+00
5.756065501038417409e+00
5.757199819230641502e+00
5.758336440145070512e+00
5.759471547693362226e+00
5.760601464120343351e+00
5.761722660430421250e+00
5.762831758695304174e+00
5.763925541425051868e+00
5.765000958065451542e+00
5.766055115937619213e+00
5.767085304404567125e+00
5.768088983875887976e+00
5.769063791168895783e+00
5.770007542160943359e+00
5.770918231115966357e+00
5.771794032051170475e+00
5.772633298253457390e+00
5.773434560267854287e+00
5.774196526336739410e+00
5.774918078624081907e+00
5.775598271674485140e+00
5.776236330004430819e+00
5.776831642993053961e+00
5.777383762169554515e+00
5.777892397408735725e+00
5.778357410614217038e+00
5.778778813015661875e+00
5.779156758889080869e+00
5.779491538532482764e+00
5.779783575074532997e+00
5.780033416473610686e+00
5.780241730055494465e+00
5.780409296754248416e+00
5.780537003544054642e+00
5.780625836296413134e+00
5.780676874496758266e+00
5.780691284671811481e+00
5.780670310952007895e+00
5.780615271201721583e+00
5.780527548074230637e+00
5.780408583591314375e+00
5.780259870470827011e+00
5.780082947652582348e+00
5.779879391624109353e+00
5.779650811344903438e+00
5.779398841437246581e+00
5.779125135641336009e+00
5.778831360474703693e+00
5.778519189844622872e+00
5.778190299112954342e+00
5.777846359498556517e+00
5.777489032770747102e+00
5.777119966018519293e+00
5.776740786892402113e+00
5.776353099449431205e+00
5.775958477291218252e+00
5.775558463118713348e+00
5.775154562352874166e+00
5.774748240034987212e+00
5.774340917535321083e+00
5.773933969279807066e+00
5.773528719378820284e+00
5.773126441186311020e+00
5.772728352382096695e+00
5.772335613800538390e+00
5.771949327530374596e+00
5.771570536785025851e+00
5.771200221413494980e+00
5.770839300184563037e+00
5.770488627914589941e+00
5.770148996300850541e+00
5.769821132069173686e+00
5.769505697864770077e+00
5.769203292045655296e+00
5.768914449038913261e+00
5.768639639730678503e+00
5.768379272355822707e+00
5.768133693184672950e+00
5.767903187435924117e+00
5.767687981165355637e+00
5.767488242100791140e+00
5.767304080772556851e+00
5.767135552796158748e+00
5.766982660453140674e+00
5.766845354261565859e+00
5.766723535674094236e+00
5.766617058760298953e+00
5.766525732057099063e+00
5.766449321045937992e+00
5.766387550179697286e+00
5.655987104156185552e+00
5.547326422837201676e+00
5.439891135397363797e+00
5.334459606871618575e+00
5.230179710456567044e+00
5.127766401155841258e+00
5.026910464504722675e+00
4.927456906928032510e+00
4.829903227434723334e+00
4.733261357712870598e+00
4.638331537578872954e+00
4.545086907033622836e+00
4.452980807755546167e+00
4.362683152302726519e+00
4.273840267346340482e+00
4.186270568149775606e+00
4.100444391639744168e+00
4.015911565813259365e+00
3.932608294535539173e+00
3.850988840529320445e+00
3.770729597293900781e+00
3.691653443408247526e+00
3.614196331693824593e+00
3.538231423180554724e+00
3.463220528867825720e+00
3.389764289449906265e+00
3.317836866002918050e+00
3.246882326450395873e+00
3.177173196427907076e+00
3.108933881732588667e+00
3.042139353067142782e+00
2.976035946801850240e+00
2.911340579280651486e+00
2.848031948437612648e+00
2.786065618988760040e+00
2.724940509368693142e+00
2.665137021276682283e+00
2.606630591584679024e+00
2.549397512991459447e+00
2.492941233406078538e+00
2.437560511062313306e+00
2.383398592031266805e+00
2.330432515564408114e+00
2.278611794405683622e+00
2.227457274122681685e+00
2.177442034505693513e+00
2.128543899941500950e+00
2.080773297620249096e+00
2.034270373588728642e+00
1.988769679763060516e+00
1.944737024076997667e+00
1.902348550091134793e+00
1.861704287550242976e+00
1.822893368900583955e+00
1.785994104414515116e+00
1.750833649064249986e+00
1.717611818983127314e+00
1.686496533442533030e+00
1.657525819564521941e+00
1.630727624831194378e+00
1.606120124529142990e+00
1.583712057644817373e+00
1.563503071062429139e+00
1.545484116385146045e+00
1.529637840915740066e+00
1.515887202127281785e+00
1.504182639604086935e+00
1.494575343448882876e+00
1.487018905992598450e+00
1.481460681636503018e+00
1.477842255530024573e+00
1.476099921378500435e+00
1.476165158465801319e+00
1.477965108057441634e+00
1.481423043520417648e+00
1.486458841054700386e+00
1.492989439574813337e+00
1.500929283172271367e+00
1.510190768508947068e+00
1.520684679022465735e+00
1.532202988037248748e+00
1.544759320948671633e+00
1.558265798459651075e+00
1.572632179447016165e+00
1.587768544391879200e+00
1.603585646153820266e+00
1.619995214476706247e+00
1.636910254721274827e+00
1.654245327258902387e+00
1.671916820138166004e+00
1.689843178121014367e+00
1.707945143756762763e+00
1.726145957803537412e+00
1.744371552285837845e+00
1.762550722854170804e+00
1.780551841765352084e+00
1.798254479246459203e+00
1.815719012609470662e+00
1.832888237578161883e+00
1.849708344015351891e+00
1.866128973238422750e+00
1.882103287417415727e+00
1.897587989904322869e+00
1.912543354385399352e+00
1.926933234761146974e+00
1.940725058028262451e+00
1.953889803210715481e+00
1.966401975182176187e+00
1.978239559546533854e+00
1.989383973566743791e+00
1.999819999015324035e+00
2.009535707773745017e+00
2.018522374958346521e+00
2.026774396983897830e+00
2.034224479267631835e+00
2.040934105962846967e+00
2.046917782864871693e+00
2.052181427120111312e+00
2.056733442218619423e+00
2.060584591280396172e+00
2.063747868772667804e+00
2.066238359434981575e+00
2.068073104185852440e+00
2.069270959471090521e+00
2.069852455568022886e+00
2.069839654383593519e+00
2.069256009104004423e+00
2.068126214362659088e+00
2.066476071981958373e+00
2.064332348536515038e+00
2.061722640728154143e+00
2.058675223229483819e+00
2.055218932350633132e+00
2.051383031088743092e+00
2.047197068249501317e+00
2.042690771852221587e+00
2.037893921067843728e+00
2.032836230177427872e+00
2.027543809433866251e+00
2.021996760093696111e+00
2.016274989142126106e+00
2.010407380397436050e+00
2.004422243893772659e+00
1.998347223607356282e+00
1.992209223604903157e+00
1.986034329817878863e+00
1.979847738764931142e+00
1.973673704769506765e+00
1.967535466365762487e+00
1.961455213685781018e+00
1.955454037892564667e+00
1.949551889167384422e+00
1.943767547536278784e+00
1.938118601789358131e+00
1.932621413518447850e+00
1.927291118893261768e+00
1.922141611709121456e+00
1.917185541375221014e+00
1.912434302197273617e+00
1.907898054409037147e+00
1.903585728512353858e+00
1.899505035169490208e+00
1.895662487100161497e+00
1.892063423578568271e+00
1.888712033913579003e+00
1.885611390245890195e+00
1.882763467839709604e+00
1.880169203810518441e+00
1.877828509269533042e+00
1.875740331068901812e+00
1.873902685510550059e+00
1.872312701591717143e+00
1.870966670527815179e+00
1.869860094817628937e+00
1.868987730277412052e+00
1.868343640426632035e+00
1.867921251602380428e+00
1.867713396994581387e+00
1.867712369773757208e+00
1.867909976746935818e+00
1.868297580436530714e+00
1.868866163103737987e+00
1.869606367220670418e+00
1.870508552016853843e+00
1.871562828332790529e+00
1.872759126838140720e+00
1.874087222332510017e+00
1.875536799067222038e+00
1.877097475414720051e+00
1.878758862354862780e+00
1.880510594337768460e+00
1.882342370077887628e+00
1.884243990552430414e+00
1.886205392202050746e+00
1.888216683652383043e+00
1.890268171959217813e+00
1.892350394838179906e+00
1.894454147943451572e+00
1.896570512077968562e+00
1.898690866448961900e+00
1.900806919842479736e+00
1.902910725973071537e+00
1.904994697279100979e+00
1.907051628707838287e+00
1.909074700990909257e+00
1.911057495053197997e+00
1.912993999445948834e+00
1.914878619677672589e+00
1.916706179062417359e+00
1.918471927175635416e+00
1.920171539141061423e+00
1.921801110485729547e+00
1.923357162000828291e+00
1.924836633922302864e+00
1.926236881068246865e+00
1.927555663185250179e+00
1.928791147614078882e+00
1.929941893131255526e+00
1.931006832233388204e+00
1.931985277894996633e+00
1.932876894859561157e+00
1.933681697892944529e+00
1.934400033641950678e+00
1.935032566225035833e+00
1.935580262927205863e+00
1.936044379795203385e+00
1.936426437217529273e+00
1.936728219308242904e+00
1.936951738510750642e+00
1.937099235011128906e+00
1.937173151696612194e+00
1.937176110569444942e+00
1.937110909223836552e+00
1.936980492512451635e+00
1.936787944783584736e+00
1.936536456945335161e+00
1.936229327517508647e+00
1.935869936377154321e+00
1.935461729915650242e+00
1.935008208062733770e+00
1.934512899462168312e+00
1.933979360678632409e+00
1.933411151109560633e+00
1.932811826962220536e+00
1.932184913433726559e+00
1.931533915021564685e+00
1.930862277507495506e+00
1.930173398343116409e+00
1.929470604108798337e+00
1.928757143737281243e+00
1.928036177616362368e+00
1.927310772687354179e+00
1.926583883781589623e+00
1.925858364507940124e+00
1.925136944846056242e+00
1.924422232105196251e+00
1.923716704681432965e+00
1.923022707636688811e+00
1.922342448965193018e+00
1.921677996534620236e+00
1.921031275600293187e+00
1.920404067397993852e+00
1.919798007485362001e+00
1.919214585566878961e+00
1.918655145459155387e+00
1.918120885703680445e+00
1.917612860603824965e+00
1.917131984569259817e+00
1.916679024544511556e+00
1.916254616604147865e+00
1.915859259567745276e+00
1.915493321697068430e+00
1.915157043313554963e+00
1.914850541347757895e+00
1.914573814189713952e+00
1.914326747493117598e+00
1.914109110020985938e+00
1.913920576665807838e+00
1.913760716964691744e+00
1.913629011588602324e+00
1.913524853074361820e+00
1.913447546209824601e+00
1.913396327093425997e+00
1.913370359863263204e+00
1.913368746748894011e+00
1.913390524438856710e+00
1.913434687649100852e+00
1.913500181740005912e+00
1.913585906879931464e+00
1.913690735981511404e+00
1.913813509913117050e+00
1.913953049579984578e+00
1.914108151143225633e+00
1.914277604432581770e+00
1.914460195811422238e+00
1.914654697458874955e+00
1.914859896087151903e+00
1.915074579564510104e+00
1.915297548362038915e+00
