7.483818740383713086e-01
8.912518547539101110e-01
1.007475451978788072e+00
1.121118160122132279e+00
1.232237291026032411e+00
1.340888883852062285e+00
1.447127733342732148e+00
1.551007417455353643e+00
1.652580324382265653e+00
1.751897678971040317e+00
1.849009568557995919e+00
1.943964968228044876e+00
2.036811765513614869e+00
2.127596784545100927e+00
2.216365809665024944e+00
2.303163608517815764e+00
2.388033954626850530e+00
2.471019649470144408e+00
2.552162544065824878e+00
2.631503560078270798e+00
2.706535503837903534e+00
2.774730146556771526e+00
2.835265047917278292e+00
2.887841941817941738e+00
2.932554962833020085e+00
2.969801717483105730e+00
3.000135519479179891e+00
3.024212495499218445e+00
3.042737372905224280e+00
3.056423102425717797e+00
3.065961824360620813e+00
3.072004984909717074e+00
3.075152509221056096e+00
3.075945468514652781e+00
3.074858552560562952e+00
3.072303079790029035e+00
3.068629960009440882e+00
3.064134038993195919e+00
3.059059265853930842e+00
3.053604255397322831e+00
3.047927925917818026e+00
3.042154981984231288e+00
3.036381084641046169e+00
3.030677607503259097e+00
3.025095922400597104e+00
3.019671191563964463e+00
3.014425668281957460e+00
3.009371525560275096e+00
3.004513244137484218e+00
2.999849598468349310e+00
2.995375283026577851e+00
2.991082222376872046e+00
2.986960607641994336e+00
2.982999699828122075e+00
2.979188437410786872e+00
2.975515882159760039e+00
2.971971533194543102e+00
2.968545535586354589e+00
2.965228806240323145e+00
2.962013096094437525e+00
2.958891004732898899e+00
2.955855960519085723e+00
2.952902176877060914e+00
2.950024593226992398e+00
2.947218807047344846e+00
2.944481002410010095e+00
2.941807878240773277e+00
2.939196579219753414e+00
2.936644631057597987e+00
2.934149881258811376e+00
2.931710445961034583e+00
2.929324663045296706e+00
2.926991051424673529e+00
2.924708276217459879e+00
2.922475119378448394e+00
2.920290455283586439e+00
2.918153230725438974e+00
2.916062448771095106e+00
2.914017155949336413e+00
2.912016432264882937e+00
2.910059383578037284e+00
2.908145135933948300e+00
2.906272831473720064e+00
2.904441625607590449e+00
2.902650685175922174e+00
2.900899187366634990e+00
2.899186319196950912e+00
2.897511277401862984e+00
2.895873268602511708e+00
2.894271509654139596e+00
2.892705228095842518e+00
2.891173662643279130e+00
2.889676063681142271e+00
2.888211693724937135e+00
2.886779827831772671e+00
2.885379753947901360e+00
2.884010773186842957e+00
2.882672200036552557e+00
2.881363362497392888e+00
2.880083602154976496e+00
2.878832274193415586e+00
2.877608747355358876e+00
2.876412403855554079e+00
2.875242639254675936e+00
2.874098862299905743e+00
2.872980494738319734e+00
2.871886971108620124e+00
2.870817738516143525e+00
2.869772256395492160e+00
2.868749996264515101e+00
2.867750441472824985e+00
2.866773086947491223e+00
2.865817438938085715e+00
2.864883014762827695e+00
2.863969342557206144e+00
2.863075961026144700e+00
2.862202419200453374e+00
2.861348276198302454e+00
2.860513100991909141e+00
2.859696472179654947e+00
2.858897977763919851e+00
2.858117214934551065e+00
2.857353789857886905e+00
2.856607317471449914e+00
2.855877421283793627e+00
2.855163733179685526e+00
2.854465893230312190e+00
2.853783549508345896e+00
2.853116357907699463e+00
2.852463981967789497e+00
2.851826092702140159e+00
2.851202368431161815e+00
2.850592494618955808e+00
2.849996163713995667e+00
2.849413074993557338e+00
2.848842934411766947e+00
2.848285454451148890e+00
2.847740353977576078e+00
2.847207358098507335e+00
2.846686198024428016e+00
2.846176610933406348e+00
2.845678339838674464e+00
2.845191133459165744e+00
2.844714746092886770e+00
2.844248937493262908e+00
2.843793472748007201e+00
2.843348122160791913e+00
2.842912661135516661e+00
2.842486870063138937e+00
2.842070534211001309e+00
2.841663443614611317e+00
2.841265392971811465e+00
2.840876181539295331e+00
2.840495613031406297e+00
2.840123495521139851e+00
2.839759641343494234e+00
2.839403867000750648e+00
2.839055993069969919e+00
2.838715844112472464e+00
2.838383248585493401e+00
2.838058038755570944e+00
2.837740050613986931e+00
2.837429123794053876e+00
2.837125101490197920e+00
2.836827830378951809e+00
2.836537160541653613e+00
2.836252945388758384e+00
2.835975041585935497e+00
2.835703308981780246e+00
2.835437610537089093e+00
2.835177812255865515e+00
2.834923783117643481e+00
2.834675395011432730e+00
2.834432522671110455e+00
2.834195043612246057e+00
2.833962838070331003e+00
2.833735788940376921e+00
2.833513781717861058e+00
2.833296704440974256e+00
2.833084447634160785e+00
2.832876904252905170e+00
2.832673969629750044e+00
2.832475541421507259e+00
2.832281519557647620e+00
2.832091806189831473e+00
2.831906305642563737e+00
2.831724924364941387e+00
2.831547570883476084e+00
2.831374155755916888e+00
2.831204591526263581e+00
2.831038792680560690e+00
2.830876675603793746e+00
2.830718158537723017e+00
2.830563161539649375e+00
2.830411606442101213e+00
2.830263416813410871e+00
2.830118517919170351e+00
2.829976836684541475e+00
2.829838301657403132e+00
2.829702842972317001e+00
2.829570392315292615e+00
2.829440882889337150e+00
2.829314249380767254e+00
2.829190427926271401e+00
2.829069356080701869e+00
2.828950972785581719e+00
2.828835218338315194e+00
2.828722034362075366e+00
2.828611363776365906e+00
2.828503150768233887e+00
2.828397340764121193e+00
2.828293880402343863e+00
2.828192717506180287e+00
2.828093801057514511e+00
2.827997081171223392e+00
2.827902509069923020e+00
2.827810037059388826e+00
2.827719618504504595e+00
2.827631207805743507e+00
2.827544760376173194e+00
2.827460232618967506e+00
2.827377581905421877e+00
2.827296766553455409e+00
2.827217745806587246e+00
2.827140479813386786e+00
2.827064929607371990e+00
2.826991057087360648e+00
2.826918824998254642e+00
2.826848196912250977e+00
2.826779137210472026e+00
2.826711611064999907e+00
2.826645584421315860e+00
2.826581023981122431e+00
2.826517897185553352e+00
2.826456172198752004e+00
2.826395817891815820e+00
2.826336803827099065e+00
2.826279100242861109e+00
2.826222678038257996e+00
2.826167508758665736e+00
2.826113564581330895e+00
2.826060818301339150e+00
2.826009243317894271e+00
2.825958813620904397e+00
2.825909503777863652e+00
2.825861288921026837e+00
2.825814144734867028e+00
2.825768047443815156e+00
2.825722973800266491e+00
2.825678901072859350e+00
2.825635807035010050e+00
2.825593669953703202e+00
2.825552468578532483e+00
2.825512182130982541e+00
2.825472790293951597e+00
2.825434273201503643e+00
2.825396611428850235e+00
2.825359785982555660e+00
2.825323778290955712e+00
2.825288570194793625e+00
2.825254143938060736e+00
2.825220482159043645e+00
2.825187567881567219e+00
2.825155384506432110e+00
2.825123915803045893e+00
2.825093145901235836e+00
2.825063059283247746e+00
2.825033640775915789e+00
2.825004875543014826e+00
2.824976749077776628e+00
2.824949247195572610e+00
2.824922356026763115e+00
2.824896062009698561e+00
2.824870351883885355e+00
2.824845212683293472e+00
2.824820631729820786e+00
2.824796596626897749e+00
2.824773095253236388e+00
2.824750115756716085e+00
2.824727646548408355e+00
2.824705676296730417e+00
2.824684193921731978e+00
2.824663188589505936e+00
2.824642649706726960e+00
2.824622566915305555e+00
2.824602930087168673e+00
2.824583729319148251e+00
2.824564954927988314e+00
2.824546597445462659e+00
2.824528647613597787e+00
2.824511096380005082e+00
2.824493934893316460e+00
2.824477154498717724e+00
2.824460746733587602e+00
2.824444703323226058e+00
2.824429016176682961e+00
2.824413677382680010e+00
2.824398679205616602e+00
2.824384014081670280e+00
2.824369674614985115e+00
2.824355653573936920e+00
2.866265724717437458e+00
2.963284226491117668e+00
3.034461279046958726e+00
3.103092253648951804e+00
3.170199192364646645e+00
3.235815938300545369e+00
3.299975583035007265e+00
3.362710483306863729e+00
3.424052277333441197e+00
3.484031900766222822e+00
3.542679602292194030e+00
3.600024958888739413e+00
3.656096890739789274e+00
3.710923675820731571e+00
3.764532964159448269e+00
3.816951791780669900e+00
3.868206594340676041e+00
3.918323220459220213e+00
3.967326944755405815e+00
4.015242480594080732e+00
4.062093992549184129e+00
4.107905108590329313e+00
4.152698931998768828e+00
4.196498053018747676e+00
4.239324560250130602e+00
4.281200051788031757e+00
4.322145646115085782e+00
4.362181992751835935e+00
4.401329282670616294e+00
4.439607258478188712e+00
4.477035224372250433e+00
4.513632055876856342e+00
4.549416209361642593e+00
4.584184722009160495e+00
4.616367021885864119e+00
4.645508097615204335e+00
4.671390431561465384e+00
4.693973388834126403e+00
4.713350575116332486e+00
4.729702147158325154e+00
4.743260429952370849e+00
4.754288653564353595e+00
4.763063024175393068e+00
4.769859490746171105e+00
4.774944314703497561e+00
4.778567676924073027e+00
4.780959668903278725e+00
4.782328123276794685e+00
4.782857830784650766e+00
4.782710772509228825e+00
4.782027068892619859e+00
4.780926407381312693e+00
4.779509762465958822e+00
4.777861265588239981e+00
4.776050117430973074e+00
4.774132465066435849e+00
4.772153189629969816e+00
4.770147568788678960e+00
4.768142792827799958e+00
4.766159324346062931e+00
4.764212099711714110e+00
4.762311576358110088e+00
4.760464634194212508e+00
4.758675341853614071e+00
4.756945600513835970e+00
4.755275677959640568e+00
4.753664646201584354e+00
4.752110735179987167e+00
4.750611614478823519e+00
4.749164614034842025e+00
4.747766893640241292e+00
4.746415570145840590e+00
4.745107810066627074e+00
4.743840894609415493e+00
4.742612262201626017e+00
4.741419534182291784e+00
4.740260526922878803e+00
4.739133254264686457e+00
4.738035922984180637e+00
4.736966923174449562e+00
4.735924815456075798e+00
4.734908316405876505e+00
4.733916283069319775e+00
4.732947697500834217e+00
4.732001651710122658e+00
4.731077333442236466e+00
4.730174013119136767e+00
4.729291031958442915e+00
4.728427791360545918e+00
4.727583743560819229e+00
4.726758383497059235e+00
4.725951241816668258e+00
4.725161878930803638e+00
4.724389880013505127e+00
4.723634850840752186e+00
4.722896414365837181e+00
4.722174207931975509e+00
4.721467881029750124e+00
4.720777093514882949e+00
4.720101514210354843e+00
4.719440819825636346e+00
4.718794694134247791e+00
4.718162827358980849e+00
4.717544915721622267e+00
4.716940661120824885e+00
4.716349770907921624e+00
4.715771957735861442e+00
4.715206939461135782e+00
4.714654439087185622e+00
4.714114184707963950e+00
4.713585909520094042e+00
4.713069351781088656e+00
4.712564254802291686e+00
4.712070366933511778e+00
4.711587441542936183e+00
4.711115236990739419e+00
4.710653516595530554e+00
4.710202048593376212e+00
4.709760606089541390e+00
4.709328967003340694e+00
4.708906914006753652e+00
4.708494234457475613e+00
4.708090720327232859e+00
4.707696168126109804e+00
4.707310378823661878e+00
4.706933157767547726e+00
4.706564314600335308e+00
4.706203663175077878e+00
4.705851021470203399e+00
4.705506211504171254e+00
4.705169059250295049e+00
4.704839394552074339e+00
4.704517051039305287e+00
4.704201866045194080e+00
4.703893680524672938e+00
4.703592338974035059e+00
4.703297689352011979e+00
4.703009583002372374e+00
4.702727874578073397e+00
4.702452421967024954e+00
4.702183086219458907e+00
4.701919731476919218e+00
4.701662224902850795e+00
4.701410436614784416e+00
4.701164239618075946e+00
4.700923509741190998e+00
4.700688125572485276e+00
4.700457968398453090e+00
4.700232922143417369e+00
4.700012873310607020e+00
4.699797710924603855e+00
4.699587326475110238e+00
4.699381613862009033e+00
4.699180469341684763e+00
4.698983791474561578e+00
4.698791481073839371e+00
4.698603441155389859e+00
4.698419576888777982e+00
4.698239795549400633e+00
4.698064006471684984e+00
4.697892121003348187e+00
4.697724052460674926e+00
4.697559716084793280e+00
4.697399028998934689e+00
4.697241910166630063e+00
4.697088280350859790e+00
4.696938062074086595e+00
4.696791179579197895e+00
4.696647558791306132e+00
4.696507127280396432e+00
4.696369814224811812e+00
4.696235550375536860e+00
4.696104268021286110e+00
4.695975900954360682e+00
4.695850384437260772e+00
4.695727655170047754e+00
4.695607651258418613e+00
4.695490312182501569e+00
4.695375578766329383e+00
4.695263393148007225e+00
4.695153698750527127e+00
4.695046440253241471e+00
4.694941563563962639e+00
4.694839015791684389e+00
4.694738745219912524e+00
4.694640701280577311e+00
4.694544834528539212e+00
4.694451096616645280e+00
4.694359440271353989e+00
4.694269819268892086e+00
4.694182188411943457e+00
4.694096503506852258e+00
4.694012721341341177e+00
4.693930799662714648e+00
4.693850697156549678e+00
4.693772373425864508e+00
4.693695788970742022e+00
4.693620905168407909e+00
4.693547684253758234e+00
4.693476089300307130e+00
4.693406084201570572e+00
4.693337633652851615e+00
4.693270703133439525e+00
4.693205258889197928e+00
4.693141267915543757e+00
4.693078697940801014e+00
4.693017517409927564e+00
4.692957695468598089e+00
4.692899201947648535e+00
4.692842007347856281e+00
4.692786082825066707e+00
4.692731400175645717e+00
4.692677931822256454e+00
4.692625650799946868e+00
4.692574530742559702e+00
4.692524545869431130e+00
4.692475670972384272e+00
4.692427881403026468e+00
4.692381153060310339e+00
4.692335462378380839e+00
4.692290786314695872e+00
4.692247102338398257e+00
4.692204388418957706e+00
4.692162623015059708e+00
4.692121785063739559e+00
4.692081853969762406e+00
4.692042809595237784e+00
4.692004632249460627e+00
4.691967302678983209e+00
4.691930802057902916e+00
4.691895111978370281e+00
4.691860214441305743e+00
4.691826091847320690e+00
4.691792726987843665e+00
4.691760103036440199e+00
4.691728203540328934e+00
4.691697012412079815e+00
4.691666513921507686e+00
4.691636692687732868e+00
4.691607533671430907e+00
4.691579022167238655e+00
4.691551143796349521e+00
4.691523884499250840e+00
4.691497230528643314e+00
4.691471168442501671e+00
4.691445685097296980e+00
4.691420767641369949e+00
4.691396403508446333e+00
4.691372580411303339e+00
4.691349286335570135e+00
4.691326509533671363e+00
4.691304238518899439e+00
4.691282462059623626e+00
4.691261169173627898e+00
4.691240349122566045e+00
4.691219991406552658e+00
4.691200085758865157e+00
4.691180622140764811e+00
4.691161590736437681e+00
4.691142981948040358e+00
4.691124786390862056e+00
4.691106994888591508e+00
4.691089598468689559e+00
4.691072588357860340e+00
4.691055955977633474e+00
4.691039692940031536e+00
4.691023791043344104e+00
4.691008242267988848e+00
4.690993038772469426e+00
4.690978172889418651e+00
4.690963637121734031e+00
4.690949424138793233e+00
4.690935526772761044e+00
4.690921938014973591e+00
4.690908651012400732e+00
4.690895659064194589e+00
4.690882955618307371e+00
4.690870534268186454e+00
4.690858388749546748e+00
4.690846512937207002e+00
4.690834900842005162e+00
4.690823546607775008e+00
4.690812444508393853e+00
4.690801588944895961e+00
4.690790974442643702e+00
4.690780595648575080e+00
4.690770447328498349e+00
4.690760524364451456e+00
4.690750821752124544e+00
4.690741334598334866e+00
4.690732058118557646e+00
4.690722987634516450e+00
4.690714118571819746e+00
4.690705446457656080e+00
4.690696966918540767e+00
4.690688675678105213e+00
4.690680568554943974e+00
4.690672641460504444e+00
4.690664890397025388e+00
4.690657311455521672e+00
4.524182959589312603e+00
4.422684349508187118e+00
4.323439641911619447e+00
4.228794168172792745e+00
4.141637067372627712e+00
4.062952324256857928e+00
3.993139668305771828e+00
3.932168745851393865e+00
3.879717623409521199e+00
3.835271306824222126e+00
3.798169483871406626e+00
3.767680063354052145e+00
3.743045693918302330e+00
3.723517838060645513e+00
3.708380761958892879e+00
3.696972467650186722e+00
3.688687956469247631e+00
3.682981756196825440e+00
3.679371769399053083e+00
3.677438310900959184e+00
3.676821193215630057e+00
3.677215524314651152e+00
3.678366737445984302e+00
3.680065250974764890e+00
3.682141055188054679e+00
3.684458440303348237e+00
3.686911013355548050e+00
3.689417099471157258e+00
3.691915580452730161e+00
3.694362194379966269e+00
3.696726295632083215e+00
3.698988059191027133e+00
3.701136100835308085e+00
3.703165479213943900e+00
3.705076041310292556e+00
3.706871071751919100e+00
3.708556206902084984e+00
3.710138576547739042e+00
3.711626138380852868e+00
3.713027173624094956e+00
3.714349915652588763e+00
3.715602286627458728e+00
3.716791720474281746e+00
3.717925053793227796e+00
3.719008469085400392e+00
3.720047477150786985e+00
3.721046928641040363e+00
3.722011044829070858e+00
3.722943462418263572e+00
3.723847285497104753e+00
3.724725141473198775e+00
3.725579237639018881e+00
3.726411416198692983e+00
3.727223206224842045e+00
3.728015871584847485e+00
3.728790454296299295e+00
3.729547813073009088e+00
3.730288657077790226e+00
3.731013575058710785e+00
3.731723060160343053e+00
3.732417530772091929e+00
3.733097347813066236e+00
3.733762828865307970e+00
3.734414259563636485e+00
3.735051902608639729e+00
3.735676004831802732e+00
3.736286802528079320e+00
3.736884525445791638e+00
3.737469399647201929e+00
3.738041649487728879e+00
3.738601498860153249e+00
3.739149171952582229e+00
3.739684893535228483e+00
3.740208888983449498e+00
3.740721384085958778e+00
3.741222604714902200e+00
3.741712776413415931e+00
3.742192123943016924e+00
3.742660870822037911e+00
3.743119238878118704e+00
3.743567447830404848e+00
3.744005714911084137e+00
3.744434254532098993e+00
3.744853277999313779e+00
3.745262993274023344e+00
3.745663604779951861e+00
3.746055313252728336e+00
3.746438315628109361e+00
3.746812804964828381e+00
3.747178970397841091e+00
3.747536997117797863e+00
3.747887066372765030e+00
3.748229355488509551e+00
3.748564037903995061e+00
3.748891283219091708e+00
3.749211257251875207e+00
3.749524122103238710e+00
3.749830036226886154e+00
3.750129154503068829e+00
3.750421628314726696e+00
3.750707605624934438e+00
3.750987231054766280e+00
3.751260645960888152e+00
3.751527988512350476e+00
3.751789393766172154e+00
3.752044993741429746e+00
3.752294917491665771e+00
3.752539291175466030e+00
3.752778238125163757e+00
3.753011878913629751e+00
3.753240331419155584e+00
3.753463710888483185e+00
3.753682129998001660e+00
3.753895698913200629e+00
3.754104525346428023e+00
3.754308714613036280e+00
3.754508369685984004e+00
3.754703591248961470e+00
3.754894477748113690e+00
3.755081125442423229e+00
3.755263628452808700e+00
3.755442078810001139e+00
3.755616566501245313e+00
3.755787179515879703e+00
3.755954003889826254e+00
3.756117123749048048e+00
3.756276621351987810e+00
3.756432577131044948e+00
3.756585069733103577e+00
3.756734176059144392e+00
3.756879971302969690e+00
3.757022528989065968e+00
3.757161921009618766e+00
3.757298217660709927e+00
3.757431487677711512e+00
3.757561798269896780e+00
3.757689215154289109e+00
3.757813802588759522e+00
3.757935623404397241e+00
3.758054739037165692e+00
3.758171209558855530e+00
3.758285093707358637e+00
3.758396448916273336e+00
3.758505331343850564e+00
3.758611795901305896e+00
3.758715896280499180e+00
3.758817684981008433e+00
3.758917213336599783e+00
3.759014531541106319e+00
3.759109688673745620e+00
3.759202732723867957e+00
3.759293710615152051e+00
3.759382668229274582e+00
3.759469650429045906e+00
3.759554701081034622e+00
3.759637863077693432e+00
3.759719178358987612e+00
3.759798687933550099e+00
3.759876431899359606e+00
3.759952449463966229e+00
3.760026778964264071e+00
3.760099457885826446e+00
3.760170522881809418e+00
3.760240009791439242e+00
3.760307953658084124e+00
3.760374388746930752e+00
3.760439348562263362e+00
3.760502865864360889e+00
3.760564972686020191e+00
3.760625700348707134e+00
3.760685079478355952e+00
3.760743140020816444e+00
3.760799911256949901e+00
3.760855421817401290e+00
3.760909699697037922e+00
3.760962772269063503e+00
3.761014666298827969e+00
3.761065407957322027e+00
3.761115022834378596e+00
3.761163535951575376e+00
3.761210971774856304e+00
3.761257354226867911e+00
3.761302706699024334e+00
3.761347052063305885e+00
3.761390412683790263e+00
3.761432810427935092e+00
3.761474266677603318e+00
3.761514802339846142e+00
3.761554437857449695e+00
3.761593193219240572e+00
3.761631087970170206e+00
3.761668141221169659e+00
3.761704371658788570e+00
3.761739797554618736e+00
3.761774436774507180e+00
3.761808306787568945e+00
3.761841424674995604e+00
3.761873807138668813e+00
3.761905470509585125e+00
3.761936430756091188e+00
3.761966703491935071e+00
3.761996303984144863e+00
3.762025247160723840e+00
3.762053547618180449e+00
3.762081219628889528e+00
3.762108277148290547e+00
3.762134733821924648e+00
3.762160602992317138e+00
3.762185897705705884e+00
3.762210630718621385e+00
3.762234814504318514e+00
3.762258461259068820e+00
3.762281582908310718e+00
3.762304191112662455e+00
3.762326297273804965e+00
3.762347912540229711e+00
3.762369047812862632e+00
3.762389713750561082e+00
3.762409920775489969e+00
3.762429679078375333e+00
3.762448998623647345e+00
3.762467889154462064e+00
3.762486360197617508e+00
3.762504421068357807e+00
3.762522080875069452e+00
3.762539348523877170e+00
3.762556232723133220e+00
3.762572741987809444e+00
3.762588884643793818e+00
3.762604668832087107e+00
3.762620102512908460e+00
3.762635193469710870e+00
3.762649949313106035e+00
3.762664377484703504e+00
3.762678485260861017e+00
3.762692279756356672e+00
3.762705767927976730e+00
3.762718956578021690e+00
3.762731852357739548e+00
3.762744461770679560e+00
3.762756791175970505e+00
3.762768846791530120e+00
3.762780634697198590e+00
3.762792160837805877e+00
3.762803431026169765e+00
3.762814450946026845e+00
3.762825226154900449e+00
3.762835762086900626e+00
3.762846064055467288e+00
3.762856137256048950e+00
3.762865986768721083e+00
3.762875617560752062e+00
3.762885034489105607e+00
3.762894242302888159e+00
3.762903245645749184e+00
3.762912049058218855e+00
3.762920656980000000e+00
3.762929073752204534e+00
3.762937303619546370e+00
3.762945350732479710e+00
3.762953219149292927e+00
3.762960912838154481e+00
3.762968435679116208e+00
3.762975791466066422e+00
3.762982983908646606e+00
3.762990016634121915e+00
3.762996893189207714e+00
3.763003617041861926e+00
3.763010191583030739e+00
3.763016620128361467e+00
3.763022905919872318e+00
3.763029052127588869e+00
3.763035061851142338e+00
3.763040938121332779e+00
3.763046683901657641e+00
3.763052302089806567e+00
3.763057795519121562e+00
3.763063166960027406e+00
3.763068419121427866e+00
3.763073554652071717e+00
3.763078576141890785e+00
3.763083486123301569e+00
3.763088287072488658e+00
3.763092981410645077e+00
3.763097571505202854e+00
3.763102059671019628e+00
3.763106448171549712e+00
3.763110739219984513e+00
3.763114934980367643e+00
3.763119037568689151e+00
3.763123049053950897e+00
3.763126971459207937e+00
3.763130806762593039e+00
3.763134556898311001e+00
3.763138223757616085e+00
3.763141809189763265e+00
3.763145315002944358e+00
3.763148742965197080e+00
3.763152094805297221e+00
3.763155372213632166e+00
3.756138842862261296e+00
3.822824285646330811e+00
3.880963943355866252e+00
3.930797276721744726e+00
3.979523999132089873e+00
4.027168684255253872e+00
4.073755360070810738e+00
4.119307520987256943e+00
4.163848139690618844e+00
4.207399678729943915e+00
4.249984101845529771e+00
4.291622885045583757e+00
4.332337027436927279e+00
4.372147061815174318e+00
4.411073065019755823e+00
4.449134668058990272e+00
4.486351066010315414e+00
4.522741027700673655e+00
4.558322905171935169e+00
4.593114642936125591e+00
4.627133787025131895e+00
4.660397493839445460e+00
4.692922538800416099e+00
4.724725324810360227e+00
4.755821890524811302e+00
4.786227918441070095e+00
4.815958742807140425e+00
4.845029357355037369e+00
4.873454422862363522e+00
4.901248274545978667e+00
4.928424929291478129e+00
4.954998092722132874e+00
4.980981166110854730e+00
5.006387253138675497e+00
5.031229166503141670e+00
5.055519434379964316e+00
5.079270306741180185e+00
5.102493761533008154e+00
5.124602261319782137e+00
5.144871453020501306e+00
5.163060107904566820e+00
5.179068270000398044e+00
5.192902453787006323e+00
5.204646593800825727e+00
5.214430396538912937e+00
5.222413934315267348e+00
5.228773539727028741e+00
5.233691192163018258e+00
5.237346754014025940e+00
5.239912501610171525e+00
5.241549477166133286e+00
5.242405262352510142e+00
5.242612842982314447e+00
5.242290288591391345e+00
5.241541025586787583e+00
5.240454525065043612e+00
5.239107262733415205e+00
5.237563841323011005e+00
5.235878190874509563e+00
5.234094784472741679e+00
5.232249824714770625e+00
5.230372368622957957e+00
5.228485371298665640e+00
5.226606636129242922e+00
5.224749666941388426e+00
5.222924421284604435e+00
5.221137967268507651e+00
5.219395050169421069e+00
5.217698575956597473e+00
5.216050017769555680e+00
5.214449755694514188e+00
5.212897355424615853e+00
5.211391795884838807e+00
5.209931651437152311e+00
5.208515236274112503e+00
5.207140716210786557e+00
5.205806193930528458e+00
5.204509773072208745e+00
5.203249603533492973e+00
5.202023912811162276e+00
5.200831026792802625e+00
5.199669380803281449e+00
5.198537524696665635e+00
5.197434122857252703e+00
5.196357950606889986e+00
5.195307888570455113e+00
5.194282915210728824e+00
5.193282098835809713e+00
5.192304588667611576e+00
5.191349606444444653e+00
5.190416438220418094e+00
5.189504426653637204e+00
5.188612963895325336e+00
5.187741485140251463e+00
5.186889462859364031e+00
5.186056401706821362e+00
5.185241834073316625e+00
5.184445316244141289e+00
5.183666425111891130e+00
5.182904755390018714e+00
5.182159917271712324e+00
5.181431534479887802e+00
5.180719242656459222e+00
5.180022688042670964e+00
5.179341526406398444e+00
5.178675422176766574e+00
5.178024047750923842e+00
5.177387082942209062e+00
5.176764214543092990e+00
5.176155135980169852e+00
5.175559547041972408e+00
5.174977153663520291e+00
5.174407667754354456e+00
5.173850807059187318e+00
5.173306295042443104e+00
5.172773860789722455e+00
5.172253238920752949e+00
5.171744169509647548e+00
5.171246398009314404e+00
5.170759675177717618e+00
5.170283757004369818e+00
5.169818404635955211e+00
5.169363384300415198e+00
5.168918467229174141e+00
5.168483429577340971e+00
5.168058052341980790e+00
5.167642121278629652e+00
5.167235426816301214e+00
5.166837763971289910e+00
5.166448932260088611e+00
5.166068735611740514e+00
5.165696982279962768e+00
5.165333484755285198e+00
5.164978059677538091e+00
5.164630527748882649e+00
5.164290713647609721e+00
5.163958445942876452e+00
5.163633557010568254e+00
5.163315882950370472e+00
5.163005263504177655e+00
5.162701541975913244e+00
5.162404565152812097e+00
5.162114183228232456e+00
5.161830249725983144e+00
5.161552621426235277e+00
5.161281158292982951e+00
5.161015723403068023e+00
5.160756182876749421e+00
5.160502405809808124e+00
5.160254264207162933e+00
5.160011632917970381e+00
5.159774389572192810e+00
5.159542414518588416e+00
5.159315590764109949e+00
5.159093803914673870e+00
5.158876942117271547e+00
5.158664896003378963e+00
5.158457558633655182e+00
5.158254825443890468e+00
5.158056594192171218e+00
5.157862764907234165e+00
5.157673239837976098e+00
5.157487923404096897e+00
5.157306722147863454e+00
5.157129544686937628e+00
5.156956301668274456e+00
5.156786905723027559e+00
5.156621271422476838e+00
5.156459315234940277e+00
5.156300955483642312e+00
5.156146112305517448e+00
5.155994707610936700e+00
5.155846665044318655e+00
5.155701909945622496e+00
5.155560369312705227e+00
5.155421971764502231e+00
5.155286647505034736e+00
5.155154328288212184e+00
5.155024947383418876e+00
5.154898439541856447e+00
5.154774740963643964e+00
5.154653789265648101e+00
5.154535523450017642e+00
5.154419883873432084e+00
5.154306812217013700e+00
5.154196251456927058e+00
5.154088145835613588e+00
5.153982440833680734e+00
5.153879083142402173e+00
5.153778020636837098e+00
5.153679202349540134e+00
5.153582578444862783e+00
5.153488100193817090e+00
5.153395719949505072e+00
5.153305391123082835e+00
5.153217068160269143e+00
5.153130706518373572e+00
5.153046262643830033e+00
5.152963693950233903e+00
5.152882958796866752e+00
5.152804016467690928e+00
5.152726827150822864e+00
5.152651351918447808e+00
5.152577552707193753e+00
5.152505392298931675e+00
5.152434834302010103e+00
5.152365843132896472e+00
5.152298383998236808e+00
5.152232422877305318e+00
5.152167926504855444e+00
5.152104862354325299e+00
5.152043198621451658e+00
5.151982904208229463e+00
5.151923948707212375e+00
5.151866302386194363e+00
5.151809936173212812e+00
5.151754821641881144e+00
5.151700930997053618e+00
5.151648237060811653e+00
5.151596713258762783e+00
5.151546333606627392e+00
5.151497072697133639e+00
5.151448905687212587e+00
5.151401808285467787e+00
5.151355756739921965e+00
5.151310727826047042e+00
5.151266698835034852e+00
5.151223647562358288e+00
5.151181552296567823e+00
5.151140391808350927e+00
5.151100145339808201e+00
5.151060792594004845e+00
5.151022313724719304e+00
5.150984689326436161e+00
5.150947900424565518e+00
5.150911928465873757e+00
5.150876755309124810e+00
5.150842363215929254e+00
5.150808734841803904e+00
5.150775853227418821e+00
5.150743701790047702e+00
5.150712264315211009e+00
5.150681524948480750e+00
5.150651468187505522e+00
5.150622078874175891e+00
5.150593342186987833e+00
5.150565243633567825e+00
5.150537769043368463e+00
5.150510904560510639e+00
5.150484636636807778e+00
5.150458952024918879e+00
5.150433837771687173e+00
5.150409281211588031e+00
5.150385269960356283e+00
5.150361791908729003e+00
5.150338835216347277e+00
5.150316388305781423e+00
5.150294439856694773e+00
5.150272978800135348e+00
5.150251994312945669e+00
5.150231475812310222e+00
5.150211412950420176e+00
5.150191795609251777e+00
5.150172613895464657e+00
5.150153858135414708e+00
5.150135518870272655e+00
5.150117586851251872e+00
5.150100053034946335e+00
5.150082908578771601e+00
5.150066144836501714e+00
5.150049753353913573e+00
5.150033725864521905e+00
5.150018054285405711e+00
5.150002730713133303e+00
5.149987747419782380e+00
5.149973096849041809e+00
5.149958771612388908e+00
5.149944764485378634e+00
5.149931068403988732e+00
5.149917676461067906e+00
5.149904581902846168e+00
5.149891778125526010e+00
5.149879258671956173e+00
5.149867017228374699e+00
5.149855047621224813e+00
5.149843343814041852e+00
5.149831899904406818e+00
5.149820710120978084e+00
5.149809768820563960e+00
5.149799070485295616e+00
5.149788609719826660e+00
5.149778381248625081e+00
5.149768379913308713e+00
5.149758600670041098e+00
5.149749038586995731e+00
5.149739688841857621e+00
5.149730546719406554e+00
5.149721607609119012e+00
5.149712867002858907e+00
5.149704320492596743e+00
4.967098300381796783e+00
4.855764205989483884e+00
4.746902423205834332e+00
4.640458051286167063e+00
4.536377408624911567e+00
4.434608005683104537e+00
4.335098518517080279e+00
4.237798762894977145e+00
4.142659668988025956e+00
4.049633256623844879e+00
3.958672611089273374e+00
3.869731859470523005e+00
3.782766147518735078e+00
3.697731617029261564e+00
3.614585383723267764e+00
3.533285515620502970e+00
3.453791011892328289e+00
3.376061782184343052e+00
3.300058626398171491e+00
3.225743214922229374e+00
3.153078069301480379e+00
3.082026543336452207e+00
3.012552804601968948e+00
2.944621816376284951e+00
2.878199319971502579e+00
2.813251817456365433e+00
2.749746554762715345e+00
2.687651505167088839e+00
2.626935353139127294e+00
2.567567478548651305e+00
2.509517941223438076e+00
2.452757465849911167e+00
2.397257427209130931e+00
2.342989835740636018e+00
2.289927323426860450e+00
2.238043129991000857e+00
2.187311089401380304e+00
2.137705616675498632e+00
2.089201694977114165e+00
2.041774862999854001e+00
1.997222480194543515e+00
1.956786326465152603e+00
1.920908364634622334e+00
1.889727038105939227e+00
1.863160376865147905e+00
1.840987447100047136e+00
1.822873378937353461e+00
1.808421861159193567e+00
1.797208186152237763e+00
1.788803850175674004e+00
1.782794198403698127e+00
1.778790441361943087e+00
1.776437204125394187e+00
1.775416606797953101e+00
1.775449720663591524e+00
1.776296101287270668e+00
1.777751972304619787e+00
1.779647519464527594e+00
1.781843656497710704e+00
1.784228539875112984e+00
1.786714039582461666e+00
1.789232314614420893e+00
1.791732595040789411e+00
1.794178235080179151e+00
1.796544072438003514e+00
1.798814107205070956e+00
1.800979497775347271e+00
1.803036859086565746e+00
1.804986841666588848e+00
1.806832965156113913e+00
1.808580677734203057e+00
1.810236612272536627e+00
1.811808011275905406e+00
1.813302294088087185e+00
1.814726741719273839e+00
1.816088277599949397e+00
1.817393324889261974e+00
1.818647724095354246e+00
1.819856696303212562e+00
1.821024840617709195e+00
1.822156155641704967e+00
1.823254077592385558e+00
1.824321528710748819e+00
1.825360971067260696e+00
1.826374462030176948e+00
1.827363709332984421e+00
1.828330122881158148e+00
1.829274862784193267e+00
1.830198882990950793e+00
1.831102969682716575e+00
1.831987774798311541e+00
1.832853844640073948e+00
1.833701644122004426e+00
1.834531576615474613e+00
1.835344000223564365e+00
1.836139240716816223e+00
1.836917601795355237e+00
1.837679372848908699e+00
1.838424834633892946e+00
1.839154263646775478e+00
1.839867934906454838e+00
1.840566123763008877e+00
1.841249106904903510e+00
1.841917162763448967e+00
1.842570571628598275e+00
1.843209615046269123e+00
1.843834575410042476e+00
1.844445735256320162e+00
1.845043376583880068e+00
1.845627780151317232e+00
1.846199224797759886e+00
1.846757986828756692e+00
1.847304339455557498e+00
1.847838552309753135e+00
1.848360891032892805e+00
1.848871616939747664e+00
1.849370986751335710e+00
1.849859252392163089e+00
1.850336660845160131e+00
1.850803454057366126e+00
1.851259868894526095e+00
1.851706137118665607e+00
1.852142485408188932e+00
1.852569135400136568e+00
1.852986303752215846e+00
1.853394202220090659e+00
1.853793037746080063e+00
1.854183012555990828e+00
1.854564324261373187e+00
1.854937165964985590e+00
1.855301726367701409e+00
1.855658189875468489e+00
1.856006736705262616e+00
1.856347542989258415e+00
1.856680780876658554e+00
1.857006618632813355e+00
1.857325220735411397e+00
1.857636747967630342e+00
1.857941357508230862e+00
1.858239203018632102e+00
1.858530434727065472e+00
1.858815199509916694e+00
1.859093640970398864e+00
1.859365899514700216e+00
1.859632112425755768e+00
1.859892413934780775e+00
1.860146935290714065e+00
1.860395804827688737e+00
1.860639148030657664e+00
1.860877087599276614e+00
1.861109743510142245e+00
1.861337233077474673e+00
1.861559671012318118e+00
1.861777169480330230e+00
1.861989838158219390e+00
1.862197784288881053e+00
1.862401112735287967e+00
1.862599926033164044e+00
1.862794324442488936e+00
1.862984405997864412e+00
1.863170266557770738e+00
1.863351999852743024e+00
1.863529697532491314e+00
1.863703449211994156e+00
1.863873342516580767e+00
1.864039463126027529e+00
1.864201894817690830e+00
1.864360719508693531e+00
1.864516017297186412e+00
1.864667866502703220e+00
1.864816343705628654e+00
1.864961523785795938e+00
1.865103479960233290e+00
1.865242283820077507e+00
1.865378005366671088e+00
1.865510713046863334e+00
1.865640473787525622e+00
1.865767353029304854e+00
1.865891414759628164e+00
1.866012721544974440e+00
1.866131334562432631e+00
1.866247313630555738e+00
1.866360717239530898e+00
1.866471602580682010e+00
1.866580025575314883e+00
1.866686040902920229e+00
1.866789702028753162e+00
1.866891061230800064e+00
1.866990169626142171e+00
1.867087077196737832e+00
1.867181832814630793e+00
1.867274484266597812e+00
1.867365078278249380e+00
1.867453660537594207e+00
1.867540275718081455e+00
1.867624967501131383e+00
1.867707778598163948e+00
1.867788750772138240e+00
1.867867924858616524e+00
1.867945340786357100e+00
1.868021037597450640e+00
1.868095053467010436e+00
1.868167425722424779e+00
1.868238190862181014e+00
1.868307384574273033e+00
1.868375041754199106e+00
1.868441196522559578e+00
1.868505882242264882e+00
1.868569131535361416e+00
1.868630976299482604e+00
1.868691447723934917e+00
1.868750576305428845e+00
1.868808391863456597e+00
1.868864923555332069e+00
1.868920199890894640e+00
1.868974248746888112e+00
1.869027097381018354e+00
1.869078772445700087e+00
1.869129300001498128e+00
1.869178705530270213e+00
1.869227013948017380e+00
1.869274249617450812e+00
1.869320436360276450e+00
1.869365597469210272e+00
1.869409755719724675e+00
1.869452933381534843e+00
1.869495152229828649e+00
1.869536433556248989e+00
1.869576798179631627e+00
1.869616266456504361e+00
1.869654858291352584e+00
1.869692593146658144e+00
1.869729490052714604e+00
1.869765567617223789e+00
1.869800844034680720e+00
1.869835337095549166e+00
1.869869064195233355e+00
1.869902042342850734e+00
1.869934288169811332e+00
1.869965817938202601e+00
1.869996647548993307e+00
1.870026792550050665e+00
1.870056268143982958e+00
1.870085089195805850e+00
1.870113270240437942e+00
1.870140825490032022e+00
1.870167768841143108e+00
1.870194113881735731e+00
1.870219873898037122e+00
1.870245061881236737e+00
1.870269690534039020e+00
1.870293772277068722e+00
1.870317319255135446e+00
1.870340343343358747e+00
1.870362856153156006e+00
1.870384869038097975e+00
1.870406393099635967e+00
1.870427439192700048e+00
1.870448017931172435e+00
1.870468139693241660e+00
1.870487814626634826e+00
1.870507052653737512e+00
1.870525863476595108e+00
1.870544256581807563e+00
1.870562241245313562e+00
1.870579826537067003e+00
1.870597021325613118e+00
1.870613834282560228e+00
1.870630273886952022e+00
1.870646348429544803e+00
1.870662066016988589e+00
1.870677434575914955e+00
1.870692461856934496e+00
1.870707155438547042e+00
1.870721522730961262e+00
1.870735570979833451e+00
1.870749307269921280e+00
1.870762738528656044e+00
1.870775871529637424e+00
1.870788712896048311e+00
1.870801269103996356e+00
1.870813546485778245e+00
1.870825551233075368e+00
1.870837289400074210e+00
1.870848766906520133e+00
1.870859989540704538e+00
1.870870962962382089e+00
1.870881692705625543e+00
1.870892184181616180e+00
1.870902442681374067e+00
1.870912473378425478e+00
1.870922281331411696e+00
1.870931871486641196e+00
1.870941248680583424e+00
1.870950417642307295e+00
1.870959382995867726e+00
1.870968149262636215e+00
1.870976720863581466e+00
1.870985102121499599e+00
