8.121493939708528398e-01
9.301295594162307667e-01
1.045489829004777604e+00
1.158288380772391823e+00
1.268582100839550586e+00
1.376426612099893143e+00
1.481876302271738277e+00
1.584984351326685026e+00
1.685802758309124627e+00
1.784382367560195526e+00
1.880772894359398650e+00
1.975022949996811716e+00
2.067180066288544005e+00
2.157290719547792612e+00
2.245400354023595391e+00
2.331553404819092901e+00
2.415793320300867020e+00
2.498162584010647613e+00
2.578702736090444425e+00
2.657454394231909323e+00
2.734457274160489781e+00
2.809750209664705345e+00
2.883371172180651865e+00
2.955357289941606069e+00
3.025744866702389846e+00
3.094569400047937346e+00
3.161865599295293539e+00
3.208141979068255267e+00
3.231963312710090630e+00
3.239224802891785160e+00
3.236177368531738985e+00
3.227887930294770058e+00
3.217798742343137341e+00
3.207877750111004289e+00
3.199003522282194645e+00
3.191373326915227349e+00
3.184833892615371198e+00
3.179106123056773647e+00
3.173913606905652163e+00
3.169040059700587442e+00
3.164342331729021573e+00
3.159740561877798726e+00
3.155200131292010823e+00
3.150713798472862592e+00
3.146287758918668409e+00
3.141932471320961984e+00
3.137657611984819628e+00
3.133469974705208827e+00
3.129373152895487120e+00
3.125368094293355714e+00
3.121453929747642242e+00
3.117628747462402039e+00
3.113890175813668115e+00
3.110235754185567636e+00
3.106663128268927210e+00
3.103170123798513202e+00
3.099754749436829382e+00
3.096415166859059376e+00
3.093149652286576679e+00
3.089956562257274886e+00
3.086834308497889090e+00
3.083781342140544890e+00
3.080796145386911267e+00
3.077877228165672552e+00
3.075023127605116979e+00
3.072232408735644960e+00
3.069503665445569851e+00
3.066835521198232328e+00
3.064226629342959640e+00
3.061675673034851997e+00
3.059181364857400443e+00
3.056742446257357582e+00
3.054357686884629164e+00
3.052025883902396153e+00
3.049745861306189187e+00
3.047516469270252770e+00
3.045336583526346619e+00
3.043205104773008429e+00
3.041120958110443251e+00
3.039083092495915128e+00
3.037090480215402621e+00
3.035142116368569898e+00
3.033237018365232629e+00
3.031374225432380332e+00
3.029552798131328828e+00
3.027771817884881145e+00
3.026030386514467097e+00
3.024327625787240237e+00
3.022662676973071783e+00
3.021034700411331819e+00
3.019442875087290368e+00
3.017886398217960675e+00
3.016364484847176453e+00
3.014876367449685013e+00
3.013421295544062239e+00
3.011998535314229564e+00
3.010607369239382436e+00
3.009247095732147326e+00
3.007917028784752755e+00
3.006616497623083362e+00
3.005344846368390499e+00
3.004101433706528379e+00
3.002885632564526563e+00
3.001696829794350485e+00
3.000534425863677690e+00
2.999397834553544584e+00
2.998286482662707364e+00
2.997199809718566144e+00
2.996137267694510165e+00
2.995098320733540209e+00
2.994082444878024774e+00
2.993089127805461658e+00
2.992117868570104200e+00
2.991168177350328250e+00
2.990239575201606215e+00
2.989331593814965604e+00
2.988443775280817505e+00
2.987575671858023529e+00
2.986726845748089776e+00
2.985896868874383436e+00
2.985085322666242824e+00
2.984291797847886230e+00
2.983515894232009469e+00
2.982757220517963326e+00
2.982015394094414074e+00
2.981290040846386713e+00
2.980580794966595004e+00
2.979887298770953930e+00
2.979209202518200872e+00
2.978546164233509153e+00
2.977897849536026431e+00
2.977263931470244707e+00
2.976644090341106441e+00
2.976038013552777972e+00
2.975445395451007169e+00
2.974865937168971630e+00
2.974299346476555250e+00
2.973745337632978103e+00
2.973203631242685940e+00
2.972673954114449124e+00
2.972156039123590165e+00
2.971649625077263490e+00
2.971154456582735470e+00
2.970670283918586563e+00
2.970196862908768942e+00
2.969733954799466336e+00
2.969281326138689003e+00
2.968838748658537252e+00
2.968405999160081077e+00
2.967982859400803086e+00
2.967569115984529216e+00
2.967164560253811700e+00
2.966768988184702582e+00
2.966382200283856019e+00
2.966004001487923869e+00
2.965634201065183273e+00
2.965272612519343376e+00
2.964919053495495671e+00
2.964573345688149342e+00
2.964235314751306749e+00
2.963904790210539542e+00
2.963581605377016537e+00
2.963265597263437190e+00
2.962956606501837342e+00
2.962654477263214847e+00
2.962359057178944877e+00
2.962070197263935611e+00
2.961787751841495897e+00
2.961511578469864681e+00
2.961241537870376028e+00
2.960977493857221532e+00
2.960719313268766584e+00
2.960466865900394762e+00
2.960220024438846576e+00
2.959978664398009496e+00
2.959742664056140615e+00
2.959511904394478421e+00
2.959286269037222361e+00
2.959065644192837130e+00
2.958849918596673678e+00
2.958638983454851434e+00
2.958432732389390196e+00
2.958231061384567262e+00
2.958033868734458061e+00
2.957841054991642071e+00
2.957652522917054494e+00
2.957468177430943701e+00
2.957287925564920705e+00
2.957111676415076218e+00
2.956939341096135099e+00
2.956770832696628215e+00
2.956606066235065722e+00
2.956444958617075347e+00
2.956287428593499023e+00
2.956133396719417217e+00
2.955982785314083205e+00
2.955835518421746855e+00
2.955691521773350150e+00
2.955550722749072712e+00
2.955413050341704650e+00
2.955278435120841429e+00
2.955146809197866986e+00
2.955018106191714011e+00
2.954892261195391612e+00
2.954769210743247054e+00
2.954648892778962033e+00
2.954531246624255481e+00
2.954416212948283160e+00
2.954303733737715820e+00
2.954193752267481266e+00
2.954086213072159683e+00
2.953981061918007356e+00
2.953878245775608757e+00
2.953777712793133947e+00
2.953679412270184823e+00
2.953583294632230682e+00
2.953489311405603335e+00
2.953397415193052655e+00
2.953307559649843039e+00
2.953219699460382763e+00
2.953133790315365825e+00
2.953049788889432925e+00
2.952967652819316502e+00
2.952887340682476491e+00
2.952808811976213477e+00
2.952732027097241030e+00
2.952656947321711023e+00
2.952583534785687913e+00
2.952511752466051131e+00
2.952441564161824683e+00
2.952372934475919752e+00
2.952305828797283649e+00
2.952240213283445769e+00
2.952176054843449027e+00
2.952113321121162315e+00
2.952051980478962445e+00
2.951992001981778468e+00
2.951933355381491264e+00
2.951876011101678632e+00
2.951819940222701000e+00
2.951765114467113094e+00
2.951711506185405565e+00
2.951659088342062809e+00
2.951607834501924543e+00
2.951557718816855580e+00
2.951508716012711364e+00
2.951460801376592169e+00
2.951413950744376624e+00
2.951368140488539460e+00
2.951323347506233485e+00
2.951279549207637576e+00
2.951236723504568005e+00
2.951194848799334025e+00
2.951153903973849690e+00
2.951113868378982819e+00
2.951074721824140656e+00
2.951036444567085582e+00
2.950999017303983507e+00
2.950962421159665006e+00
2.950926637678105813e+00
2.950891648813122714e+00
2.950857436919269272e+00
2.950823984742937611e+00
2.950791275413658710e+00
2.950759292435593206e+00
2.950728019679210501e+00
2.950697441373158370e+00
2.950667542096306661e+00
2.950638306769968633e+00
2.950609720650300805e+00
2.950581769320864467e+00
2.950554438685354608e+00
2.950527714960493153e+00
2.950501584669077637e+00
2.950476034633180866e+00
2.950451051967511340e+00
2.950426624072909121e+00
2.950402738629993582e+00
2.950379383592954152e+00
2.950356547183470290e+00
2.950334217884772681e+00
2.950312384435839430e+00
2.950291035825710839e+00
2.950270161287940063e+00
2.950249750295162787e+00
2.950229792553788144e+00
2.950210277998805530e+00
2.950191196788712666e+00
2.950172539300548902e+00
2.950154296125043096e+00
2.950136458061868527e+00
2.950119016115004822e+00
2.950101961488196700e+00
2.950085285580522854e+00
2.950068979982055417e+00
2.950053036469619361e+00
2.950037447002645141e+00
2.950022203719115055e+00
2.950007298931594413e+00
2.949992725123361748e+00
2.949978474944611406e+00
3.061568630475400177e+00
3.129597652728631996e+00
3.196116006193828962e+00
3.261157237144501231e+00
3.324754146917562103e+00
3.386938808455567607e+00
3.447742582481618356e+00
3.507196133315073627e+00
3.565329444336061915e+00
3.622171833106578198e+00
3.677751966155804020e+00
3.732097873437095092e+00
3.785236962463940813e+00
3.837196032132009549e+00
3.888001286234264775e+00
3.937678346675955954e+00
3.986252266396158372e+00
4.033747542002372732e+00
4.080188126124556725e+00
4.125597439494819163e+00
4.169998382758876687e+00
4.213413348025210503e+00
4.255864230157770933e+00
4.297372437817904789e+00
4.337958904261091320e+00
4.377644097893917063e+00
4.416448032596617779e+00
4.454390277816408172e+00
4.491489968436661151e+00
4.527765814426938817e+00
4.563236110278731772e+00
4.597918744231663801e+00
4.631831207294816899e+00
4.664990602067731196e+00
4.697413651365516252e+00
4.729116706652439994e+00
4.760115756288231026e+00
4.790426433591266964e+00
4.820064024722706009e+00
4.849043476395545227e+00
4.877379403412487768e+00
4.905086096036420429e+00
4.932177527197226574e+00
4.958667359538552866e+00
4.982541151688745451e+00
4.997506068861833128e+00
5.004968209717984173e+00
5.007060357690165553e+00
5.005821642979846331e+00
5.002844907760128912e+00
4.999205495297658786e+00
4.995531475483265815e+00
4.992123974779198115e+00
4.989076354183042739e+00
4.986369268555575829e+00
4.983935996654924594e+00
4.981701382452000892e+00
4.979601129138352178e+00
4.977588381504784110e+00
4.975633256252574910e+00
4.973719272906503619e+00
4.971839091068340544e+00
4.969990774999990535e+00
4.968175038183754388e+00
4.966393475824385284e+00
4.964647595441104677e+00
4.962938398129367101e+00
4.961266293774614589e+00
4.959631183321640435e+00
4.958032600301078396e+00
4.956469851085264722e+00
4.954942126723119067e+00
4.953448579698961574e+00
4.951988369550422320e+00
4.950560685293312169e+00
4.949164752842452053e+00
4.947799834105929051e+00
4.946465222423876540e+00
4.945160237190275865e+00
4.943884219105567190e+00
4.942636526591238422e+00
4.941416533378325759e+00
4.940223627044070476e+00
4.939057208208256000e+00
4.937916690129364738e+00
4.936801498505191788e+00
4.935711071350088019e+00
4.934644858877452300e+00
4.933602323354890018e+00
4.932582938924162441e+00
4.931586191390396223e+00
4.930611577989769678e+00
4.929658607145234406e+00
4.928726798218011851e+00
4.927815681260263148e+00
4.926924796772159887e+00
4.926053695464983839e+00
4.925201938030607351e+00
4.924369094917601331e+00
4.923554746113131486e+00
4.922758480930646385e+00
4.921979897802606807e+00
4.921218604078116066e+00
4.920474215824996556e+00
4.919746357636487488e+00
4.919034662441960748e+00
4.918338771321995928e+00
4.917658333327408648e+00
4.916993005302296993e+00
4.916342451711011918e+00
4.915706344468855349e+00
4.915084362776706683e+00
4.914476192959232215e+00
4.913881528306595747e+00
4.913300068919897789e+00
4.912731521559812187e+00
4.912175599498775469e+00
4.911632022376375417e+00
4.911100516057947729e+00
4.910580812496327496e+00
4.910072649596669336e+00
4.909575771084266016e+00
4.909089926375308721e+00
4.908614870450510814e+00
4.908150363731545340e+00
4.907696171960213682e+00
4.907252066080316055e+00
4.906817822122125250e+00
4.906393221089444090e+00
4.905978048849154227e+00
4.905572096023231410e+00
4.905175157883146397e+00
4.904787034246623989e+00
4.904407529376683783e+00
4.904036451882926251e+00
4.903673614625015276e+00
4.903318834618296762e+00
4.902971932941518673e+00
4.902632734646595658e+00
4.902301068670380069e+00
4.901976767748398522e+00
4.901659668330489161e+00
4.901349610498324516e+00
4.901046437884763129e+00
4.900749997594987306e+00
4.900460140129401232e+00
4.900176719308232620e+00
4.899899592197809461e+00
4.899628619038481681e+00
4.899363663174135297e+00
4.899104590983275109e+00
4.898851271811635044e+00
4.898603577906290418e+00
4.898361384351229475e+00
4.898124569004353113e+00
4.897893012435879712e+00
4.897666597868115979e+00
4.897445211116560060e+00
4.897228740532319158e+00
4.897017076945801684e+00
4.896810113611662629e+00
4.896607746154972851e+00
4.896409872518573181e+00
4.896216392911613369e+00
4.896027209759219900e+00
4.895842227653293577e+00
4.895661353304387120e+00
4.895484495494663690e+00
4.895311565031890133e+00
4.895142474704458735e+00
4.894977139237401964e+00
4.894815475249390424e+00
4.894657401210679382e+00
4.894502837401992323e+00
4.894351705874321112e+00
4.894203930409608994e+00
4.894059436482316450e+00
4.893918151221837043e+00
4.893780003375746368e+00
4.893644923273866354e+00
4.893512842793133366e+00
4.893383695323241689e+00
4.893257415733049065e+00
4.893133940337729193e+00
4.893013206866659637e+00
4.892895154432012284e+00
4.892779723498048128e+00
4.892666855851095065e+00
4.892556494570187375e+00
4.892448583998358025e+00
4.892343069714574000e+00
4.892239898506288931e+00
4.892139018342605006e+00
4.892040378348036178e+00
4.891943928776851358e+00
4.891849620987980707e+00
4.891757407420494808e+00
4.891667241569609637e+00
4.891579077963239541e+00
4.891492872139062698e+00
4.891408580622098157e+00
4.891326160902780273e+00
4.891245571415520743e+00
4.891166771517749368e+00
4.891089721469412233e+00
4.891014382412931738e+00
4.890940716353613382e+00
4.890868686140480648e+00
4.890798255447539766e+00
4.890729388755462814e+00
4.890662051333670490e+00
4.890596209222820789e+00
4.890531829217680482e+00
4.890468878850377621e+00
4.890407326374032415e+00
4.890347140746744259e+00
4.890288291615933147e+00
4.890230749303039026e+00
4.890174484788548881e+00
4.890119469697364885e+00
4.890065676284493179e+00
4.890013077421054177e+00
4.889961646580593957e+00
4.889911357825715399e+00
4.889862185794991767e+00
4.889814105690177826e+00
4.889767093263706066e+00
4.889721124806454711e+00
4.889676177135792834e+00
4.889632227583888380e+00
4.889589253986276418e+00
4.889547234670682307e+00
4.889506148446090883e+00
4.889465974592059005e+00
4.889426692848267031e+00
4.889388283404302094e+00
4.889350726889663434e+00
4.889314004363997768e+00
4.889278097307547810e+00
4.889242987611806868e+00
4.889208657570391914e+00
4.889175089870112956e+00
4.889142267582238688e+00
4.889110174153963762e+00
4.889078793400054579e+00
4.889048109494696703e+00
4.889018106963500365e+00
4.888988770675710249e+00
4.888960085836564495e+00
4.888932037979837553e+00
4.888904612960546459e+00
4.888877796947812548e+00
4.888851576417890143e+00
4.888825938147345340e+00
4.888800869206387567e+00
4.888776356952345914e+00
4.888752389023297340e+00
4.888728953331831661e+00
4.888706038058953318e+00
4.888683631648120809e+00
4.888661722799423792e+00
4.888640300463875654e+00
4.888619353837849957e+00
4.888598872357627023e+00
4.888578845694067532e+00
4.888559263747402461e+00
4.888540116642143829e+00
4.888521394722096680e+00
4.888503088545498976e+00
4.888485188880248522e+00
4.888467686699260462e+00
4.888450573175901148e+00
4.888433839679547255e+00
4.888417477771227482e+00
4.888401479199369071e+00
4.888385835895635800e+00
4.888370539970857465e+00
4.888355583711054386e+00
4.888340959573544531e+00
4.888326660183140326e+00
4.888312678328429861e+00
4.888299006958138904e+00
4.888285639177576414e+00
4.888272568245156435e+00
4.888259787568997261e+00
4.888247290703598757e+00
4.888235071346591631e+00
4.888223123335556863e+00
4.888211440644921524e+00
4.888200017382917650e+00
4.888188847788609515e+00
4.888177926228992831e+00
4.888167247196148146e+00
4.888156805304469721e+00
4.888146595287942375e+00
4.888136611997491165e+00
4.888126850398382572e+00
4.888117305567686088e+00
4.888107972691789982e+00
4.888098847063974794e+00
4.714686718302566248e+00
4.608957736054394516e+00
4.505576596949969037e+00
4.404491164221203015e+00
4.305650458861586038e+00
4.209004633916659799e+00
4.114504949345392681e+00
4.022103747439796706e+00
3.931754429064371781e+00
3.865601202215867005e+00
3.826944123005216358e+00
3.809185401057371134e+00
3.804996249802933495e+00
3.808254337175454474e+00
3.814646281293040619e+00
3.821566436491222518e+00
3.827718723894338204e+00
3.832666490819439442e+00
3.836451772139035210e+00
3.839324463871217397e+00
3.841577043865019192e+00
3.843461082646753901e+00
3.845157951805269647e+00
3.846780061337421230e+00
3.848385644653546933e+00
3.849996613712901361e+00
3.851614118356931016e+00
3.853229856953656274e+00
3.854833136453490461e+00
3.856414551162138160e+00
3.857967376414605631e+00
3.859487642514368488e+00
3.860973594525821007e+00
3.862424988107507673e+00
3.863842459013272723e+00
3.865227050154900645e+00
3.866579911900979827e+00
3.867902141673922767e+00
3.869194718917721154e+00
3.870458497325095504e+00
3.871694224351649893e+00
3.872902569139744067e+00
3.874084148544158612e+00
3.875239546991351869e+00
3.876369329514284701e+00
3.877474049072145768e+00
3.878554249834138989e+00
3.879610468017671732e+00
3.880643231502967971e+00
3.881653059027620589e+00
3.882640459409723466e+00
3.883605930995243316e+00
3.884549961370677984e+00
3.885473027303709692e+00
3.886375594846867010e+00
3.887258119540133894e+00
3.888121046662116775e+00
3.888964811495947860e+00
3.889789839590617415e+00
3.890596547008986938e+00
3.891385340560318706e+00
3.892156618018630443e+00
3.892910768329457483e+00
3.893648171807730041e+00
3.894369200328926528e+00
3.895074217515036796e+00
3.895763578916269232e+00
3.896437632188979538e+00
3.897096717270051691e+00
3.897741166547761260e+00
3.898371305029128653e+00
3.898987450503743180e+00
3.899589913704045951e+00
3.900178998462088042e+00
3.900755001862831861e+00
3.901318214394034811e+00
3.901868920092780080e+00
3.902407396688748253e+00
3.902933915744296378e+00
3.903448742791407522e+00
3.903952137465611649e+00
3.904444353636915555e+00
3.904925639537834670e+00
3.905396237888572486e+00
3.905856386019435078e+00
3.906306315990511813e+00
3.906746254708711064e+00
3.907176424042193563e+00
3.907597040932259791e+00
3.908008317502761120e+00
3.908410461167073802e+00
3.908803674732705513e+00
3.909188156503568212e+00
3.909564100379991469e+00
3.909931695956507802e+00
3.910291128617466860e+00
3.910642579630531301e+00
3.910986226238087227e+00
3.911322241746636674e+00
3.911650795614193932e+00
3.911972053535750060e+00
3.912286177526830944e+00
3.912593326005208816e+00
3.912893653870793020e+00
3.913187312583746191e+00
3.913474450240872038e+00
3.913755211650300492e+00
3.914029738404517733e+00
3.914298168951773071e+00
3.914560638665901315e+00
3.914817279914592163e+00
3.915068222126146580e+00
3.915313591854752140e+00
3.915553512844300421e+00
3.915788106090798859e+00
3.916017489903387716e+00
3.916241779964005687e+00
3.916461089385731231e+00
3.916675528769827164e+00
3.916885206261516483e+00
3.917090227604524522e+00
3.917290696194405619e+00
3.917486713130688969e+00
3.917678377267861389e+00
3.917865785265224332e+00
3.918049031635638890e+00
3.918228208793192557e+00
3.918403407099801061e+00
3.918574714910783907e+00
3.918742218619420292e+00
3.918906002700519586e+00
3.919066149753022366e+00
3.919222740541658645e+00
3.919375854037677076e+00
3.919525567458672199e+00
3.919671956307524407e+00
3.919815094410480594e+00
3.919955053954384816e+00
3.920091905523081177e+00
3.920225718133013793e+00
3.920356559268028729e+00
3.920484494913411222e+00
3.920609589589160393e+00
3.920731906382530330e+00
3.920851506979843748e+00
3.920968451697601331e+00
3.921082799512902284e+00
3.921194608093184986e+00
3.921303933825311727e+00
3.921410831844003297e+00
3.921515356059648294e+00
3.921617559185485380e+00
3.921717492764191793e+00
3.921815207193876329e+00
3.921910751753493241e+00
3.922004174627698792e+00
3.922095522931148270e+00
3.922184842732257426e+00
3.922272179076435883e+00
3.922357576008803193e+00
3.922441076596404397e+00
3.922522722949925544e+00
3.922602556244933592e+00
3.922680616742641124e+00
3.922756943810210561e+00
3.922831575940607163e+00
3.922904550772011945e+00
3.922975905106804273e+00
3.923045674930120352e+00
3.923113895428002262e+00
3.923180601005142876e+00
3.923245825302235090e+00
3.923309601212939146e+00
3.923371960900469801e+00
3.923432935813819800e+00
3.923492556703616074e+00
3.923550853637630897e+00
3.923607856015943529e+00
3.923663592585769688e+00
3.923718091455954848e+00
3.923771380111154450e+00
3.923823485425693036e+00
3.923874433677117413e+00
3.923924250559448268e+00
3.923972961196138698e+00
3.924020590152745402e+00
3.924067161449315666e+00
3.924112698572502556e+00
3.924157224487407447e+00
3.924200761649164093e+00
3.924243332014262453e+00
3.924284957051621614e+00
3.924325657753414909e+00
3.924365454645661000e+00
3.924404367798570270e+00
3.924442416836670944e+00
3.924479620948703840e+00
3.924515998897299518e+00
3.924551569028441822e+00
3.924586349280718700e+00
3.924620357194370079e+00
3.924653609920132791e+00
3.924686124227889650e+00
3.924717916515128469e+00
3.924749002815210108e+00
3.924779398805454900e+00
3.924809119815047875e+00
3.924838180832772583e+00
3.924866596514565487e+00
3.924894381190912274e+00
3.924921548874070076e+00
3.924948113265138705e+00
3.924974087760966235e+00
3.924999485460908488e+00
3.925024319173432641e+00
3.925048601422579164e+00
3.925072344454275886e+00
3.925095560242515713e+00
3.925118260495391809e+00
3.925140456661007082e+00
3.925162159933243800e+00
3.925183381257410620e+00
3.925204131335762181e+00
3.925224420632895672e+00
3.925244259381030165e+00
3.925263657585164268e+00
3.925282625028123196e+00
3.925301171275494383e+00
3.925319305680447179e+00
3.925337037388453076e+00
3.925354375341897128e+00
3.925371328284588124e+00
3.925387904766166614e+00
3.925404113146418350e+00
3.925419961599490914e+00
3.925435458118011756e+00
3.925450610517124517e+00
3.925465426438427663e+00
3.925479913353827843e+00
3.925494078569310208e+00
3.925507929228619464e+00
3.925521472316864102e+00
3.925534714664042468e+00
3.925547662948482674e+00
3.925560323700212795e+00
3.925572703304252453e+00
3.925584808003835136e+00
3.925596643903555005e+00
3.925608216972446218e+00
3.925619533046993404e+00
3.925630597834074642e+00
3.925641416913839166e+00
3.925651995742523326e+00
3.925662339655199951e+00
3.925672453868469969e+00
3.925682343483093639e+00
3.925692013486562715e+00
3.925701468755614876e+00
3.925710714058693984e+00
3.925719754058355271e+00
3.925728593313615455e+00
3.925737236282252685e+00
3.925745687323054511e+00
3.925753950698017913e+00
3.925762030574494243e+00
3.925769931027294657e+00
3.925777656040745356e+00
3.925785209510693985e+00
3.925792595246477390e+00
3.925799816972840528e+00
3.925806878331814964e+00
3.925813782884557845e+00
3.925820534113146465e+00
3.925827135422333303e+00
3.925833590141265095e+00
3.925839901525159270e+00
3.925846072756948413e+00
3.925852106948884312e+00
3.925858007144106487e+00
3.925863776318177845e+00
3.925869417380585702e+00
3.925874933176208614e+00
3.925880326486750782e+00
3.925885600032145373e+00
3.925890756471925869e+00
3.925895798406567216e+00
3.925900728378798554e+00
3.925905548874883966e+00
3.925910262325877920e+00
3.925914871108847404e+00
3.925919377548076294e+00
3.925923783916235088e+00
3.925928092435524874e+00
3.925932305278802659e+00
3.925936424570671601e+00
3.925940452388557045e+00
3.925944390763752345e+00
3.925948241682443385e+00
3.925952007086709550e+00
3.925955688875505611e+00
4.003237010651904626e+00
4.050355118952606581e+00
4.096426911236944690e+00
4.141475622249385147e+00
4.185523970778084468e+00
4.228594171112340483e+00
4.270707944245611287e+00
4.311886528829765197e+00
4.352150691886072842e+00
4.391520739278346852e+00
4.430016525953516471e+00
4.467657465954798290e+00
4.504462542212507081e+00
4.540450316117452090e+00
4.575638936881746055e+00
4.610046150691744948e+00
4.643689309657730746e+00
4.676585380564864280e+00
4.708750953429801989e+00
4.740202249867315309e+00
4.770955131271101379e+00
4.801025106812946142e+00
4.830427341264247332e+00
4.859176662643848843e+00
4.887287569696051825e+00
4.914774239202563955e+00
4.941650533132077250e+00
4.967930005631079560e+00
4.993625909859432888e+00
5.018751204674151367e+00
5.043318561164760183e+00
5.067340369043532355e+00
5.090828742893815928e+00
5.113795528279617031e+00
5.136252307719504806e+00
5.158210406527861558e+00
5.179680898526424215e+00
5.200674611628985033e+00
5.221202133302085713e+00
5.241273815904445854e+00
5.260899781907824924e+00
5.280089929001945848e+00
5.298853935086057731e+00
5.317201263149659241e+00
5.335141166044832239e+00
5.352682691152606864e+00
5.369834684945700154e+00
5.386605797449931288e+00
5.403004486606572954e+00
5.419039022537825545e+00
5.434717491717569793e+00
5.450047801049508145e+00
5.463058243827132898e+00
5.470793600444191718e+00
5.474166501190691925e+00
5.474448707109465850e+00
5.472827042374476036e+00
5.470218898367153137e+00
5.467241110921132297e+00
5.464254314492708708e+00
5.461432839092956293e+00
5.458832583343104616e+00
5.456444765113890760e+00
5.454232835172756921e+00
5.452154588881381159e+00
5.450173278746155425e+00
5.448261587271385764e+00
5.446401596150159286e+00
5.444582948135300526e+00
5.442800549028853574e+00
5.441052507933027194e+00
5.439338585824428307e+00
5.437659175807731060e+00
5.436014722204809857e+00
5.434405450043737318e+00
5.432831292586457472e+00
5.431291912692788770e+00
5.429786773575102643e+00
5.428315210395013857e+00
5.426876492298996268e+00
5.425469863658874736e+00
5.424094572596422026e+00
5.422749885672319969e+00
5.421435093824327645e+00
5.420149513126004237e+00
5.418892481840549280e+00
5.417663360210220880e+00
5.416461526681940697e+00
5.415286375661661822e+00
5.414137317057681642e+00
5.413013772765999931e+00
5.411915177183706405e+00
5.410840976926120760e+00
5.409790630619546015e+00
5.408763608717524818e+00
5.407759393313606111e+00
5.406777477940172716e+00
5.405817367352424796e+00
5.404878577300997300e+00
5.403960634298083043e+00
5.403063075381536962e+00
5.402185447880323288e+00
5.401327309183599823e+00
5.400488226514654322e+00
5.399667776710276534e+00
5.398865546005645832e+00
5.398081129824588764e+00
5.397314132574971168e+00
5.396564167448957505e+00
5.395830856227894046e+00
5.395113829091627622e+00
5.394412724432089412e+00
5.393727188671021189e+00
5.393056876081719686e+00
5.392401448614741355e+00
5.391760575727440497e+00
5.391133934217283930e+00
5.390521208058866698e+00
5.389922088244523124e+00
5.389336272628500346e+00
5.388763465774577988e+00
5.388203378807060240e+00
5.387655729265100391e+00
5.387120240960244111e+00
5.386596643837143539e+00
5.386084673837365777e+00
5.385584072766221198e+00
5.385094588162552043e+00
5.384615973171414716e+00
5.384147986419590914e+00
5.383690391893847682e+00
5.383242958821915281e+00
5.382805461556117166e+00
5.382377679459558806e+00
5.381959396794859352e+00
5.381550402615357775e+00
5.381150490658723307e+00
5.380759459242933751e+00
5.380377111164568404e+00
5.380003253599355162e+00
5.379637698004921198e+00
5.379280260025714355e+00
5.378930759400021522e+00
5.378589019869067123e+00
5.378254869088119783e+00
5.377928138539575187e+00
5.377608663447970727e+00
5.377296282696890195e+00
5.376990838747707890e+00
5.376692177560136621e+00
5.376400148514544952e+00
5.376114604335997527e+00
5.375835401019980253e+00
5.375562397759774846e+00
5.375295456875456956e+00
5.375034443744455714e+00
5.374779226733658710e+00
5.374529677133028649e+00
5.374285669090697048e+00
5.374047079549488792e+00
5.373813788184868656e+00
5.373585677344256517e+00
5.373362631987694371e+00
5.373144539629827854e+00
5.372931290283178285e+00
5.372722776402678591e+00
5.372518892831430470e+00
5.372319536747676594e+00
5.372124607612943414e+00
5.371934007121339505e+00
5.371747639149977438e+00
5.371565409710497008e+00
5.371387226901665812e+00
5.371213000863029663e+00
5.371042643729603938e+00
5.370876069587551704e+00
5.370713194430858373e+00
5.370553936118966476e+00
5.370398214335354581e+00
5.370245950547028357e+00
5.370097067964912263e+00
5.369951491505132068e+00
5.369809147751140266e+00
5.369669964916695903e+00
5.369533872809663322e+00
5.369400802796606698e+00
5.369270687768183947e+00
5.369143462105296472e+00
5.369019061646001845e+00
5.368897423653149481e+00
5.368778486782743720e+00
5.368662191053014787e+00
5.368548477814159448e+00
5.368437289718765548e+00
5.368328570692892043e+00
5.368222265907786728e+00
5.368118321752242572e+00
5.368016685805551802e+00
5.367917306811074596e+00
5.367820134650390429e+00
5.367725120318017851e+00
5.367632215896704473e+00
5.367541374533258747e+00
5.367452550414921753e+00
5.367365698746263014e+00
5.367280775726595010e+00
5.367197738527874407e+00
5.367116545273108663e+00
5.367037155015235150e+00
5.366959527716474554e+00
5.366883624228131922e+00
5.366809406270860450e+00
5.366736836415352485e+00
5.366665878063466621e+00
5.366596495429766023e+00
5.366528653523474190e+00
5.366462318130828635e+00
5.366397455797826233e+00
5.366334033813348725e+00
5.366272020192673686e+00
5.366211383661336320e+00
5.366152093639360743e+00
5.366094120225834097e+00
5.366037434183835941e+00
5.365982006925685610e+00
5.365927810498527961e+00
5.365874817570233546e+00
5.365823001415617632e+00
5.365772335902962098e+00
5.365722795480832197e+00
5.365674355165201526e+00
5.365626990526840778e+00
5.365580677679002264e+00
5.365535393265373543e+00
5.365491114448298404e+00
5.365447818897257193e+00
5.365405484777606482e+00
5.365364090739572767e+00
5.365323615907478860e+00
5.365284039869216315e+00
5.365245342665952322e+00
5.365207504782067538e+00
5.365170507135308853e+00
5.365134331067170415e+00
5.365098958333479828e+00
5.365064371095200180e+00
5.365030551909431011e+00
5.364997483720616245e+00
5.364965149851934179e+00
5.364933533996896209e+00
5.364902620211116968e+00
5.364872392904281639e+00
5.364842836832274031e+00
5.364813937089492946e+00
5.364785679101333749e+00
5.364758048616838693e+00
5.364731031701509778e+00
5.364704614730282373e+00
5.364678784380656040e+00
5.364653527625970142e+00
5.364628831728839309e+00
5.364604684234722143e+00
5.364581072965652453e+00
5.364557986014087732e+00
5.364535411736907733e+00
5.364513338749542726e+00
5.364491755920231419e+00
5.364470652364405900e+00
5.364450017439204466e+00
5.364429840738102584e+00
5.364410112085661986e+00
5.364390821532412090e+00
5.364371959349814922e+00
5.364353516025370361e+00
5.364335482257811982e+00
5.364317848952421919e+00
5.364300607216441641e+00
5.364283748354586656e+00
5.364267263864663349e+00
5.364251145433279078e+00
5.364235384931648198e+00
5.364219974411498448e+00
5.364204906101053716e+00
5.364190172401125167e+00
5.364175765881272540e+00
5.364161679276054251e+00
5.364147905481371659e+00
5.364134437550878154e+00
5.364121268692481515e+00
5.364108392264913761e+00
5.364095801774386274e+00
5.364083490871313309e+00
5.364071453347103891e+00
5.364059683131044309e+00
5.364048174287226800e+00
5.364036921011556380e+00
5.364025917628826079e+00
5.364015158589853449e+00
5.364004638468680142e+00
5.363994351959839868e+00
5.173858560936233530e+00
5.057933098597121813e+00
4.944581904884749690e+00
4.833747814972435108e+00
4.725374933449350223e+00
4.619408606131571560e+00
4.515795392499092564e+00
4.414483038744915433e+00
4.315420451422616210e+00
4.218557671679099563e+00
4.123845850059544738e+00
4.031237221871847076e+00
3.940685083098109942e+00
3.852143766841064743e+00
3.765568620293517021e+00
3.680915982219222116e+00
3.598143160933821250e+00
3.517208412774739834e+00
3.438070921049188211e+00
3.360690775449649781e+00
3.285028951926469709e+00
3.211047293007402548e+00
3.138708488554184495e+00
3.067976056946433605e+00
2.998814326683380660e+00
2.931188418394160777e+00
2.865064227247585471e+00
2.800408405752529806e+00
2.737188346940256256e+00
2.675372167920197164e+00
2.614928693800901982e+00
2.555827441968038016e+00
2.498038606711519893e+00
2.441533044194009072e+00
2.386282257753211677e+00
2.332258383530552592e+00
2.279434176418985381e+00
2.227782996322844600e+00
2.177278794722822486e+00
2.127896101539278551e+00
2.079610012287271381e+00
2.032396175516826275e+00
1.986230780532108664e+00
1.941090545383308275e+00
1.896952705169238973e+00
1.858069700442011696e+00
1.835114307992627536e+00
1.825127692829346948e+00
1.823820595196538052e+00
1.827302139687772442e+00
1.832732855924868121e+00
1.838383487809489569e+00
1.843412827148050770e+00
1.847568672060082573e+00
1.850921104063126599e+00
1.853670066996336185e+00
1.856029530818939177e+00
1.858172125085511661e+00
1.860213425491746175e+00
1.862217644958541918e+00
1.864211694189213064e+00
1.866199870611712219e+00
1.868175538172949457e+00
1.870128839252392261e+00
1.872050884832189954e+00
1.873935423763835928e+00
1.875778998440714940e+00
1.877580386358282505e+00
1.879339842546666084e+00
1.881058422931592977e+00
1.882737495666595651e+00
1.884378446738392165e+00
1.885982539177527562e+00
1.887550873138527985e+00
1.889084400483318271e+00
1.890583960756880400e+00
1.892050318835082123e+00
1.893484194977943069e+00
1.894886284809577992e+00
1.896257270361415559e+00
1.897597824690689716e+00
1.898908612643785521e+00
1.900190289784531084e+00
1.901443500807475706e+00
1.902668878144998299e+00
1.903867041042828889e+00
1.905038595121345546e+00
1.906184132320181801e+00
1.907304231092646241e+00
1.908399456732384758e+00
1.909470361748268230e+00
1.910517486237455653e+00
1.911541358233135091e+00
1.912542494020710748e+00
1.913521398425409137e+00
1.914478565077792682e+00
1.915414476663826360e+00
1.916329605164756478e+00
1.917224412090279273e+00
1.918099348706927554e+00
1.918954856262490960e+00
1.919791366206631711e+00
1.920609300407553510e+00
1.921409071364487797e+00
1.922191082415809937e+00
1.922955727942680104e+00
1.923703393568171549e+00
1.924434456351939993e+00
1.925149284980506748e+00
1.925848239953263485e+00
1.926531673764304786e+00
1.927199931080199935e+00
1.927853348913806775e+00
1.928492256794216875e+00
1.929116976932934380e+00
1.929727824386361368e+00
1.930325107214684310e+00
1.930909126637228690e+00
1.931480177184369262e+00
1.932038546846068128e+00
1.932584517217110553e+00
1.933118363639119153e+00
1.933640355339414585e+00
1.934150755566790725e+00
1.934649821724275354e+00
1.935137805498942987e+00
1.935614952988844895e+00
1.936081504827120270e+00
1.936537696303350931e+00
1.936983757482222179e+00
1.937419913319546882e+00
1.937846383775716719e+00
1.938263383926627892e+00
1.938671124072151253e+00
1.939069809842188130e+00
1.939459642300372266e+00
1.939840818045470705e+00
1.940213529310531371e+00
1.940577964059828187e+00
1.940934306083655470e+00
1.941282735091016454e+00
1.941623426800253460e+00
1.941956553027664567e+00
1.942282281774154518e+00
1.942600777309958726e+00
1.942912200257489452e+00
1.943216707672337895e+00
1.943514453122482610e+00
1.943805586765733340e+00
1.944090255425459990e+00
1.944368602664638290e+00
1.944640768858248769e+00
1.944906891264072346e+00
1.945167104091910515e+00
1.945421538571269870e+00
1.945670323017542724e+00
1.945913582896719340e+00
1.946151440888661988e+00
1.946384016948974116e+00
1.946611428369497299e+00
1.946833789837461248e+00
1.947051213493323774e+00
1.947263808987325318e+00
1.947471683534786502e+00
1.947674941970178208e+00
1.947873686799992843e+00
1.948068018254438760e+00
1.948258034337987610e+00
1.948443830878801242e+00
1.948625501577057717e+00
1.948803138052206396e+00
1.948976829889173867e+00
1.949146664683541808e+00
1.949312728085722979e+00
1.949475103844157786e+00
1.949633873847547383e+00
1.949789118166153523e+00
1.949940915092178040e+00
1.950089341179248148e+00
1.950234471281021564e+00
1.950376378588939197e+00
1.950515134669134287e+00
1.950650809498525318e+00
1.950783471500107114e+00
1.950913187577456576e+00
1.951040023148474356e+00
1.951164042178375135e+00
1.951285307211945819e+00
1.951403879405090080e+00
1.951519818555668584e+00
1.951633183133655969e+00
1.951744030310628597e+00
1.951852415988597711e+00
1.951958394828200660e+00
1.952062020276267518e+00
1.952163344592775296e+00
1.952262418877203531e+00
1.952359293094303894e+00
1.952454016099300249e+00
1.952546635662524066e+00
1.952637198493507364e+00
1.952725750264540316e+00
1.952812335633702601e+00
1.952896998267385831e+00
1.952979780862315051e+00
1.953060725167082179e+00
1.953139872003199162e+00
1.953217261285686401e+00
1.953292932043201313e+00
1.953366922437721920e+00
1.953439269783791676e+00
1.953510010567338862e+00
1.953579180464075860e+00
1.953646814357492767e+00
1.953712946356447322e+00
1.953777609812368476e+00
1.953840837336074721e+00
1.953902660814221370e+00
1.953963111425381260e+00
1.954022219655767945e+00
1.954080015314610730e+00
1.954136527549188429e+00
1.954191784859528047e+00
1.954245815112778395e+00
1.954298645557263514e+00
1.954350302836224129e+00
1.954400813001256454e+00
1.954450201525446573e+00
1.954498493316220609e+00
1.954545712727903339e+00
1.954591883574002598e+00
1.954637029139217219e+00
1.954681172191180538e+00
1.954724334991941870e+00
1.954766539309195528e+00
1.954807806427255157e+00
1.954848157157791810e+00
1.954887611850325779e+00
1.954926190402492159e+00
1.954963912270074600e+00
1.955000796476815905e+00
1.955036861624013911e+00
1.955072125899901314e+00
1.955106607088818560e+00
1.955140322580183554e+00
1.955173289377258872e+00
1.955205524105729342e+00
1.955237043022087118e+00
1.955267862021826231e+00
1.955297996647464176e+00
1.955327462096375868e+00
1.955356273228460395e+00
1.955384444573634362e+00
1.955411990339159356e+00
1.955438924416806890e+00
1.955465260389864568e+00
1.955491011539986612e+00
1.955516190853891612e+00
1.955540811029911508e+00
1.955564884484396249e+00
1.955588423357975669e+00
1.955611439521681927e+00
1.955633944582934935e+00
1.955655949891399237e+00
1.955677466544704535e+00
1.955698505394044773e+00
1.955719077049649535e+00
1.955739191886134876e+00
1.955758860047736025e+00
1.955778091453421741e+00
1.955796895801899637e+00
1.955815282576504055e+00
1.955833261049980676e+00
1.955850840289162118e+00
1.955868029159541388e+00
1.955884836329741416e+00
1.955901270275888004e+00
1.955917339285884182e+00
1.955933051463589534e+00
1.955948414732907814e+00
1.955963436841781755e+00
1.955978125366101938e+00
1.955992487713527295e+00
1.956006531127220560e+00
1.956020262689500466e+00
1.956033689325413771e+00
1.956046817806229354e+00
1.956059654752850374e+00
1.956072206639155153e+00
1.956084479795261677e+00
1.956096480410719263e+00
1.956108214537631174e+00
1.956119688093706399e+00
1.956130906865242380e+00
1.956141876510046229e+00
1.956152602560286002e+00
1.956163090425281137e+00
1.956173345394230045e+00
1.956183372638878870e+00
