7.484778869896447917e-01
8.913103918142711857e-01
1.007532689151144023e+00
1.121174126272108218e+00
1.232292014378255640e+00
1.340942392004398576e+00
1.447180053280201273e+00
1.551058575563739828e+00
1.652630346461424260e+00
1.751946590247908997e+00
1.849057393699316876e+00
1.944011731352804695e+00
2.036857490205208343e+00
2.127641493863223321e+00
2.216409526157303578e+00
2.303206354231179809e+00
2.388075751118648782e+00
2.471060517819018809e+00
2.552202504882339795e+00
2.631542633515307816e+00
2.706564129609912772e+00
2.774745742208557076e+00
2.835266560063308017e+00
2.887829482605722919e+00
2.932529475810797592e+00
2.969764691883838292e+00
3.000088761469638765e+00
3.024157945375391510e+00
3.042676966045843479e+00
3.056358668816167690e+00
3.065895020797849924e+00
3.071937254295286301e+00
3.075085033012933344e+00
3.075879211534112478e+00
3.074794257207007053e+00
3.072241283090389352e+00
3.068571015969370208e+00
3.064078143784994879e+00
3.059006483904491258e+00
3.053554544932370440e+00
3.047881162916294073e+00
3.042110981965214123e+00
3.036339621760679730e+00
3.030638430883547230e+00
3.025058769670160519e+00
3.019635799738082493e+00
3.014391782190228408e+00
3.009338904081418686e+00
3.004481664526733820e+00
2.999818859069426580e+00
2.995345204652451798e+00
2.991052648625658783e+00
2.986931404389981726e+00
2.982970754113821066e+00
2.979159655894343395e+00
2.975487189318399839e+00
2.971942869359449624e+00
2.968516854950776107e+00
2.965200074900279592e+00
2.961984290182398727e+00
2.958862108680547998e+00
2.955826965488730806e+00
2.952873079351949759e+00
2.949995393791548182e+00
2.947189509330899959e+00
2.944451612198013546e+00
2.941778402739605891e+00
2.939167026460808518e+00
2.936615009425591172e+00
2.934120199128568363e+00
2.931680711427266495e+00
2.929294883730804155e+00
2.926961234353315788e+00
2.924678427739674458e+00
2.922445245138346248e+00
2.920260560217798673e+00
2.918123319085837775e+00
2.916032524164354545e+00
2.913987221387662974e+00
2.911986490223319901e+00
2.910029436054714314e+00
2.908115184510477125e+00
2.906242877373720113e+00
2.904411669751752356e+00
2.902620728232696568e+00
2.900869229798075377e+00
2.899156361299311424e+00
2.897481319341083772e+00
2.895843310444706109e+00
2.894241551391275369e+00
2.892675269667106086e+00
2.891143703952515409e+00
2.889646104610826161e+00
2.888181734147116320e+00
2.886749867616421383e+00
2.885349792969040372e+00
2.883980811326969373e+00
2.882642237189485090e+00
2.881333398569966064e+00
2.880053637067765848e+00
2.878802307880880651e+00
2.877578779765371131e+00
2.876382434948541178e+00
2.875212669002654486e+00
2.874068890685270716e+00
2.872950521752604569e+00
2.871856996751253721e+00
2.870787762793252984e+00
2.869742279318777012e+00
2.868720017850171278e+00
2.867720461740693505e+00
2.866743105920211310e+00
2.865787456640335851e+00
2.864853031220791824e+00
2.863939357798033214e+00
2.863045975077522787e+00
2.862172432090309915e+00
2.861318287954492501e+00
2.860483111641955567e+00
2.859666481750609446e+00
2.858867986282252360e+00
2.858087222426024532e+00
2.857323796347627010e+00
2.856577322983821166e+00
2.855847425842413578e+00
2.855133736807432321e+00
2.854435895949294810e+00
2.853753551340005856e+00
2.853086358872812589e+00
2.852433982086495678e+00
2.851796091993930027e+00
2.851172366914982881e+00
2.850562492313218677e+00
2.849966160636601131e+00
2.849383071161922576e+00
2.848812929842849062e+00
2.848255449161470665e+00
2.847710347983243295e+00
2.847177351415229651e+00
2.846656190667536279e+00
2.846146602917867696e+00
2.845648331179106538e+00
2.845161124169849565e+00
2.844684736187822693e+00
2.844218926986105345e+00
2.843763461652097480e+00
2.843318110489171158e+00
2.842882648900934228e+00
2.842456857278059967e+00
2.842040520887615607e+00
2.841633429764839569e+00
2.841235378607312789e+00
2.840846166671472162e+00
2.840465597671411047e+00
2.840093479679924648e+00
2.839729625031740756e+00
2.839373850228900320e+00
2.839025975848229244e+00
2.838685826450865868e+00
2.838353230493790402e+00
2.838028020243319460e+00
2.837710031690517720e+00
2.837399104468488975e+00
2.837095081771497718e+00
2.836797810275891951e+00
2.836507140062778376e+00
2.836222924542412649e+00
2.835945020380270520e+00
2.835673287424762101e+00
2.835407588636547960e+00
2.835147790019425962e+00
2.834893760552753772e+00
2.834645372125371487e+00
2.834402499470992431e+00
2.834165020105027466e+00
2.833932814262812627e+00
2.833705764839210328e+00
2.833483757329549935e+00
2.833266679771880181e+00
2.833054422690504559e+00
2.832846879040772148e+00
2.832643944155091020e+00
2.832445515690143356e+00
2.832251493575271173e+00
2.832061779962010917e+00
2.831876279174744493e+00
2.831694897662448529e+00
2.831517543951517446e+00
2.831344128599629251e+00
2.831174564150640283e+00
2.831008765090477830e+00
2.830846647804015959e+00
2.830688130532905689e+00
2.830533133334342644e+00
2.830381578040753077e+00
2.830233388220324997e+00
2.830088489138585572e+00
2.829946807720563839e+00
2.829808272514083178e+00
2.829672813653624441e+00
2.829540362825116784e+00
2.829410853231487000e+00
2.829284219558926061e+00
2.829160397944074479e+00
2.829039325941710814e+00
2.828920942493284851e+00
2.828805187896083151e+00
2.828692003773236152e+00
2.828581333044180468e+00
2.828473119895896115e+00
2.828367309754756587e+00
2.828263849259011309e+00
2.828162686231870726e+00
2.828063769655195792e+00
2.827967049643767439e+00
2.827872477420130259e+00
2.827780005289991294e+00
2.827689586618169493e+00
2.827601175805075417e+00
2.827514728263714971e+00
2.827430200397203386e+00
2.827347549576735730e+00
2.827266734120206682e+00
2.827187713271045233e+00
2.827110447177803465e+00
2.827034896873959369e+00
2.826961024258288546e+00
2.826888792075649359e+00
2.826818163898195291e+00
2.826749104107003863e+00
2.826681577874114115e+00
2.826615551144963323e+00
2.826550990621211845e+00
2.826487863743949003e+00
2.826426138677276434e+00
2.826365784292250716e+00
2.826306770151186143e+00
2.826249066492303008e+00
2.826192644214673422e+00
2.826137474863667620e+00
2.826083530616502415e+00
2.826030784268231066e+00
2.825979209218026256e+00
2.825928779455719742e+00
2.825879469548805645e+00
2.825831254629513012e+00
2.825784110382288272e+00
2.825738013031534379e+00
2.825692939329619069e+00
2.825648866545151350e+00
2.825605772451519115e+00
2.825563635315634592e+00
2.825522433887094564e+00
2.825482147387362808e+00
2.825442755499314007e+00
2.825404238356989062e+00
2.825366576535576435e+00
2.825329751041615101e+00
2.825293743303416871e+00
2.825258535161700557e+00
2.825224108860391770e+00
2.825190447037738917e+00
2.825157532717582853e+00
2.825125349300711797e+00
2.825093880556520443e+00
2.825063110614820072e+00
2.825033023957838285e+00
2.825003605412392371e+00
2.824974840142193688e+00
2.824946713640486884e+00
2.824919211722630497e+00
2.824892320518969324e+00
2.824866026467840463e+00
2.824840316308731669e+00
2.824815177075597372e+00
2.824790596090319017e+00
2.824766560956308847e+00
2.824743059552262014e+00
2.824720080026041913e+00
2.824697610788703628e+00
2.824675640508647945e+00
2.824654158105909474e+00
2.824633152746565123e+00
2.824612613837274910e+00
2.824592531019935571e+00
2.824572894166458958e+00
2.824553693373664576e+00
2.824534918958283569e+00
2.824516561452075525e+00
2.824498611597055842e+00
2.824481060340779504e+00
2.824463898831897080e+00
2.824447118415591262e+00
2.824430710629232344e+00
2.824414667198114071e+00
2.824398980031278761e+00
2.824383641217437901e+00
2.824368643020982450e+00
2.824353977878080180e+00
2.824339638392865837e+00
2.824325617333705463e+00
2.866446272576314680e+00
2.963570662560283342e+00
3.034672506610213372e+00
3.103298790642263771e+00
3.170401142947938400e+00
3.236013404320737585e+00
3.300168664077383962e+00
3.362899276745293875e+00
3.424236878379486093e+00
3.484212402517154583e+00
3.542856095777942915e+00
3.600197533117803772e+00
3.656265632744123195e+00
3.711088670699636882e+00
3.764694295122491319e+00
3.817109540189645323e+00
3.868360839750638824e+00
3.918474040658606494e+00
3.967474415805263721e+00
4.015386676866427251e+00
4.062234986764515554e+00
4.108042971854291459e+00
4.152833733838018127e+00
4.196629861416016460e+00
4.239453441678509016e+00
4.281326071244493825e+00
4.322268867153265859e+00
4.362302477514081289e+00
4.401447091919329146e+00
4.439722451626462174e+00
4.477147859513840089e+00
4.513742189815470596e+00
4.549523897639594416e+00
4.584279188801619220e+00
4.616445164807826629e+00
4.645568393531886109e+00
4.671432554025801487e+00
4.693997883751213962e+00
4.713358609376373742e+00
4.729695254208187372e+00
4.743240353019883671e+00
4.754257215380620849e+00
4.763022030155590336e+00
4.769810660085826548e+00
4.774889234474350985e+00
4.778507773851826457e+00
4.780896195805538262e+00
4.782262156151685595e+00
4.782790273752661747e+00
4.782642368212768780e+00
4.781958412416719817e+00
4.780857962164761332e+00
4.779441877023875129e+00
4.777794190127570673e+00
4.775984019870072039e+00
4.774067445839970780e+00
4.772089295122778907e+00
4.770084803241473104e+00
4.768081128675007108e+00
4.766098711017465739e+00
4.764152470979820642e+00
4.762252856346261609e+00
4.760406742179857709e+00
4.758618196010089285e+00
4.756889120734947518e+00
4.755219787906520779e+00
4.753609274702577103e+00
4.752055817103002511e+00
4.750557091182926683e+00
4.749110433494673877e+00
4.747713010323725946e+00
4.746361944713195946e+00
4.745054408947024349e+00
4.743787689464888935e+00
4.742559229449090807e+00
4.741366654421112159e+00
4.740207784391293977e+00
4.739080636321355122e+00
4.737983419625344972e+00
4.736914526593086983e+00
4.735872519646796341e+00
4.734856116803699777e+00
4.733864176281108449e+00
4.732895681017073919e+00
4.731949723661299956e+00
4.731025492458381443e+00
4.730122258160265325e+00
4.729239362231829169e+00
4.728376206210750610e+00
4.727532242395830586e+00
4.726706965733152188e+00
4.725899906838810338e+00
4.725110626065752939e+00
4.724338708513095675e+00
4.723583759873186239e+00
4.722845403013122834e+00
4.722123275191942859e+00
4.721417025821338598e+00
4.720726314690083747e+00
4.720050810559913046e+00
4.719390190057166201e+00
4.718744136903392672e+00
4.718112341282920674e+00
4.717494499391106544e+00
4.716890313110739363e+00
4.716299489786424104e+00
4.715721742072156886e+00
4.715156787832006202e+00
4.714604350095064511e+00
4.714064156988071019e+00
4.713535941722009071e+00
4.713019442576749540e+00
4.712514402887422627e+00
4.712020571011516168e+00
4.711537700337872003e+00
4.711065549250211149e+00
4.710603881092748857e+00
4.710152464128523064e+00
4.709711071490567669e+00
4.709279481126329436e+00
4.708857475735916509e+00
4.708444842704902378e+00
4.708041374032425175e+00
4.707646866255378093e+00
4.707261120369429008e+00
4.706883941747586952e+00
4.706515140056980684e+00
4.706154529174419565e+00
4.705801927101294524e+00
4.705457155878247200e+00
4.705120041500029160e+00
4.704790413830856721e+00
4.704468106520556248e+00
4.704152956921722861e+00
4.703844806008064872e+00
4.703543498294077807e+00
4.703248881756155519e+00
4.702960807755215633e+00
4.702679130960888187e+00
4.702403709277302113e+00
4.702134403770480198e+00
4.701871078597349651e+00
4.701613600936354054e+00
4.701361840919653368e+00
4.701115671566883591e+00
4.700874968720450298e+00
4.700639610982326744e+00
4.700409479652309486e+00
4.700184458667721721e+00
4.699964434544502190e+00
4.699749296319655656e+00
4.699538935495030323e+00
4.699333245982390217e+00
4.699132124049733683e+00
4.698935468268846449e+00
4.698743179464037745e+00
4.698555160662046148e+00
4.698371317043064543e+00
4.698191555892881510e+00
4.698015786556092976e+00
4.697843920390356587e+00
4.697675870721679026e+00
4.697511552800698986e+00
4.697350883759945361e+00
4.697193782572045784e+00
4.697040170008871307e+00
4.696889968601583476e+00
4.696743102601575792e+00
4.696599497942274937e+00
4.696459082201799973e+00
4.696321784566444002e+00
4.696187535794969392e+00
4.696056268183694371e+00
4.695927915532355890e+00
4.695802413110723883e+00
4.695679697625966931e+00
4.695559707190734677e+00
4.695442381291949907e+00
4.695327660760294286e+00
4.695215487740368232e+00
4.695105805661519582e+00
4.694998559209312639e+00
4.694893694297634923e+00
4.694791158041421220e+00
4.694690898729983353e+00
4.694592865800932380e+00
4.694497009814678989e+00
4.694403282429503221e+00
4.694311636377171304e+00
4.694222025439101387e+00
4.694134404423051521e+00
4.694048729140330778e+00
4.693964956383512188e+00
4.693883043904646613e+00
4.693802950393951789e+00
4.693724635458980110e+00
4.693648059604250022e+00
4.693573184211327742e+00
4.693499971519347724e+00
4.693428384605971893e+00
4.693358387368770757e+00
4.693289944507012201e+00
4.693223021503860615e+00
4.693157584608972144e+00
4.693093600821469202e+00
4.693031037873300448e+00
4.692969864212966691e+00
4.692910048989608285e+00
4.692851562037448687e+00
4.692794373860578183e+00
4.692738455618083115e+00
4.692683779109493969e+00
4.692630316760570075e+00
4.692578041609391626e+00
4.692526927292760774e+00
4.692476948032905604e+00
4.692428078624484300e+00
4.692380294421870879e+00
4.692333571326723352e+00
4.692287885775834333e+00
4.692243214729248990e+00
4.692199535658638787e+00
4.692156826535949676e+00
4.692115065822284770e+00
4.692074232457045468e+00
4.692034305847310627e+00
4.691995265857450192e+00
4.691957092798969775e+00
4.691919767420583476e+00
4.691883270898503433e+00
4.691847584826947859e+00
4.691812691208859576e+00
4.691778572446824391e+00
4.691745211334203525e+00
4.691712591046453440e+00
4.691680695132638412e+00
4.691649507507137606e+00
4.691619012441529790e+00
4.691589194556665454e+00
4.691560038814905020e+00
4.691531530512540016e+00
4.691503655272376783e+00
4.691476399036484501e+00
4.691449748059103975e+00
4.691423688899721611e+00
4.691398208416282856e+00
4.691373293758572594e+00
4.691348932361728785e+00
4.691325111939907089e+00
4.691301820480086704e+00
4.691279046236010331e+00
4.691256777722261795e+00
4.691235003708471574e+00
4.691213713213655545e+00
4.691192895500674531e+00
4.691172540070821739e+00
4.691152636658527442e+00
4.691133175226181784e+00
4.691114145959071280e+00
4.691095539260430769e+00
4.691077345746604621e+00
4.691059556242310080e+00
4.691042161776016961e+00
4.691025153575414386e+00
4.691008523062994762e+00
4.690992261851723022e+00
4.690976361740810674e+00
4.690960814711575111e+00
4.690945612923400176e+00
4.690930748709781106e+00
4.690916214574455623e+00
4.690902003187624736e+00
4.690888107382259697e+00
4.690874520150482674e+00
4.690861234640033572e+00
4.690848244150815916e+00
4.690835542131519098e+00
4.690823122176309923e+00
4.690810978021604960e+00
4.690799103542913073e+00
4.690787492751743670e+00
4.690776139792588673e+00
4.690765038939967546e+00
4.690754184595542498e+00
4.690743571285294067e+00
4.690733193656758893e+00
4.690723046476333202e+00
4.690713124626630481e+00
4.690703423103902203e+00
4.690693937015514514e+00
4.690684661577481762e+00
4.690675592112050651e+00
4.690666724045344793e+00
4.690658052905055442e+00
4.690649574318188186e+00
4.690641284008854939e+00
4.690633177796118325e+00
4.690625251591887590e+00
4.690617501398849143e+00
4.690609923308456608e+00
4.524137236311892352e+00
4.422639641572834179e+00
4.323395926771403275e+00
4.228758136230504228e+00
4.141610450468773408e+00
4.062935719001964152e+00
3.993132778009563566e+00
3.932170641176863768e+00
3.879726964978415182e+00
3.835286513781014595e+00
3.798188885950661842e+00
3.767702014353477846e+00
3.743068654289174013e+00
3.723540430815159397e+00
3.708401806183511340e+00
3.696990986507449950e+00
3.688703191443484908e+00
3.682993153883117543e+00
3.679378964955914100e+00
3.677441106842652019e+00
3.676819535693820029e+00
3.677209478624392958e+00
3.678356464005778648e+00
3.680050982705939777e+00
3.682123076941467676e+00
3.684437070729628783e+00
3.686886589360706790e+00
3.689389963301813236e+00
3.691886069241747670e+00
3.694330632076712639e+00
3.696692987083535442e+00
3.698953285893618048e+00
3.701100118444645926e+00
3.703128516301409601e+00
3.705038299189855611e+00
3.706832725137608531e+00
3.708517405195475458e+00
3.710099445550567587e+00
3.711586782311098620e+00
3.712987677289466770e+00
3.714310346681198194e+00
3.715562697674479775e+00
3.716752151343154953e+00
3.717885533419504895e+00
3.718969017382078857e+00
3.720008106659238312e+00
3.721007646001401881e+00
3.721971852065967035e+00
3.722904358047578022e+00
3.723808265457449806e+00
3.724686199918426865e+00
3.725540367574522449e+00
3.726372609995525664e+00
3.727184456022913484e+00
3.727977169600937390e+00
3.728751793051173991e+00
3.729509185551000972e+00
3.730250056830961114e+00
3.730974996266420263e+00
3.731684497653716903e+00
3.732378980031602289e+00
3.733058804946186360e+00
3.733724290570070714e+00
3.734375723080570975e+00
3.735013365683362618e+00
3.735637465631001408e+00
3.736248259600088328e+00
3.736845977682694997e+00
3.737430846232227211e+00
3.738003089830534975e+00
3.738562932586683374e+00
3.739110598846446365e+00
3.739646313497227759e+00
3.740170302012127745e+00
3.740682790267323643e+00
3.741184004194721524e+00
3.741674169379649140e+00
3.742153510611431866e+00
3.742622251424708502e+00
3.743080613654388600e+00
3.743528817019975197e+00
3.743967078748871469e+00
3.744395613244564824e+00
3.744814631801998139e+00
3.745224342370035764e+00
3.745624949359216416e+00
3.746016653491808679e+00
3.746399651690464516e+00
3.746774137001373628e+00
3.747140298547721571e+00
3.747498321509285191e+00
3.747848387124220526e+00
3.748190672709363902e+00
3.748525351695710217e+00
3.748852593676076150e+00
3.749172564462337931e+00
3.749485426149976153e+00
3.749791337187981632e+00
3.750090452452520928e+00
3.750382923322999051e+00
3.750668897759428244e+00
3.750948520380227968e+00
3.751221932539752224e+00
3.751489272405029940e+00
3.751750675031290783e+00
3.752006272436025025e+00
3.752256193671339446e+00
3.752500564894516000e+00
3.752739509436682219e+00
3.752973147869580028e+00
3.753201598070437406e+00
3.753424975284974874e+00
3.753643392188600991e+00
3.753856958945846145e+00
3.754065783268123901e+00
3.754269970469867879e+00
3.754469623523128963e+00
3.754664843110702588e+00
3.754855727677847366e+00
3.755042373482667895e+00
3.755224874645213706e+00
3.755403323195356524e+00
3.755577809119490684e+00
3.755748420406114452e+00
3.755915243090319766e+00
3.756078361297249923e+00
3.756237857284543846e+00
3.756393811483804690e+00
3.756546302541136306e+00
3.756695407356752447e+00
3.756841201123701790e+00
3.756983757365731869e+00
3.757123147974303023e+00
3.757259443244787001e+00
3.757392711911860417e+00
3.757523021184114853e+00
3.757650436777905778e+00
3.757775022950452293e+00
3.757896842532206794e+00
3.758015956958506099e+00
3.758132426300531570e+00
3.758246309295578236e+00
3.758357663376660440e+00
3.758466544701459355e+00
3.758573008180631447e+00
3.758677107505492554e+00
3.758778895175088230e+00
3.758878422522661022e+00
3.758975739741537314e+00
3.759070895910435972e+00
3.759163939018220102e+00
3.759254915988093693e+00
3.759343872701268019e+00
3.759430854020097801e+00
3.759515903810707993e+00
3.759599064965116533e+00
3.759680379422862817e+00
3.759759888192165000e+00
3.759837631370595901e+00
3.759913648165308597e+00
3.759987976912808616e+00
3.760060655098288684e+00
3.760131719374534498e+00
3.760201205580409489e+00
3.760269148758927038e+00
3.760335583174927443e+00
3.760400542332355212e+00
3.760464058991156655e+00
3.760526165183804892e+00
3.760586892231448264e+00
3.760646270759712362e+00
3.760704330714141896e+00
3.760761101375301507e+00
3.760816611373548390e+00
3.760870888703464310e+00
3.760923960737976302e+00
3.760975854242163408e+00
3.761026595386751215e+00
3.761076209761313294e+00
3.761124722387175101e+00
3.761172157730030552e+00
3.761218539712285036e+00
3.761263891725116437e+00
3.761308236640272806e+00
3.761351596821605359e+00
3.761393994136350116e+00
3.761435449966153310e+00
3.761475985217855200e+00
3.761515620334033638e+00
3.761554375303314934e+00
3.761592269670451127e+00
3.761629322546180099e+00
3.761665552616861863e+00
3.761700978153902586e+00
3.761735617022968992e+00
3.761769486692999376e+00
3.761802604245012116e+00
3.761834986380720114e+00
3.761866649430954279e+00
3.761897609363898720e+00
3.761927881793145634e+00
3.761957481985565899e+00
3.761986424869012247e+00
3.762014725039845686e+00
3.762042396770296726e+00
3.762069454015663172e+00
3.762095910421347611e+00
3.762121779329740789e+00
3.762147073786948237e+00
3.762171806549370778e+00
3.762195990090137609e+00
3.762219636605396822e+00
3.762242758020466038e+00
3.762265365995844935e+00
3.762287471933098981e+00
3.762309086980607287e+00
3.762330222039185212e+00
3.762350887767582197e+00
3.762371094587857012e+00
3.762390852690632670e+00
3.762410172040238976e+00
3.762429062379732514e+00
3.762447533235816266e+00
3.762465593923637996e+00
3.762483253551494045e+00
3.762500521025417211e+00
3.762517405053672270e+00
3.762533914151144909e+00
3.762550056643639174e+00
3.762565840672072337e+00
3.762581274196583614e+00
3.762596365000547394e+00
3.762611120694498101e+00
3.762625548719968904e+00
3.762639656353244710e+00
3.762653450709032121e+00
3.762666938744045453e+00
3.762680127260517260e+00
3.762693022909628482e+00
3.762705632194861760e+00
3.762717961475282369e+00
3.762730016968744540e+00
3.762741804755027175e+00
3.762753330778898953e+00
3.762764600853119923e+00
3.762775620661369391e+00
3.762786395761112956e+00
3.762796931586406934e+00
3.762807233450636613e+00
3.762817306549198104e+00
3.762827155962116255e+00
3.762836786656608368e+00
3.762846203489588426e+00
3.762855411210115797e+00
3.762864414461792872e+00
3.762873217785102309e+00
3.762881825619702969e+00
3.762890242306663247e+00
3.762898472090654423e+00
3.762906519122087623e+00
3.762914387459210364e+00
3.762922081070151137e+00
3.762929603834921810e+00
3.762936959547373394e+00
3.762944151917109625e+00
3.762951184571358354e+00
3.762958061056799863e+00
3.762964784841355659e+00
3.762971359315938624e+00
3.762977787796162321e+00
3.762984073524011652e+00
3.762990219669480219e+00
3.762996229332168596e+00
3.763002105542844866e+00
3.763007851264977610e+00
3.763013469396226274e+00
3.763018962769904441e+00
3.763024334156409356e+00
3.763029586264616810e+00
3.763034721743249822e+00
3.763039743182211794e+00
3.763044653113895688e+00
3.763049454014458561e+00
3.763054148305072122e+00
3.763058738353141308e+00
3.763063226473502887e+00
3.763067614929586746e+00
3.763071905934562089e+00
3.763076101652451655e+00
3.763080204199223289e+00
3.763084215643857089e+00
3.763088138009388572e+00
3.763091973273930080e+00
3.763095723371667312e+00
3.763099390193834548e+00
3.763102975589668997e+00
3.763106481367343381e+00
3.763109909294878097e+00
3.763113261101031615e+00
3.763116538476173112e+00
3.756216055801533393e+00
3.822954853729770175e+00
3.881055799621834002e+00
3.930887093205434279e+00
3.979611821129396709e+00
4.027254556056219847e+00
4.073839324981963550e+00
4.119389621353450437e+00
4.163928416916384379e+00
4.207478173300376767e+00
4.250060853346700362e+00
4.291697932184506570e+00
4.332410408061078577e+00
4.372218812931582654e+00
4.411143222813660891e+00
4.449203267912094084e+00
4.486418142518624030e+00
4.522806614691948113e+00
4.558387035722748060e+00
4.593177349388541941e+00
4.627195101003023225e+00
4.660457446264435255e+00
4.692981159907473554e+00
4.724782644163051160e+00
4.755877937030205338e+00
4.786282720364320120e+00
4.816012327785736069e+00
4.845081752412743192e+00
4.873505654422848110e+00
4.901298368446141751e+00
4.928473910794476609e+00
4.955045986530125290e+00
4.981027996377457079e+00
5.006433043481143486e+00
5.031273940014279411e+00
5.055563213639773679e+00
5.079313113828243686e+00
5.102535618035626719e+00
5.124636210570744588e+00
5.144895468251929671e+00
5.163073169834430765e+00
5.179070121711916386e+00
5.192893398777888692e+00
5.204627313347836015e+00
5.214401817766170844e+00
5.222377122818435247e+00
5.228729616977442873e+00
5.233641274116660469e+00
5.237291907475909447e+00
5.239853714655237304e+00
5.241487640895020839e+00
5.242341161918197656e+00
5.242547155167804007e+00
5.242223584379080314e+00
5.241473776266554196e+00
5.240387110479060695e+00
5.239039980787571160e+00
5.237496918160421622e+00
5.235811790994726600e+00
5.234029020456155479e+00
5.232184766436395407e+00
5.230308051572290395e+00
5.228421803565955095e+00
5.226543805285522204e+00
5.224687545368661645e+00
5.222862970368882252e+00
5.221077141600559024e+00
5.219334800598806723e+00
5.217638851990290760e+00
5.215990769399185822e+00
5.214390934750524842e+00
5.212838916622044572e+00
5.211333697292943157e+00
5.209873854927541181e+00
5.208457707641213297e+00
5.207083424923259152e+00
5.205749113373842718e+00
5.204452880035739248e+00
5.203192878218485973e+00
5.201967338458431733e+00
5.200774589142015181e+00
5.199613068106491376e+00
5.198481327123412932e+00
5.197378032529246461e+00
5.196301961323974261e+00
5.195251995239654086e+00
5.194227113752867275e+00
5.193226385947095736e+00
5.192248961523706186e+00
5.191294062662520581e+00
5.190360975758443018e+00
5.189449043740214762e+00
5.188557658965101460e+00
5.187686256780481564e+00
5.186834309766487294e+00
5.186001322651825340e+00
5.185186827887483751e+00
5.184390381972593609e+00
5.183611561684796420e+00
5.182849961712944875e+00
5.182105192308241293e+00
5.181376877119135749e+00
5.180664651755980898e+00
5.179968162433146617e+00
5.179287064891207493e+00
5.178621023537230528e+00
5.177969710755011334e+00
5.177332806350595007e+00
5.176709997118502216e+00
5.176100976485504823e+00
5.175505444246705444e+00
5.174923106347407042e+00
5.174353674710549633e+00
5.173796867096821295e+00
5.173252406988701146e+00
5.172720023491487851e+00
5.172199451249771762e+00
5.171690430356767010e+00
5.171192706287341956e+00
5.170706029821943162e+00
5.170230156972857927e+00
5.169764848909644606e+00
5.169309871886978769e+00
5.168864997156147112e+00
5.168430000894073117e+00
5.168004664119420610e+00
5.167588772609024161e+00
5.167182116812834458e+00
5.166784491767670850e+00
5.166395697010106147e+00
5.166015536488810511e+00
5.165643818476640448e+00
5.165280355486706831e+00
5.164924964174259614e+00
5.164577465258640032e+00
5.164237683434986792e+00
5.163905447288979822e+00
5.163580589216580918e+00
5.163262945330520992e+00
5.162952355387615988e+00
5.162648662710398462e+00
5.162351714101705014e+00
5.162061359765783841e+00
5.161777453239440483e+00
5.161499851315814347e+00
5.161228413975696760e+00
5.160963004305920698e+00
5.160703488438809217e+00
5.160449735486063894e+00
5.160201617465653534e+00
5.159959009239108774e+00
5.159721788444284307e+00
5.159489835440124850e+00
5.159263033243902896e+00
5.159041267475820369e+00
5.158824426294364329e+00
5.158612400341903381e+00
5.158405082685574961e+00
5.158202368769987167e+00
5.158004156366124526e+00
5.157810345509033390e+00
5.157620838456169921e+00
5.157435539635906174e+00
5.157254355599205198e+00
5.157077194972409018e+00
5.156903968414975559e+00
5.156734588563788080e+00
5.156568969997952223e+00
5.156407029197504599e+00
5.156248684490652323e+00
5.156093856021452204e+00
5.155942465707428646e+00
5.155794437200135860e+00
5.155649695850530456e+00
5.155508168660703383e+00
5.155369784255953824e+00
5.155234472846682792e+00
5.155102166193164415e+00
5.154972797571097054e+00
5.154846301737929792e+00
5.154722614899937660e+00
5.154601674683945589e+00
5.154483420095267832e+00
5.154367791499757878e+00
5.154254730581046218e+00
5.154144180320014534e+00
5.154036084963924402e+00
5.153930389998251371e+00
5.153827042123065638e+00
5.153725989219435810e+00
5.153627180325344170e+00
5.153530565606198266e+00
5.153436096340381134e+00
5.153343724881943366e+00
5.153253404645403712e+00
5.153165090080102928e+00
5.153078736647157321e+00
5.152994300796925664e+00
5.152911739946993919e+00
5.152831012460659998e+00
5.152752077629800809e+00
5.152674895643732711e+00
5.152599427581922242e+00
5.152525635381666191e+00
5.152453481827767412e+00
5.152382930531645755e+00
5.152313945912935900e+00
5.152246493181501741e+00
5.152180538323764658e+00
5.152116048074933730e+00
5.152052989911115155e+00
5.151991332034710602e+00
5.151931043347755868e+00
5.151872093445111211e+00
5.151814452597016647e+00
5.151758091737953293e+00
5.151702982441364043e+00
5.151649096914187709e+00
5.151596407980735037e+00
5.151544889068933486e+00
5.151494514196889085e+00
5.151445257959752944e+00
5.151397095516881741e+00
5.151350002579295762e+00
5.151303955397406931e+00
5.151258930749033738e+00
5.151214905927679055e+00
5.151171858731072639e+00
5.151129767449972086e+00
5.151088610857205374e+00
5.151048368196970983e+00
5.151009019174361825e+00
5.150970543945136981e+00
5.150932923105710159e+00
5.150896137683365517e+00
5.150860169126690202e+00
5.150824999296219175e+00
5.150790610459196728e+00
5.150756985270042776e+00
5.150724106770518063e+00
5.150691958379081115e+00
5.150660523882504727e+00
5.150629787427672746e+00
5.150599733517479351e+00
5.150570346996311777e+00
5.150541613040718225e+00
5.150513517158739063e+00
5.150486045180477923e+00
5.150459183250898576e+00
5.150432917822791445e+00
5.150407235653813309e+00
5.150382123789182032e+00
5.150357569564036453e+00
5.150333560594924975e+00
5.150310084773528807e+00
5.150287130260517543e+00
5.150264685479546856e+00
5.150242739115304502e+00
5.150221280101106025e+00
5.150200297611616129e+00
5.150179781068101370e+00
5.150159720120391249e+00
5.150140104650506423e+00
5.150120924765421826e+00
5.150102170795924472e+00
5.150083833281093426e+00
5.150065902972391640e+00
5.150048370826882049e+00
5.150031228006514361e+00
5.150014465863036683e+00
5.149998075942505693e+00
5.149982049978905962e+00
5.149966379889928447e+00
5.149951057772857332e+00
5.149936075904458121e+00
5.149921426726465690e+00
5.149907102850664664e+00
5.149893097053051427e+00
5.149879402270160611e+00
5.149866011595465309e+00
5.149852918275873215e+00
5.149840115708298249e+00
5.149827597440221894e+00
5.149815357155838491e+00
5.149803388681767125e+00
5.149791685985751322e+00
5.149780243162997095e+00
5.149769054442077554e+00
5.149758114179912027e+00
5.149747416858876825e+00
5.149736957083992372e+00
5.149726729580164530e+00
5.149716729193412945e+00
5.149706950877661171e+00
5.149697389701085370e+00
5.149688040841528647e+00
5.149678899584025693e+00
5.149669961318409150e+00
5.149661221536949718e+00
5.149652675832069093e+00
4.967048470202600541e+00
4.855715482351201651e+00
4.746854781536351986e+00
4.640411467559026448e+00
4.536331859347190409e+00
4.434563467883571697e+00
4.335054969734607688e+00
4.237756181167214642e+00
4.142618032840325704e+00
4.049592545058429138e+00
3.958632803574644754e+00
3.869692935931114075e+00
3.782728088324780025e+00
3.697694402986897444e+00
3.614548996064856023e+00
3.533249935995162794e+00
3.453756222356683558e+00
3.376027765193471808e+00
3.300025364796760563e+00
3.225710691935918639e+00
3.153046268528405971e+00
3.081995448738973575e+00
3.012522400498581554e+00
2.944592087433711480e+00
2.878170251196959573e+00
2.813223394190003557e+00
2.749718762670224859e+00
2.687624330232472047e+00
2.626908781657627756e+00
2.567541497119844252e+00
2.509492536744471813e+00
2.452732625508899034e+00
2.397233138478690240e+00
2.342966086371570444e+00
2.289904101441981865e+00
2.238020423679089266e+00
2.187288887311277907e+00
2.137683907610334888e+00
2.089180467988660084e+00
2.041754107382997230e+00
1.997205664659452484e+00
1.956774306126869423e+00
1.920901382090500542e+00
1.889724875159001671e+00
1.863162496511385102e+00
1.840993101359579276e+00
1.822881711618337341e+00
1.808431986834069027e+00
1.797219249699543608e+00
1.788815069005887048e+00
1.782804889677774618e+00
1.778800036832670628e+00
1.776445255123318967e+00
1.775422781785687132e+00
1.775453797271980605e+00
1.776297954728578876e+00
1.777751561979809880e+00
1.779644874780620833e+00
1.781838862440168425e+00
1.784221723304103113e+00
1.786705357017194240e+00
1.789221941232955526e+00
1.791720715375923811e+00
1.794165035290240517e+00
1.796529734158533564e+00
1.798798803010505987e+00
1.800963387830180507e+00
1.803020088974010449e+00
1.804969541186355331e+00
1.806815247915381839e+00
1.808562641365677237e+00
1.810218339128033760e+00
1.811789569516577547e+00
1.813283738850471893e+00
1.814708116598694909e+00
1.816069615988426200e+00
1.817374651443056655e+00
1.818629056112121445e+00
1.819838045008061345e+00
1.821006212336241381e+00
1.822137552707619568e+00
1.823235499504428869e+00
1.824302972839388026e+00
1.825342433311653245e+00
1.826355937359591897e+00
1.827345192222888492e+00
1.828311607655347171e+00
1.829256343923724382e+00
1.830180355239770185e+00
1.831084428206245063e+00
1.831969215267175377e+00
1.832835263274454229e+00
1.833683037705124530e+00
1.834512942483673248e+00
1.835325336188304846e+00
1.836120545113596902e+00
1.836898873408453037e+00
1.837660610859618071e+00
1.838406038688651600e+00
1.839135433598657610e+00
1.839849070835885447e+00
1.840547225937393616e+00
1.841230175741847885e+00
1.841898198797848663e+00
1.842551575333901015e+00
1.843190587099110322e+00
1.843815516496502660e+00
1.844426646090307598e+00
1.845024257894282149e+00
1.845608632528002113e+00
1.846180048791478567e+00
1.846738782961777625e+00
1.847285108231616402e+00
1.847819294221236142e+00
1.848341606565810480e+00
1.848852306576972859e+00
1.849351650974517591e+00
1.849839891682651505e+00
1.850317275684217666e+00
1.850784044925872784e+00
1.851240436267205469e+00
1.851686681466986784e+00
1.852123007350088946e+00
1.852549635592079635e+00
1.852966782860727468e+00
1.853374660909615557e+00
1.853773476667736286e+00
1.854163432339786644e+00
1.854544725511193315e+00
1.854917549262075083e+00
1.855282092258605076e+00
1.855638538875702848e+00
1.855987069306800574e+00
1.856327859657692869e+00
1.856661082046002109e+00
1.856986904711565023e+00
1.857305492109222911e+00
1.857617005008169064e+00
1.857921600564653497e+00
1.858219432423342088e+00
1.858510650797840613e+00
1.858795402551761677e+00
1.859073831277137989e+00
1.859346077376655471e+00
1.859612278120001072e+00
1.859872567736035043e+00
1.860127077461462664e+00
1.860375935622620602e+00
1.860619267697546597e+00
1.860857196379684719e+00
1.861089841639979259e+00
1.861317320793760999e+00
1.861539748542647477e+00
1.861757237046753444e+00
1.861969895977667822e+00
1.862177832579833270e+00
1.862381151707156901e+00
1.862579955896460637e+00
1.862774345398340525e+00
1.862964418241957132e+00
1.863150270287162957e+00
1.863331995261713780e+00
1.863509684805612077e+00
1.863683428528239983e+00
1.863853314049951138e+00
1.864019427046052391e+00
1.864181851289829828e+00
1.864340668694654868e+00
1.864495959361503807e+00
1.864647801602054233e+00
1.864796271992609666e+00
1.864941445409266541e+00
1.865083395065593175e+00
1.865222192549486957e+00
1.865357907859225950e+00
1.865490609438731351e+00
1.865620364212055682e+00
1.865747237623441190e+00
1.865871293653105667e+00
1.865992594864003928e+00
1.866111202429978189e+00
1.866227176166567414e+00
1.866340574561137000e+00
1.866451454802345422e+00
1.866559872808961629e+00
1.866665883258046721e+00
1.866769539618842177e+00
1.866870894162518058e+00
1.866969998003030984e+00
1.867066901119498468e+00
1.867161652381359893e+00
1.867254299572983500e+00
1.867344889417731135e+00
1.867433467601493424e+00
1.867520078802037631e+00
1.867604766694314078e+00
1.867687573986972716e+00
1.867768542440492174e+00
1.867847712894522560e+00
1.867925125271231890e+00
1.868000818609908853e+00
1.868074831083222476e+00
1.868147200016408993e+00
1.868217961906039060e+00
1.868287152438375953e+00
1.868354806507332100e+00
1.868420958232034801e+00
1.868485640980334983e+00
1.868548887368412625e+00
1.868610729291709349e+00
1.868671197937609829e+00
1.868730323801118587e+00
1.868788136700197944e+00
1.868844665790769577e+00
1.868899939581389891e+00
1.868953985947602092e+00
1.869006832145975849e+00
1.869058504827838529e+00
1.869109030052702902e+00
1.869158433301402189e+00
1.869206739488933566e+00
1.869253972983349277e+00
1.869300157600837231e+00
1.869345316638563848e+00
1.869389472865821356e+00
1.869432648549975040e+00
1.869474865470590164e+00
1.869516144913138778e+00
1.869556507694178027e+00
1.869595974168395403e+00
1.869634564245118646e+00
1.869672297381078874e+00
1.869709192604661618e+00
1.869745268522056580e+00
1.869780543326557742e+00
1.869815034807667420e+00
1.869848760360009798e+00
1.869881736992055066e+00
1.869913981334658137e+00
1.869945509649415527e+00
1.869976337836843028e+00
1.870006481444376423e+00
1.870035955674200556e+00
1.870064775390906986e+00
1.870092955135312485e+00
1.870120509120915653e+00
1.870147451244689840e+00
1.870173795087994861e+00
1.870199553940825155e+00
1.870224740787834738e+00
1.870249368329282458e+00
1.870273448983950093e+00
1.870296994895282117e+00
1.870320017937408652e+00
1.870342529721043645e+00
1.870364541599269792e+00
1.870386064673201343e+00
1.870407109797537215e+00
1.870427687585995979e+00
1.870447808416638713e+00
1.870467482437083273e+00
1.870486719569603551e+00
1.870505529522453747e+00
1.870523921783880716e+00
1.870541905624204304e+00
1.870559490111598500e+00
1.870576684119558131e+00
1.870593496314092219e+00
1.870609935172534044e+00
1.870626008984362931e+00
1.870641725855296089e+00
1.870657093711301178e+00
1.870672120302530494e+00
1.870686813207175003e+00
1.870701179835244421e+00
1.870715227432266925e+00
1.870728963082918472e+00
1.870742393714573959e+00
1.870755526100784882e+00
1.870768366871013999e+00
1.870780922496764864e+00
1.870793199315675448e+00
1.870805203514109172e+00
1.870816941144738399e+00
1.870828418126164516e+00
1.870839640245830715e+00
1.870850613162879483e+00
1.870861342410954586e+00
1.870871833400944872e+00
1.870882091430008609e+00
1.870892121673336295e+00
1.870901929184038082e+00
1.870911518906780202e+00
1.870920895683157559e+00
1.870930064236842938e+00
1.870939029190398895e+00
1.870947795064146657e+00
1.870956366278353711e+00
1.870964747155382968e+00
