8.121493939708528398e-01
9.301295594162307667e-01
1.045489829004777604e+00
1.158288380772391823e+00
1.268582100839550586e+00
1.376426612099893143e+00
1.481876302271738277e+00
1.584984351326685026e+00
1.685802758309124627e+00
1.784382367560195526e+00
1.880772894359398650e+00
1.975022949996811716e+00
2.067180066288544005e+00
2.157290719547792612e+00
2.245400354023595391e+00
2.331553404819092901e+00
2.415793320300867020e+00
2.498162584010647613e+00
2.578702736090444425e+00
2.657454394231909323e+00
2.734457274160489781e+00
2.809750209664705345e+00
2.883371172180651865e+00
2.955357289941606069e+00
3.025744866702389846e+00
3.094569400047937346e+00
3.161865599295293539e+00
3.227667402998085411e+00
3.260356820571923997e+00
3.265313509995904084e+00
3.256056682795792412e+00
3.242536351572695708e+00
3.230004978733391319e+00
3.220166711741156540e+00
3.212805584588823482e+00
3.207048562207975184e+00
3.202065632819279362e+00
3.197321048380073805e+00
3.192569831939215064e+00
3.187758792799093577e+00
3.182924556497685131e+00
3.178124714521384231e+00
3.173404670239908132e+00
3.168789171101917379e+00
3.164286048842118504e+00
3.159893341255911814e+00
3.155605300564320981e+00
3.151415959056182103e+00
3.147320573999519144e+00
3.143315779506960617e+00
3.139399196778238643e+00
3.135568969393256022e+00
3.131823425940682970e+00
3.128160903980180318e+00
3.124579694051433876e+00
3.121078047742024353e+00
3.117654207054855409e+00
3.114306431699779054e+00
3.111033016142470409e+00
3.107832296758377577e+00
3.104702652553958941e+00
3.101642502936092338e+00
3.098650304848201920e+00
3.095724550371514283e+00
3.092863765057770387e+00
3.090066506854282302e+00
3.087331365375042935e+00
3.084656961313468226e+00
3.082041945876840217e+00
3.079485000194741584e+00
3.076984834697096716e+00
3.074540188475215707e+00
3.072149828641408398e+00
3.069812549698221371e+00
3.067527172922788203e+00
3.065292545767762444e+00
3.063107541278177415e+00
3.060971057522881900e+00
3.058882017039300294e+00
3.056839366290639237e+00
3.054842075135006052e+00
3.052889136306117468e+00
3.050979564905393016e+00
3.049112397905242577e+00
3.047286693663362911e+00
3.045501531447813104e+00
3.043756010972651360e+00
3.042049251943896859e+00
3.040380393615578214e+00
3.038748594355655808e+00
3.037153031221564881e+00
3.035592899545201284e+00
3.034067412527112761e+00
3.032575800839705682e+00
3.031117312239259842e+00
3.029691211186560817e+00
3.028296778475953577e+00
3.026933310872635730e+00
3.025600120758008327e+00
3.024296535782893258e+00
3.023021898528460483e+00
3.021775566174679462e+00
3.020556910176137144e+00
3.019365315945048422e+00
3.018200182541314280e+00
3.017060922369454001e+00
3.015946960882273320e+00
3.014857736291112200e+00
3.013792699282521248e+00
3.012751312741241527e+00
3.011733051479322132e+00
3.010737401971260496e+00
3.009763862095028220e+00
3.008811940878836300e+00
3.007881158253532750e+00
3.006971044810497595e+00
3.006081141564911796e+00
3.005210999724279297e+00
3.004360180462104069e+00
3.003528254696572919e+00
3.002714802874165922e+00
3.001919414758071891e+00
3.001141689221292985e+00
3.000381234044358081e+00
2.999637665717512558e+00
2.998910609247312120e+00
2.998199697967506516e+00
2.997504573354125235e+00
2.996824884844666581e+00
2.996160289661301324e+00
2.995510452638012300e+00
2.994875046051556300e+00
2.994253749456189162e+00
2.993646249522066149e+00
2.993052239877217247e+00
2.992471420953041417e+00
2.991903499833232782e+00
2.991348190106052574e+00
2.990805211719890444e+00
2.990274290842029892e+00
2.989755159720549393e+00
2.989247556549289531e+00
2.988751225335822603e+00
2.988265915772348347e+00
2.987791383109464682e+00
2.987327388032732234e+00
2.986873696541982870e+00
2.986430079833316764e+00
2.985996314183704925e+00
2.985572180838166112e+00
2.985157465899447082e+00
2.984751960220144440e+00
2.984355459297237001e+00
2.983967763168942966e+00
2.983588676313880583e+00
2.983218007552463025e+00
2.982855569950483510e+00
2.982501180724840495e+00
2.982154661151358965e+00
2.981815836474653203e+00
2.981484535820001280e+00
2.981160592107165108e+00
2.980843841966127172e+00
2.980534125654709765e+00
2.980231286978003880e+00
2.979935173209602439e+00
2.979645635014578353e+00
2.979362526374172315e+00
2.979085704512150379e+00
2.978815029822805105e+00
2.978550365800545663e+00
2.978291578971055564e+00
2.978038538823983838e+00
2.977791117747121685e+00
2.977549190962047732e+00
2.977312636461200590e+00
2.977081334946347191e+00
2.976855169768421572e+00
2.976634026868691052e+00
2.976417794721244015e+00
2.976206364276737126e+00
2.975999628907400663e+00
2.975797484353271738e+00
2.975599828669604374e+00
2.975406562175466618e+00
2.975217587403461650e+00
2.975032809050576876e+00
2.974852133930124598e+00
2.974675470924740939e+00
2.974502730940435491e+00
2.974333826861661478e+00
2.974168673507379790e+00
2.974007187588103118e+00
2.973849287663887786e+00
2.973694894103269259e+00
2.973543929043097389e+00
2.973396316349266488e+00
2.973251981578327374e+00
2.973110851939937405e+00
2.972972856260152952e+00
2.972837924945539001e+00
2.972705989948066119e+00
2.972576984730798344e+00
2.972450844234333811e+00
2.972327504843994550e+00
2.972206904357745039e+00
2.972088981954825737e+00
2.971973678165074073e+00
2.971860934838938650e+00
2.971750695118148489e+00
2.971642903407044400e+00
2.971537505344536978e+00
2.971434447776690302e+00
2.971333678729918493e+00
2.971235147384773789e+00
2.971138804050314608e+00
2.971044600139053138e+00
2.970952488142444725e+00
2.970862421606929704e+00
2.970774355110509468e+00
2.970688244239835907e+00
2.970604045567813323e+00
2.970521716631701281e+00
2.970441215911695299e+00
2.970362502809988037e+00
2.970285537630301675e+00
2.970210281557857268e+00
2.970136696639813056e+00
2.970064745766111791e+00
2.969994392650772586e+00
2.969925601813589999e+00
2.969858338562241240e+00
2.969792568974787716e+00
2.969728259882569166e+00
2.969665378853480586e+00
2.969603894175609771e+00
2.969543774841245654e+00
2.969484990531243263e+00
2.969427511599730618e+00
2.969371309059160247e+00
2.969316354565687988e+00
2.969262620404880870e+00
2.969210079477739850e+00
2.969158705287031630e+00
2.969108471923924686e+00
2.969059354054930377e+00
2.969011326909118509e+00
2.968964366265626875e+00
2.968918448441451474e+00
2.968873550279495621e+00
2.968829649136893511e+00
2.968786722873597128e+00
2.968744749841201624e+00
2.968703708872031388e+00
2.968663579268468578e+00
2.968624340792509919e+00
2.968585973655560206e+00
2.968548458508458943e+00
2.968511776431712601e+00
2.968475908925963580e+00
2.968440837902652341e+00
2.968406545674897590e+00
2.968373014948579414e+00
2.968340228813614257e+00
2.968308170735425300e+00
2.968276824546611348e+00
2.968246174438787133e+00
2.968216204954608806e+00
2.968186900979986831e+00
2.968158247736453870e+00
2.968130230773721845e+00
2.968102835962385999e+00
2.968076049486802148e+00
2.968049857838121142e+00
2.968024247807474758e+00
2.967999206479311702e+00
2.967974721224887702e+00
2.967950779695898600e+00
2.967927369818245786e+00
2.967904479785953065e+00
2.967882098055207862e+00
2.967860213338545439e+00
2.967838814599149444e+00
2.967817891045294587e+00
2.967797432124896329e+00
2.967777427520192024e+00
2.967757867142539308e+00
2.967738741127325941e+00
2.967720039828994683e+00
2.967701753816180066e+00
2.967683873866953537e+00
2.967666390964168510e+00
2.967649296290916894e+00
2.967632581226078869e+00
2.967616237339980589e+00
2.967600256390138913e+00
2.967584630317101624e+00
2.967569351240392450e+00
2.967554411454526253e+00
2.967539803425127243e+00
2.967525519785135124e+00
3.078499041241522072e+00
3.146152102731746503e+00
3.212302844108830158e+00
3.276984626253606425e+00
3.340230069227185794e+00
3.402071068721774338e+00
3.462538812146187528e+00
3.521663794354157773e+00
3.579475833023380016e+00
3.636004083693046063e+00
3.691277054467449137e+00
3.745322620393080282e+00
3.798168037516459705e+00
3.849839956629801385e+00
3.900364436711432958e+00
3.949766958067760125e+00
3.998072435183388951e+00
4.045305229285904858e+00
4.091489160631629041e+00
4.136647520518557108e+00
4.180803083032532896e+00
4.223978116532586924e+00
4.266194394881227758e+00
4.307473208425349753e+00
4.347835374733294067e+00
4.387301249093489730e+00
4.425890734779942548e+00
4.463623293089784561e+00
4.500517953157914697e+00
4.536593321553696434e+00
4.571867591664550368e+00
4.606358552871172130e+00
4.640083599519001289e+00
4.673059739690470060e+00
4.705303603782452271e+00
4.736831452893238925e+00
4.767659187023270739e+00
4.797802353093766570e+00
4.827276152787280949e+00
4.856095450214159115e+00
4.884274779408745992e+00
4.911828351659133673e+00
4.938770062674142203e+00
4.965113499591146784e+00
4.990871947828291688e+00
5.016058397784536993e+00
5.033364124865574496e+00
5.039308293779865444e+00
5.038294615549076205e+00
5.034168262513412095e+00
5.029372134434677122e+00
5.025059610973855229e+00
5.021536361881429045e+00
5.018690668955224865e+00
5.016286251285426268e+00
5.014112191769861226e+00
5.012032127893662370e+00
5.009979905281238821e+00
5.007936212095134287e+00
5.005905206514203343e+00
5.003898377681641918e+00
5.001926138545361056e+00
4.999994971781524633e+00
4.998107565959928777e+00
4.996264047611150616e+00
4.994463248850084192e+00
4.992703596229293161e+00
4.990983580400590647e+00
4.989301920894572362e+00
4.987657563820579121e+00
4.986049616595446210e+00
4.984477278785031551e+00
4.982939792738701357e+00
4.981436416903171072e+00
4.979966415900573651e+00
4.978529059937064183e+00
4.977123627830411401e+00
4.975749410367020786e+00
4.974405712637383736e+00
4.973091855155074015e+00
4.971807174063173740e+00
4.970551020828758659e+00
4.969322761738334648e+00
4.968121777376822479e+00
4.966947462167299321e+00
4.965799223983546895e+00
4.964676483819927988e+00
4.963578675496830073e+00
4.962505245384377872e+00
4.961455652134111105e+00
4.960429366414141228e+00
4.959425870646633427e+00
4.958444658748743628e+00
4.957485235877533647e+00
4.956547118179931211e+00
4.955629832548123836e+00
4.954732916380562457e+00
4.953855917348303883e+00
4.952998393166806679e+00
4.952159911373024137e+00
4.951340049107159302e+00
4.950538392899463069e+00
4.949754538461834663e+00
4.948988090483938507e+00
4.948238662433692703e+00
4.947505876362500388e+00
4.946789362714584470e+00
4.946088760140616714e+00
4.945403715315472404e+00
4.944733882760099952e+00
4.944078924667130615e+00
4.943438510730729263e+00
4.942812317979808689e+00
4.942200030615357953e+00
4.941601339850980601e+00
4.941015943757316009e+00
4.940443547109732769e+00
4.939883861239414919e+00
4.939336603887797494e+00
4.938801499064218170e+00
4.938278276906721054e+00
4.937766673546020613e+00
4.937266430972312214e+00
4.936777296905173529e+00
4.936299024666489288e+00
4.935831373055842519e+00
4.935374106229025060e+00
4.934926993579048293e+00
4.934489809619830858e+00
4.934062333872486938e+00
4.933644350754140540e+00
4.933235649469196460e+00
4.932836023903033329e+00
4.932445272518106272e+00
4.932063198252159886e+00
4.931689608419008053e+00
4.931324314611303272e+00
4.930967132605517556e+00
4.930617882269035412e+00
4.930276387469353594e+00
4.929942475985149564e+00
4.929615979419439853e+00
4.929296733114767903e+00
4.928984576070107870e+00
4.928679350859702879e+00
4.928380903553527759e+00
4.928089083639815016e+00
4.927803743949103144e+00
4.927524740580054186e+00
4.927251932826735903e+00
4.926985183107817967e+00
4.926724356897141277e+00
4.926469322655908201e+00
4.926219951766204197e+00
4.925976118466284248e+00
4.925737699787108959e+00
4.925504575490312398e+00
4.925276628007573265e+00
4.925053742381365396e+00
4.924835806206830924e+00
4.924622709575303681e+00
4.924414345018671924e+00
4.924210607455393962e+00
4.924011394137294495e+00
4.923816604597951674e+00
4.923626140601866652e+00
4.923439906094984053e+00
4.923257807156195653e+00
4.923079751950097283e+00
4.922905650680604595e+00
4.922735415545660409e+00
4.922568960693005202e+00
4.922406202176729195e+00
4.922247057915144275e+00
4.922091447649186158e+00
4.921939292902101748e+00
4.921790516939822169e+00
4.921645044732244401e+00
4.921502802915401986e+00
4.921363719754468846e+00
4.921227725107575779e+00
4.921094750390436978e+00
4.920964728541814104e+00
4.920837593989539904e+00
4.920713282617619200e+00
4.920591731733834351e+00
4.920472880038127883e+00
4.920356667591683220e+00
4.920243035786749708e+00
4.920131927316970355e+00
4.920023286148497377e+00
4.919917057491847601e+00
4.919813187774215280e+00
4.919711624612443046e+00
4.919612316786601269e+00
4.919515214214210452e+00
4.919420267924825119e+00
4.919327430035551174e+00
4.919236653726737352e+00
4.919147893218426937e+00
4.919061103747258912e+00
4.918976241543907335e+00
4.918893263810955929e+00
4.918812128701415709e+00
4.918732795297566796e+00
4.918655223590353565e+00
4.918579374459065789e+00
4.918505209651770294e+00
4.918432691765969089e+00
4.918361784229730915e+00
4.918292451283249100e+00
4.918224657960808877e+00
4.918158370073153485e+00
4.918093554190280159e+00
4.918030177624484800e+00
4.917968208413885378e+00
4.917907615306461366e+00
4.917848367744086957e+00
4.917790435847271269e+00
4.917733790400040661e+00
4.917678402835193197e+00
4.917624245219896828e+00
4.917571290241599336e+00
4.917519511194257120e+00
4.917468881964863314e+00
4.917419377020282312e+00
4.917370971394422696e+00
4.917323640675490992e+00
4.917277360993844937e+00
4.917232109009900931e+00
4.917187861902362123e+00
4.917144597356704061e+00
4.917102293553970327e+00
4.917060929159662308e+00
4.917020483312988688e+00
4.916980935616463100e+00
4.916942266125559513e+00
4.916904455338682922e+00
4.916867484187195991e+00
4.916831334025952849e+00
4.916795986623855086e+00
4.916761424154683979e+00
4.916727629187982451e+00
4.916694584680403324e+00
4.916662273967124186e+00
4.916630680753274696e+00
4.916599789105940310e+00
4.916569583445912883e+00
4.916540048539995489e+00
4.916511169493274380e+00
4.916482931741585460e+00
4.916455321044230331e+00
4.916428323476631945e+00
4.916401925423529384e+00
4.916376113571901740e+00
4.916350874904421353e+00
4.916326196692835104e+00
4.916302066491573974e+00
4.916278472131381250e+00
4.916255401713231166e+00
4.916232843602328373e+00
4.916210786422245960e+00
4.916189219049149628e+00
4.916168130606327402e+00
4.916147510458494629e+00
4.916127348206586589e+00
4.916107633682471167e+00
4.916088356943801863e+00
4.916069508269015564e+00
4.916051078152425369e+00
4.916033057299427078e+00
4.916015436621815837e+00
4.915998207233198691e+00
4.915981360444563464e+00
4.915964887759746382e+00
4.915948780871306489e+00
4.915933031656330776e+00
4.915917632172225993e+00
4.915902574652728063e+00
4.915887851504093575e+00
4.915873455301259298e+00
4.915859378783934197e+00
4.915845614853114220e+00
4.915832156567434552e+00
4.915818997139670188e+00
4.915806129933312896e+00
4.915793548459228113e+00
4.915781246372378455e+00
4.915769217468620944e+00
4.915757455681633026e+00
4.915745955079694696e+00
4.915734709862870311e+00
4.915723714360016317e+00
4.915712963025930193e+00
4.915702450438544702e+00
4.915692171296240254e+00
4.915682120415069356e+00
4.915672292726149806e+00
4.915662683273221312e+00
4.915653287210094646e+00
4.741272970986670110e+00
4.634953608033463901e+00
4.530995198359570431e+00
4.429345314070086026e+00
4.329952691496518291e+00
4.232767205343696659e+00
4.137739843410778384e+00
4.044822681873611714e+00
3.953968861115980449e+00
3.866247018241954159e+00
3.825157657254625754e+00
3.815883209443460267e+00
3.822430214683529837e+00
3.833605935015464983e+00
3.843650028532398455e+00
3.850722923111938201e+00
3.855067873186350802e+00
3.857641430660637472e+00
3.859363203436050771e+00
3.860842694264521313e+00
3.862375449118596649e+00
3.864042776164754223e+00
3.865818683968718084e+00
3.867645089550068693e+00
3.869470731556039933e+00
3.871263748484861100e+00
3.873010203474286151e+00
3.874707733207821470e+00
3.876359402753499328e+00
3.877969613741604871e+00
3.879542113215495469e+00
3.881079442624334241e+00
3.882583111476615390e+00
3.884053989968939469e+00
3.885492659337121513e+00
3.886899632814450278e+00
3.888275456415367870e+00
3.889620731443292012e+00
3.890936100940103781e+00
3.892222225896877053e+00
3.893479765870555998e+00
3.894709367533732092e+00
3.895911660030228152e+00
3.897087254512295207e+00
3.898236745512325463e+00
3.899360712663881401e+00
3.900459722093041925e+00
3.901534327326277918e+00
3.902585069810275087e+00
3.903612479203065089e+00
3.904617073568808827e+00
3.905599359555699923e+00
3.906559832590784431e+00
3.907498977097298098e+00
3.908417266727647554e+00
3.909315164602651382e+00
3.910193123549803307e+00
3.911051586336464325e+00
3.911890985896474326e+00
3.912711745550175646e+00
3.913514279218397895e+00
3.914298991631124824e+00
3.915066278531301514e+00
3.915816526874139392e+00
3.916550115022087830e+00
3.917267412935557580e+00
3.917968782359476432e+00
3.918654577005732609e+00
3.919325142731580502e+00
3.919980817714074472e+00
3.920621932620625305e+00
3.921248810775764149e+00
3.921861768324207187e+00
3.922461114390281001e+00
3.923047151233828522e+00
3.923620174402638661e+00
3.924180472881496407e+00
3.924728329237920033e+00
3.925264019764663548e+00
3.925787814619061677e+00
3.926299977959267551e+00
3.926800768077474579e+00
3.927290437530178924e+00
3.927769233265547388e+00
3.928237396747954246e+00
3.928695164079761604e+00
3.929142766120381491e+00
3.929580428602709841e+00
3.930008372246961645e+00
3.930426812871988140e+00
3.930835961504112852e+00
3.931236024483559355e+00
3.931627203568510698e+00
3.932009696036859125e+00
3.932383694785696715e+00
3.932749388428597559e+00
3.933106961390735901e+00
3.933456594001895734e+00
3.933798462587418054e+00
3.934132739557116842e+00
3.934459593492234841e+00
3.934779189230458218e+00
3.935091687949049621e+00
3.935397247246128938e+00
3.935696021220155050e+00
3.935988160547638781e+00
3.936273812559134111e+00
3.936553121313535186e+00
3.936826227670730649e+00
3.937093269362640591e+00
3.937354381062678321e+00
3.937609694453665821e+00
3.937859338294243727e+00
3.938103438483810059e+00
3.938342118126007652e+00
3.938575497590811825e+00
3.938803694575234271e+00
3.939026824162676910e+00
3.939244998880973458e+00
3.939458328759135597e+00
3.939666921382847242e+00
3.939870881948715375e+00
3.940070313317329820e+00
3.940265316065128864e+00
3.940455988535130682e+00
3.940642426886521221e+00
3.940824725143155849e+00
3.941002975240970763e+00
3.941177267074352564e+00
3.941347688541469552e+00
3.941514325588605150e+00
3.941677262253496128e+00
3.941836580707718696e+00
3.941992361298126912e+00
3.942144682587373161e+00
3.942293621393529346e+00
3.942439252828826124e+00
3.942581650337534604e+00
3.942720885733003389e+00
3.942857029233879818e+00
3.942990149499514541e+00
3.943120313664596033e+00
3.943247587373002183e+00
3.943372034810905813e+00
3.943493718739149667e+00
3.943612700524891324e+00
3.943729040172556211e+00
3.943842796354095181e+00
3.943954026438577287e+00
3.944062786521120412e+00
3.944169131451177979e+00
3.944273114860207485e+00
3.944374789188710650e+00
3.944474205712684256e+00
3.944571414569477241e+00
3.944666464783076698e+00
3.944759404288830762e+00
3.944850279957623052e+00
3.944939137619513758e+00
3.945026022086847828e+00
3.945110977176857769e+00
3.945194045733758870e+00
3.945275269650357686e+00
3.945354689889177813e+00
3.945432346503122911e+00
3.945508278655668555e+00
3.945582524640619759e+00
3.945655121901417317e+00
3.945726107050026243e+00
3.945795515885395677e+00
3.945863383411516434e+00
3.945929743855070448e+00
3.945994630682695625e+00
3.946058076617861232e+00
3.946120113657369366e+00
3.946180773087496263e+00
3.946240085499765016e+00
3.946298080806378561e+00
3.946354788255300061e+00
3.946410236445008213e+00
3.946464453338913270e+00
3.946517466279465758e+00
3.946569302001942781e+00
3.946619986647931011e+00
3.946669545778510813e+00
3.946718004387149481e+00
3.946765386912298723e+00
3.946811717249728346e+00
3.946857018764570402e+00
3.946901314303105313e+00
3.946944626204285544e+00
3.946986976310998596e+00
3.947028385981082188e+00
3.947068876098097423e+00
3.947108467081860361e+00
3.947147178898740449e+00
3.947185031071728023e+00
3.947222042690282429e+00
3.947258232419956325e+00
3.947293618511810820e+00
3.947328218811620104e+00
3.947362050768871811e+00
3.947395131445564420e+00
3.947427477524815043e+00
3.947459105319270467e+00
3.947490030779334358e+00
3.947520269501212375e+00
3.947549836734778772e+00
3.947578747391263132e+00
3.947607016050774575e+00
3.947634656969651878e+00
3.947661684087653278e+00
3.947688111034988179e+00
3.947713951139192101e+00
3.947739217431841308e+00
3.947763922655135982e+00
3.947788079268315098e+00
3.947811699453946943e+00
3.947834795124069984e+00
3.947857377926202727e+00
3.947879459249212797e+00
3.947901050229067454e+00
3.947922161754443326e+00
3.947942804472222011e+00
3.947962988792857786e+00
3.947982724895627626e+00
3.948002022733765326e+00
3.948020892039479701e+00
3.948039342328863999e+00
3.948057382906696944e+00
3.948075022871130102e+00
3.948092271118281538e+00
3.948109136346718451e+00
3.948125627061847442e+00
3.948141751580199088e+00
3.948157518033629021e+00
3.948172934373411547e+00
3.948188008374254654e+00
3.948202747638218213e+00
3.948217159598550463e+00
3.948231251523433905e+00
3.948245030519653476e+00
3.948258503536177244e+00
3.948271677367664267e+00
3.948284558657889853e+00
3.948297153903093548e+00
3.948309469455260068e+00
3.948321511525321181e+00
3.948333286186285651e+00
3.948344799376303893e+00
3.948356056901662914e+00
3.948367064439713303e+00
3.948377827541732277e+00
3.948388351635726767e+00
3.948398642029165018e+00
3.948408703911658435e+00
3.948418542357575056e+00
3.948428162328601942e+00
3.948437568676243181e+00
3.948446766144273479e+00
3.948455759371121143e+00
3.948464552892216428e+00
3.948473151142272819e+00
3.948481558457525242e+00
3.948489779077918982e+00
3.948497817149244860e+00
3.948505676725228675e+00
3.948513361769583785e+00
3.948520876157999737e+00
3.948528223680105143e+00
3.948535408041371486e+00
3.948542432864987628e+00
3.948549301693685010e+00
3.948556017991525557e+00
3.948562585145643844e+00
3.948569006467962605e+00
3.948575285196857632e+00
3.948581424498792014e+00
3.948587427469916200e+00
3.948593297137622304e+00
3.948599036462080658e+00
3.948604648337722178e+00
3.948610135594707859e+00
3.948615501000347638e+00
3.948620747260503272e+00
3.948625877020946806e+00
3.948630892868699949e+00
3.948635797333333919e+00
3.948640592888249756e+00
3.948645281951923103e+00
3.948649866889123228e+00
3.948654350012108072e+00
3.948658733581788649e+00
3.948663019808869912e+00
3.948667210854964083e+00
3.948671308833683113e+00
3.948675315811702724e+00
3.948679233809807343e+00
3.948683064803906628e+00
3.948686810726032004e+00
4.025169259603328165e+00
4.071800335122358838e+00
4.117395909791812691e+00
4.161978978191967826e+00
4.205572024279936372e+00
4.248197032728685762e+00
4.289875500014258769e+00
4.330628445256797576e+00
4.370476420820818220e+00
4.409439522680100865e+00
4.447537400552410425e+00
4.484789267809164315e+00
4.521213911165046895e+00
4.556829700152447593e+00
4.591654596385514431e+00
4.625706162618482331e+00
4.659001571602851222e+00
4.691557614747884131e+00
4.723390710588777353e+00
4.754516913066801465e+00
4.784951919625552108e+00
4.814711079127427240e+00
4.843809399594304566e+00
4.872261555776328912e+00
4.900081896552620719e+00
4.927284452167650208e+00
4.953882941306912535e+00
4.979890778015480635e+00
5.005321078462927176e+00
5.030186667558013802e+00
5.054500085416503197e+00
5.078273593685340259e+00
5.101519181726391849e+00
5.124248572662884804e+00
5.146473229291555818e+00
5.168204359863527664e+00
5.189452923736810774e+00
5.210229636903281225e+00
5.230544977392930228e+00
5.250409190558099404e+00
5.269832294240381465e+00
5.288824083822772693e+00
5.307394137169646697e+00
5.325551819457020386e+00
5.343306287895568829e+00
5.360666496348747145e+00
5.377641199848372189e+00
5.394238959009924450e+00
5.410468144349801278e+00
5.426336940506707229e+00
5.441853350369293629e+00
5.457025199112149672e+00
5.471860138142158547e+00
5.486365648957226782e+00
5.500548921655984635e+00
5.506757181505231635e+00
5.507247433459045993e+00
5.504689675141293037e+00
5.501042167997542975e+00
5.497396957926639516e+00
5.494184276948991474e+00
5.491451432964212565e+00
5.489085304376669860e+00
5.486945766026697591e+00
5.484924675785584292e+00
5.482958610682885592e+00
5.481020131996236167e+00
5.479103534153937360e+00
5.477212824394690927e+00
5.475354203663544972e+00
5.473532545005433292e+00
5.471750463107160734e+00
5.470008652476874289e+00
5.468306605506501938e+00
5.466643256778445981e+00
5.465017403400604934e+00
5.463427912263434827e+00
5.461873783111988345e+00
5.460354137464267232e+00
5.458868182560576265e+00
5.457415176650432187e+00
5.455994405224040555e+00
5.454605168521147185e+00
5.453246777019661984e+00
5.451918551226874854e+00
5.450619823068859837e+00
5.449349937365602692e+00
5.448108252792451367e+00
5.446894142258067895e+00
5.445706992851808259e+00
5.444546205551259455e+00
5.443411194838227551e+00
5.442301388308524501e+00
5.441216226312408644e+00
5.440155161632135972e+00
5.439117659189665055e+00
5.438103195774529830e+00
5.437111259783743655e+00
5.436141350968710206e+00
5.435192980186802636e+00
5.434265669156966183e+00
5.433358950219561834e+00
5.432472366100526528e+00
5.431605469680811815e+00
5.430757823770568038e+00
5.429929000888517265e+00
5.429118583046024682e+00
5.428326161536467076e+00
5.427551336729021791e+00
5.426793717867133715e+00
5.426052922871456907e+00
5.425328578147186498e+00
5.424620318395639629e+00
5.423927786430049025e+00
5.423250632995425313e+00
5.422588516592417029e+00
5.421941103305152332e+00
5.421308066632638756e+00
5.420689087324318756e+00
5.420083853218993220e+00
5.419492059087397173e+00
5.418913406478251815e+00
5.418347603567760906e+00
5.417794365012435165e+00
5.417253411805188712e+00
5.416724471134698682e+00
5.416207276247612334e+00
5.415701566314240267e+00
5.415207086296950578e+00
5.414723586821603263e+00
5.414250824051570987e+00
5.413788559565004377e+00
5.413336560234508710e+00
5.412894598109633471e+00
5.412462450301705807e+00
5.412039898871652710e+00
5.411626730720010769e+00
5.411222737479453038e+00
5.410827715409709526e+00
5.410441465294810293e+00
5.410063792342623579e+00
5.409694506086679233e+00
5.409333420289907046e+00
5.408980352850941919e+00
5.408635125712210723e+00
5.408297564770131238e+00
5.407967499787308618e+00
5.407644764306674290e+00
5.407329195567547764e+00
5.407020634423546745e+00
5.406718925262394393e+00
5.406423915927235591e+00
5.406135457640125708e+00
5.405853404926925343e+00
5.405577615543927017e+00
5.405307950406125883e+00
5.405044273517065179e+00
5.404786451900259081e+00
5.404534355532127243e+00
5.404287857276485418e+00
5.404046832820225355e+00
5.403811160610842990e+00
5.403580721795062658e+00
5.403355400158959654e+00
5.403135082069138839e+00
5.402919656415654970e+00
5.402709014555897582e+00
5.402503050259865880e+00
5.402301659656379762e+00
5.402104741180927761e+00
5.401912195524367633e+00
5.401723925582902375e+00
5.401539836408963957e+00
5.401359835163345835e+00
5.401183831068535390e+00
5.401011735362854616e+00
5.400843461255750100e+00
5.400678923883814875e+00
5.400518040268213582e+00
5.400360729272763116e+00
5.400206911563008916e+00
5.400056509566215190e+00
5.399909447432245102e+00
5.399765650995301591e+00
5.399625047736534178e+00
5.399487566747462886e+00
5.399353138694216625e+00
5.399221695782570052e+00
5.399093171723751361e+00
5.398967501701076088e+00
5.398844622337115595e+00
5.398724471661751068e+00
5.398606989081073948e+00
5.398492115346742004e+00
5.398379792526101006e+00
5.398269963972956553e+00
5.398162574299010252e+00
5.398057569345929174e+00
5.397954896158027260e+00
5.397854502955569345e+00
5.397756339108712886e+00
5.397660355111771224e+00
5.397566502558471591e+00
5.397474734117469808e+00
5.397385003508473389e+00
5.397297265478965933e+00
5.397211475781232615e+00
5.397127591150072234e+00
5.397045569281119448e+00
5.396965368809442332e+00
5.396886949288669300e+00
5.396810271170582318e+00
5.396735295785181741e+00
5.396661985321177468e+00
5.396590302806989037e+00
5.396520212091888702e+00
5.396451677828063787e+00
5.396384665452510276e+00
5.396319141169876765e+00
5.396255071935146752e+00
5.396192425437186024e+00
5.396131170082430373e+00
5.396071274978751831e+00
5.396012709920091410e+00
5.395955445371160231e+00
5.395899452452533218e+00
5.395844702926149594e+00
5.395791169180865765e+00
5.395738824218815566e+00
5.395687641641517374e+00
5.395637595636782358e+00
5.395588660965615624e+00
5.395540812949489506e+00
5.395494027457945485e+00
5.395448280896233406e+00
5.395403550193626607e+00
5.395359812791719278e+00
5.395317046633043567e+00
5.395275230149944257e+00
5.395234342253701243e+00
5.395194362323953996e+00
5.395155270198099373e+00
5.395117046161413299e+00
5.395079670936821614e+00
5.395043125675466733e+00
5.395007391946916364e+00
5.394972451730086327e+00
5.394938287404075439e+00
5.394904881739276625e+00
5.394872217888743826e+00
5.394840279379494064e+00
5.394809050104425019e+00
5.394778514314116258e+00
5.394748656608884474e+00
5.394719461931016369e+00
5.394690915557228905e+00
5.394663003091049625e+00
5.394635710455771616e+00
5.394609023887285915e+00
5.394582929927135950e+00
5.394557415415782486e+00
5.394532467485769978e+00
5.394508073555457806e+00
5.394484221322660922e+00
5.394460898758304701e+00
5.394438094100428849e+00
5.394415795848202855e+00
5.394393992756271849e+00
5.394372673829004761e+00
5.394351828314939645e+00
5.394331445701358696e+00
5.394311515708985816e+00
5.394292028286808538e+00
5.394272973607003863e+00
5.394254342059991991e+00
5.394236124249585096e+00
5.394218310988246223e+00
5.394200893292523169e+00
5.394183862378372218e+00
5.394167209656749229e+00
5.394150926729485818e+00
5.394135005384768533e+00
5.394119437593218436e+00
5.394104215503763733e+00
5.394089331439672286e+00
5.394074777894675599e+00
5.394060547529193173e+00
5.394046633166621696e+00
5.394033027789726376e+00
5.394019724537094440e+00
5.394006716699684567e+00
5.393993997717493549e+00
5.393981561176053319e+00
5.393969400803417358e+00
5.393957510466917959e+00
5.393945884170136651e+00
5.393934516049667671e+00
5.393923400372389487e+00
5.393912531532494725e+00
5.393901904048658658e+00
5.202715270688511140e+00
5.086149009330036108e+00
4.972171246335048700e+00
4.860724500887920740e+00
4.751752568605802196e+00
4.645200493193853752e+00
4.541014538729903016e+00
4.439142162564556848e+00
4.339531988823097208e+00
4.242133782495807637e+00
4.146898424103646619e+00
4.053777884926508257e+00
3.962725202781568257e+00
3.873694458339498770e+00
3.786640751966615426e+00
3.701520181081271232e+00
3.618289818013077586e+00
3.536907688353795098e+00
3.457332749788960324e+00
3.379524871399593788e+00
3.303444813423528359e+00
3.229054207466168780e+00
3.156315537150695683e+00
3.085192119197952554e+00
3.015648084926480621e+00
2.947648362163365565e+00
2.881158657556779357e+00
2.816145439281290574e+00
2.752575920127228404e+00
2.690418040965564916e+00
2.629640454579981856e+00
2.570212509857967564e+00
2.512104236332967755e+00
2.455286329069796825e+00
2.399730133885691785e+00
2.345407632899545458e+00
2.292291430402039420e+00
2.240354739039549514e+00
2.189571366304851274e+00
2.139915701327820052e+00
2.091362701959456061e+00
2.043887882142728873e+00
1.997467299563864040e+00
1.952077543577850349e+00
1.907695723402075716e+00
1.864299457065485166e+00
1.835583569161027828e+00
1.827625129641555990e+00
1.831285017455641206e+00
1.839014668369156613e+00
1.846508959047944876e+00
1.852197991687411172e+00
1.856097953259600031e+00
1.858820961498509172e+00
1.860991394877359539e+00
1.863020360789793051e+00
1.865094785716223891e+00
1.867251665323733656e+00
1.869458630578412439e+00
1.871668729654543339e+00
1.873846284861818479e+00
1.875972740540191586e+00
1.878042884206682972e+00
1.880058739891085073e+00
1.882024715084040789e+00
1.883944920179035476e+00
1.885822248522232014e+00
1.887658446377098009e+00
1.889454532868987791e+00
1.891211206750057050e+00
1.892929105505684495e+00
1.894608918255861418e+00
1.896251403877863728e+00
1.897857367015115315e+00
1.899427626657318680e+00
1.900962993032887960e+00
1.902464255869925402e+00
1.903932181205490570e+00
1.905367512681903630e+00
1.906770974218741532e+00
1.908143272397334833e+00
1.909485098025132777e+00
1.910797126962133774e+00
1.912080020495926735e+00
1.913334425529196192e+00
1.914560974828637407e+00
1.915760286942612689e+00
1.916932966777674885e+00
1.918079605786759290e+00
1.919200782263384530e+00
1.920297061641059067e+00
1.921368996787966132e+00
1.922417128378565820e+00
1.923441984880946976e+00
1.924444083143001638e+00
1.925423928548876340e+00
1.926382015347843035e+00
1.927318826609674796e+00
1.928234834786226815e+00
1.929130501846997969e+00
1.930006279502386901e+00
1.930862609428072529e+00
1.931699923573825473e+00
1.932518644094038063e+00
1.933319183880771064e+00
1.934101946669035899e+00
1.934867327229608636e+00
1.935615711563680730e+00
1.936347477097047243e+00
1.937062992871642519e+00
1.937762619818967025e+00
1.938446710654333272e+00
1.939115610373940868e+00
1.939769656325115443e+00
1.940409178365175791e+00
1.941034499023168713e+00
1.941645933662048407e+00
1.942243790638971568e+00
1.942828371462283599e+00
1.943399971030518314e+00
1.943958877492861781e+00
1.944505372799209209e+00
1.945039732449648895e+00
1.945562225940782541e+00
1.946073116793159974e+00
1.946572662672520826e+00
1.947061115516516283e+00
1.947538721662861905e+00
1.948005722061830758e+00
1.948462352110998719e+00
1.948908842093835636e+00
1.949345417278315118e+00
1.949772297730552495e+00
1.950189698739823507e+00
1.950597830822705214e+00
1.950996899819229302e+00
1.951387106993617504e+00
1.951768649136421452e+00
1.952141718665586057e+00
1.952506503725119025e+00
1.952863188280965723e+00
1.953211952214185088e+00
1.953552971411704808e+00
1.953886417854908464e+00
1.954212459706239136e+00
1.954531261393914310e+00
1.954842983694803360e+00
1.955147783815500695e+00
1.955445815471611448e+00
1.955737228965283458e+00
1.956022171261014853e+00
1.956300786145680703e+00
1.956573214012275352e+00
1.956839592335321010e+00
1.957100055347547052e+00
1.957354734415075015e+00
1.957603757995283411e+00
1.957847251689984747e+00
1.958085338391471586e+00
1.958318138056815982e+00
1.958545768089415384e+00
1.958768343296319658e+00
1.958985975936091917e+00
1.959198775771350487e+00
1.959406850123752042e+00
1.959610303929262276e+00
1.959809239878317788e+00
1.960003758179764688e+00
1.960193956930556869e+00
1.960379932061463437e+00
1.960561777460091859e+00
1.960739584724851436e+00
1.960913443615281526e+00
1.961083441791833470e+00
1.961249664880269750e+00
1.961412196726201929e+00
1.961571119322407020e+00
1.961726512835898495e+00
1.961878455644883168e+00
1.962027024466042491e+00
1.962172294107657589e+00
1.962314337828646948e+00
1.962453227273099676e+00
1.962589032581626203e+00
1.962721822219330114e+00
1.962851663039656636e+00
1.962978620534016727e+00
1.963102758751081645e+00
1.963224140314342225e+00
1.963342826449283596e+00
1.963458877015312076e+00
1.963572350538695055e+00
1.963683304244510763e+00
1.963791794086972686e+00
1.963897874778228525e+00
1.964001599816000088e+00
1.964103021596295795e+00
1.964202191150860699e+00
1.964299158491480179e+00
1.964393972531258692e+00
1.964486681098060572e+00
1.964577330954129897e+00
1.964665967819292147e+00
1.964752636395332486e+00
1.964837380390035415e+00
1.964920242626179148e+00
1.965001264774861589e+00
1.965080487695343159e+00
1.965157951351713006e+00
1.965233694821721278e+00
1.965307756397792094e+00
1.965380173317114121e+00
1.965450982186315532e+00
1.965520218694671861e+00
1.965587917651867134e+00
1.965654113216381393e+00
1.965718838797365642e+00
1.965782127057016382e+00
1.965844009923526814e+00
1.965904518609048468e+00
1.965963683628684455e+00
1.966021534904424328e+00
1.966078101492945596e+00
1.966133412005404590e+00
1.966187494229194810e+00
1.966240375449230138e+00
1.966292082353099380e+00
1.966342641032780891e+00
1.966392076994532223e+00
1.966440415172841627e+00
1.966487679945359668e+00
1.966533895147210220e+00
1.966579084084189466e+00
1.966623269544972574e+00
1.966666473812624050e+00
1.966708718675680201e+00
1.966750025438973815e+00
1.966790414934266984e+00
1.966829907530706301e+00
1.966868523145081094e+00
1.966906281251878053e+00
1.966943200893114252e+00
1.966979300687951016e+00
1.967014598927993907e+00
1.967049113297746565e+00
1.967082861202228861e+00
1.967115859671877631e+00
1.967148125359922783e+00
1.967179674546277290e+00
1.967210523145354273e+00
1.967240686715395981e+00
1.967270180467814988e+00
1.967299019275902561e+00
1.967327217682836915e+00
1.967354789909148582e+00
1.967381749859824502e+00
1.967408111131212722e+00
1.967433887017786098e+00
1.967459090604704475e+00
1.967483734485614422e+00
1.967507831087708103e+00
1.967531392574117799e+00
1.967554430838847512e+00
1.967576957508267776e+00
1.967598983946587943e+00
1.967620521262891664e+00
1.967641580318230110e+00
1.967662171818048256e+00
1.967682306029314709e+00
1.967701993104526093e+00
1.967721242982889196e+00
1.967740065384012249e+00
1.967758469894109297e+00
1.967776465681616793e+00
1.967794061821805718e+00
1.967811267198972924e+00
1.967828090500759908e+00
1.967844540218538496e+00
1.967860624651431634e+00
1.967876351997650541e+00
1.967891730071234635e+00
1.967906766711549960e+00
1.967921469395044864e+00
1.967935845546618268e+00
1.967949902434917409e+00
1.967963647164294505e+00
1.967977086675101850e+00
1.967990227748242171e+00
1.968003077010921364e+00
1.968015640941986666e+00
1.968027925876370876e+00
1.968039938008738332e+00
1.968051683396626617e+00
1.968063167963353566e+00
1.968074397500839900e+00
1.968085377672416980e+00
1.968096114015637665e+00
1.968106611945050766e+00
1.968116876754943068e+00
