6.122454369943546304e-01
6.255105589515983500e-01
6.488992362900218858e-01
6.818658660981544717e-01
7.238486457113655348e-01
7.742725607872655846e-01
8.325522940822036588e-01
8.980980297420233516e-01
9.703156750334129832e-01
1.048608627873009791e+00
1.132383305436479581e+00
1.221050223531337409e+00
1.314024189177916968e+00
1.410733815650620171e+00
1.510614726654314399e+00
1.612178702008899567e+00
1.713130027019114543e+00
1.811591239075198256e+00
1.907377559146244073e+00
2.001036825215052328e+00
2.092616271153067586e+00
2.182162081945054677e+00
2.269719416980927384e+00
2.355332432830352651e+00
2.439044305511618660e+00
2.520897252265994037e+00
2.600932552848560508e+00
2.679190570346253963e+00
2.755710771533620651e+00
2.830531746776542956e+00
2.903690932532320357e+00
2.974802683581598384e+00
3.043664097019144421e+00
3.110088555656302045e+00
3.173907366247307849e+00
3.234969713475449371e+00
3.293140363972282714e+00
3.348300256496997029e+00
3.400348080470498857e+00
3.449199140164517896e+00
3.494783244590494053e+00
3.537045062768187975e+00
3.575943744206185215e+00
3.611453955114306780e+00
3.643564334774523683e+00
3.672276030595602148e+00
3.697602634200551019e+00
3.719569653951485311e+00
3.738213965876500122e+00
3.753583245712332150e+00
3.765735384517590933e+00
3.774737890372945159e+00
3.780667929873999356e+00
3.783610726696702731e+00
3.783659124200434487e+00
3.780912997557299704e+00
3.775478629507508455e+00
3.767468086863747789e+00
3.756998599879579182e+00
3.744191946463438558e+00
3.729173843235492392e+00
3.712073345271564406e+00
3.693022256312326057e+00
3.672154984477578932e+00
3.649607734504678902e+00
3.625517696760172992e+00
3.600022611392318161e+00
3.573260246927256301e+00
3.545367898128123585e+00
3.516481904180444928e+00
3.486737188190978998e+00
3.456266818905118665e+00
3.425201595379416819e+00
3.393669655338666491e+00
3.361796107684796198e+00
3.329704316202949599e+00
3.297513351379352198e+00
3.265338243873896928e+00
3.233289728083833747e+00
3.201473995626139768e+00
3.169992474811019978e+00
3.138941636104119137e+00
3.108412823278305481e+00
3.078492119058689358e+00
3.049261869870969921e+00
3.020798224180089253e+00
2.993171703978952713e+00
2.966447154978597123e+00
2.940683720177457605e+00
2.915934835942568082e+00
2.892248249786200098e+00
2.869666058849984491e+00
2.848224768189861145e+00
2.827955367795939257e+00
2.808883769943113506e+00
2.791030925891855308e+00
2.774412342055281311e+00
2.759038428039207069e+00
2.744914651730184563e+00
2.732041706949776660e+00
2.720415692590884227e+00
2.710028302152660107e+00
2.700867022495910597e+00
2.692915340753302189e+00
2.686152958284007131e+00
2.680556010576263581e+00
2.676097292038825959e+00
2.672746484634244357e+00
2.670470389340140915e+00
2.669233159432485625e+00
2.668996534679392241e+00
2.669720075491796685e+00
2.671361396108860475e+00
2.673876396059124527e+00
2.677219489038087374e+00
2.681343828458992551e+00
2.686201528956979612e+00
2.691743883184686936e+00
2.697921573260942729e+00
2.704684876304229935e+00
2.711983863507132053e+00
2.719768592274764085e+00
2.727989290977836934e+00
2.736596535927475315e+00
2.745541420206754069e+00
2.754775714109630069e+00
2.764252016824733538e+00
2.773923899227285883e+00
2.783746037554581054e+00
2.793674337870263535e+00
2.803666051155768280e+00
2.813679879018392782e+00
2.823676069968146241e+00
2.833616506282475633e+00
2.843465067224198339e+00
2.853187468422768269e+00
2.862751179177377203e+00
2.872125539188365551e+00
2.881281798527340676e+00
2.890193149055508393e+00
2.898834747518696187e+00
2.907183730555432000e+00
2.915219221862893839e+00
2.922922331854863831e+00
2.930276150004486269e+00
2.937265730267122343e+00
2.943878069867488900e+00
2.950102081790993758e+00
2.955928561319240089e+00
2.961350146965550323e+00
2.966361276165054406e+00
2.970958136083567513e+00
2.975138609905157772e+00
2.978902218982513617e+00
2.982250061204862135e+00
2.985184745959293728e+00
2.987710326051369769e+00
2.989832226942637394e+00
2.991557173697310112e+00
2.992893115935111759e+00
2.993849151192177427e+00
2.994435447003085837e+00
2.994663162046018900e+00
2.994544366676751501e+00
2.994091963156268577e+00
2.993319605884745993e+00
2.992241621928874107e+00
2.990872932123171957e+00
2.989228972999090406e+00
2.987325619851569414e+00
2.985179111090737081e+00
2.982805974182365372e+00
2.980222953355355919e+00
2.977446939294282391e+00
2.974494900959750776e+00
2.971383819764890077e+00
2.968130626212486689e+00
2.964752139161655364e+00
2.961265007811174410e+00
2.957685656559915000e+00
2.954030232796742261e+00
2.950314557725494335e+00
2.946554080269087272e+00
2.942763834123196975e+00
2.938958397989869908e+00
2.935151859017594234e+00
2.931357779460253887e+00
2.927589166554982469e+00
2.923858445607048662e+00
2.920177436258435844e+00
2.916557331905911266e+00
2.913008682223977797e+00
2.909541378738318418e+00
2.906164643386092816e+00
2.902887019990814110e+00
2.899716368571486846e+00
2.896659862398247576e+00
2.893723987699930777e+00
2.890914545922777190e+00
2.888236658433897652e+00
2.885694773558139747e+00
2.883292675832620944e+00
2.881033497359414941e+00
2.878919731133722237e+00
2.876953246222217597e+00
2.875135304664271807e+00
2.873466579967240975e+00
2.871947177066082713e+00
2.870576653617141094e+00
2.869354042493506896e+00
2.868277875362192031e+00
2.867346207199019670e+00
2.866556641616111456e+00
2.865906356921924747e+00
2.865392132708110218e+00
2.865010376891304222e+00
2.864757153111759713e+00
2.864628208335536552e+00
2.864619000569676999e+00
2.864724726579559899e+00
2.864940349493969585e+00
2.865260626253651743e+00
2.865680134716526162e+00
2.866193300409137112e+00
2.866794422797438013e+00
2.867477701057732364e+00
2.868237259171820153e+00
2.869067170362611829e+00
2.869961480770708118e+00
2.870914232347054895e+00
2.871919484873586725e+00
2.872971337049606610e+00
2.874063946647399614e+00
2.875191549673010716e+00
2.876348478510743600e+00
2.877529178993537773e+00
2.878728226432055504e+00
2.879940340532326282e+00
2.881160399220595192e+00
2.882383451352526382e+00
2.883604728298410080e+00
2.884819654423659507e+00
2.886023856453080683e+00
2.887213171733638450e+00
2.888383655402053218e+00
2.889531586468200519e+00
2.890653472886237640e+00
2.891746055526807968e+00
2.892806311179011214e+00
2.893831454554635751e+00
2.894818939351771370e+00
2.895766458394466003e+00
2.896671942886143380e+00
2.897533560816665688e+00
2.898349714561613055e+00
2.899119037712174940e+00
2.899840391156470076e+00
2.900512858529188165e+00
2.901135740958090903e+00
2.901708551244732259e+00
2.902231007480094771e+00
2.902703026140586839e+00
2.903124714762131742e+00
2.903496364146246567e+00
2.903818440201855200e+00
2.904091575470757913e+00
2.904316560356521304e+00
2.904494334111291209e+00
2.904625975621316858e+00
2.904712694032895115e+00
2.904755819259318361e+00
2.904756792408245580e+00
2.904717156156152225e+00
2.904638545147255169e+00
2.904522676402021553e+00
2.904371339814662001e+00
2.904186388695827237e+00
2.903969730494016854e+00
2.903723317661356607e+00
2.903449138695234577e+00
2.903149209401339359e+00
2.902825564389270419e+00
2.902480248826935672e+00
2.902115310470643195e+00
2.901732791980059734e+00
2.901334723593193665e+00
2.900923116076300268e+00
2.900499954041609652e+00
2.900067189616059693e+00
2.899626736469274491e+00
2.899180464215965980e+00
2.898730193195045324e+00
2.898277689631838516e+00
2.897824661185850470e+00
2.897372752885795322e+00
2.896923543450229399e+00
2.896478541997562939e+00
2.896039185136094485e+00
2.895606834434175436e+00
2.895182774266874315e+00
2.894768210026407829e+00
2.805438430416906215e+00
2.764343268720869773e+00
2.732713485861023361e+00
2.710297530130575172e+00
2.696818763226429994e+00
2.691978114491020868e+00
2.695456056431564829e+00
2.706914580888820865e+00
2.725999167576944604e+00
2.752340737316195440e+00
2.785557582581736913e+00
2.825257268836020241e+00
2.871038744114576602e+00
2.922495445730198149e+00
2.979215142571889352e+00
3.040782155194646119e+00
3.106592058421826064e+00
3.173925140879447326e+00
3.240653691830678529e+00
3.304705908249693458e+00
3.367335765785047119e+00
3.428574849679328018e+00
3.488454043785650605e+00
3.547003546142878605e+00
3.604252884204979246e+00
3.660230929732195104e+00
3.714965913351533366e+00
3.768485438793924835e+00
3.820816496815231389e+00
3.871985478808112724e+00
3.922018190111634439e+00
3.970939863025310768e+00
4.018775169534159808e+00
4.065548233751182572e+00
4.111282644083538607e+00
4.156001465128558614e+00
4.199727249305594157e+00
4.242482048229560654e+00
4.284287423831922403e+00
4.325164459234722258e+00
4.365133769383136908e+00
4.404215511441924136e+00
4.442429394961006750e+00
4.479794691815312646e+00
4.516330245923892761e+00
4.552054482753209896e+00
4.586985418609399012e+00
4.621140669724179695e+00
4.654537461139002019e+00
4.687192635391915552e+00
4.719122661011528663e+00
4.750343640822352498e+00
4.780871320065712915e+00
4.810721094340332904e+00
4.839755881907272794e+00
4.867896256537636468e+00
4.895071692927160711e+00
4.921217675245107337e+00
4.946275693611910107e+00
4.970193493059398726e+00
4.992925916269177478e+00
5.014433090343747956e+00
5.034680857493657236e+00
5.053640679524106893e+00
5.071289527236548800e+00
5.087609755600739803e+00
5.102588965598266135e+00
5.116219853645864291e+00
5.128500049522751958e+00
5.139431943724880547e+00
5.149022505194067456e+00
5.157283090331455710e+00
5.164229244242283023e+00
5.169880495113671870e+00
5.174260142740808810e+00
5.177395074941419040e+00
5.179315745688502837e+00
5.180055563893728454e+00
5.179650783877513653e+00
5.178140279537919888e+00
5.175565317911382301e+00
5.171969332892544458e+00
5.167397699860054594e+00
5.161897511965403140e+00
5.155517358650981485e+00
5.148307107137894967e+00
5.140317687544037284e+00
5.131600882139812470e+00
5.122209317757917546e+00
5.112196095478951818e+00
5.101614548014759443e+00
5.090518077408064279e+00
5.078959970308215333e+00
5.066993220228036776e+00
5.054670357208955522e+00
5.042043285172931988e+00
5.029163127212029849e+00
5.016080079106635559e+00
5.002843271245524193e+00
4.989500639122541159e+00
4.976098802543149624e+00
4.962682953652805651e+00
4.949296753816908812e+00
4.935982239448729381e+00
4.922779736735498624e+00
4.909727785265169508e+00
4.896863070472114998e+00
4.884220364850491158e+00
4.871832477802890971e+00
4.859730213974698287e+00
4.847942339967173275e+00
4.836495559205233441e+00
4.825414494702879864e+00
4.814721679615392880e+00
4.804437846794035849e+00
4.794581808098864251e+00
4.785170153969016127e+00
4.776217388780890083e+00
4.767735955678939597e+00
4.759736267638612794e+00
4.752226744422104687e+00
4.745213855082035970e+00
4.738702165675656275e+00
4.732694391801447686e+00
4.727191455624330629e+00
4.722192547045333200e+00
4.717695188621717328e+00
4.713695303854827046e+00
4.710187288550114815e+00
4.707164084821979344e+00
4.704617257470641967e+00
4.702537072281630870e+00
4.700912575975219276e+00
4.699731677450197154e+00
4.698981229963539619e+00
4.698647114032387329e+00
4.698714320596898197e+00
4.699167034244547736e+00
4.699988716192039284e+00
4.701162186729847647e+00
4.702669706879768263e+00
4.704493059002489375e+00
4.706613626123111516e+00
4.709012469744950913e+00
4.711670405950574292e+00
4.714568079540745416e+00
4.717686036152217710e+00
4.721004792017586382e+00
4.724504901316813665e+00
4.728167020970433398e+00
4.731971972729652087e+00
4.735900802427036815e+00
4.739934836328539625e+00
4.744055734476926744e+00
4.748245540958444089e+00
4.752486731042060875e+00
4.756762255135089212e+00
4.761055579507703861e+00
4.765350723795457100e+00
4.769632295247383524e+00
4.773885519713428671e+00
4.778096269453921074e+00
4.782251087658989874e+00
4.786337209813142479e+00
4.790342581968209501e+00
4.794255875910011788e+00
4.798066501254261595e+00
4.801764614672828557e+00
4.805341126150318942e+00
4.808787702521073015e+00
4.812096768283926629e+00
4.815261503762447326e+00
4.818275840787564768e+00
4.821134455967118093e+00
4.823832761704000660e+00
4.826366998967738020e+00
4.828734136628754392e+00
4.830931803142689773e+00
4.832958295677350691e+00
4.834812561471791170e+00
4.836494177644029335e+00
4.838003329642380557e+00
4.839340788394195236e+00
4.840507886323130116e+00
4.841506492326981714e+00
4.842338985873350765e+00
4.843008230292277894e+00
4.843517545403539515e+00
4.843870679598951234e+00
4.844071781480360883e+00
4.844125371188229501e+00
4.844036311502395442e+00
4.843809778841390745e+00
4.843451234225796043e+00
4.842966394375809891e+00
4.842361202927901509e+00
4.841641802015257845e+00
4.840814504125033224e+00
4.839885764444931127e+00
4.838862153705263403e+00
4.837750331626063272e+00
4.836557021022842129e+00
4.835288982630196131e+00
4.833952990733013877e+00
4.832555809606470021e+00
4.831104170851980406e+00
4.829604751677861074e+00
4.828064154141826769e+00
4.826488885406204687e+00
4.824885339016768526e+00
4.823259777260458847e+00
4.821618314612553746e+00
4.819966902259647412e+00
4.818311313756948877e+00
4.816657131809092718e+00
4.815009736171928623e+00
4.813374292681394273e+00
4.811755743410173203e+00
4.810158797937960529e+00
4.808587983244257735e+00
4.807047585367094200e+00
4.805541623293956732e+00
4.804073855990944608e+00
4.802647778867235928e+00
4.801266621273685864e+00
4.799933345005144680e+00
4.798650643775247637e+00
4.797420943631946599e+00
4.796246404270963382e+00
4.795128921223470009e+00
4.794070128866462888e+00
4.793071404220110132e+00
4.792133871492072927e+00
4.791258407328377267e+00
4.790445646717034656e+00
4.789695989506844498e+00
4.789009607493967202e+00
4.788386452055980236e+00
4.787826262230630014e+00
4.787328573263123666e+00
4.786892725523157921e+00
4.786517873774595699e+00
4.786202996754193251e+00
4.785946906979123838e+00
4.785748260802403564e+00
4.785605568628501949e+00
4.785517205247836969e+00
4.785481420273539399e+00
4.785496348627150454e+00
4.785560021031295186e+00
4.785670374495301083e+00
4.785825262731870922e+00
4.786022466483435878e+00
4.786259703732355320e+00
4.786534639740533059e+00
4.786844896918314163e+00
4.787188064480620397e+00
4.787561707867507899e+00
4.787963377905386508e+00
4.788390619686945016e+00
4.788840981149559362e+00
4.789312021333724800e+00
4.789801318304850675e+00
4.790306476723467100e+00
4.790825135050697625e+00
4.791354972370170273e+00
4.791893714842641039e+00
4.792439141750818976e+00
4.792989091148449177e+00
4.793541465106135213e+00
4.794094234529485021e+00
4.794645443621568859e+00
4.795193213874167526e+00
4.795735747648930847e+00
4.796271331428043183e+00
4.796798338571516496e+00
4.797315231724697426e+00
4.797820564800972853e+00
4.798312984630783262e+00
4.798791232197866741e+00
4.799254143524365190e+00
4.799700650191300433e+00
4.800129779497237514e+00
4.800540654314270128e+00
4.800932492594357726e+00
4.801304606604772651e+00
4.801656401832272714e+00
4.801987375610666575e+00
4.802297115519309934e+00
4.802585297517550700e+00
4.802851683814745698e+00
4.803096120550836012e+00
4.803318535266974720e+00
4.803518934187681388e+00
4.803697399344900809e+00
4.803854085525067319e+00
4.803989217092891728e+00
4.804103084689338665e+00
4.804196041822708096e+00
4.804268501368316180e+00
4.633749698459307176e+00
4.529818023090229850e+00
4.428194279437175140e+00
4.328827217014794115e+00
4.231666723418309850e+00
4.136663799051028434e+00
4.043880992894072435e+00
3.953702600385710753e+00
3.866350929203708375e+00
3.782033349170258241e+00
3.700939087366549085e+00
3.623238262448864155e+00
3.549084512402802094e+00
3.478614196757145116e+00
3.411944610948685952e+00
3.349174993835264402e+00
3.290389790156110994e+00
3.235655003118480089e+00
3.185019329460871962e+00
3.138514753075721142e+00
3.096158263194917826e+00
3.057952184757780856e+00
3.023882894329181781e+00
2.993922106804445260e+00
2.968027533777506388e+00
2.946143569650155225e+00
2.928202001696298407e+00
2.914122740247470755e+00
2.903815656681181245e+00
2.897179586396098738e+00
2.894103601303204876e+00
2.894467797125583441e+00
2.898144081035142428e+00
2.904996959442299076e+00
2.914884322763142244e+00
2.927658224327528202e+00
2.943165650631289765e+00
2.961249280325040534e+00
2.981748229494797897e+00
3.004498961533365708e+00
3.029336691790836422e+00
3.056094940560523554e+00
3.084606501793570210e+00
3.114704079013865812e+00
3.146220896770065334e+00
3.178991286363177071e+00
3.212851244774728166e+00
3.247638965840351499e+00
3.283195342866980226e+00
3.319365094087816992e+00
3.355997593419684843e+00
3.392945724056734225e+00
3.430066737376662900e+00
3.467222598189965144e+00
3.504280300163873374e+00
3.541112151484178572e+00
3.577596030932614024e+00
3.613616915396328011e+00
3.649065673485081707e+00
3.683839100808871780e+00
3.717840227346104420e+00
3.750978426530082732e+00
3.783169497918665858e+00
3.814335724246922688e+00
3.844405903549706238e+00
3.873316352764788029e+00
3.901009899555684335e+00
3.927435592085774196e+00
3.952548815957502626e+00
3.976311214383565940e+00
3.998690589595137457e+00
4.019660786480428349e+00
4.039201559536189201e+00
4.057298424231475131e+00
4.073942493838402790e+00
4.089130302865747524e+00
4.102863622364164797e+00
4.115150048959881346e+00
4.126001598486636723e+00
4.135434822210425132e+00
4.143470581649357776e+00
4.150133816832975775e+00
4.155453309000238349e+00
4.159461438738591532e+00
4.162193940584685947e+00
4.163689655016421298e+00
4.163990278805109746e+00
4.163140114599307218e+00
4.161185820689467185e+00
4.158176161743027954e+00
4.154161761370959383e+00
4.149194857301164774e+00
4.143329059885677346e+00
4.136619114726570068e+00
4.129120669985770320e+00
4.120890049096841423e+00
4.111984029438972676e+00
4.102459627538725506e+00
4.092373891292345967e+00
4.081783699698983803e+00
4.070745570514882949e+00
4.059315476208668727e+00
4.047548911741580824e+00
4.035500753641259486e+00
4.023224694007311086e+00
4.010773222938571081e+00
3.998197487682669582e+00
3.985547161726533893e+00
3.972870323937667703e+00
3.960213347810380480e+00
3.947620800827741139e+00
3.935135353997984087e+00
3.922797701399875603e+00
3.910646489731381958e+00
3.898718257759856698e+00
3.887047385474761807e+00
3.875666052795790240e+00
3.864604207620839116e+00
3.853889542985183603e+00
3.843547483074924997e+00
3.833601177817836714e+00
3.824071505758367628e+00
3.814977084854259015e+00
3.806334290950217802e+00
3.798157283480616986e+00
3.790458038109716821e+00
3.783246548472163351e+00
3.776530853977313029e+00
3.770316830940095176e+00
3.764608338915293118e+00
3.759407282302633657e+00
3.754713676651280974e+00
3.750525719243171796e+00
3.746839863546722160e+00
3.743650897123715460e+00
3.740952022583282854e+00
3.738734941163705638e+00
3.736989938585114857e+00
3.735705972712134226e+00
3.734870762706904657e+00
3.734470879247694164e+00
3.734491835492188549e+00
3.734918178381530840e+00
3.735733580028571144e+00
3.736920928741732872e+00
3.738462419469634757e+00
3.740339643324614993e+00
3.742533675897862899e+00
3.745025164096638992e+00
3.747794411298760231e+00
3.750821460493274362e+00
3.754086175232273170e+00
3.757568318211590430e+00
3.761247627259793447e+00
3.765103888557255196e+00
3.769117006947335646e+00
3.773267073187485998e+00
3.777534428019703849e+00
3.781899722948645071e+00
3.786343977632576241e+00
3.790848633826862102e+00
3.795395605788891569e+00
3.799967327126657413e+00
3.804546794038458302e+00
3.809117604933964341e+00
3.813663996430412428e+00
3.818170944273462819e+00
3.822624238998124202e+00
3.827010333115497431e+00
3.831316417614488490e+00
3.835530439700828520e+00
3.839641117202129639e+00
3.843637949719683089e+00
3.847511226605434320e+00
3.851252031839620837e+00
3.854852245974144775e+00
3.858304545133240726e+00
3.861602397277501098e+00
3.864740055806207941e+00
3.867712550631653201e+00
3.870515676845072139e+00
3.873145981094891166e+00
3.875600745867562313e+00
3.877877971699526416e+00
3.879976357557497479e+00
3.881895279461323067e+00
3.883634767536368049e+00
3.885195481602650158e+00
3.886578685451673731e+00
3.887786219952682032e+00
3.888820475125406073e+00
3.889684361289362791e+00
3.890381279512896029e+00
3.890915091350025445e+00
3.891290088155336058e+00
3.891510959950381210e+00
3.891582764115476323e+00
3.891510893885825606e+00
3.891301046842312594e+00
3.890959193553021667e+00
3.890491546357132346e+00
3.889904528482130086e+00
3.889204743557206356e+00
3.888398945634343740e+00
3.887494009766289782e+00
3.886496903284650362e+00
3.885414657790083215e+00
3.884254341975899028e+00
3.883023035325572803e+00
3.881727802734452837e+00
3.880375670170352453e+00
3.878973601308839836e+00
3.877528475329316660e+00
3.876047065781360157e+00
3.874536020612804332e+00
3.873001843433713898e+00
3.871450875913480694e+00
3.869889281479341303e+00
3.868323030188209444e+00
3.866757884878408991e+00
3.865199388556364468e+00
3.863652853031069867e+00
3.862123348787711574e+00
3.860615696091699078e+00
3.859134457307270338e+00
3.857683930411416551e+00
3.856268143683394989e+00
3.854890851544835684e+00
3.853555531521821731e+00
3.852265382297702434e+00
3.851023322809882909e+00
3.849831992414977755e+00
3.848693751980193589e+00
3.847610685941633690e+00
3.846584605264126822e+00
3.845617051250270091e+00
3.844709300165380039e+00
3.843862368621718595e+00
3.843077019680487094e+00
3.842353769628507276e+00
3.841692895363085558e+00
3.841094442354369143e+00
3.840558233127228771e+00
3.840083876212094349e+00
3.839670775518794432e+00
3.839318140086330100e+00
3.839024994139914604e+00
3.838790187474760085e+00
3.838612406010320832e+00
3.838490182547182439e+00
3.838421907689064660e+00
3.838405840848430284e+00
3.838440121281648576e+00
3.838522779157902409e+00
3.838651746594630598e+00
3.838824868630550391e+00
3.839039914096373796e+00
3.839294586346036375e+00
3.839586533827629822e+00
3.839913360430868838e+00
3.840272635634754739e+00
3.840661904384369052e+00
3.841078696685294336e+00
3.841520536893494597e+00
3.841984952682777177e+00
3.842469483662045437e+00
3.842971689627285858e+00
3.843489158437378261e+00
3.844019513483059924e+00
3.844560420800442024e+00
3.845109595704642391e+00
3.845664809025081787e+00
3.846223892947197243e+00
3.846784746371276764e+00
3.847345339855379631e+00
3.847903720120050330e+00
3.848458014116697523e+00
3.849006432659060728e+00
3.849547273626120258e+00
3.850078924733809860e+00
3.850599865889019036e+00
3.851108671128700145e+00
3.851604010154949354e+00
3.852084649474786460e+00
3.852549453155523551e+00
3.852997383206955284e+00
3.853427499604360040e+00
3.853838959961636945e+00
3.854231018878839343e+00
3.854603026963730361e+00
3.854954429554979356e+00
3.855284765155494231e+00
3.855593663598505305e+00
3.855880843956356330e+00
3.856146112214240862e+00
3.856389358720445859e+00
3.856610555437478549e+00
3.856809753007028885e+00
3.856987077641929940e+00
3.857142727856216258e+00
3.731428698624957629e+00
3.666153965489753475e+00
3.609638921745156548e+00
3.561745124934221352e+00
3.522308827358200833e+00
3.491142497903729325e+00
3.468037690445004095e+00
3.452764836253085168e+00
3.445074856275524233e+00
3.444700959966795040e+00
3.451360269462706132e+00
3.464755440832586686e+00
3.484576276119789817e+00
3.510501320245913437e+00
3.542199437216310809e+00
3.579331360487791880e+00
3.621551941684607812e+00
3.668511766412062336e+00
3.719857485573769829e+00
3.773198697640188115e+00
3.826490600559959709e+00
3.877659957897906740e+00
3.927566660357476369e+00
3.976365122609818226e+00
4.024079954502837175e+00
4.070735219392249249e+00
4.116354446277123103e+00
4.160960641665928605e+00
4.204576301179088205e+00
4.247223420893885049e+00
4.288923508437426868e+00
4.329697593833300218e+00
4.369566240107338295e+00
4.408549553657893583e+00
4.446667194395809375e+00
4.483938385659235415e+00
4.520381923908262323e+00
4.556016188204277562e+00
4.590859149478824008e+00
4.624928379596625838e+00
4.658241060217365614e+00
4.690813991460666799e+00
4.722663600378669280e+00
4.753805949240449635e+00
4.784256743632484543e+00
4.814031340379231416e+00
4.843144755287818626e+00
4.871611670720757736e+00
4.899446443000497808e+00
4.926663109649548566e+00
4.953275396469824621e+00
4.979296724464793655e+00
5.004740216607896919e+00
5.029618704460682821e+00
5.053944734643962988e+00
5.077730575165280591e+00
5.100988221605858186e+00
5.123729403170163010e+00
5.145965588601135288e+00
5.167707991964060277e+00
5.188967578301994621e+00
5.209755069165622920e+00
5.230080948020301435e+00
5.249955465533038712e+00
5.269388644742073247e+00
5.288390286111654071e+00
5.306969972474566255e+00
5.325100730976632946e+00
5.342706269675517206e+00
5.359739317076057219e+00
5.376156370265436912e+00
5.391917701343611036e+00
5.406987351038743839e+00
5.421333110375966768e+00
5.434926490407583799e+00
5.447743081110136387e+00
5.459762208648344384e+00
5.470966606522817521e+00
5.481342461002748578e+00
5.490879330506184708e+00
5.499570056809536034e+00
5.507410668630240203e+00
5.514400278239746989e+00
5.520540971613116632e+00
5.525837692770444676e+00
5.530298122819367279e+00
5.533932554383381941e+00
5.536753761862131640e+00
5.538776868253031616e+00
5.540019208901575176e+00
5.540500192938420554e+00
5.540241162751653903e+00
5.539265252143002805e+00
5.537597243639909017e+00
5.535263425464688858e+00
5.532291448637949749e+00
5.528710184683926165e+00
5.524549584388394052e+00
5.519840538030034160e+00
5.514614737498479968e+00
5.508904540679941952e+00
5.502742838488341448e+00
5.496162924879956613e+00
5.489198370177379438e+00
5.481882898008323401e+00
5.474250266115254782e+00
5.466334151382779005e+00
5.458168039168599606e+00
5.449785117267333057e+00
5.441218174677117325e+00
5.432499505292772035e+00
5.423660816716325606e+00
5.414733144277328769e+00
5.405746770386062217e+00
5.396731149294262231e+00
5.387714837317616912e+00
5.378725428551041965e+00
5.369789496113751781e+00
5.360932538894843447e+00
5.352178933865727295e+00
5.343551893780128736e+00
5.335073430326520594e+00
5.326764322618279479e+00
5.318644090940852109e+00
5.310731246817050000e+00
5.303042938873388401e+00
5.295594975160478945e+00
5.288401835891737512e+00
5.281476671242071319e+00
5.274831303815757266e+00
5.268476235484525816e+00
5.262420658411116392e+00
5.256672470129067243e+00
5.251238292460577384e+00
5.246123494058124059e+00
5.241332216359146479e+00
5.236867402818322859e+00
5.232730831061705778e+00
5.228923147875743638e+00
5.225443906749104528e+00
5.222291607742879371e+00
5.219463739557387960e+00
5.216956823423108069e+00
5.214766458735588195e+00
5.212887370161061185e+00
5.211313456004130984e+00
5.210037837609726274e+00
5.209052909680294441e+00
5.208350391175125438e+00
5.207921376733096963e+00
5.207756388291002736e+00
5.207845426829677216e+00
5.208178024045010623e+00
5.208743293683491871e+00
5.209529982523863900e+00
5.210526520756474156e+00
5.211721071592543275e+00
5.213101580007412750e+00
5.214655820545170073e+00
5.216371443893804916e+00
5.218236022311920408e+00
5.220237093597060785e+00
5.222362203701642613e+00
5.224598947746269317e+00
5.226935009387263520e+00
5.229358198545331682e+00
5.231856487353144125e+00
5.234418044214918631e+00
5.237031266096225046e+00
5.239684808792909543e+00
5.242367615366545053e+00
5.245068942512332910e+00
5.247778384963437404e+00
5.250485897956056469e+00
5.253181817589924307e+00
5.255856879299066087e+00
5.258502234232595995e+00
5.261109463714702450e+00
5.263670591756413941e+00
5.266178095602466414e+00
5.268624914464042241e+00
5.271004456318308939e+00
5.273310602947868020e+00
5.275537713201988943e+00
5.277680624561279288e+00
5.279734653018932633e+00
5.281695591421362579e+00
5.283559706268872169e+00
5.285323733000085511e+00
5.286984869900660300e+00
5.288540770744207364e+00
5.289989536096835643e+00
5.291329703481610913e+00
5.292560236427290121e+00
5.293680512476694133e+00
5.294690310295387725e+00
5.295589795830794699e+00
5.296379507710293311e+00
5.297060341919594073e+00
5.297633535822742878e+00
5.298100651605974321e+00
5.298463559288801861e+00
5.298724419227628601e+00
5.298885664350760472e+00
5.298949982074718790e+00
5.298920296012899378e+00
5.298799747614904021e+00
5.298591677647443987e+00
5.298299607726724147e+00
5.297927221924682684e+00
5.297478348434506934e+00
5.296956941447771960e+00
5.296367063234683314e+00
5.295712866569044053e+00
5.294998577400796158e+00
5.294228477951017808e+00
5.293406890214030547e+00
5.292538159922049346e+00
5.291626640999115061e+00
5.290676680535900900e+00
5.289692604379088614e+00
5.288678703246882939e+00
5.287639219491521381e+00
5.286578334472797458e+00
5.285500156657263915e+00
5.284408710307152646e+00
5.283307924906773145e+00
5.282201625261798483e+00
5.281093522336884227e+00
5.279987204767067510e+00
5.278886131114583158e+00
5.277793622833467424e+00
5.276712857932200684e+00
5.275646865364723048e+00
5.274598520115030276e+00
5.273570538977595312e+00
5.272565477020735081e+00
5.271585724720663002e+00
5.270633505751806780e+00
5.269710875419531426e+00
5.268819719708562666e+00
5.267961754942247943e+00
5.267138528021269472e+00
5.266351417222131737e+00
5.265601633537833060e+00
5.264890222518118890e+00
5.264218066653928219e+00
5.263585888144295843e+00
5.262994252164940434e+00
5.262443570518105851e+00
5.261934105678020224e+00
5.261465975191856437e+00
5.261039156410846296e+00
5.260653491504943879e+00
5.260308692810747644e+00
5.260004348362349980e+00
5.259739927649783375e+00
5.259514787618514653e+00
5.259328178770133810e+00
5.259179251474431993e+00
5.259067062314979779e+00
5.258990580567703077e+00
5.258948694733087237e+00
5.258940219105623370e+00
5.258963900359431065e+00
5.259018424124734636e+00
5.259102421539554761e+00
5.259214475737526762e+00
5.259353128280558565e+00
5.259516885475195025e+00
5.259704224647640203e+00
5.259913600212782647e+00
5.260143449645974023e+00
5.260392199289326776e+00
5.260658269990161173e+00
5.260940082556382791e+00
5.261236062994835372e+00
5.261544647620599591e+00
5.261864287841465426e+00
5.262193454810700999e+00
5.262530643824013588e+00
5.262874378448347379e+00
5.263223214431331343e+00
5.263575743349519165e+00
5.263930596039124055e+00
5.264286445771151790e+00
5.264642011123648047e+00
5.264996058619156649e+00
5.265347405162284389e+00
5.265694920126890111e+00
5.266037527276320240e+00
5.266374206413502179e+00
5.266703994727610194e+00
5.267025987994342628e+00
5.267339341462276892e+00
5.267643270537168299e+00
5.267937051239290902e+00
5.268220020439453144e+00
5.268491575882046973e+00
5.268751175992004043e+00
5.081806917671761070e+00
4.967925576205787230e+00
4.856573111128067666e+00
4.747693365602857263e+00
4.641231429826578214e+00
4.537133613335924132e+00
4.435347417930893599e+00
4.335821511199113409e+00
4.238505700628070194e+00
4.143350908292225299e+00
4.050309146102230251e+00
3.959333491603757693e+00
3.870378064313760191e+00
3.783398002582201602e+00
3.698349440967608981e+00
3.615189488115026606e+00
3.533876205125215719e+00
3.454368584404195364e+00
3.376626528982453745e+00
3.300610832293403352e+00
3.226283158400879536e+00
3.153606022665713216e+00
3.082542772841625034e+00
3.013057570590908618e+00
2.945115373410583270e+00
2.878681916959894505e+00
2.813723697780260213e+00
2.750207956398935671e+00
2.688102660807887290e+00
2.627376490309536017e+00
2.567998819721226678e+00
2.509939703930458066e+00
2.453169862793079581e+00
2.397660666366847160e+00
2.343384120472880916e+00
2.290312852577753855e+00
2.238420097989082258e+00
2.187679686357662856e+00
2.138066028479344904e+00
2.089554103389983375e+00
2.042119445746965578e+00
1.995738133490945199e+00
1.950386775781566495e+00
1.906211228098202426e+00
1.863378371947626899e+00
1.822008698369411706e+00
1.782213578405512422e+00
1.744093060175208709e+00
1.707736586642010002e+00
1.673223069472250968e+00
1.640621001493038467e+00
1.609988839654162618e+00
1.581376541039559935e+00
1.554823378073853846e+00
1.530358872404340875e+00
1.508003069888927072e+00
1.487766842230421327e+00
1.469652212936339852e+00
1.453652705288718705e+00
1.439753710021753452e+00
1.427932870383146424e+00
1.418160482317965210e+00
1.410400495117283493e+00
1.404610124918887148e+00
1.400740367697315136e+00
1.398736495395284329e+00
1.398538503830220936e+00
1.400081563305157539e+00
1.403296470038100985e+00
1.408110096540617473e+00
1.414445839177361330e+00
1.422224061252041594e+00
1.431362529998055688e+00
1.441776846012160718e+00
1.453380863732095296e+00
1.466087101700668693e+00
1.479807415371712453e+00
1.494453404957293285e+00
1.509936373448900415e+00
1.526167811896078419e+00
1.543059736979454755e+00
1.560525012816675217e+00
1.578477656429540188e+00
1.596833126337209530e+00
1.615508593914773083e+00
1.634423197095085323e+00
1.653498276234059983e+00
1.672657591938161881e+00
1.691827524760430190e+00
1.710937256742920409e+00
1.729918934848821754e+00
1.748707816398647807e+00
1.767243189123320679e+00
1.785467562199389846e+00
1.803326765756383843e+00
1.820770104933002731e+00
1.837750417007689707e+00
1.854224112811646119e+00
1.870151202895206088e+00
1.885495308893049726e+00
1.900223660709689621e+00
1.914307080055302146e+00
1.927719950997123899e+00
1.940440178059070320e+00
1.952449132600957205e+00
1.963731588103975412e+00
1.974275645059926365e+00
1.984072646146964880e+00
1.993117082398343953e+00
2.001406491073294269e+00
2.008941473246351972e+00
2.015725666920688219e+00
2.021765252232197607e+00
2.027068942900277282e+00
2.031647854333424430e+00
2.035515367821591592e+00
2.038686991486337252e+00
2.041180218632945298e+00
2.043014384144823836e+00
2.044210519519706004e+00
2.044791207170042480e+00
2.044780434543389980e+00
2.044203448629778652e+00
2.043086611389107965e+00
2.041457256598266490e+00
2.039343548626937785e+00
2.036774343568071188e+00
2.033779053173948803e+00
2.030387512024722785e+00
2.026629848267662126e+00
2.022536358292495784e+00
2.018137385685775165e+00
2.013463204717430344e+00
2.008543908698917413e+00
2.003409303333373970e+00
1.998088959713119284e+00
1.992612056898134920e+00
1.987007138984592913e+00
1.981302084783249873e+00
1.975524027664343540e+00
1.969699281324087892e+00
1.963853271668529743e+00
1.958010474748653529e+00
1.952194360786194238e+00
1.946427344260387660e+00
1.940730740049497083e+00
1.935124725455324546e+00
1.929628308125214353e+00
1.924259299741454488e+00
1.919034295318952754e+00
1.913968657999319367e+00
1.909076509176209635e+00
1.904370723820418831e+00
1.899862930715679799e+00
1.895563517490727712e+00
1.891481640273156684e+00
1.887625237632129860e+00
1.884001048680296053e+00
1.880614635052182404e+00
1.877470406557611549e+00
1.874571650220897112e+00
1.871920562504022501e+00
1.869518284422612808e+00
1.867364939373930000e+00
1.865459673305793764e+00
1.863800697088810798e+00
1.862385330794138927e+00
1.861210049629343555e+00
1.860270531287242290e+00
1.859561704523968073e+00
1.859077798609564125e+00
1.858812393541110497e+00
1.858758470777266858e+00
1.858908464205250466e+00
1.859254311215053468e+00
1.859787503628315575e+00
1.860499138326067170e+00
1.861379967365686561e+00
1.862420447444802063e+00
1.863610788507019889e+00
1.864941001404202714e+00
1.866400944360543823e+00
1.867980368243494116e+00
1.869668960374698763e+00
1.871456386908614267e+00
1.873332333540269179e+00
1.875286544581141523e+00
1.877308860201345686e+00
1.879389251848099018e+00
1.881517855741785095e+00
1.883685004406455477e+00
1.885881256202103007e+00
1.888097422786591650e+00
1.890324594568802974e+00
1.892554163996946093e+00
1.894777846838280100e+00
1.896987701332280229e+00
1.899176145274182881e+00
1.901335971051599349e+00
1.903460358617560910e+00
1.905542886467236574e+00
1.907577540671812510e+00
1.909558721958481309e+00
1.911481250922624886e+00
1.913340371455589661e+00
1.915131752360475614e+00
1.916851487293303347e+00
1.918496093066796471e+00
1.920062506420160187e+00
1.921548079282221932e+00
1.922950572632146748e+00
1.924268149050412102e+00
1.925499363978014244e+00
1.926643155828130727e+00
1.927698835064814986e+00
1.928666072221957739e+00
1.929544885040713087e+00
1.930335624784527138e+00
1.931038961809404597e+00
1.931655870475439185e+00
1.932187613495539136e+00
1.932635725775992519e+00
1.933001997873598388e+00
1.933288459119441027e+00
1.933497360468887427e+00
1.933631157206815887e+00
1.933692491535976332e+00
1.933684175136990424e+00
1.933609171766618395e+00
1.933470579945370860e+00
1.933271615853414005e+00
1.933015596395949887e+00
1.932705922578094482e+00
1.932346063210180986e+00
1.931939538986131577e+00
1.931489907003980377e+00
1.931000745742109004e+00
1.930475640558320327e+00
1.929918169728156885e+00
1.929331891061852211e+00
1.928720329130193090e+00
1.928086963118070818e+00
1.927435215323061168e+00
1.926768440344946098e+00
1.926089914945613657e+00
1.925402828610329742e+00
1.924710274828965506e+00
1.924015243059722380e+00
1.923320611446549755e+00
1.922629140213004906e+00
1.921943465798674255e+00
1.921266095687596875e+00
1.920599403937618632e+00
1.919945627398180976e+00
1.919306862602264463e+00
1.918685063319287565e+00
1.918082038752829233e+00
1.917499452362828594e+00
1.916938821293116879e+00
1.916401516382856274e+00
1.915888762736679407e+00
1.915401640832823826e+00
1.914941088146780546e+00
1.914507901238541310e+00
1.914102738323168795e+00
1.913726122262325857e+00
1.913378443936002204e+00
1.913059966018620495e+00
1.912770827075150448e+00
1.912511045978359414e+00
1.912280526608947540e+00
1.912079062808236696e+00
1.911906343567521871e+00
1.911761958395232330e+00
1.911645402862522047e+00
1.911556084296640590e+00
1.911493327555887412e+00
1.911456380960338430e+00
1.911444422197912996e+00
1.911456564321520890e+00
1.911491861736953624e+00
1.911549316181778480e+00
1.911627882668834211e+00
1.911726475373192624e+00
1.911843973442245659e+00
1.911979226708950153e+00
1.912131061293241174e+00
1.912298285069108816e+00
1.912479692985881385e+00
1.912674072236561829e+00
1.912880207223518036e+00
1.913096884377861739e+00
1.913322896739833023e+00
1.913557048362538815e+00
1.913798158470610300e+00
1.914045065443098270e+00
1.914296630509790154e+00
1.914551741242589644e+00
1.914809314801020790e+00
