8.121493939708528398e-01
9.301295594162307667e-01
1.045489829004777604e+00
1.158288380772391823e+00
1.268582100839550586e+00
1.376426612099893143e+00
1.481876302271738277e+00
1.584984351326685026e+00
1.685802758309124627e+00
1.784382367560195526e+00
1.880772894359398650e+00
1.975022949996811716e+00
2.067180066288544005e+00
2.157290719547792612e+00
2.245400354023595391e+00
2.331553404819092901e+00
2.415793320300867020e+00
2.498162584010647613e+00
2.578702736090444425e+00
2.657454394231909323e+00
2.734457274160489781e+00
2.809750209664705345e+00
2.883371172180651865e+00
2.955357289941606069e+00
3.022448311457342829e+00
3.076757348864140429e+00
3.117815325373133550e+00
3.146639525326714093e+00
3.165056358356217014e+00
3.175117791743858220e+00
3.178824742204395815e+00
3.177958875288084073e+00
3.174003940465765616e+00
3.168128552763107120e+00
3.161206314429020559e+00
3.153855703695463752e+00
3.146487637830669204e+00
3.139352945959789309e+00
3.132585254356933024e+00
3.126237106864803383e+00
3.120308702784531985e+00
3.114769598934405526e+00
3.109574250778536442e+00
3.104672487536073167e+00
3.100016044178007135e+00
3.095562178187601265e+00
3.091275246591527193e+00
3.087126947762126594e+00
3.083095764133503280e+00
3.079165994715100663e+00
3.075326640541613976e+00
3.071570311829983524e+00
3.067892252003742826e+00
3.064289522818257172e+00
3.060760360879525965e+00
3.057303695153334111e+00
3.053918804035325785e+00
3.050605086191124471e+00
3.047361919314502732e+00
3.044188583381154167e+00
3.041084228630790420e+00
3.038047872519642478e+00
3.035078413723244051e+00
3.032174654635312994e+00
3.029335326585038679e+00
3.026559114157042707e+00
3.023844676601366022e+00
3.021190665443771906e+00
3.018595738144933094e+00
3.016058568097957249e+00
3.013577851485658154e+00
3.011152311600720832e+00
3.008780701223191301e+00
3.006461803588072801e+00
3.004194432387477409e+00
3.001977431159968290e+00
2.999809672330739918e+00
2.997690056091370625e+00
2.995617509244361543e+00
2.993590984089999463e+00
2.991609457397533145e+00
2.989671929477901724e+00
2.987777423360077567e+00
2.985924984061652854e+00
2.984113677941970355e+00
2.982342592123574221e+00
2.980610833966872875e+00
2.978917530586918883e+00
2.977261828401490451e+00
2.975642892702486275e+00
2.974059907244534173e+00
2.972512073846476088e+00
2.970998612002775374e+00
2.969518758502976752e+00
2.968071767058002131e+00
2.966656907933414633e+00
2.965273467588168010e+00
2.963920748320074239e+00
2.962598067917565636e+00
2.961304759317991309e+00
2.960040170272584259e+00
2.958803663018206187e+00
2.957594613955931262e+00
2.956412413336477307e+00
2.955256464952324080e+00
2.954126185837122609e+00
2.953021005971011359e+00
2.951940367992939240e+00
2.950883726919324879e+00
2.949850549869009964e+00
2.948840315794359679e+00
2.947852515218377878e+00
2.946886649977689565e+00
2.945942232971259234e+00
2.945018787914710945e+00
2.944115849100112925e+00
2.943232961161113437e+00
2.942369678843292036e+00
2.941525566779617851e+00
2.940700199270894544e+00
2.939893160071078260e+00
2.939104042177369536e+00
2.938332447624955268e+00
2.937577987286317693e+00
2.936840280674992254e+00
2.936118955753685533e+00
2.935413648746515669e+00
2.934724003955952565e+00
2.934049673583073670e+00
2.933390317552114546e+00
2.932745603339369289e+00
2.932115205804992186e+00
2.931498807029518261e+00
2.930896096153170927e+00
2.930306769219187313e+00
2.929730529020394325e+00
2.929167084949589661e+00
2.928616152853019905e+00
2.928077454886808262e+00
2.927550719376931010e+00
2.927035680682211094e+00
2.926532079060358615e+00
2.926039660536980946e+00
2.925558176777499853e+00
2.925087384961916115e+00
2.924627047662350154e+00
2.924176932723305367e+00
2.923736813144586222e+00
2.923306466966819617e+00
2.922885677159516415e+00
2.922474231511620335e+00
2.922071922524347443e+00
2.921678547306940654e+00
2.921293907473984319e+00
2.920917809045448177e+00
2.920550062348861164e+00
2.920190481923662151e+00
2.919838886427667646e+00
2.919495098545622280e+00
2.919158944899773012e+00
2.918830255962299169e+00
2.918508865970214750e+00
2.918194612841405355e+00
2.917887338092983285e+00
2.917586886761225795e+00
2.917293107323827517e+00
2.917005851623119650e+00
2.916724974791448766e+00
2.916450335178121023e+00
2.916181794277965533e+00
2.915919216661490676e+00
2.915662469906445065e+00
2.915411424531436424e+00
2.915165953930268561e+00
2.914925934308184363e+00
2.914691244619436183e+00
2.914461766506244000e+00
2.914237384239107609e+00
2.914017984658443083e+00
2.913803457117514206e+00
2.913593693426634879e+00
2.913388587798603879e+00
2.913188036795357760e+00
2.912991939275666908e+00
2.912800196344526249e+00
2.912612711302919433e+00
2.912429389599139995e+00
2.912250138781114828e+00
2.912074868449779697e+00
2.911903490213489931e+00
2.911735917643445859e+00
2.911572066230106337e+00
2.911411853340569955e+00
2.911255198176901260e+00
2.911102021735383349e+00
2.910952246766537854e+00
2.910805797736567335e+00
2.910662600788758159e+00
2.910522583706725452e+00
2.910385675877634082e+00
2.910251808256679507e+00
2.910120913332273407e+00
2.909992925092001137e+00
2.909867778989332798e+00
2.909745411910934720e+00
2.909625762145242156e+00
2.909508769350972468e+00
2.909394374526788063e+00
2.909282519981542414e+00
2.909173149305189998e+00
2.909066207340201160e+00
2.908961640154008155e+00
2.908859395011841542e+00
2.908759420349863234e+00
2.908661665749259662e+00
2.908566081910680889e+00
2.908472620629784178e+00
2.908381234772559054e+00
2.908291878251653362e+00
2.908204506003136292e+00
2.908119073963773005e+00
2.908035539048805518e+00
2.907953859130226526e+00
2.907873993015534619e+00
2.907795900426958902e+00
2.907719541981149458e+00
2.907644879169311025e+00
2.907571874337786522e+00
2.907500490669065574e+00
2.907430692163216701e+00
2.907362443619732062e+00
2.907295710619774987e+00
2.907230459508685971e+00
2.907166657379406161e+00
2.907104272055518912e+00
2.907043272075116924e+00
2.906983626674934929e+00
2.906925305774841650e+00
2.906868279962668389e+00
2.906812520479378659e+00
2.906757999204429677e+00
2.906704688641986500e+00
2.906652561906696075e+00
2.906601592710216675e+00
2.906551755347968058e+00
2.906503024686167169e+00
2.906455376149155168e+00
2.906408785707005116e+00
2.906363229863268227e+00
2.906318685643520805e+00
2.906275130583278798e+00
2.906232542717160250e+00
2.906190900567443780e+00
2.906150183133336729e+00
2.906110369880384514e+00
2.906071440730119804e+00
2.906033376049941719e+00
2.905996156643075423e+00
2.905959763739294210e+00
2.905924178985086481e+00
2.905889384434496403e+00
2.905855362539936593e+00
2.905822096143741096e+00
2.905789568469148598e+00
2.905757763111938008e+00
2.905726664032157291e+00
2.905696255546036166e+00
2.905666522317945422e+00
2.905637449353057455e+00
2.905609021989425500e+00
2.905581225890542463e+00
2.905554047038515275e+00
2.905527471726630395e+00
2.905501486552538370e+00
2.905476078411361573e+00
2.905451234489485834e+00
2.905426942257737011e+00
2.905403189465157965e+00
2.905379964132831727e+00
2.905357254547844992e+00
2.905335049257381730e+00
2.905313337062950030e+00
2.905292107014735503e+00
2.905271348406077703e+00
2.905251050768072218e+00
2.905231203864291345e+00
2.905211797685619768e+00
2.905192822445072043e+00
2.905174268573250895e+00
2.905156126713026588e+00
2.905138387715302972e+00
2.905121042634044581e+00
2.905104082721860603e+00
2.905087499425599074e+00
2.905071284382033436e+00
2.905055429413651247e+00
2.905039926524392691e+00
2.905024767896019267e+00
2.905009945883806566e+00
2.904995453012782392e+00
2.904981281973959106e+00
3.018152721950732253e+00
3.087145848283958660e+00
3.154606896702665253e+00
3.220569888896561039e+00
3.285068091061551065e+00
3.348134030676415129e+00
3.409799512906934726e+00
3.470095636645750048e+00
3.529052810196032564e+00
3.586700766606876201e+00
3.643068578668155588e+00
3.698184673572398218e+00
3.752076847251075264e+00
3.804772278392535068e+00
3.856297542148652724e+00
3.906678623537105377e+00
3.955940930546033574e+00
4.004109306947698954e+00
4.051208044827595778e+00
4.097260896835340560e+00
4.142291088163513102e+00
4.186321328260496522e+00
4.229373822283214679e+00
4.271470282295549481e+00
4.312631938218085104e+00
4.352879548534695608e+00
4.392233410761379631e+00
4.430713371682631241e+00
4.468338837360481541e+00
4.505128782921297592e+00
4.541101762125234309e+00
4.576275916723200332e+00
4.610668985606031001e+00
4.644298313750494955e+00
4.677180860966647202e+00
4.709333210450930451e+00
4.740771577149351046e+00
4.771511815934932343e+00
4.801569429603586237e+00
4.830959576692418267e+00
4.857909931212411436e+00
4.879951997830338506e+00
4.896955632603968489e+00
4.909297758295435798e+00
4.917616864848207925e+00
4.922646866312379466e+00
4.925111909186413506e+00
4.925670906570072560e+00
4.924881002707091504e+00
4.923187553012190243e+00
4.920933445277462681e+00
4.918371673567680347e+00
4.915680563568653128e+00
4.912979203467565448e+00
4.910341636928591491e+00
4.907809088528744645e+00
4.905399968535377297e+00
4.903117705266176962e+00
4.900956624043192100e+00
4.898906171980211610e+00
4.896953808247394235e+00
4.895086863236708830e+00
4.893293633933017084e+00
4.891563938096526343e+00
4.889889305164235367e+00
4.888262938192367457e+00
4.886679546111809103e+00
4.885135115103858894e+00
4.883626664742161338e+00
4.882152016405205686e+00
4.880709589443266161e+00
4.879298231223598847e+00
4.877917081962604762e+00
4.876565471447808164e+00
4.875242843558771355e+00
4.873948703507897662e+00
4.872682582930692341e+00
4.871444018410468146e+00
4.870232539436027963e+00
4.869047663733886644e+00
4.867888896040130753e+00
4.866755730363300003e+00
4.865647652273284329e+00
4.864564143093913273e+00
4.863504682822741287e+00
4.862468753350592365e+00
4.861455841052780613e+00
4.860465438839834285e+00
4.859497047687202809e+00
4.858550177724688446e+00
4.857624348937232384e+00
4.856719091551807033e+00
4.855833946208485408e+00
4.854968463960930514e+00
4.854122206161333608e+00
4.853294744270433725e+00
4.852485659623245517e+00
4.851694543172603957e+00
4.850920995225737720e+00
4.850164625183687406e+00
4.849425051289425248e+00
4.848701900387638375e+00
4.847994807697251218e+00
4.847303416596505876e+00
4.846627378419740673e+00
4.845966352264640342e+00
4.845320004808657544e+00
4.844688010133340050e+00
4.844070049555433854e+00
4.843465811463797621e+00
4.842874991161364662e+00
4.842297290711521818e+00
4.841732418783163183e+00
4.841180090519899615e+00
4.840640027383399158e+00
4.840111957012083188e+00
4.839595613099959337e+00
4.839090735249148345e+00
4.838597068842707571e+00
4.838114364916791033e+00
4.837642380035512168e+00
4.837180876168475585e+00
4.836729620570928923e+00
4.836288385661232425e+00
4.835856948921446019e+00
4.835435092771215970e+00
4.835022604461604701e+00
4.834619275967902752e+00
4.834224903884793534e+00
4.833839289323813126e+00
4.833462237813083817e+00
4.833093559199244105e+00
4.832733067551562733e+00
4.832380581068166592e+00
4.832035921984351390e+00
4.831698916482928929e+00
4.831369394601282785e+00
4.831047190160935756e+00
4.830732140669808494e+00
4.830424087243824438e+00
4.830122874526892929e+00
4.829828350612639376e+00
4.829540366967865594e+00
4.829258778357686133e+00
4.828983442772312173e+00
4.828714221355459024e+00
4.828450978334323018e+00
4.828193580951121611e+00
4.827941899396138048e+00
4.827695806742260842e+00
4.827455178880963871e+00
4.827219894459718219e+00
4.826989834820792247e+00
4.826764883941400797e+00
4.826544928375194665e+00
4.826329857195046813e+00
4.826119561937106006e+00
4.825913936546100125e+00
4.825712877321844729e+00
4.825516282861670447e+00
4.825324054024568099e+00
4.825136093867265608e+00
4.824952307598893597e+00
4.824772602533284882e+00
4.824596888042324672e+00
4.824425075510313299e+00
4.824257078289318379e+00
4.824092811655509294e+00
4.823932192766450022e+00
4.823775140619333435e+00
4.823621576010135747e+00
4.823471421493674249e+00
4.823324601344547879e+00
4.823181041518949108e+00
4.823040669617316922e+00
4.822903414847823811e+00
4.822769207990670992e+00
4.822637981363176785e+00
4.822509668785642134e+00
4.822384205547971980e+00
4.822261528377043582e+00
4.822141575404791602e+00
4.822024286137006399e+00
4.821909601422831315e+00
4.821797463424924324e+00
4.821687815590296466e+00
4.821580602621785339e+00
4.821475770450169840e+00
4.821373266206904873e+00
4.821273038197455563e+00
4.821175035875227444e+00
4.821079209816076627e+00
4.820985511688108183e+00
4.820893894242582967e+00
4.820804311270890707e+00
4.820716717594804912e+00
4.820631069045175465e+00
4.820547322429362680e+00
4.820465435513194841e+00
4.820385366999900612e+00
4.820307076509481981e+00
4.820230524558473562e+00
4.820155672540122893e+00
4.820082482704978410e+00
4.820010918136612865e+00
4.819940942748298873e+00
4.819872521250900377e+00
4.819805619133345154e+00
4.819740202660610429e+00
4.819676238842866667e+00
4.819613695422454214e+00
4.819552540857762857e+00
4.819492744307437349e+00
4.819434275614904450e+00
4.819377105293224162e+00
4.819321204504967149e+00
4.819266545062982132e+00
4.819213099402267275e+00
4.819160840569617577e+00
4.819109742210151204e+00
4.819059778554092510e+00
4.819010924403844598e+00
4.818963155121316788e+00
4.818916446610256976e+00
4.818870775319393118e+00
4.818826118216643195e+00
4.818782452781059433e+00
4.818739756991575085e+00
4.818698009315991015e+00
4.818657188700172789e+00
4.818617274552206453e+00
4.818578246747319938e+00
4.818540085603832068e+00
4.818502771876788771e+00
4.818466286748368077e+00
4.818430611818484088e+00
4.818395729095570346e+00
4.818361620987544391e+00
4.818328270292973059e+00
4.818295660192407404e+00
4.818263774239914810e+00
4.818232596354785180e+00
4.818202110813421868e+00
4.818172302241409355e+00
4.818143155605756789e+00
4.818114656207314717e+00
4.818086789673358794e+00
4.818059541950334257e+00
4.818032899296770921e+00
4.818006848276347398e+00
4.817981375751116957e+00
4.817956468874877274e+00
4.817932115081417166e+00
4.817908302093460549e+00
4.817885017902554523e+00
4.817862250766560273e+00
4.817839989203847040e+00
4.817818221987587357e+00
4.817796938140162410e+00
4.817776126927672209e+00
4.817755777854551447e+00
4.817735880658303493e+00
4.817716425304330308e+00
4.817697401980877814e+00
4.817678801094094077e+00
4.817660613263186065e+00
4.817642829315688324e+00
4.817625440282835569e+00
4.817608437395033860e+00
4.817591812077439251e+00
4.817575555940353027e+00
4.817559660790269760e+00
4.817544118611823301e+00
4.817528921567296507e+00
4.817514061992776320e+00
4.817499532394377226e+00
4.817485325444528677e+00
4.817471433978323780e+00
4.817457850989939061e+00
4.817444569629123485e+00
4.817431583197750555e+00
4.817418885146450336e+00
4.817406469071307207e+00
4.817394328710627782e+00
4.817382457936508544e+00
4.817370850767020762e+00
4.817359501349276485e+00
4.817348403960015624e+00
4.817337552997561723e+00
4.817326942994361261e+00
4.817316568600370275e+00
4.817306424583949642e+00
4.817296505829375519e+00
4.817286807334363097e+00
4.817277324207621447e+00
4.817268051666437678e+00
4.817258985034301944e+00
4.817250119738564429e+00
4.817241451308142963e+00
4.817232975371271486e+00
4.646310905105150546e+00
4.542100292567914366e+00
4.440203805892372735e+00
4.340570057044492280e+00
4.243148799125250115e+00
4.147890901030317323e+00
4.054748322694532447e+00
3.973138773950615654e+00
3.906979136250506190e+00
3.856046015747652600e+00
3.818858426284342134e+00
3.793265372304909899e+00
3.776948822305688847e+00
3.767706179411381751e+00
3.763603988595038974e+00
3.763042652092805529e+00
3.764763452626679108e+00
3.767821382669159114e+00
3.771540581419677629e+00
3.775463745233393453e+00
3.779302670227046690e+00
3.782893989022298342e+00
3.786161984931191160e+00
3.789088930957027923e+00
3.791692522942110788e+00
3.794009508544623710e+00
3.796084417171283754e+00
3.797962291686758807e+00
3.799684412629762420e+00
3.801286155082683305e+00
3.802796281940826528e+00
3.804237137505053656e+00
3.805625347153634319e+00
3.806972746737214308e+00
3.808287361003523941e+00
3.809574320138063186e+00
3.810836658049727266e+00
3.812075965788192189e+00
3.813292903797032452e+00
3.814487583190741660e+00
3.815659837263520426e+00
3.816809403452751770e+00
3.817936036817041856e+00
3.819039573338516735e+00
3.820119958249357239e+00
3.821177251445087908e+00
3.822211619099399549e+00
3.823223318045524621e+00
3.824212677404638772e+00
3.825180080318824505e+00
3.826125947440358832e+00
3.827050722976509167e+00
3.827954863519897000e+00
3.828838829542505984e+00
3.829703079237804175e+00
3.830548064311854795e+00
3.831374227312241310e+00
3.832182000114309872e+00
3.832971803236972619e+00
3.833744045721036997e+00
3.834499125362802019e+00
3.835237429149471300e+00
3.835959333788252490e+00
3.836665206257325877e+00
3.837355404334552578e+00
3.838030277079948593e+00
3.838690165261899434e+00
3.839335401726094776e+00
3.839966311711521474e+00
3.840583213120582595e+00
3.841186416751346311e+00
3.841776226499737490e+00
3.842352939538699275e+00
3.842916846480211035e+00
3.843468231524885592e+00
3.844007372602764594e+00
3.844534541507937053e+00
3.845050004028819135e+00
3.845554020075307555e+00
3.846046843803541559e+00
3.846528723738670941e+00
3.846999902895817502e+00
3.847460618899249063e+00
3.847911104099723367e+00
3.848351585689929077e+00
3.848782285817910154e+00
3.849203421698394578e+00
3.849615205721970579e+00
3.850017845562046848e+00
3.850411544279578990e+00
3.850796500425556879e+00
3.851172908141256457e+00
3.851540957256281761e+00
3.851900833384430900e+00
3.852252718017414423e+00
3.852596788616482915e+00
3.852933218701999341e+00
3.853262177941005007e+00
3.853583832232827966e+00
3.853898343792773851e+00
3.854205871233955971e+00
3.854506569647295322e+00
3.854800590679739347e+00
3.855088082610742983e+00
3.855369190427047954e+00
3.855644055895798061e+00
3.855912817636033552e+00
3.856175611188596974e+00
3.856432569084483397e+00
3.856683820911679828e+00
3.856929493380513385e+00
3.857169710387554407e+00
3.857404593078098021e+00
3.857634259907257057e+00
3.857858826699703592e+00
3.858078406708077779e+00
3.858293110670104387e+00
3.858503046864441011e+00
3.858708321165281063e+00
3.858909037095751060e+00
3.859105295880116415e+00
3.859297196494833937e+00
3.859484835718464790e+00
3.859668308180481677e+00
3.859847706408993329e+00
3.860023120877406289e+00
3.860194640050052417e+00
3.860362350426805644e+00
3.860526336586699525e+00
3.860686681230586448e+00
3.860843465222846049e+00
3.860996767632161486e+00
3.861146665771398645e+00
3.861293235236595844e+00
3.861436549945086671e+00
3.861576682172780384e+00
3.861713702590610087e+00
3.861847680300170893e+00
3.861978682868571600e+00
3.862106776362511873e+00
3.862232025381596490e+00
3.862354493090916385e+00
3.862474241252903617e+00
3.862591330258478006e+00
3.862705819157506326e+00
3.862817765688577154e+00
3.862927226308124240e+00
3.863034256218894402e+00
3.863138909397789700e+00
3.863241238623087437e+00
3.863341295501060646e+00
3.863439130491998164e+00
3.863534792935657158e+00
3.863628331076143230e+00
3.863719792086242499e+00
3.863809222091210138e+00
3.863896666192033980e+00
3.863982168488176328e+00
3.864065772099819274e+00
3.864147519189605529e+00
3.864227450983906298e+00
3.864305607793607766e+00
3.864382029034442834e+00
3.864456753246870768e+00
3.864529818115511883e+00
3.864601260488151002e+00
3.864671116394324812e+00
3.864739421063488223e+00
3.864806208942782817e+00
3.864871513714407403e+00
3.864935368312606645e+00
3.864997804940280446e+00
3.865058855085221179e+00
3.865118549535997428e+00
3.865176918397479344e+00
3.865233991106020728e+00
3.865289796444305370e+00
3.865344362555860780e+00
3.865397716959252161e+00
3.865449886561963311e+00
3.865500897673960434e+00
3.865550776020966861e+00
3.865599546757434002e+00
3.865647234479227201e+00
3.865693863236031369e+00
3.865739456543475505e+00
3.865784037394996542e+00
3.865827628273434513e+00
3.865870251162368820e+00
3.865911927557204919e+00
3.865952678476019422e+00
3.865992524470154734e+00
3.866031485634586318e+00
3.866069581618054141e+00
3.866106831632973861e+00
3.866143254465125967e+00
3.866178868483129971e+00
3.866213691647705897e+00
3.866247741520735026e+00
3.866281035274115041e+00
3.866313589698421094e+00
3.866345421211371924e+00
3.866376545866109460e+00
3.866406979359297225e+00
3.866436737039034899e+00
3.866465833912596572e+00
3.866494284654003799e+00
3.866522103611421457e+00
3.866549304814398180e+00
3.866575901980936703e+00
3.866601908524414100e+00
3.866627337560347932e+00
3.866652201913009179e+00
3.866676514121890396e+00
3.866700286448028656e+00
3.866723530880189497e+00
3.866746259140914521e+00
3.866768482692429121e+00
3.866790212742427624e+00
3.866811460249722998e+00
3.866832235929774431e+00
3.866852550260090116e+00
3.866872413485513249e+00
3.866891835623387674e+00
3.866910826468609397e+00
3.866929395598566188e+00
3.866947552377968833e+00
3.866965305963572241e+00
3.866982665308794420e+00
3.866999639168231973e+00
3.867016236102074345e+00
3.867032464480422593e+00
3.867048332487508677e+00
3.867063848125823267e+00
3.867079019220150737e+00
3.867093853421518901e+00
3.867108358211051922e+00
3.867122540903748629e+00
3.867136408652168900e+00
3.867149968450040998e+00
3.867163227135788972e+00
3.867176191395981011e+00
3.867188867768700966e+00
3.867201262646847493e+00
3.867213382281356360e+00
3.867225232784353040e+00
3.867236820132237352e+00
3.867248150168694831e+00
3.867259228607645483e+00
3.867270061036122808e+00
3.867280652917094663e+00
3.867291009592217055e+00
3.867301136284526653e+00
3.867311038101076903e+00
3.867320720035513748e+00
3.867330186970591388e+00
3.867339443680638311e+00
3.867348494833962036e+00
3.867357344995202784e+00
3.867365998627640522e+00
3.867374460095440281e+00
3.867382733665855277e+00
3.867390823511380749e+00
3.867398733711856273e+00
3.867406468256523233e+00
3.867414031046035205e+00
3.867421425894429721e+00
3.867428656531046283e+00
3.867435726602411528e+00
3.867442639674075533e+00
3.867449399232411711e+00
3.867456008686373625e+00
3.867462471369215393e+00
3.867468790540172119e+00
3.867474969386103023e+00
3.867481011023099047e+00
3.867486918498054482e+00
3.867492694790202634e+00
3.867498342812621726e+00
3.867503865413700392e+00
3.867509265378575645e+00
3.867514545430534856e+00
3.867519708232393771e+00
3.867524756387836327e+00
3.867529692442727374e+00
3.867534518886399653e+00
3.867539238152905234e+00
3.867543852622246536e+00
3.867548364621576251e+00
3.867552776426365746e+00
3.867557090261559694e+00
3.867561308302693845e+00
3.867565432676995485e+00
3.867569465464451461e+00
3.867573408698861570e+00
3.867577264368862622e+00
3.867581034418930752e+00
3.867584720750362859e+00
3.867588325222234946e+00
3.867591849652340041e+00
3.946924332612879560e+00
3.995292933751293685e+00
4.042587450129401461e+00
4.088831733131058854e+00
4.134049104490569171e+00
4.178262368054212139e+00
4.221493821280582814e+00
4.263765266485561867e+00
4.305098021837575395e+00
4.345512932108686499e+00
4.385030379186948046e+00
4.423670292355318168e+00
4.461452158342317453e+00
4.498395031149495793e+00
4.534517541660676443e+00
4.569837907037806346e+00
4.604373939908162683e+00
4.638143057347548392e+00
4.671162289664004597e+00
4.703448288986464831e+00
4.735017337662694281e+00
4.765885356470734635e+00
4.796067912648014797e+00
4.825580227742152672e+00
4.854437185287427958e+00
4.882653338310787738e+00
4.910242916671173852e+00
4.937219834235864191e+00
4.963597695897463247e+00
4.989389804435064413e+00
5.014609167223060382e+00
5.039268502790966053e+00
5.063380247237578402e+00
5.086956560502701841e+00
5.110009332499600987e+00
5.132550189111271699e+00
5.154590498053567060e+00
5.176141374608110191e+00
5.197213687227917767e+00
5.217818063018530239e+00
5.237964893097432295e+00
5.257664337834460966e+00
5.276926331975844597e+00
5.295760589654451955e+00
5.314176609288788100e+00
5.332183678373197289e+00
5.349281142335084560e+00
5.363370146427502760e+00
5.374268257485543820e+00
5.382151633310873429e+00
5.387389851339112745e+00
5.390432880885438927e+00
5.391738258044891374e+00
5.391728011893387240e+00
5.390766667890553698e+00
5.389153443159608869e+00
5.387123383536635224e+00
5.384853613170081488e+00
5.382472017110798035e+00
5.380066585211580765e+00
5.377694328628262355e+00
5.375389171246625963e+00
5.373168556881337210e+00
5.371038733447301539e+00
5.368998807985289723e+00
5.367043731402057816e+00
5.365166399344445836e+00
5.363359057378434436e+00
5.361614176690307154e+00
5.359924947397994188e+00
5.358285504440731373e+00
5.356690977451942892e+00
5.355137435544279789e+00
5.353621774625067609e+00
5.352141581107319190e+00
5.350694994115585246e+00
5.349280578050056079e+00
5.347897212757986019e+00
5.346544003765104414e+00
5.345220210868968813e+00
5.343925194873704321e+00
5.342658378859937329e+00
5.341419220872317908e+00
5.340207197573694664e+00
5.339021792434969882e+00
5.337862490264204673e+00
5.336728774802812936e+00
5.335620128454828581e+00
5.334536033259164256e+00
5.333475972478754379e+00
5.332439432388722977e+00
5.331425904003324057e+00
5.330434884595915968e+00
5.329465878945518931e+00
5.328518400295514823e+00
5.327591971041593766e+00
5.326686123182873267e+00
5.325800398577022143e+00
5.324934349040625570e+00
5.324087536332695159e+00
5.323259532053963738e+00
5.322449917488711435e+00
5.321658283410056534e+00
5.320884229864495829e+00
5.320127365947014297e+00
5.319387309574584499e+00
5.318663687263049056e+00
5.317956133910384686e+00
5.317264292587849717e+00
5.316587814339525764e+00
5.315926357990168327e+00
5.315279589960860918e+00
5.314647184091850995e+00
5.314028821471844743e+00
5.313424190273086545e+00
5.312832985591597890e+00
5.312254909292066785e+00
5.311689669856924034e+00
5.311136982239270665e+00
5.310596567719361616e+00
5.310068153764444965e+00
5.309551473891763962e+00
5.309046267534610841e+00
5.308552279911322280e+00
5.308069261897126800e+00
5.307596969898781047e+00
5.307135165731944326e+00
5.306683616501213230e+00
5.306242094482782612e+00
5.305810377009684053e+00
5.305388246359535209e+00
5.304975489644771613e+00
5.304571898705296995e+00
5.304177270003510358e+00
5.303791404521654762e+00
5.303414107661450494e+00
5.303045189145944249e+00
5.302684462923545006e+00
5.302331747074187085e+00
5.301986863717582210e+00
5.301649638923504604e+00
5.301319902624073599e+00
5.300997488527978696e+00
5.300682234036618645e+00
5.300373980162097709e+00
5.300072571447042691e+00
5.299777855886205202e+00
5.299489684849801208e+00
5.299207913008554094e+00
5.298932398260403964e+00
5.298663001658841409e+00
5.298399587342838224e+00
5.298142022468327106e+00
5.297890177141207246e+00
5.297643924351838507e+00
5.297403139910985104e+00
5.297167702387188370e+00
5.296937493045526857e+00
5.296712395787732675e+00
5.296492297093645440e+00
5.296277085963960296e+00
5.296066653864249574e+00
5.295860894670226138e+00
5.295659704614227081e+00
5.295462982232876037e+00
5.295270628315917882e+00
5.295082545856184097e+00
5.294898640000671897e+00
5.294718818002705163e+00
5.294542989175164749e+00
5.294371064844749064e+00
5.294202958307257845e+00
5.294038584783866241e+00
5.293877861378367911e+00
5.293720707035369344e+00
5.293567042499411457e+00
5.293416790275002448e+00
5.293269874587533508e+00
5.293126221345064941e+00
5.292985758100961391e+00
5.292848414017352177e+00
5.292714119829412311e+00
5.292582807810426004e+00
5.292454411737634423e+00
5.292328866858836633e+00
5.292206109859736607e+00
5.292086078832006102e+00
5.291968713242072297e+00
5.291853953900584884e+00
5.291741742932564385e+00
5.291632023748218394e+00
5.291524741014401734e+00
5.291419840626709004e+00
5.291317269682189739e+00
5.291216976452671972e+00
5.291118910358667549e+00
5.291023021943872529e+00
5.290929262850220915e+00
5.290837585793494391e+00
5.290747944539481828e+00
5.290660293880661058e+00
5.290574589613396661e+00
5.290490788515652021e+00
5.290408848325187208e+00
5.290328727718249802e+00
5.290250386288729345e+00
5.290173784527786971e+00
5.290098883803924679e+00
5.290025646343504917e+00
5.289954035211700933e+00
5.289884014293868120e+00
5.289815548277335466e+00
5.289748602633589591e+00
5.289683143600869109e+00
5.289619138167132917e+00
5.289556554053412185e+00
5.289495359697535370e+00
5.289435524238204955e+00
5.289377017499438338e+00
5.289319809975348896e+00
5.289263872815262779e+00
5.289209177809172324e+00
5.289155697373509213e+00
5.289103404537229380e+00
5.289052272928216780e+00
5.289002276759981136e+00
5.288953390818650568e+00
5.288905590450259986e+00
5.288858851548318363e+00
5.288813150541645136e+00
5.288768464382489043e+00
5.288724770534904529e+00
5.288682046963380401e+00
5.288640272121734931e+00
5.288599424942244553e+00
5.288559484825021251e+00
5.288520431627622642e+00
5.288482245654893887e+00
5.288444907649036075e+00
5.288408398779893105e+00
5.288372700635457946e+00
5.288337795212581405e+00
5.288303664907898494e+00
5.288270292508949311e+00
5.288237661185497096e+00
5.288205754481041687e+00
5.288174556304519491e+00
5.288144050922189088e+00
5.288114222949698018e+00
5.288085057344318329e+00
5.288056539397368638e+00
5.288028654726790734e+00
5.288001389269897601e+00
5.287974729276280428e+00
5.287948661300877262e+00
5.287923172197189992e+00
5.287898249110653204e+00
5.287873879472154925e+00
5.287850050991695916e+00
5.287826751652189294e+00
5.287803969703405826e+00
5.287781693656041782e+00
5.287759912275930674e+00
5.287738614578370466e+00
5.287717789822591996e+00
5.287697427506335757e+00
5.287677517360559243e+00
5.287658049344257094e+00
5.287639013639394925e+00
5.287620400645961283e+00
5.287602200977124411e+00
5.287584405454500036e+00
5.287567005103520401e+00
5.287549991148909001e+00
5.287533355010254787e+00
5.287517088297686740e+00
5.287501182807639921e+00
5.287485630518721003e+00
5.287470423587660839e+00
5.287455554345359410e+00
5.287441015293020463e+00
5.287426799098365215e+00
5.287412898591938415e+00
5.287399306763492568e+00
5.287386016758449436e+00
5.287373021874447687e+00
5.287360315557956270e+00
5.287347891400977495e+00
5.287335743137808741e+00
5.287323864641886750e+00
5.287312249922694107e+00
5.287300893122742984e+00
5.287289788514615729e+00
5.287278930498080065e+00
5.287268313597264680e+00
5.287257932457896104e+00
5.287247781844598649e+00
5.287237856638254740e+00
5.287228151833423873e+00
5.287218662535817515e+00
5.099780533803426330e+00
4.985500065905837275e+00
4.873757337493791475e+00
4.764495994915479038e+00
4.657660935921803080e+00
4.553198281877427256e+00
4.451055350588917214e+00
4.351180629736265182e+00
4.253523750894396827e+00
4.158035464131570436e+00
4.064667613171843108e+00
3.973373111109086420e+00
3.884105916660307134e+00
3.796821010946286545e+00
3.711474374787837149e+00
3.628022966506225799e+00
3.546424700216562531e+00
3.466638424603211366e+00
3.388623902166526758e+00
3.312341788930431186e+00
3.237753614600618057e+00
3.164821763163365720e+00
3.093509453915176621e+00
3.023780722913680385e+00
2.955600404840435402e+00
2.888934115266500235e+00
2.823748233311809575e+00
2.760009884689627047e+00
2.697686925127513735e+00
2.636747924156455536e+00
2.577162149259973667e+00
2.518899550375222507e+00
2.461930744738261900e+00
2.406227002065855380e+00
2.351760230066328727e+00
2.298502960272175599e+00
2.246428334187269282e+00
2.195510089741690596e+00
2.145722548047345857e+00
2.097040600447690029e+00
2.049439695855028720e+00
2.002895828369011699e+00
1.957385525170069140e+00
1.913945516037871553e+00
1.878425910038682201e+00
1.851259918760475687e+00
1.831918223523327338e+00
1.819287281806176937e+00
1.812047112505131841e+00
1.808889686850156275e+00
1.808644308884753693e+00
1.810336676631509434e+00
1.813203580435228890e+00
1.816680401715497606e+00
1.820374076857008916e+00
1.824030323000792597e+00
1.827500799451608371e+00
1.830713502595454401e+00
1.833647986751461234e+00
1.836315850098252156e+00
1.838746220754015059e+00
1.840975588148834108e+00
1.843041169659388911e+00
1.844976985350132104e+00
1.846811899413231206e+00
1.848568994659816056e+00
1.850265782604862519e+00
1.851914880028168842e+00
1.853524885702362512e+00
1.855101288135492910e+00
1.856647300124530720e+00
1.858164567898443087e+00
1.859653736915598321e+00
1.861114878185858856e+00
1.862547791252300966e+00
1.863952205476113955e+00
1.865327902309239283e+00
1.866674779583029187e+00
1.867992875784063145e+00
1.869282368732856803e+00
1.870543559574019854e+00
1.871776849869422055e+00
1.872982717013744969e+00
1.874161691110663996e+00
1.875314335068148708e+00
1.876441228587458543e+00
1.877542955984264905e+00
1.878620097512745168e+00
1.879673223563730788e+00
1.880702891173882785e+00
1.881709642276744532e+00
1.882694003058422494e+00
1.883656484165791234e+00
1.884597581326486360e+00
1.885517776213661456e+00
1.886417537327979232e+00
1.887297320919739674e+00
1.888157571783257715e+00
1.888998723950894520e+00
1.889821201275214246e+00
1.890625417908067929e+00
1.891411778704306323e+00
1.892180679504480656e+00
1.892932507446771329e+00
1.893667641146507430e+00
1.894386450927154408e+00
1.895089298990276117e+00
1.895776539582250786e+00
1.896448519154253276e+00
1.897105576518586023e+00
1.897748043015910380e+00
1.898376242644365997e+00
1.898990492209144287e+00
1.899591101512490887e+00
1.900178373471213433e+00
1.900752604262212042e+00
1.901314083494711316e+00
1.901863094346117222e+00
1.902399913703811229e+00
1.902924812304404689e+00
1.903438054870288054e+00
1.903939900243383443e+00
1.904430601516037935e+00
1.904910406159048053e+00
1.905379556146825415e+00
1.905838288092501998e+00
1.906286833330379737e+00
1.906725418066729905e+00
1.907154263498155755e+00
1.907573585898578505e+00
1.907983596724939002e+00
1.908384502749017164e+00
1.908776506165449804e+00
1.909159804668720373e+00
1.909534591549193028e+00
1.909901055815571791e+00
1.910259382281079610e+00
1.910609751668744805e+00
1.910952340664915816e+00
1.911287322041956838e+00
1.911614864749302090e+00
1.911935133961106814e+00
1.912248291193189065e+00
1.912554494388434057e+00
1.912853897958905147e+00
1.913146652897363076e+00
1.913432906844596770e+00
1.913712804163467451e+00
1.913986486011409971e+00
1.914254090424172272e+00
1.914515752348164623e+00
1.914771603742378980e+00
1.915021773636287117e+00
1.915266388207376602e+00
1.915505570807424451e+00
1.915739442058485897e+00
1.915968119905002487e+00
1.916191719672927007e+00
1.916410354127617399e+00
1.916624133530512974e+00
1.916833165694613816e+00
1.917037556038773127e+00
1.917237407640821401e+00
1.917432821289531741e+00
1.917623895535452538e+00
1.917810726740613481e+00
1.917993409127140225e+00
1.918172034824785710e+00
1.918346693917406753e+00
1.918517474488409036e+00
1.918684462665177781e+00
1.918847742662522338e+00
1.919007396825151091e+00
1.919163505669204461e+00
1.919316147922862426e+00
1.919465400566050528e+00
1.919611338869260608e+00
1.919754036431512434e+00
1.919893565217471787e+00
1.920029995593740546e+00
1.920163396364344743e+00
1.920293834805432365e+00
1.920421376699203320e+00
1.920546086367081573e+00
1.920668026714914101e+00
1.920787259227562549e+00
1.920903844033848618e+00
1.921017839928264026e+00
1.921129304400330584e+00
1.921238293663360297e+00
1.921344862682626387e+00
1.921449065202954554e+00
1.921550953775740922e+00
1.921650579785402435e+00
1.921747993475259930e+00
1.921843243972865656e+00
1.921936379327537470e+00
1.922027446497463377e+00
1.922116491407330097e+00
1.922203558975638993e+00
1.922288693099945878e+00
1.922371936712711671e+00
1.922453331794168774e+00
1.922532919393078243e+00
1.922610739647115929e+00
1.922686831802886243e+00
1.922761234235556893e+00
1.922833984468118151e+00
1.922905119190248868e+00
1.922974674276797913e+00
1.923042684818632164e+00
1.923109185103208496e+00
1.923174208665820339e+00
1.923237788310668828e+00
1.923299956090002594e+00
1.923360743366760550e+00
1.923420180784472855e+00
1.923478298316247281e+00
1.923535125270955826e+00
1.923590690307499074e+00
1.923645021448870729e+00
1.923698146096016748e+00
1.923750091041471322e+00
1.923800882482758601e+00
1.923850546035549058e+00
1.923899106746554954e+00
1.923946589106166671e+00
1.923993017060816602e+00
1.924038414037839262e+00
1.924082802920173974e+00
1.924126206091868241e+00
1.924168645440766712e+00
1.924210142369276788e+00
1.924250717804938837e+00
1.924290392223569679e+00
1.924329185622335014e+00
1.924367117563688501e+00
1.924404207176571457e+00
1.924440473165740961e+00
1.924475933820958273e+00
1.924510607026033160e+00
1.924544510267718334e+00
1.924577660644451793e+00
1.924610074874935295e+00
1.924641769319303863e+00
1.924672759950240453e+00
1.924703062407734144e+00
1.924732691961231534e+00
1.924761663550995872e+00
1.924789991786809207e+00
1.924817690954881089e+00
1.924844775037458877e+00
1.924871257682492010e+00
1.924897152244275267e+00
1.924922471781458588e+00
1.924947229063276533e+00
1.924971436588488682e+00
1.924995106554364011e+00
1.925018250896651129e+00
1.925040881286911754e+00
1.925063009138082259e+00
1.925084645609982159e+00
1.925105801614770185e+00
1.925126487822329535e+00
1.925146714665580072e+00
1.925166492345701030e+00
1.925185830837263135e+00
1.925204739893258354e+00
1.925223229050028406e+00
1.925241307632086230e+00
1.925258984756834879e+00
1.925276269339176949e+00
1.925293170096022966e+00
1.925309695550696532e+00
1.925325854050000007e+00
1.925341653731295954e+00
1.925357102560552924e+00
1.925372208327749579e+00
1.925386978663276238e+00
1.925401421004413471e+00
1.925415542632846755e+00
1.925429350669594086e+00
1.925442852078220524e+00
1.925456053668063383e+00
1.925468962097457437e+00
1.925481583876953007e+00
1.925493925372512294e+00
1.925505992821429979e+00
1.925517792298325759e+00
1.925529329752144969e+00
1.925540611000550628e+00
1.925551641732582198e+00
1.925562427511307462e+00
1.925572973789222431e+00
1.925583285873754935e+00
1.925593368963803176e+00
1.925603228143698331e+00
1.925612868385455867e+00
1.925622294551041502e+00
