-5.998697751395857258e-01
-5.894323023703135211e-01
-5.783684186654902692e-01
-5.667281576629312756e-01
-5.545603274005266314e-01
-5.419119872876063670e-01
-5.293740827111570457e-01
-5.167567101555978759e-01
-5.038640659296818036e-01
-4.911979823067249562e-01
-4.787466387935104262e-01
-4.661578538438873043e-01
-4.546645980741917947e-01
-4.431798396291024567e-01
-4.322320785802937770e-01
-4.213599629455753171e-01
-4.101829399670400278e-01
-3.991897216950393013e-01
-3.880771348367983986e-01
-3.783777602092825987e-01
-3.689987581795397542e-01
-3.603894222585939389e-01
-3.525357726276807657e-01
-3.449010658243372163e-01
-3.382124392502103838e-01
-3.318652839210920469e-01
-3.256692104987379821e-01
-3.203933668324827622e-01
-3.152863664026837043e-01
-3.102762744982170418e-01
-3.060695246608937659e-01
-3.019199535770740184e-01
-2.976568921055520178e-01
-2.935162570222105138e-01
-2.895929322925314686e-01
-2.855303551602186296e-01
-2.813275965202994833e-01
-2.773113050716640160e-01
-2.734563446314330903e-01
-2.694329053680952768e-01
-2.652444815899626107e-01
-2.608959063388085475e-01
-2.566588912426386315e-01
-2.524499819182253191e-01
-2.480675737643585066e-01
-2.435207103706598097e-01
-2.388194045453926329e-01
-2.339744709214044427e-01
-2.289974128376028872e-01
-2.239002889682599751e-01
-2.186955907131666876e-01
-2.135152983387271775e-01
-2.082418214490551200e-01
-2.028723178750682088e-01
-1.974207078768031032e-01
-1.919009386353867086e-01
-1.863269049251647935e-01
-1.807123747899015420e-01
-1.750709105713936786e-01
-1.694158094092768074e-01
-1.637600427452738927e-01
-1.581162033577565573e-01
-1.525757614291403108e-01
-1.471385517931520504e-01
-1.417652680552650146e-01
-1.364654328177556941e-01
-1.312479922904992158e-01
-1.261213009346042746e-01
-1.210931027954655903e-01
-1.161705199633646934e-01
-1.113600510185239756e-01
-1.066675647376627012e-01
-1.020983124071275228e-01
-9.765692113231416727e-02
-9.364505934307043589e-02
-8.978095418510179115e-02
-8.605855884803270683e-02
-8.247908485798749467e-02
-7.904328382695124944e-02
-7.575144901297514721e-02
-7.260345623814634664e-02
-6.959878322289547725e-02
-6.673820254728557444e-02
-6.432186871911049764e-02
-6.203949576200162852e-02
-5.988826168422667351e-02
-5.786518165147302994e-02
-5.596712851990215398e-02
-5.419083912019484472e-02
-5.253293384818658041e-02
-5.098991886361226022e-02
-4.955820387238007996e-02
-4.823410357720314678e-02
-4.707654428150709336e-02
-4.610854907899319954e-02
-4.522742364375309521e-02
-4.442896034050036747e-02
-4.370893714468460090e-02
-4.306312368866649365e-02
-4.248729739210288514e-02
-4.197726333937712440e-02
-4.152885736436440212e-02
-4.113796113148815436e-02
-4.080051116280181134e-02
-4.051250475640877369e-02
-4.027000754727394494e-02
-4.006915932222687715e-02
-3.990618009201307714e-02
-3.977737204265752169e-02
-3.967913097793607236e-02
-3.960794731670747026e-02
-3.956040179864350748e-02
-3.953318148612350313e-02
-3.952307794721754419e-02
-3.952699184995012160e-02
-3.954193625727508987e-02
-3.956504179036324231e-02
-3.959355849767298707e-02
-3.962486077364690829e-02
-3.965644945172863700e-02
-3.968595645800876426e-02
-3.971114700108779871e-02
-3.972992262302454947e-02
-3.974032124459769832e-02
-3.974052881065315290e-02
-3.972886672315034673e-02
-3.970380279972873794e-02
-3.966394755306446029e-02
-3.960806072350164797e-02
-3.953504216843528596e-02
-3.944393684974611958e-02
-3.933393150888875311e-02
-3.920435355422302592e-02
-3.910695496514060565e-02
-3.902106165578400621e-02
-3.891367836714332284e-02
-3.878437792585387456e-02
-3.863286685774758311e-02
-3.845897822500532470e-02
-3.826266849172021978e-02
-3.804401319213290833e-02
-3.780319980686952519e-02
-3.754053228761655703e-02
-3.725641125596634851e-02
-3.695133861170996070e-02
-3.662590891440276053e-02
-3.628080357193352867e-02
-3.591678421182376013e-02
-3.553468703316342570e-02
-3.513541602760117399e-02
-3.471993654084970515e-02
-3.428926748223615206e-02
-3.384447699992287895e-02
-3.338667404717554632e-02
-3.291700231104055518e-02
-3.243663362225479574e-02
-3.194676028174558979e-02
-3.144859413615863630e-02
-3.094335204665998873e-02
-3.043225638214241968e-02
-2.991652669569200285e-02
-2.939737490629834582e-02
-2.887600070625584436e-02
-2.835358524853015538e-02
-2.783128773136889222e-02
-2.731024069655729747e-02
-2.679154605946942880e-02
-2.627626901223001354e-02
-2.576544385779655499e-02
-2.526005772441530794e-02
-2.476105668727379694e-02
-2.426934059830543333e-02
-2.378576362240991671e-02
-2.331112613045061011e-02
-2.284618163781848565e-02
-2.239162999972110768e-02
-2.194811984050648590e-02
-2.151624254027773020e-02
-2.109653908934960853e-02
-2.068949513241813420e-02
-2.029554386236975816e-02
-1.991506345794791244e-02
-1.954837984375989990e-02
-1.919576681049495193e-02
-1.885744692660207278e-02
-1.853359260922271545e-02
-1.822432734100276619e-02
-1.792972701972184169e-02
-1.764982142823967592e-02
-1.738459581242635110e-02
-1.713399255552205958e-02
-1.689791293754216994e-02
-1.667621896903925816e-02
-1.646873528890191452e-02
-1.627525111629823940e-02
-1.609552224748744820e-02
-1.592927308850500268e-02
-1.577619871521962480e-02
-1.563596695271529669e-02
-1.550822046624045214e-02
-1.539257885644751411e-02
-1.528864075195768280e-02
-1.519598589263093658e-02
-1.511417719727248254e-02
-1.504276280983596337e-02
-1.498127811846128310e-02
-1.492924774204995586e-02
-1.488618747928249775e-02
-1.485160575579458353e-02
-1.482500708245115817e-02
-1.480589165506795979e-02
-1.479375658344972422e-02
-1.478810559635634903e-02
-1.478843877829527642e-02
-1.479425827058511445e-02
-1.480507483168747029e-02
-1.482040412630958315e-02
-1.483976969913713972e-02
-1.486270410259971086e-02
-1.488874784616678326e-02
-1.491745945194145051e-02
-1.494840306513944839e-02
-1.498115843312941564e-02
-1.501531747895112900e-02
-1.505049435760863474e-02
-1.508631129455828557e-02
-1.512240888246951798e-02
-1.515844385627529434e-02
-1.519409463301313323e-02
-1.522905740344393521e-02
-1.526304220267693523e-02
-1.529577987524444183e-02
-1.532702006403630079e-02
-1.535653251110913331e-02
-1.538410204189055719e-02
-1.540953662986987993e-02
-1.543266094520001630e-02
-1.545331949954187323e-02
-1.547137510655716142e-02
-1.548670731295720415e-02
-1.549921502369233650e-02
-1.550881440721818549e-02
-1.551543899054852460e-02
-1.551903836500789780e-02
-1.551957650743318595e-02
-1.551704043546475731e-02
-1.551142347727330062e-02
-1.550273718200489981e-02
-1.549100547502169078e-02
-1.547626685613279207e-02
-1.545857192582689166e-02
-1.543798252012784644e-02
-1.541457149506664237e-02
-1.538842221786262954e-02
-1.535962763999565439e-02
-1.532828574721323278e-02
-1.529451089111377726e-02
-1.525841693214458061e-02
-1.522012718993481784e-02
-1.517976988960345608e-02
-1.513747606298343484e-02
-1.509338790554037857e-02
-1.504764509161971020e-02
-1.500038973036854628e-02
-1.495176848739454556e-02
-1.490192865108674880e-02
-1.485101826750190313e-02
-1.479918550307335323e-02
-1.474657805748513795e-02
-1.469334259025956158e-02
-1.463962416251529675e-02
-1.458556358881857307e-02
-1.453130346716102750e-02
-1.447698111834849755e-02
-1.442273385189496437e-02
-1.436868689183201653e-02
-1.431496706208923442e-02
-1.426169637033414261e-02
-1.420899008021248022e-02
-1.415695937128491622e-02
-1.410570989185577773e-02
-1.405534180362044694e-02
-1.400594904961671716e-02
-1.395761724292343686e-02
-1.391043338919928374e-02
-1.386447146098346295e-02
-1.381980120446613114e-02
-1.377648638243123003e-02
-1.373458383015391249e-02
-1.369414439585092680e-02
-1.365521259541147003e-02
-1.361782682071366324e-02
-1.358201935501002211e-02
-1.354781646496272529e-02
-1.351523819207534061e-02
-1.348429928639083286e-02
-1.345500845759461939e-02
-1.342736893645879448e-02
-1.340137910206262717e-02
-1.337703170508897088e-02
-1.335431589754554338e-02
2.167882227641548809e-02
1.778990427480620085e-02
1.335628265602517573e-02
8.736585440792143942e-03
3.960184174374603572e-03
-9.447764530174929121e-04
-5.951227445552653705e-03
-1.103299744727914700e-02
-1.616466694233498202e-02
-2.132142096276812282e-02
-2.647898428575690133e-02
-3.165816898748152752e-02
-3.708868171754620136e-02
-4.249926483458965620e-02
-4.786421005901431158e-02
-5.315780408164849646e-02
-5.835237805531967581e-02
-6.311395012242870806e-02
-6.665124913413444929e-02
-6.884489308724983658e-02
-7.092802952734711397e-02
-7.352569046358858884e-02
-7.598652286556584201e-02
-7.831112018019892318e-02
-8.050052087804449030e-02
-8.283043891726249441e-02
-8.525549807140375691e-02
-8.753973339623355443e-02
-8.968514852939879489e-02
-9.169384480917530666e-02
-9.381422982118481357e-02
-9.600016331591376684e-02
-9.804743014382388822e-02
-9.995863363359092091e-02
-1.017363079184052665e-01
-1.033829266851107320e-01
-1.053164504426042924e-01
-1.071483584982892978e-01
-1.088479863056361907e-01
-1.104182601611727321e-01
-1.118621882873718221e-01
-1.131828454919912019e-01
-1.145566855839783571e-01
-1.159747645972979413e-01
-1.172722305251472363e-01
-1.184522340524942763e-01
-1.195178954158011564e-01
-1.204723021690421447e-01
-1.213185071613835930e-01
-1.220814174114668305e-01
-1.230062206418294224e-01
-1.238263587450658676e-01
-1.245449350606815386e-01
-1.251649386868312064e-01
-1.256231149232327482e-01
-1.259132269504776858e-01
-1.260327962538498880e-01
-1.259801853516284709e-01
-1.258044875852792899e-01
-1.256883732992069014e-01
-1.253889871678470769e-01
-1.249075223747535546e-01
-1.242459717062143199e-01
-1.234070888168332658e-01
-1.223943393160373816e-01
-1.212118528861321209e-01
-1.198643745463403576e-01
-1.183572166198469944e-01
-1.166962096132584392e-01
-1.148876567936447657e-01
-1.129382834625802801e-01
-1.108551918674249848e-01
-1.086458115816917314e-01
-1.063178709742320649e-01
-1.038853684712108816e-01
-1.013953421328954718e-01
-9.880148279320533078e-02
-9.611240019689937242e-02
-9.333681136732430161e-02
-9.048350112514214061e-02
-8.756128438548849147e-02
-8.457897125960744944e-02
-8.154534131766855154e-02
-7.846909315806360752e-02
-7.535882261648385594e-02
-7.222300453382768382e-02
-6.906995533608029092e-02
-6.594412180407349666e-02
-6.283740935259363170e-02
-5.974329610734407936e-02
-5.666887325954395038e-02
-5.362096673570526661e-02
-5.060611090819921998e-02
-4.763054482794260025e-02
-4.470019796217972186e-02
-4.182067449768567258e-02
-3.899725192835923337e-02
-3.623487130905900244e-02
-3.353813193276522497e-02
-3.091128738004034204e-02
-2.835824528885044771e-02
-2.588256049310988516e-02
-2.348744435538296926e-02
-2.117576030954637645e-02
-1.895002977690207757e-02
-1.681243275780364144e-02
-1.476481760483228101e-02
-1.280870511694676139e-02
-1.094529244971553794e-02
-9.175469596785390536e-03
-7.499824149893363767e-03
-5.918639744516340784e-03
-4.431922541145993932e-03
-3.092754521412999225e-03
-1.899597998995083969e-03
-7.956593792810551236e-04
2.202687734147446008e-04
1.149603918657149393e-03
1.993960816793816093e-03
2.755140222322260968e-03
3.435117527098796586e-03
4.036028723354512238e-03
4.560163538041450693e-03
5.009950800142881633e-03
5.387942205230977777e-03
5.696804293892299142e-03
5.939311722822360196e-03
6.118325572677107971e-03
6.236790339068321032e-03
6.297710870120099003e-03
6.304154634768188714e-03
6.259233004998421279e-03
6.166090881881913788e-03
6.027901680293545894e-03
5.847839822435751955e-03
5.629091401060826172e-03
5.374834243292880842e-03
5.088227270458212104e-03
4.772404119876227924e-03
4.430462630345743946e-03
4.065457682496109726e-03
3.680392335209781152e-03
3.278210539500392429e-03
2.861787987371577913e-03
2.433933824607770191e-03
1.997364798618228576e-03
1.554721946616766104e-03
1.108554724227772681e-03
6.613134458559599693e-04
2.153467551515575451e-04
-2.270976121012679982e-04
-6.638819380766491918e-04
-1.092979510693758982e-03
-1.512477322848759798e-03
-1.920579934169275305e-03
-2.315610167916481998e-03
-2.696007580331283293e-03
-3.060333839565387848e-03
-3.407270854778765568e-03
-3.735618494363990294e-03
-4.044306100666084092e-03
-4.332371819548264114e-03
-4.598972190670735927e-03
-4.843388498135148268e-03
-5.065015990069809959e-03
-5.263353677294801969e-03
-5.438022764449712554e-03
-5.588740004442982467e-03
-5.715335699198575981e-03
-5.817741854474256513e-03
-5.895980291777291882e-03
-5.950169374154157254e-03
-5.980516613945496829e-03
-5.987322643493442342e-03
-5.989991989362231095e-03
-5.980843264977053764e-03
-5.947897725966377891e-03
-5.891715407345898825e-03
-5.812928874314060579e-03
-5.712229654218248243e-03
-5.590373064572773387e-03
-5.448164496970164805e-03
-5.286459830322165487e-03
-5.106157069520556036e-03
-4.908196652677609961e-03
-4.693551217428648670e-03
-4.463222233619390522e-03
-4.218236555570520352e-03
-3.959639876711662509e-03
-3.688495742209418893e-03
-3.405877659992562201e-03
-3.112867310496092443e-03
-2.810544747572585322e-03
-2.499995272369659460e-03
-2.182289909487877821e-03
-1.858503688012547173e-03
-1.529689233542796956e-03
-1.196888262288808846e-03
-8.611212006837121180e-04
-5.233880799275780760e-04
-1.846645755412268386e-04
1.541018341599809105e-04
4.919891392214381654e-04
8.281106044645270003e-04
1.161612884865270701e-03
1.491675581671181305e-03
1.817516082794234933e-03
2.138389370973214909e-03
2.453592200048149152e-03
2.762459956994867127e-03
3.064367844436866051e-03
3.358737232660224947e-03
3.645030061425025281e-03
3.922750290426435527e-03
4.191445722409703478e-03
4.450707613592896905e-03
4.700169623760075410e-03
4.939508447018958748e-03
5.157917836760006480e-03
5.360291797252614288e-03
5.552013749472450854e-03
5.732967118883713908e-03
5.903073680923576205e-03
6.062291759866056395e-03
6.210615102761884998e-03
6.348071683602185544e-03
6.474722115563658065e-03
6.590659530590237125e-03
6.696006191676318053e-03
6.790913556797839590e-03
6.875560537525693405e-03
6.950151583225760987e-03
7.014914562791574326e-03
7.070100825030678493e-03
7.115983034647221928e-03
7.152853848119811175e-03
7.181019884599848524e-03
7.200808838537575696e-03
7.212558712756056423e-03
7.216622408213524409e-03
7.213363496344271653e-03
7.203153475888512958e-03
7.186376401351779464e-03
7.163418476332950036e-03
7.134671352996946325e-03
7.100532522915870004e-03
7.061400350628410649e-03
7.017673907190769000e-03
6.969752856110567052e-03
6.918032560110809470e-03
6.862906292616877124e-03
6.804763171600392013e-03
6.743985553308462499e-03
6.680951737972229409e-03
6.616031226784002683e-03
6.549585022251669386e-03
6.481964739275092313e-03
6.413511778970537591e-03
6.344556565778702861e-03
6.275417848283559863e-03
6.206402063856586437e-03
6.137802767028688322e-03
6.069900121436155871e-03
6.002960454663863743e-03
5.937237220249969027e-03
5.872966474842478135e-03
5.810371222672472413e-03
5.749659282172636665e-03
5.691022890476737928e-03
5.634642376603160585e-03
5.580674173881305933e-03
5.529267095875312066e-03
5.480557881852199387e-03
5.434655566920909564e-03
5.391665738076589776e-03
5.351674965990760313e-03
5.314759741750663125e-03
5.280974902505342072e-03
5.250365192710049200e-03
5.222960481799709953e-03
5.198778493261002609e-03
5.177827673641388628e-03
5.160100038506421072e-03
5.145579514693743306e-03
5.134233574793256594e-03
5.126023788061928599e-03
5.120902956530670735e-03
5.118808414858122546e-03
5.119668808664989967e-03
5.123409958202707060e-03
5.129946780694893960e-03
5.139187122914279371e-03
5.151032599182592264e-03
5.165376670134058656e-03
5.182110596311240158e-03
5.201119285999311614e-03
5.222283377895209355e-03
5.245479820339404853e-03
5.270582441491811210e-03
5.297462509267880648e-03
7.940927239674167026e-02
8.880138469905762832e-02
9.738674321950835377e-02
1.050299685040618769e-01
1.122693745421283751e-01
1.186292324431734713e-01
1.242745830104547977e-01
1.293891379927973873e-01
1.333837197422380605e-01
1.365947680312840085e-01
1.393265365502864839e-01
1.412345286219216511e-01
1.423540895257389138e-01
1.430593007419309615e-01
1.433646267658432727e-01
1.427445989489570799e-01
1.417253083509573131e-01
1.403851655236731943e-01
1.387404737479216443e-01
1.365861494343083571e-01
1.338871757498045767e-01
1.309743895419499538e-01
1.278637216445437375e-01
1.245707751261049268e-01
1.211108331899719559e-01
1.174988643497187901e-01
1.137495469960780881e-01
1.096775719456113407e-01
1.055360249276460216e-01
1.013393107698505879e-01
9.710003857711679842e-02
9.283047171122715824e-02
8.854253961714020349e-02
8.424786896443769990e-02
7.995778589237101386e-02
7.568332581652326141e-02
7.143523850420274712e-02
6.722398916488581122e-02
6.302671056173902997e-02
5.871273640312280051e-02
5.444087047651224864e-02
5.022195576679822082e-02
4.606648858369677413e-02
4.198459128518994277e-02
3.798598787477347472e-02
3.407997407997509498e-02
3.027539037912330144e-02
2.658059472727414274e-02
2.288411143516766444e-02
1.907312404158068020e-02
1.538661516688755171e-02
1.183226875581588899e-02
8.417089736738159189e-03
5.147382701517155823e-03
2.028735505076983969e-03
-9.339958624416944133e-04
-3.974731942189002609e-03
-6.931478236940957771e-03
-9.718774716429567917e-03
-1.233355388213741577e-02
-1.477348438681946874e-02
-1.703694698233482185e-02
-1.912303124367786822e-02
-2.103150731334713086e-02
-2.294499044634745744e-02
-2.475808801619505672e-02
-2.638775346690636070e-02
-2.783585949387168412e-02
-2.910486109854781844e-02
-3.019778715889120946e-02
-3.111820864199721370e-02
-3.187020955811936673e-02
-3.245835841646105280e-02
-3.288766903313078416e-02
-3.316356999880731848e-02
-3.329263279076943860e-02
-3.342572629283502295e-02
-3.341020931257432380e-02
-3.325286126102522388e-02
-3.296073012175071426e-02
-3.254109383161196689e-02
-3.200141682123724962e-02
-3.134930896340293316e-02
-3.059249308003497703e-02
-2.973876416123033550e-02
-2.879595786112343347e-02
-2.777191074776474977e-02
-2.667443774669653322e-02
-2.551129398399165638e-02
-2.429015058076000599e-02
-2.301856768264709530e-02
-2.170396526758722189e-02
-2.035361156231374480e-02
-1.897458652530481515e-02
-1.757377167715290511e-02
-1.615782994036774056e-02
-1.473319117930582678e-02
-1.330603536786956198e-02
-1.188228306899663522e-02
-1.046758288396798520e-02
-9.067300950837520190e-03
-7.731014436454408667e-03
-6.486557497939138273e-03
-5.274479222564742997e-03
-4.098465357390779218e-03
-2.961907478088221524e-03
-1.867904947512766256e-03
-8.192686392178849530e-04
1.814769928158987966e-04
1.132092888668001507e-03
2.030608784730603134e-03
2.875334326971845655e-03
3.664845355387136294e-03
4.397971654669152741e-03
5.073796849857981073e-03
5.691647965108792562e-03
6.251088097056545223e-03
6.751907696478376408e-03
7.194115834094017004e-03
7.577930830102719284e-03
7.903769701139040649e-03
8.172246251016979102e-03
8.384147911244532736e-03
8.540438449545995070e-03
8.642239851411659401e-03
8.661075233378223714e-03
8.589274958790138470e-03
8.471302285269377563e-03
8.308901262432222268e-03
8.103910218481225058e-03
7.858251377240055291e-03
7.573922072551919626e-03
7.252984493347103268e-03
6.897556839254637140e-03
6.509803685071258172e-03
6.091929377891158737e-03
5.646162454496117533e-03
5.174756881792585972e-03
4.679975814422920877e-03
4.164089531745407413e-03
3.629362036225547428e-03
3.078050556118760994e-03
2.512385636451952564e-03
1.934581093944842678e-03
1.346815830004288728e-03
7.512305437367139405e-04
1.499231705421877336e-04
-4.550563963467979534e-04
-1.061720615444183835e-03
-1.668136107372930610e-03
-2.272431829343002363e-03
-2.872809096468920131e-03
-3.467542237626020096e-03
-4.054980071102942674e-03
-4.633551765328203231e-03
-5.201768629596426052e-03
-5.758226898497476043e-03
-6.301609364540716740e-03
-6.830686525823193023e-03
-7.344320774897550308e-03
-7.841463199945941653e-03
-8.321157911892473891e-03
-8.782540151756279556e-03
-9.224837005951336266e-03
-9.647367113256866133e-03
-1.006208289897836394e-02
-1.048224360441896152e-02
-1.088092108654281631e-02
-1.125767216181916552e-02
-1.161214413017352953e-02
-1.194407201304814592e-02
-1.225327732359637878e-02
-1.253966531521655270e-02
-1.280321948320395364e-02
-1.304400984660869511e-02
-1.326217373085780693e-02
-1.345792355236286042e-02
-1.363154017521051031e-02
-1.378337040499566513e-02
-1.391382266087326514e-02
-1.402336138336934823e-02
-1.411251301154914373e-02
-1.418184658316024027e-02
-1.423198193308383708e-02
-1.426357873958838951e-02
-1.427733846231449277e-02
-1.427399674473406321e-02
-1.425432008563509712e-02
-1.421910260858805231e-02
-1.416916226268982726e-02
-1.410533217299780873e-02
-1.402847109418470239e-02
-1.393943904984995541e-02
-1.383911486994282569e-02
-1.372837306699281612e-02
-1.360810020679048549e-02
-1.347917378291585422e-02
-1.334246567578301068e-02
-1.319884982078400881e-02
-1.304918261655974021e-02
-1.289430980823569328e-02
-1.273506134875201923e-02
-1.257225148906959689e-02
-1.240667058122646438e-02
-1.223909180917015505e-02
-1.207026095737395721e-02
-1.190090053637682388e-02
-1.173170590387906387e-02
-1.156334114828494464e-02
-1.139644769593939344e-02
-1.123162646347886096e-02
-1.106945627266986421e-02
-1.091047720837412527e-02
-1.075519444850447925e-02
-1.060408796568967915e-02
-1.045759343570873412e-02
-1.031612217873423276e-02
-1.018004340569778066e-02
-1.004969539445887960e-02
-9.925381292404722444e-03
-9.807370353422051323e-03
-9.695898227538801706e-03
-9.591167684605217403e-03
-9.493348994366712645e-03
-9.402580295239548747e-03
-9.318968558999163321e-03
-9.242590493065971913e-03
-9.173493373840102549e-03
-9.111695949077347478e-03
-9.057187056165982852e-03
-9.009936799171835986e-03
-8.969882811914242637e-03
-8.936940384502101153e-03
-8.911002948016388814e-03
-8.891941542413572819e-03
-8.879607594546090610e-03
-8.873832964880090657e-03
-8.874431863989507008e-03
-8.881203362941292312e-03
-8.893929982917825328e-03
-8.912381324368112701e-03
-8.936314730938033080e-03
-8.965476147982265331e-03
-8.999601842180293687e-03
-9.038420189590112841e-03
-9.081649440322081546e-03
-9.129009839176749352e-03
-9.180209233233149746e-03
-9.234952361659054532e-03
-9.292946483954622749e-03
-9.353897448147296956e-03
-9.417506710355016963e-03
-9.483478973914216681e-03
-9.551520730104456902e-03
-9.621341918957249106e-03
-9.692656475800198734e-03
-9.765182592618160129e-03
-9.838645491156761125e-03
-9.912773099978178237e-03
-9.987304377570893621e-03
-1.006198499160015913e-02
-1.013656852110145223e-02
-1.021081745374052829e-02
-1.028450451112439268e-02
-1.035741192285888346e-02
-1.042933181670102627e-02
-1.050006741252040854e-02
-1.056943054705694607e-02
-1.063725235090418053e-02
-1.070336672675686884e-02
-1.076762023707056315e-02
-1.082987799419798947e-02
-1.089001062406991238e-02
-1.094790185506866464e-02
-1.100344756743476538e-02
-1.105655565395746720e-02
-1.110714543369084595e-02
-1.115514822837448961e-02
-1.120050611179346234e-02
-1.124317262069940426e-02
-1.128311204046061889e-02
-1.132029936716616447e-02
-1.135471993101422328e-02
-1.138636907205192728e-02
-1.141525171555768381e-02
-1.144138223388413422e-02
-1.146478341587542360e-02
-1.148548766235579777e-02
-1.150353445100948946e-02
-1.151897131494949988e-02
-1.153185261621914037e-02
-1.154223995004333148e-02
-1.155020081767421658e-02
-1.155580880064599469e-02
-1.155914233946297998e-02
-1.156028527170471776e-02
-1.155932597047337751e-02
-1.155635597576276652e-02
-1.155146803511897247e-02
-1.154476602645848615e-02
4.076933479419908579e-02
4.038577322532255209e-02
3.932938717568656983e-02
3.764450814628483855e-02
3.537441536263141728e-02
3.232082717647388748e-02
2.875253273024780398e-02
2.479362063615164757e-02
2.048233909940533337e-02
1.585619567529095164e-02
1.095203118261922626e-02
5.806081445597577328e-03
4.540216065658242428e-04
-5.069007043898121623e-03
-1.072839774577438732e-02
-1.662349652932393340e-02
-2.279993656152479176e-02
-2.905771139709534268e-02
-3.536160137356070265e-02
-4.083708015780151968e-02
-4.519539238869763054e-02
-4.848209675863479617e-02
-5.167283183905491128e-02
-5.470257773656106437e-02
-5.757443316497701247e-02
-6.029141680020533300e-02
-6.285647625123402804e-02
-6.569720469254214379e-02
-6.840701862526721300e-02
-7.096505551136367274e-02
-7.337467777265072044e-02
-7.563931978221472008e-02
-7.776247276744729930e-02
-7.992796804222379592e-02
-8.211317752312563556e-02
-8.416074816013097148e-02
-8.607420956206279783e-02
-8.785705241302199653e-02
-8.951272643005481200e-02
-9.104463852809274726e-02
-9.248399829376729997e-02
-9.406430509477381463e-02
-9.552540706939094406e-02
-9.687072943582464291e-02
-9.810357614020759343e-02
-9.922713795315019070e-02
-1.002444998878795346e-01
-1.011586479942216954e-01
-1.019724755787878578e-01
-1.027788035835239810e-01
-1.037021730906948491e-01
-1.045277090125127373e-01
-1.052582614476200717e-01
-1.058966679899366881e-01
-1.064457486163101763e-01
-1.069083010914582133e-01
-1.072870968495367450e-01
-1.075848773146894644e-01
-1.078043506260852880e-01
-1.079481887352686797e-01
-1.081197822992585600e-01
-1.083070499088787386e-01
-1.084235558695691992e-01
-1.084717425092147636e-01
-1.084539897641576545e-01
-1.083726262574646881e-01
-1.082299252593408312e-01
-1.080118880074971699e-01
-1.076900296234049037e-01
-1.072617805680886605e-01
-1.067251929946646527e-01
-1.060789239327686317e-01
-1.053222181784025935e-01
-1.044548856503473289e-01
-1.035505225630197756e-01
-1.025870637210095637e-01
-1.015098128716998005e-01
-1.003204720687405072e-01
-9.902120364821254128e-02
-9.761460518974462985e-02
-9.610367598680191747e-02
-9.449179985199673837e-02
-9.278270638442709384e-02
-9.098045082735950473e-02
-8.908937491553370336e-02
-8.711409294855165797e-02
-8.505944540570098411e-02
-8.293049286867404390e-02
-8.073246161351743666e-02
-7.847074351841332174e-02
-7.615084508224700954e-02
-7.377837391504904474e-02
-7.135901061642613286e-02
-6.889848360350381284e-02
-6.640254414950774731e-02
-6.387694344720706852e-02
-6.132741125157892270e-02
-5.875963378001713977e-02
-5.617923414508663171e-02
-5.359175224066525800e-02
-5.100262833687896347e-02
-4.841718544087036946e-02
-4.584061360882518699e-02
-4.327795604188988676e-02
-4.073409160883390001e-02
-3.821373734280086865e-02
-3.572141607895762405e-02
-3.326145948333891766e-02
-3.083800068199504807e-02
-2.845495925837671081e-02
-2.611604010990475899e-02
-2.382472442368399612e-02
-2.158426772485011469e-02
-1.939769632483390183e-02
-1.726780381513037810e-02
-1.519714756026413482e-02
-1.318805039042647564e-02
-1.124259622872703090e-02
-9.362644627841198997e-03
-7.549811732178390855e-03
-5.805485987552927440e-03
-4.130828098091399170e-03
-2.526774294389078079e-03
-1.043662006957823962e-03
3.593786496658424312e-04
1.691524943988831353e-03
2.952814352572552536e-03
4.143490330051236015e-03
5.263968197365187507e-03
6.314840422334100367e-03
7.296874672097608538e-03
8.210997503793393548e-03
9.058287163335343450e-03
9.839967981159603028e-03
1.055740376195224428e-02
1.121207622723030539e-02
1.180559697983518674e-02
1.233968325877565775e-02
1.281615472129082889e-02
1.323692775816809331e-02
1.360399198814388200e-02
1.391942370202148282e-02
1.418536092157385298e-02
1.440399906243783335e-02
1.457758336858194781e-02
1.470840434978004652e-02
1.479877541399599039e-02
1.485104336993980922e-02
1.486756291249147210e-02
1.485070717923697714e-02
1.480284632287975910e-02
1.472633945712598091e-02
1.462354362064655078e-02
1.449678692631284349e-02
1.434837100082653194e-02
1.418057174520903629e-02
1.399562813108623516e-02
1.379572365626557939e-02
1.358300624007924284e-02
1.335955726672910515e-02
1.312741365938219218e-02
1.288853671005174562e-02
1.264482665161281716e-02
1.239811918580802086e-02
1.215016768449217466e-02
1.190264850561462140e-02
1.165717067883065283e-02
1.141524813431882279e-02
1.117832607565727443e-02
1.094775035230899363e-02
1.072479285331429111e-02
1.051063887221648230e-02
1.030637565568515157e-02
1.011301725572799626e-02
9.931475915579746072e-03
9.762589424463286036e-03
9.607104465523264025e-03
9.465679804348425819e-03
9.338896393670914620e-03
9.227240888300514143e-03
9.131128885096373438e-03
9.050891579870601333e-03
8.986783881592685930e-03
8.938983547325918266e-03
8.907600137613158608e-03
8.892664926684723525e-03
8.894139834584535720e-03
8.911930211984220307e-03
8.945878550441044297e-03
8.995757055568986971e-03
9.061292168536461133e-03
9.142153838643807262e-03
9.237962604457194971e-03
9.348294495973519247e-03
9.472673349089077988e-03
9.610592925390015751e-03
9.761507419518089534e-03
9.924836386151270062e-03
1.009997150504382546e-02
1.028628019989596964e-02
1.048309669397795574e-02
1.068974757556784283e-02
1.090553360225676727e-02
1.112974666382182676e-02
1.136167080551775399e-02
1.160057169667183530e-02
1.184572247177584359e-02
1.209638902969523144e-02
1.235183310536758228e-02
1.261132842922574326e-02
1.287415122296842185e-02
1.313958939589454644e-02
1.340693106412427227e-02
1.367548785150241031e-02
1.394458176648605274e-02
1.421355187057393721e-02
1.448175510850813197e-02
1.474856949926195426e-02
1.501339676295465608e-02
1.527565277199194327e-02
1.553478570928312763e-02
1.579026642951308901e-02
1.604159591610976321e-02
1.628829131320408408e-02
1.652990855698632799e-02
1.676602717101438600e-02
1.699625836321771999e-02
1.722023791620852506e-02
1.743763625969130260e-02
1.764814996058117202e-02
1.785150529698764643e-02
1.804746097716858344e-02
1.823580278086467388e-02
1.841634641166667308e-02
1.858893636489344914e-02
1.875344559773850506e-02
1.890977498849810701e-02
1.905785274626303760e-02
1.919763333736135280e-02
1.932909824453510339e-02
1.945225317022991618e-02
1.956712839103680324e-02
1.967377796121017042e-02
1.977227786262503173e-02
1.986272809963285368e-02
1.994524025281219082e-02
2.001995672453116271e-02
2.008703118220989126e-02
2.014663732954691255e-02
2.019896407097654389e-02
2.024421525604669370e-02
2.028260845763796283e-02
2.031437724482465512e-02
2.033975726335146561e-02
2.035900236296317445e-02
2.037237709737560465e-02
2.038014574382440713e-02
2.038258782947277581e-02
2.037997863359741757e-02
2.037260854285261047e-02
2.036076725681112976e-02
2.034474695156873736e-02
2.032484145141388865e-02
2.030134488345236576e-02
2.027455107461939576e-02
2.024475163758943097e-02
2.021223801033222855e-02
2.017729653211652874e-02
2.014021372257523979e-02
2.010126094374609096e-02
2.006071479320237216e-02
2.001884199948467113e-02
1.997590288493000799e-02
1.993215024464412011e-02
1.988782902249219831e-02
1.984317995129547541e-02
1.979842275318155487e-02
1.975378316124398737e-02
1.970946661290451374e-02
1.966566900145494401e-02
1.962258173111841586e-02
1.958038376661441760e-02
1.953924526983552568e-02
1.949932034895773825e-02
1.946075058437024552e-02
1.942367467776673351e-02
1.938821980437221981e-02
1.935449195837080083e-02
1.932259972892147459e-02
1.929263066273012583e-02
1.926466134794946328e-02
1.923876809702917967e-02
1.921500347827898025e-02
1.919341859232925884e-02
1.917405254451232111e-02
1.915693416498864821e-02
1.914208299931807744e-02
1.912950964209159110e-02
1.911921802075333687e-02
1.911119373915681763e-02
1.025536207585329151e-01
1.148885662786032213e-01
1.258404665591967841e-01
1.361153381131599005e-01
1.455188261706279462e-01
1.536506124306615817e-01
1.613321123114115352e-01
1.680496203716295156e-01
1.740675051568851828e-01
1.797207586688127634e-01
1.843422583690390582e-01
1.885274343540555009e-01
1.924241520337304223e-01
1.952308179423147827e-01
1.977287377732483975e-01
2.000100287301820323e-01
2.014598602368824487e-01
2.026151440455494779e-01
2.036120938905914279e-01
2.040442249001519492e-01
2.040561201279809111e-01
2.039605483134918629e-01
2.036689071342072666e-01
2.026184267242769899e-01
2.015087193365201479e-01
2.003489263886173433e-01
1.988232024625973260e-01
1.968632426728058604e-01
1.948934192737006299e-01
1.929199917867774339e-01
1.906989852759553017e-01
1.882242548124297699e-01
1.857708286192951697e-01
1.833431646789098757e-01
1.808256275861479523e-01
1.778298739698902509e-01
1.748871566036900305e-01
1.720006783331133882e-01
1.691730822207664353e-01
1.661498641058547499e-01
1.629397815363304858e-01
1.598057297083221862e-01
1.567490522795713659e-01
1.537075120408615270e-01
1.505083155550313023e-01
1.469856871657317932e-01
1.434721641991218988e-01
1.399737854670983772e-01
1.364962771675179987e-01
1.330450257856241603e-01
1.295822607764012258e-01
1.258474848248525291e-01
1.221735142593496359e-01
1.185648124009004434e-01
1.150253640058320759e-01
1.115586853372299014e-01
1.081678402144321538e-01
1.048554576734779253e-01
1.016237497572962667e-01
9.847453685720530814e-02
9.540926960682272195e-02
9.232152630752366029e-02
8.931594427778710710e-02
8.641788808090944407e-02
8.362713230032459144e-02
8.094314141438196941e-02
7.836510428904097658e-02
7.589195521608216310e-02
7.352240058357439878e-02
7.125494394483578020e-02
6.908790497047934132e-02
6.701944574976348434e-02
6.504758698182633303e-02
6.317022530567495409e-02
6.138514195823097097e-02
5.963988137117737232e-02
5.790738314379972884e-02
5.624936137699654282e-02
5.466424759875354589e-02
5.315042304765138503e-02
5.170622581566619580e-02
5.032995081065450016e-02
4.901985615852777478e-02
4.777415593268408145e-02
4.659103390218399809e-02
4.546863625363983807e-02
4.440507437651941558e-02
4.339842584505881895e-02
4.244673507728902173e-02
4.154801482762171538e-02
4.070024735801580640e-02
3.975637252816355272e-02
3.882258758747236804e-02
3.793589702567667921e-02
3.709477129807692286e-02
3.629763335469116114e-02
3.554285472070684015e-02
3.482875710195054708e-02
3.415362784025299803e-02
3.351571530983776803e-02
3.291323892597675105e-02
3.234438539704287408e-02
3.180732828017074354e-02
3.130022448490343834e-02
3.082122418038291123e-02
3.036847574277490303e-02
2.994013362917113952e-02
2.953436466299197427e-02
2.914935426034004351e-02
2.876001630562141642e-02
2.833855331966894653e-02
2.793986557454219977e-02
2.756225324539052224e-02
2.720403827421247200e-02
2.686357307268094630e-02
2.653924574243315959e-02
2.622948615720810395e-02
2.593277004391536522e-02
2.564762634563155785e-02
2.537263805036182873e-02
2.510644863064159793e-02
2.484776444633940429e-02
2.459535733132822699e-02
2.434806869333350221e-02
2.410480771782186338e-02
2.386455740039794549e-02
2.362637403706369099e-02
2.338938334261042584e-02
2.315278606609671996e-02
2.291585708070931204e-02
2.267794066857620194e-02
2.243845524245147161e-02
2.219688067456759839e-02
2.195277332103628964e-02
2.167750742141105746e-02
2.137035481180449281e-02
2.105796507617174740e-02
2.074043339312048317e-02
2.041789461662557592e-02
2.009054132212950705e-02
1.975860217870617497e-02
1.942234787151209119e-02
1.908208409379508197e-02
1.873814787492178446e-02
1.839089678425476215e-02
1.804072161632053195e-02
1.768803079112690746e-02
1.733324655319767871e-02
1.697680775435661538e-02
1.661916367551952156e-02
1.626077127752356688e-02
1.590208506278445455e-02
1.554357038179654538e-02
1.518569214462051065e-02
1.482890296115679796e-02
1.447365813309131610e-02
1.412040282771975797e-02
1.376957507791498614e-02
1.342159914022977851e-02
1.307689030784375817e-02
1.273584773302927076e-02
1.239885848209221209e-02
1.206628567564416166e-02
1.173848505796182273e-02
1.141579045415630489e-02
1.109851657198923647e-02
1.078695988040268006e-02
1.048139905099021441e-02
1.018208486695848514e-02
9.889258419173874159e-03
9.603136642328369277e-03
9.323910117045031143e-03
9.051755593907140351e-03
8.786825976217382816e-03
8.529256185277223068e-03
8.279159159808369139e-03
8.036629466961153767e-03
7.801739320173695091e-03
7.574544832548379958e-03
7.355076252732573039e-03
7.143354625178455208e-03
6.939373389537983883e-03
6.743117630736650270e-03
6.554546328707555602e-03
6.373610498781934197e-03
6.200236729883679132e-03
6.034342899579492325e-03
5.875829786138764277e-03
5.724584896212192575e-03
5.580482721305068949e-03
5.443383464870388266e-03
5.313140073774480499e-03
5.189585862205747802e-03
5.072555759195962466e-03
4.961865480562765995e-03
4.857325624928021668e-03
4.758739001258671664e-03
4.665899075892543379e-03
4.578597293168895632e-03
4.496619888495034800e-03
4.419744245869106081e-03
4.347747859318351615e-03
4.280405613608317950e-03
4.217483921156395255e-03
4.158754634222772140e-03
4.103987533099928697e-03
4.052953392841285307e-03
4.005419708829505154e-03
3.961157930234993074e-03
3.919941718913300122e-03
3.881544213062859683e-03
3.845748821218908375e-03
3.812342662972589835e-03
3.781108768300622813e-03
3.751843547343813867e-03
3.724347002134864582e-03
3.698423966361330528e-03
3.673886156080108378e-03
3.650552919173488675e-03
3.628249508814240798e-03
3.606811674989218730e-03
3.586079701416666765e-03
3.565901548783667607e-03
3.546137467598242665e-03
3.526652191905510492e-03
3.507320193180785139e-03
3.488024523325750081e-03
3.468656656300916907e-03
3.449119012425949649e-03
3.429315605574689840e-03
3.409166145768693923e-03
3.388596222187345575e-03
3.367539203703806550e-03
3.345938090286049160e-03
3.323741923635603612e-03
3.300909526333661859e-03
3.277405712418302031e-03
3.253203138707583264e-03
3.228281521249876107e-03
3.202626849951650811e-03
3.176232047643834377e-03
3.149097846238735343e-03
3.121227925428238237e-03
3.092633279829337667e-03
3.063330226114269195e-03
3.033337618653986212e-03
3.002683382767878939e-03
2.971394395057780358e-03
2.939506338181852030e-03
2.907054773712669515e-03
2.874079637458004655e-03
2.840623682910159431e-03
2.806732058330041468e-03
2.772452237830069777e-03
2.737833520316312885e-03
2.702926539669192607e-03
2.667783220493102903e-03
2.632456391090443049e-03
2.596999408443156909e-03
2.561466229191733390e-03
2.525910618977222910e-03
2.490385148582019426e-03
2.454945303761224551e-03
2.419642433835189621e-03
2.384527125337321252e-03
2.349652634477950031e-03
2.315066495110817968e-03
2.280817175828397936e-03
2.246951037023325881e-03
2.213512693611141557e-03
2.180545268327893638e-03
2.148088015105464876e-03
2.116180788567234572e-03
2.084860468857030469e-03
2.054160017086248402e-03
2.024115132139403528e-03
1.994748454702932605e-03
1.966091434660643955e-03
1.938167239571297884e-03
1.910997926489077514e-03
1.884602901301102307e-03
1.858999051202347985e-03
1.834200754832648883e-03
1.810219899997189685e-03
1.787066043083207489e-03
1.764745927688604610e-03
1.743264335379857144e-03
1.722623666353007010e-03
1.702822455553087977e-03
1.683861443952716641e-03
1.665733542032699077e-03
1.648434813495969209e-03
1.631955692036779482e-03
1.616288507785279549e-03
1.601416498479668604e-03
1.587328569100154851e-03
1.574009346402061027e-03
1.561442100898480234e-03
1.549608691286952222e-03
