-6.437193509955314585e-01
-6.412806150121289628e-01
-6.173723222463070037e-01
-5.945824201508536078e-01
-5.736840284587984007e-01
-5.538760913389045859e-01
-5.359789584595268108e-01
-5.188751381504252969e-01
-5.032631992127973852e-01
-4.881798946828721508e-01
-4.748747032263289647e-01
-4.620397040832968649e-01
-4.502864481200392621e-01
-4.392812524239426697e-01
-4.287357117625205660e-01
-4.193455606096236910e-01
-4.102130444125515751e-01
-4.017425438751036637e-01
-3.939786132853186906e-01
-3.864008140428478733e-01
-3.785051710631939237e-01
-3.697378889269575808e-01
-3.601947280392652218e-01
-3.502594741398081801e-01
-3.407618037890762785e-01
-3.312438874980618841e-01
-3.218540330569350516e-01
-3.126982328741885198e-01
-3.038481694932055888e-01
-2.953482193740435413e-01
-2.872214833639157305e-01
-2.795095398884526183e-01
-2.722272123480813377e-01
-2.652854176373820039e-01
-2.586684224867279447e-01
-2.523569011354331870e-01
-2.463295946329768782e-01
-2.405645614747995431e-01
-2.350401044863987821e-01
-2.297354208759392336e-01
-2.246310314217727644e-01
-2.197090457820523035e-01
-2.149532887680236648e-01
-2.103493321154457085e-01
-2.058844528451255762e-01
-2.015475423657648868e-01
-1.973289835946538950e-01
-1.932205098158430445e-01
-1.892150557264762334e-01
-1.853066084039887151e-01
-1.814900637029683850e-01
-1.777610918025183118e-01
-1.741160142138071798e-01
-1.705516929684063321e-01
-1.670654349953322182e-01
-1.636549060733361038e-01
-1.603180588880821489e-01
-1.570530735258830468e-01
-1.538583056451150455e-01
-1.507322461062496899e-01
-1.476734877045582373e-01
-1.446806979563270978e-01
-1.417525999883650911e-01
-1.388879546129246911e-01
-1.360855543631438458e-01
-1.333442097630510581e-01
-1.306627456608535631e-01
-1.280399977192820948e-01
-1.254748104616933979e-01
-1.229660364837421582e-01
-1.205125365069052989e-01
-1.181131800018557776e-01
-1.157668461820504646e-01
-1.134724251975156584e-01
-1.112288194111852313e-01
-1.090349446725418225e-01
-1.068897315178420904e-01
-1.047921262593010105e-01
-1.027410919371196663e-01
-1.007356091217541660e-01
-9.877467656343608127e-02
-9.685731169284306219e-02
-9.498255098142260877e-02
-9.314945017316267339e-02
-9.135708440112244588e-02
-8.960454820203667126e-02
-8.789095544741565291e-02
-8.621543919699936609e-02
-8.457715149155742296e-02
-8.297526310090885815e-02
-8.140896322982582589e-02
-7.987745919521938021e-02
-7.837997608155466978e-02
-7.691575638123415715e-02
-7.548405962464244112e-02
-7.408416200961598364e-02
-7.271535602115575259e-02
-7.137695006148891963e-02
-7.006826807907096111e-02
-6.878864920847371778e-02
-6.753744740872313912e-02
-6.631403111725164834e-02
-6.511778291227354742e-02
-6.394809917618271555e-02
-6.280438977636082498e-02
-6.168607775054768538e-02
-6.059259900170488322e-02
-5.952340200138284132e-02
-5.847794750036561240e-02
-5.745570825155832395e-02
-5.645616873184122753e-02
-5.547882487889976844e-02
-5.452318383504595189e-02
-5.358876368994280881e-02
-5.267509323827468393e-02
-5.178171173926404691e-02
-5.090816868286074381e-02
-5.005402356157562238e-02
-4.921884564770984127e-02
-4.840221377580888884e-02
-4.760371612929814589e-02
-4.682295003625647212e-02
-4.605952176136129950e-02
-4.531304631096810809e-02
-4.458314723836220850e-02
-4.386945645334394683e-02
-4.317161404032754390e-02
-4.248926807194930433e-02
-4.182207443529994961e-02
-4.116969665690328739e-02
-4.053180573669434850e-02
-3.990807997714274080e-02
-3.929820482461021669e-02
-3.870187271002034635e-02
-3.811878289385939311e-02
-3.754864131462198884e-02
-3.699116044058481378e-02
-3.644605912488030341e-02
-3.591306246375891575e-02
-3.539190165798045129e-02
-3.488231387731266508e-02
-3.438404212797729897e-02
-3.389683512308039326e-02
-3.342044715587988435e-02
-3.295463797589492927e-02
-3.249917266773083568e-02
-3.205382153262137379e-02
-3.161835997257522735e-02
-3.119256837711725794e-02
-3.077623201252466245e-02
-3.036914091352738154e-02
-2.997108977742790614e-02
-2.958187786054633506e-02
-2.920130887698979549e-02
-2.882919089964675052e-02
-2.846533626340486123e-02
-2.810956147049425979e-02
-2.776168709795756584e-02
-2.742153770714716998e-02
-2.708894175525555781e-02
-2.676373150880451135e-02
-2.644574295904522643e-02
-2.613481573924847368e-02
-2.583079304383284480e-02
-2.553352154927335249e-02
-2.524285133679304849e-02
-2.495863581674306886e-02
-2.468073165467998820e-02
-2.440899869907786623e-02
-2.414329991064967373e-02
-2.388350129323724147e-02
-2.362947182623065245e-02
-2.338108339849487294e-02
-2.313821074376232190e-02
-2.290073137745540777e-02
-2.266852553492126887e-02
-2.244147611102631501e-02
-2.221946860110302069e-02
-2.200239104320278472e-02
-2.179013396162732263e-02
-2.158259031172304887e-02
-2.137965542589892465e-02
-2.118122696083091228e-02
-2.098720484586369395e-02
-2.079749123252394583e-02
-2.061199044519668178e-02
-2.043060893285364443e-02
-2.025325522188747840e-02
-2.007983986997352588e-02
-1.991027542096590608e-02
-1.974447636079235124e-02
-1.958235907432470668e-02
-1.942384180321310438e-02
-1.926884460464961535e-02
-1.911728931020295619e-02
-1.896909948982328231e-02
-1.882420040729115840e-02
-1.868251898939066180e-02
-1.854398378305388562e-02
-1.840852492274835939e-02
-1.827607409439391262e-02
-1.814656450005580623e-02
-1.801993082768094112e-02
-1.789610921302209334e-02
-1.777503721084716659e-02
-1.765665376173997103e-02
-1.754089916474876887e-02
-1.742771504211537703e-02
-1.731704431326619442e-02
-1.720883116517546441e-02
-1.710302102421312753e-02
-1.699956052862816591e-02
-1.689839750162969167e-02
-1.679948092507776991e-02
-1.670276091375422212e-02
-1.660818869020586064e-02
-1.651571656014017009e-02
-1.642529788837876481e-02
-1.633688707533309525e-02
-1.625043953401172914e-02
-1.616591166666880852e-02
-1.608326084626954255e-02
-1.600244538895800872e-02
-1.592342453992445783e-02
-1.584615844682790708e-02
-1.577060814313657744e-02
-1.569673552761852164e-02
-1.562450334512499595e-02
-1.555387516780726287e-02
-1.548481537673973563e-02
-1.541728914396145456e-02
-1.535126241491013843e-02
-1.528670189124259338e-02
-1.522357501405169344e-02
-1.516184994744129710e-02
-1.510149556246620506e-02
-1.504248142144382072e-02
-1.498477776173468001e-02
-1.492835548417659197e-02
-1.487318613325383510e-02
-1.481924188617567140e-02
-1.476649553799180836e-02
-1.471492048701161792e-02
-1.466449072482944871e-02
-1.461518081804946689e-02
-1.456696589889139304e-02
-1.451982165179988016e-02
-1.447372430117210840e-02
-1.442865059937270544e-02
-1.438457781501023547e-02
-1.434148372061150312e-02
-1.429934658485310095e-02
-1.425814515644585612e-02
-1.421785865684510597e-02
-1.417846676892153823e-02
-1.413994962671250022e-02
-1.410228780540556670e-02
-1.406546231153882331e-02
-1.402945457342452684e-02
-1.399424643092173071e-02
-1.395982012886065604e-02
-1.392615830636811936e-02
-1.389324398638924762e-02
-1.386106056970293210e-02
-1.382959182569276635e-02
-1.379882188416470257e-02
-1.376873522734323174e-02
-1.373931668118411054e-02
-1.371055141115995468e-02
-1.368242490962945368e-02
-1.365492299194182024e-02
-1.362803178844051999e-02
-1.360173773745732007e-02
-1.357602757848042074e-02
-1.355088834546158694e-02
-1.352630736028448410e-02
-1.350227222635957958e-02
-1.347877082238557733e-02
-1.345579129622676007e-02
-1.343332205893732478e-02
-1.341135177892160968e-02
-1.338986937621333695e-02
-1.336886401689252324e-02
-1.334832510762140600e-02
-1.332824229029538898e-02
-1.330860543682899078e-02
-1.328940464404215760e-02
-1.327063022866425968e-02
-1.325227272245799170e-02
-1.323432286657899581e-02
-1.321677161034573444e-02
-1.319961010152459480e-02
-1.318282968528938781e-02
-1.316642189900463222e-02
-1.315037846796007770e-02
-1.313469130119537809e-02
-1.311935248742202020e-02
-1.310435429102829730e-02
-1.308968914818198215e-02
-1.307534966301648893e-02
-1.306132860303987897e-02
-2.964564909371425472e-02
-5.849130417117365255e-02
-6.130282010276877358e-02
-6.309724349783651931e-02
-6.549562098270511612e-02
-6.779182397009542171e-02
-6.996680473835548142e-02
-7.201983592134642009e-02
-7.455294068438345079e-02
-7.699838245679835325e-02
-7.930813687651383503e-02
-8.148318976738844199e-02
-8.375234696328570649e-02
-8.616490607300830717e-02
-8.843703021062543357e-02
-9.057070078857387685e-02
-9.256799823933370419e-02
-9.463584149343118312e-02
-9.681183193964226774e-02
-9.884941962712945340e-02
-1.007512034728064165e-01
-1.025197125827927991e-01
-1.041574151000839166e-01
-1.060411638815557112e-01
-1.078654341704803343e-01
-1.095576027651441464e-01
-1.111205777054982136e-01
-1.125573506672612467e-01
-1.138709814830951572e-01
-1.152066637068367427e-01
-1.166185641612473844e-01
-1.179099472031674978e-01
-1.190839575899431679e-01
-1.200441147179587276e-01
-1.201635718245297468e-01
-1.195959098560832601e-01
-1.184762229153264457e-01
-1.170527935159837440e-01
-1.153611179060414216e-01
-1.133985699811628223e-01
-1.112363341580397957e-01
-1.089337014649549573e-01
-1.065394100282679446e-01
-1.040929578760065866e-01
-1.016258610448250721e-01
-9.916282137236009930e-02
-9.672279282934237443e-02
-9.431995026216988265e-02
-9.196453023425466000e-02
-8.966357993904416901e-02
-8.742159731838494707e-02
-8.524107501111544138e-02
-8.312296336641011862e-02
-8.106704909876771836e-02
-7.907226575319548090e-02
-7.713695044794732780e-02
-7.525904434403152266e-02
-7.343625020506650003e-02
-7.166615494140682330e-02
-6.994632109838594403e-02
-6.827435272779336373e-02
-6.664794248009453526e-02
-6.506489971107498604e-02
-6.352317365330151233e-02
-6.202085813483648735e-02
-6.055619557598390656e-02
-5.912757294300519106e-02
-5.773351509664959025e-02
-5.637267634760423363e-02
-5.504382829697096469e-02
-5.374584925014946890e-02
-5.247771237380227660e-02
-5.123847959369332017e-02
-5.002728495153796473e-02
-4.884333063870460734e-02
-4.768587197505791409e-02
-4.655421368356282841e-02
-4.544770543488318992e-02
-4.436573183608949478e-02
-4.330770837515895977e-02
-4.227307815098146904e-02
-4.126130726916965585e-02
-4.027188153250449432e-02
-3.930430391963479764e-02
-3.835809344676288646e-02
-3.743278217843393207e-02
-3.652791562413870707e-02
-3.564304908404558603e-02
-3.477774863678995132e-02
-3.393158993565936754e-02
-3.310415766560836914e-02
-3.229504512044822917e-02
-3.150385387414100791e-02
-3.073019352456896058e-02
-2.997368149195889231e-02
-2.923394285758362798e-02
-2.851061023105927461e-02
-2.780332372397253948e-02
-2.711173058937887959e-02
-2.643548478741308827e-02
-2.577424860799215622e-02
-2.512769078613530382e-02
-2.449548700657011580e-02
-2.387731980974550083e-02
-2.327287849452197577e-02
-2.268185901729058429e-02
-2.210396388751689756e-02
-2.153890239588474032e-02
-2.098638949689668465e-02
-2.044614670021527303e-02
-1.991790162216844351e-02
-1.940138786931999704e-02
-1.889634458638678183e-02
-1.840251734166287179e-02
-1.791965700840147946e-02
-1.744751997974258728e-02
-1.698586805217150442e-02
-1.653446831002369777e-02
-1.609309301134853598e-02
-1.566151947530602939e-02
-1.523952997128397158e-02
-1.482691160984295209e-02
-1.442345623566421153e-02
-1.402896032246481184e-02
-1.364322487003999385e-02
-1.326605530339186600e-02
-1.289726137403413020e-02
-1.253665706334494701e-02
-1.218406048812603615e-02
-1.183929380818060650e-02
-1.150218313604067788e-02
-1.117255844865461256e-02
-1.085025350111923359e-02
-1.053510574236771191e-02
-1.022695623277058985e-02
-9.925649563604643788e-03
-9.631033778361164366e-03
-9.342960295858127040e-03
-9.061283835059441572e-03
-8.785862341643912998e-03
-8.516556916185358261e-03
-8.253231744000721903e-03
-7.995754026551615823e-03
-7.743993914372637732e-03
-7.497824441559330921e-03
-7.257121461670124063e-03
-7.021763585104423555e-03
-6.791632117831625237e-03
-6.566611001546540649e-03
-6.346586755108241107e-03
-6.131448417318274835e-03
-5.921087490957432919e-03
-5.715397888065965049e-03
-5.514275876450369651e-03
-5.317620027363467727e-03
-5.125331164369306691e-03
-4.937312313341379877e-03
-4.753468653523107434e-03
-4.573707469760712740e-03
-4.397938105718424140e-03
-4.226071918174589825e-03
-4.058022232324098866e-03
-3.893704298067568459e-03
-3.733035247278415625e-03
-3.575934051993634455e-03
-3.422321483581569623e-03
-3.272120072762341181e-03
-3.125254070565297582e-03
-2.981649410105369213e-03
-2.841233669248488525e-03
-2.703936034077258910e-03
-2.569687263190623128e-03
-2.438419652765588808e-03
-2.310067002435189920e-03
-2.184564581892978197e-03
-2.061849098240031708e-03
-1.941858664090467812e-03
-1.824532766331543598e-03
-1.709812235627161670e-03
-1.597639216564417097e-03
-1.487957138495588083e-03
-1.380710686971653445e-03
-1.275845775888129197e-03
-1.173309520190457533e-03
-1.073050209193127102e-03
-9.750172805063073156e-04
-8.791612945531213086e-04
-7.854339096295959166e-04
-6.937878575037359496e-04
-6.041769195945789761e-04
-5.165559036708344820e-04
-4.308806210460147668e-04
-3.471078642940383929e-04
-2.651953854826416546e-04
-1.851018748189048324e-04
-1.067869398694298866e-04
-3.021108515799397765e-05
4.466430775806884412e-05
1.178769997425277438e-04
1.894639131254649556e-04
2.594611503354826709e-04
3.279040121029197508e-04
3.948270152633881480e-04
4.602639101660699339e-04
5.242476976823340351e-04
5.868106458590816032e-04
6.479843062008328047e-04
7.077995295663441766e-04
7.662864817339354317e-04
8.234746586097685395e-04
8.793929011101653259e-04
9.340694097037527399e-04
9.875317586347520660e-04
1.039806909815865765e-03
1.090921226447605363e-03
1.140900486304552430e-03
1.189769894725856147e-03
1.237554097338389170e-03
1.284277192488580965e-03
1.329962743380264101e-03
1.374633789965606923e-03
1.418312860575809964e-03
1.461021983264920721e-03
1.502782696929827466e-03
1.543616062169128611e-03
1.583542671905746602e-03
1.622582661766180934e-03
1.660755720244821987e-03
1.698081098632897579e-03
1.734577620711164059e-03
1.770263692266738076e-03
1.805157310353244782e-03
1.839276072389317562e-03
1.872637185011072347e-03
1.905257472761157089e-03
1.937153386577961101e-03
1.968341012076990637e-03
1.998836077684806867e-03
2.028653962547366518e-03
2.057809704308688481e-03
2.086318006674581227e-03
2.114193246837814399e-03
2.141449482731871967e-03
2.168100460110622407e-03
2.194159619492985769e-03
2.219640102929965053e-03
2.244554760641115365e-03
2.268916157485811880e-03
2.292736579307508293e-03
2.316028039129669480e-03
2.338802283204266530e-03
2.361070796951025841e-03
2.382844810742135166e-03
2.404135305559051972e-03
2.424953018540065841e-03
2.445308448394634127e-03
2.465211860687155365e-03
2.484673293032813035e-03
2.503702560141540800e-03
2.522309258782939878e-03
2.540502772609976034e-03
2.558292276904516882e-03
2.575686743199412376e-03
2.592694943800211149e-03
2.609325456219835360e-03
2.625586667489798742e-03
2.641486778403034918e-03
2.657033807639486156e-03
2.672235595814420606e-03
2.687099809435267161e-03
2.701633944758974337e-03
2.715845331589861189e-03
2.729741136953123259e-03
2.743328368731035027e-03
2.756613879181024629e-03
2.769604368398681515e-03
2.782306387697275341e-03
2.794726342904674254e-03
2.806870497609637027e-03
2.818744976299747407e-03
2.830355767470038586e-03
2.841708726625924442e-03
2.852809579247050920e-03
2.863663923673875900e-03
2.874277233920530250e-03
2.884654862455704460e-03
2.894802042879618398e-03
2.904723892583227496e-03
2.914425415312393852e-03
2.923911503700082903e-03
2.933186941734611253e-03
2.942256407163945653e-03
2.951124473869803921e-03
2.959795614157378907e-03
2.968274201025522530e-03
2.976564510359658300e-03
2.984670723096272127e-03
2.992596927328783352e-03
3.000347120365454145e-03
3.007925210756212664e-03
7.532081531627898840e-02
8.398085975138247505e-02
9.187268416042471131e-02
9.832739276176027943e-02
1.020111599580530992e-01
1.038138171940587995e-01
1.042584829416135506e-01
1.034380997008668146e-01
1.014555325357187066e-01
9.896070122736677632e-02
9.612549549330307030e-02
9.308556270046253189e-02
8.994596849160974017e-02
8.678629179022268048e-02
8.356814350737051811e-02
8.038784122190323345e-02
7.734395590454301583e-02
7.445007151528493239e-02
7.171172076149989749e-02
6.912848702178608917e-02
6.669570983982087142e-02
6.440585096499917839e-02
6.224956823017491203e-02
6.021654386194086328e-02
5.829611021197766974e-02
5.647770977539678938e-02
5.475120769673669230e-02
5.310712218195234868e-02
5.153674447655420821e-02
5.003220845973821440e-02
4.858650582301793364e-02
4.719346951765901466e-02
4.584773258000218732e-02
4.454466845206228598e-02
4.328032405855974929e-02
4.205134857550207883e-02
4.085492029345871856e-02
3.968867700073142046e-02
3.855065187288131412e-02
3.743921087226853572e-02
3.635299831532812220e-02
3.529088945086034101e-02
3.425194742812731619e-02
3.323538593640762429e-02
3.224054187545233319e-02
3.126683810072794500e-02
3.031378042258126015e-02
2.938091914623397471e-02
2.846785168361343210e-02
2.757420291514289801e-02
2.669961834672918144e-02
2.584375691602991409e-02
2.500628647460523268e-02
2.418688021198134308e-02
2.338521408993043948e-02
2.260096542232581385e-02
2.183381194835831707e-02
2.108343145588298384e-02
2.034950177242933478e-02
1.963170101273226109e-02
1.892970799458559839e-02
1.824320275430091343e-02
1.757186710929170559e-02
1.691538522887103824e-02
1.627344437720790182e-02
1.564573485019504773e-02
1.503195077410657277e-02
1.443179102986746898e-02
1.384495912412875285e-02
1.327116283209672787e-02
1.271011555605339183e-02
1.216153622506865872e-02
1.162514865291530697e-02
1.110068216590009982e-02
1.058787212169676195e-02
1.008645920874640112e-02
9.596189666531973472e-03
9.116815248159770846e-03
8.648093159627112669e-03
8.189785983173880624e-03
7.741661597155946595e-03
7.303493080617950994e-03
6.875058613104112482e-03
6.456141370081880382e-03
6.046529415724144485e-03
5.646015594332087773e-03
5.254397421544432234e-03
4.871476976207045340e-03
4.497060793486884478e-03
4.130959759781394069e-03
3.772989009772853564e-03
3.422967825809752895e-03
3.080719539849230415e-03
2.746071437937480653e-03
2.418854667348036003e-03
2.098904146296654005e-03
1.786058476206164869e-03
1.480159856442231359e-03
1.181054001454739932e-03
8.885900602004781490e-04
6.026205378084625863e-04
3.230012193249365282e-04
4.959109550073392825e-05
-2.177477095033353294e-04
-4.791500085525868258e-04
-7.347476202319569438e-04
-9.846694357991125912e-04
-1.229041484580584154e-03
-1.467986997736758781e-03
-1.701626470575146044e-03
-1.930077723383494259e-03
-2.153455960871575314e-03
-2.371873830256721050e-03
-2.585441478014871564e-03
-2.794266605377071500e-03
-2.998454522578075654e-03
-3.198108201871274758e-03
-3.393328329384992514e-03
-3.584213355836585180e-03
-3.770859546095461923e-03
-3.953361027665192040e-03
-4.131809838109568034e-03
-4.306295971398643729e-03
-4.476907423256015761e-03
-4.643730235488252589e-03
-4.806848539358643535e-03
-4.966344597975957953e-03
-5.122298847758610663e-03
-5.274789938977342274e-03
-5.423894775415938341e-03
-5.569688553136220577e-03
-5.712244798383281363e-03
-5.851635404678923180e-03
-5.987930669050012256e-03
-6.121199327491222419e-03
-6.251508589632415180e-03
-6.378924172612876475e-03
-6.503510334236128898e-03
-6.625329905379562234e-03
-6.744444321668652265e-03
-6.860913654471723078e-03
-6.974796641181058021e-03
-7.086150714858518995e-03
-7.195032033181281150e-03
-7.301495506769839494e-03
-7.405594826883632464e-03
-7.507382492492276072e-03
-7.606909836771258426e-03
-7.704227052958145805e-03
-7.799383219701194747e-03
-7.892426325782242458e-03
-7.983403294336888223e-03
-8.072360006512013797e-03
-8.159341324609492574e-03
-8.244391114698323975e-03
-8.327552268759585985e-03
-8.408866726291819305e-03
-8.488375495482536337e-03
-8.566118673882350265e-03
-8.642135468621692240e-03
-8.716464216184771630e-03
-8.789142401752769729e-03
-8.860206678102944267e-03
-8.929692884090734140e-03
-8.997636062721969807e-03
-9.064070478832952915e-03
-9.129029636362417932e-03
-9.192546295258452460e-03
-9.254652487993286769e-03
-9.315379535712597914e-03
-9.374758064040644712e-03
-9.432818018527910908e-03
-9.489588679736815635e-03
-9.545098678023666849e-03
-9.599376007973781100e-03
-9.652448042514638615e-03
-9.704341546726613643e-03
-9.755082691333516465e-03
-9.804697065910250586e-03
-9.853209691783160196e-03
-9.900645034643051901e-03
-9.947027016900644725e-03
-9.992379029736930818e-03
-1.003672394489463215e-02
-1.008008412623118133e-02
-1.012248144097815938e-02
-1.016393727078268583e-02
-1.020447252248235515e-02
-1.024410763866079321e-02
-1.028286260794297746e-02
-1.032075697507428558e-02
-1.035780985080414496e-02
-1.039403992148679734e-02
-1.042946545852752038e-02
-1.046410432759392606e-02
-1.049797399762253391e-02
-1.053109154963616234e-02
-1.056347368534504838e-02
-1.059513673557743729e-02
-1.062609666852276646e-02
-1.065636909777056829e-02
-1.068596929019083319e-02
-1.071491217363540471e-02
-1.074321234446973250e-02
-1.077088407492166056e-02
-1.079794132028810694e-02
-1.082439772597076910e-02
-1.085026663436483574e-02
-1.087556109157317152e-02
-1.090029385399571282e-02
-1.092447739476076762e-02
-1.094812391002086827e-02
-1.097124532509097250e-02
-1.099385330046986908e-02
-1.101595923772213936e-02
-1.103757428523133299e-02
-1.105870934381014692e-02
-1.107937507220713158e-02
-1.109958189248017035e-02
-1.111933999525671624e-02
-1.113865934486391041e-02
-1.115754968435744843e-02
-1.117602054043942417e-02
-1.119408122826204277e-02
-1.121174085611897908e-02
-1.122900833004214505e-02
-1.124589235829542844e-02
-1.126240145576895557e-02
-1.127854394826410811e-02
-1.129432797669727151e-02
-1.130976150120677204e-02
-1.132485230517144004e-02
-1.133960799912303585e-02
-1.135403602459383876e-02
-1.136814365786786851e-02
-1.138193801365616764e-02
-1.139542604867038733e-02
-1.140861456514219441e-02
-1.142151021425164004e-02
-1.143411949948580641e-02
-1.144644877990730336e-02
-1.145850427336947419e-02
-1.147029205965033327e-02
-1.148181808352299882e-02
-1.149308815774485737e-02
-1.150410796599432572e-02
-1.151488306573611453e-02
-1.152541889103098072e-02
-1.153572075526154705e-02
-1.154579385382126233e-02
-1.155564326674030085e-02
-1.156527396123330220e-02
-1.157469079421336033e-02
-1.158389851473895504e-02
-1.159290176641691872e-02
-1.160170508972724335e-02
-1.161031292432790352e-02
-1.161872961128640469e-02
-1.162695939527846889e-02
-1.163500642671255747e-02
-1.164287476383529807e-02
-1.165056837477429497e-02
-1.165809113954585641e-02
-1.166544685199832898e-02
-1.167263922173455981e-02
-1.167967187598151213e-02
-1.168654836142390963e-02
-1.169327214598059328e-02
-1.169984662056355873e-02
-1.170627510078547928e-02
-1.171256082863569858e-02
-1.171870697410515305e-02
-1.172471663679353071e-02
-1.173059284746802433e-02
-1.173633856960165645e-02
-1.174195670085120824e-02
-1.174745007452937529e-02
-1.175282146103251435e-02
-1.175807356924085667e-02
-1.176320904787475641e-02
-1.176823048683495188e-02
-1.177314041851973414e-02
-1.177794131908349584e-02
-1.178263560969705637e-02
-1.178722565776446629e-02
-1.179171377812693322e-02
-1.179610223421168058e-02
-1.180039323918702365e-02
-1.180458895707481304e-02
-1.180869150384733501e-02
-1.181270294848202340e-02
-1.181662531401350691e-02
-1.182046057855323795e-02
-1.182421067629135791e-02
-1.182787749845948255e-02
-1.183146289429393150e-02
-1.183496867196653923e-02
-1.183839659950214340e-02
-1.184174840565654918e-02
-1.184502578079804636e-02
-9.000217560799494976e-03
-3.804091771710416126e-02
-4.836619938488606607e-02
-5.155281241948017623e-02
-5.457849290438021583e-02
-5.744633719126301941e-02
-6.015936221387185867e-02
-6.273011345816925655e-02
-6.559044964656113308e-02
-6.829581697153663811e-02
-7.084950002967982385e-02
-7.325487058962565357e-02
-7.551537112091910586e-02
-7.763449980490655378e-02
-7.982122915727796197e-02
-8.200215785535291957e-02
-8.404557657654088132e-02
-8.595501510980607662e-02
-8.773396409319378364e-02
-8.938587298884215215e-02
-9.091414826427346441e-02
-9.237147774489429253e-02
-9.394799204735093667e-02
-9.540544536832840095e-02
-9.674725616733592659e-02
-9.797672220236020024e-02
-9.909702857519064878e-02
-1.001112551025231667e-01
-1.010223830667094091e-01
-1.018333013963248490e-01
-1.026595045630314118e-01
-1.035797429636806655e-01
-1.044022658877983289e-01
-1.051299247880690402e-01
-1.057655581664338484e-01
-1.063119865027566391e-01
-1.067720076976437227e-01
-1.071483929889440745e-01
-1.071764234147218886e-01
-1.066621617740457495e-01
-1.056964460437468389e-01
-1.044060062141136669e-01
-1.029138127187838592e-01
-1.011753986627681456e-01
-9.924555558970737934e-02
-9.717148469385072929e-02
-9.499333276787957914e-02
-9.274483525597077005e-02
-9.045397989162040631e-02
-8.814367616220497581e-02
-8.583239999684710853e-02
-8.353482106974574606e-02
-8.126234878542870632e-02
-7.902365922283127730e-02
-7.682515921979504725e-02
-7.467138290251007504e-02
-7.256535268255692728e-02
-7.050887302772412824e-02
-6.850279167224115895e-02
-6.654723052404509787e-02
-6.464174937777578123e-02
-6.278549272600297826e-02
-6.097733075819977699e-02
-5.921592922689189464e-02
-5.749983701323113650e-02
-5.582755385299442707e-02
-5.419755302854678547e-02
-5.260833752873850244e-02
-5.105843749865357495e-02
-4.954645440333038664e-02
-4.807104273273310469e-02
-4.663093477292967748e-02
-4.522493801498850274e-02
-4.385193345711968504e-02
-4.251086128504333317e-02
-4.120073912338995115e-02
-3.992064306245524108e-02
-3.866970934926428072e-02
-3.744711597784267099e-02
-3.625209828706310589e-02
-3.508393383801067245e-02
-3.394192861236433600e-02
-3.282543626145084659e-02
-3.173382934375634790e-02
-3.066650741345622322e-02
-2.962290236606879290e-02
-2.860246700792057339e-02
-2.760466367651126518e-02
-2.662898135748292816e-02
-2.567492200269061442e-02
-2.474200231415046858e-02
-2.382975200925141479e-02
-2.293771307848668783e-02
-2.206543895641210895e-02
-2.121249382741030587e-02
-2.037845229346313403e-02
-1.956290171268371125e-02
-1.876542829307759064e-02
-1.798563776439454642e-02
-1.722314264636004566e-02
-1.647755913335480216e-02
-1.574851606527882808e-02
-1.503564881475316639e-02
-1.433860043135926077e-02
-1.365702172523786118e-02
-1.299057102177592071e-02
-1.233891389688057671e-02
-1.170172319045192921e-02
-1.107867856802435824e-02
-1.046946684505556391e-02
-9.873781554569305285e-03
-9.291322894718234693e-03
-8.721797601828562563e-03
-8.164918824228095673e-03
-7.620405996846990604e-03
-7.087984792597090689e-03
-6.567386694287691284e-03
-6.058349327234147097e-03
-5.560616034262721996e-03
-5.073935830496090205e-03
-4.598063283939524126e-03
-4.132758473654796205e-03
-3.677786569197927236e-03
-3.232918171567789045e-03
-2.797928897315671293e-03
-2.372599343133607874e-03
-1.956714976826035013e-03
-1.550066030325147892e-03
-1.152447394719757767e-03
-7.636585173234067270e-04
-3.835033008696697721e-04
-1.179008087159871820e-05
3.516687752513902865e-04
7.070565072480050617e-04
1.054552357637739135e-03
1.394331586746844209e-03
1.726565485186348781e-03
2.051421764670990910e-03
2.369064187170977220e-03
2.679652874622462377e-03
2.983344542479393624e-03
3.280292427492170759e-03
3.570646212566863653e-03
3.854552329929816779e-03
4.132153883442235554e-03
4.403591025131881054e-03
4.669000570309833620e-03
4.928516293582596575e-03
5.182269148964024907e-03
5.430387108463996526e-03
5.672995378284362289e-03
5.910216233914411532e-03
6.142169309351963591e-03
6.368971505805731681e-03
6.590737278789227105e-03
6.807578468310815367e-03
7.019604506954379985e-03
7.226922246942990569e-03
7.429636165455555386e-03
7.627848646026613721e-03
7.821659574533512682e-03
8.011166692633686637e-03
8.196465571534972128e-03
8.377649660198827064e-03
8.554810256319100858e-03
8.728036856628484941e-03
8.897416746370900853e-03
9.063035270254538034e-03
9.224976104206028538e-03
9.383320841913622701e-03
9.538149339038959340e-03
9.689539677959935204e-03
9.837568131026763751e-03
9.982309503257624783e-03
1.012383671442673716e-02
1.026222113888053400e-02
1.039753256602793385e-02
1.052983923552019974e-02
1.065920787166341199e-02
1.078570371708043041e-02
1.090939048948147416e-02
1.103033071802883569e-02
1.114858524311568289e-02
1.126421385433307165e-02
1.137727478943073578e-02
1.148782506678802662e-02
1.159592043861223942e-02
1.170161534294322792e-02
1.180496315921519823e-02
1.190601600764296109e-02
1.200482492716137273e-02
1.210143959692100424e-02
1.219590889311916726e-02
1.228828038247176124e-02
1.237860064926898929e-02
1.246691524334142542e-02
1.255326870303541398e-02
1.263770457766622002e-02
1.272026544950755067e-02
1.280099287910729799e-02
1.287992773051627182e-02
1.295710966009799847e-02
1.303257774383848044e-02
1.310636996587977166e-02
1.317852354072535093e-02
1.324907485649529093e-02
1.331805949326803074e-02
1.338551216489847207e-02
1.345146704077304634e-02
1.351595730737287226e-02
1.357901541198369699e-02
1.364067330773188758e-02
1.370096201406045822e-02
1.375991193545367253e-02
1.381755272509632704e-02
1.387391360407086438e-02
1.392902292045850032e-02
1.398290846668714948e-02
1.403559741801796434e-02
1.408711634626413911e-02
1.413749123317309397e-02
1.418674748354931126e-02
1.423490993805653915e-02
1.428200288573933108e-02
1.432805007628967786e-02
1.437307473200455377e-02
1.441709955952052979e-02
1.446014676123308362e-02
1.450223804651340487e-02
1.454339464266674042e-02
1.458363730559852911e-02
1.462298633032865780e-02
1.466146156118774968e-02
1.469908240185180404e-02
1.473586782510327708e-02
1.477183638241985619e-02
1.480700613719854175e-02
1.484139497809700003e-02
1.487502017239883401e-02
1.490789867780950573e-02
1.494004707546370270e-02
1.497148157828220860e-02
1.500221796304312960e-02
1.503227180642774385e-02
1.506165834148820437e-02
1.509039231272080173e-02
1.511848821106553942e-02
1.514596020566028045e-02
1.517282215099857723e-02
1.519908751780896239e-02
1.522476970404884611e-02
1.524988158605733446e-02
1.527443582807119782e-02
1.529844481312903071e-02
1.532192064927251351e-02
1.534487517568283721e-02
1.536731989251993724e-02
1.538926619481717495e-02
1.541072522684139301e-02
1.543170765898604913e-02
1.545222422493797154e-02
1.547228519588994544e-02
1.549190068881145521e-02
1.551108051989125158e-02
1.552983451371225954e-02
1.554817205258185453e-02
1.556610238430522486e-02
1.558363447521404765e-02
1.560077731891418296e-02
1.561753948519228885e-02
1.563392942737440450e-02
1.564995541107361277e-02
1.566562551837424877e-02
1.568094757575622111e-02
1.569592946229825259e-02
1.571057865799208031e-02
1.572490255058855979e-02
1.573890836378932789e-02
1.575260316087678802e-02
1.576599384829968642e-02
1.577908717914766612e-02
1.579188968042366525e-02
1.580440796057391850e-02
1.581664825718576139e-02
1.582861666706225634e-02
1.584031937799945666e-02
1.585176221625683723e-02
1.586295095257916898e-02
1.587389122955862319e-02
1.588458856448760059e-02
1.589504835214139433e-02
1.590527579138445446e-02
1.591527619201293930e-02
1.592505452179970860e-02
1.593461571204635163e-02
1.594396458456248666e-02
1.595310585407627713e-02
1.596204413062363159e-02
1.597078392187434304e-02
1.597932955928094145e-02
9.734463184925790102e-02
1.085106942562834575e-01
1.191140196027760112e-01
1.286363203053912940e-01
1.370924717782919799e-01
1.450939131459376696e-01
1.519727703094577720e-01
1.583044036607654803e-01
1.642447926446966022e-01
1.690452104079351869e-01
1.735333605745683627e-01
1.776388871072067666e-01
1.806674493419788696e-01
1.834584655016953114e-01
1.860120964305100877e-01
1.876259963492321603e-01
1.890634853141848204e-01
1.903381009462323803e-01
1.909130851907745452e-01
1.911963069690019168e-01
1.913676268088249088e-01
1.911958638972937052e-01
1.904066521120868494e-01
1.895538733417754251e-01
1.886466935275725731e-01
1.872353795054149117e-01
1.855224711889840172e-01
1.837953986038098897e-01
1.820603246951257859e-01
1.799792831369888546e-01
1.777360849938340870e-01
1.755099281211354167e-01
1.733054215024587563e-01
1.708900741174121940e-01
1.681121324509269321e-01
1.653832303434192852e-01
1.627065668498879347e-01
1.600847888527399121e-01
1.571698806165975348e-01
1.541598424461136929e-01
1.505368744077446586e-01
1.462475093011565974e-01
1.415623367247913489e-01
1.366759403879480583e-01
1.314549242623082037e-01
1.263603841842919628e-01
1.214727744982802005e-01
1.168429760345737201e-01
1.124988660516659245e-01
1.084508630759597470e-01
1.046965523337786141e-01
1.012244687014582922e-01
9.801713212917451123e-02
9.505343597396520572e-02
9.231048616008719065e-02
8.976496327712468748e-02
8.739412109904320936e-02
8.517647189039312394e-02
8.309221773891373175e-02
8.112348840606187217e-02
7.925445522204332960e-02
7.747131435095466756e-02
7.576220748474393751e-02
7.411708832233099287e-02
7.252755742020600138e-02
7.098668381940753669e-02
6.948882249291532531e-02
6.802943390926774470e-02
6.660491341534080512e-02
6.521243530926779108e-02
6.384981583237081537e-02
6.251538532609712817e-02
6.120788269091281819e-02
5.992635973838522645e-02
5.867011233097318978e-02
5.743861064324962129e-02
5.623144619500775043e-02
5.504829639688013643e-02
5.388888828548221710e-02
5.275298321863863826e-02
5.164034337629508364e-02
5.055073519832897766e-02
4.948391119706707642e-02
4.843961006912134160e-02
4.741754439735124116e-02
4.641741296285850638e-02
4.543889502907205724e-02
4.448165112238000596e-02
4.354532628906770952e-02
4.262955253404410172e-02
4.173395238811328234e-02
4.085813765228607508e-02
4.000171772900151801e-02
3.916429898110251884e-02
3.834548480596700060e-02
3.754488043889492310e-02
3.676209353197967822e-02
3.599673546949011538e-02
3.524842480416290336e-02
3.451678106517275246e-02
3.380143249381828419e-02
3.310201420806446748e-02
3.241816856539259106e-02
3.174954540198715591e-02
3.109579874663448429e-02
3.045659777090659048e-02
2.983161463587413742e-02
2.922052970153776741e-02
2.862303359610618436e-02
2.803881867633961633e-02
2.746758726596132405e-02
2.690904869713728331e-02
2.636291913050814451e-02
2.582892137176306946e-02
2.530678468847957774e-02
2.479624462930973827e-02
2.429704284755107579e-02
2.380892693054637022e-02
2.333165023543393168e-02
2.286497173123902549e-02
2.240865584824214274e-02
2.196246941316304380e-02
2.152619028460533990e-02
2.109959857844612152e-02
2.068247908156317649e-02
2.027462150227821169e-02
1.987582023256462271e-02
1.948587423755365755e-02
1.910458682575599809e-02
1.873176604009874069e-02
1.836722381785071967e-02
1.801077626401870191e-02
1.766224380544945127e-02
1.732145085303482546e-02
1.698822546559197733e-02
1.666239963380333755e-02
1.634380894983467059e-02
1.603229301896003101e-02
1.572769463856960037e-02
1.542986021275205566e-02
1.513863955266470107e-02
1.485388580145485804e-02
1.457545523743886129e-02
1.430320769604054298e-02
1.403700563543641699e-02
1.377671505461064427e-02
1.352220456246389091e-02
1.327334580497940841e-02
1.303001327787134400e-02
1.279208426347389072e-02
1.255943864566155810e-02
1.233195934325914678e-02
1.210953151027571728e-02
1.189204297119483833e-02
1.167938391824430155e-02
1.147144734991556447e-02
1.126812815288258385e-02
1.106932403600646708e-02
1.087493461508826087e-02
1.068486173204319378e-02
1.049900965306549416e-02
1.031728477340188022e-02
1.013959532247832307e-02
9.965851687880888932e-03
9.795966247290621709e-03
9.629853324271575588e-03
9.467429145041617033e-03
9.308611672869115949e-03
9.153321060563213152e-03
9.001478869383960912e-03
8.853008522618610598e-03
8.707835144095676938e-03
8.565885520410931875e-03
8.427088063996723832e-03
8.291372777005312500e-03
8.158671216007773452e-03
8.028916334125391074e-03
7.902042941092535244e-03
7.777986929573765806e-03
7.656685735974111395e-03
7.538078186030139349e-03
7.422104463953083098e-03
7.308706082255200798e-03
7.197825852255812507e-03
7.089407855233931244e-03
6.983397290888593290e-03
6.879740943573908751e-03
6.778386414662884718e-03
6.679282589257207192e-03
6.582379487558798203e-03
6.487628239655318652e-03
6.394981060876547829e-03
6.304391227686778620e-03
6.215812930782993462e-03
6.129201745868728679e-03
6.044513870443246617e-03
5.961706594855398222e-03
5.880738034566679318e-03
5.801567602902624188e-03
5.724155249781315291e-03
5.648461934649962046e-03
5.574449483945587147e-03
5.502080571829104372e-03
5.431318701365039914e-03
5.362128186099379690e-03
5.294474132068627270e-03
5.228322296851217743e-03
5.163639566178934714e-03
5.100393196426855624e-03
5.038551291245196850e-03
4.978082662611349463e-03
4.918956815100239410e-03
4.861143930501299337e-03
4.804614852772060019e-03
4.749341073333246399e-03
4.695294716692055559e-03
4.642448526374298723e-03
4.590775851180284306e-03
4.540250631742459575e-03
4.490847387375707100e-03
4.442541079893391753e-03
4.395307594857511546e-03
4.349122865271226601e-03
4.303963846467029342e-03
4.259807640826229758e-03
4.216631856032604375e-03
4.174414964805084338e-03
4.133135553225475434e-03
4.092772803088839950e-03
4.053306235197728924e-03
4.014716192907163972e-03
3.976983091404262538e-03
3.940087900966782186e-03
3.904012014506852424e-03
3.868737238177377691e-03
3.834245782187384322e-03
3.800520251826311480e-03
3.767543638684367480e-03
3.735299312066731048e-03
3.703771010604040015e-03
3.672942834044956584e-03
3.642799235236360289e-03
3.613325012276069614e-03
3.584505177509411666e-03
3.556325320505759890e-03
3.528771230528082725e-03
3.501829135588385711e-03
3.475485201649419764e-03
3.449726389806118121e-03
3.424539586054153872e-03
3.399912087810985639e-03
3.375831474644597208e-03
3.352285602002735843e-03
3.329262595076265541e-03
3.306750842801520207e-03
3.284738991996105639e-03
3.263215941627262140e-03
3.242170837203905975e-03
3.221593065294126035e-03
3.201472248170356139e-03
3.181798238570010540e-03
3.162560991237128860e-03
3.143750928389144050e-03
3.125358687966928173e-03
3.107374871248236303e-03
3.089790285061289055e-03
3.072596308162367507e-03
3.055784146084317143e-03
3.039345319840736082e-03
3.023271538784566559e-03
3.007554696424552532e-03
2.992186866325852179e-03
2.977160298109238212e-03
2.962467413532898775e-03
2.948100802663056186e-03
2.934053220139842821e-03
2.920317581505793569e-03
2.906886959642696056e-03
2.893754457924613277e-03
2.880913700624709861e-03
2.868357965552847944e-03
2.856081167685653455e-03
2.844076992440713880e-03
2.832339385630655570e-03
2.820862427554970964e-03
2.809640330005747089e-03
2.798667433344670386e-03
2.787938203640871748e-03
2.777447106542707544e-03
2.767188975017820241e-03
2.757158759819633431e-03
2.747351279280385583e-03
2.737761463646570803e-03
2.728384723537313761e-03
2.719216206821695181e-03
2.710251289309573153e-03
2.701485449558171936e-03
2.692914266578361193e-03
2.684533417605772243e-03
