-6.642338394836629911e-01
-6.384469482710829480e-01
-6.147505472115201153e-01
-5.924858313282763689e-01
-5.717255378844149361e-01
-5.524960208830004271e-01
-5.346999281780293600e-01
-5.180047234554876479e-01
-5.024681482443367209e-01
-4.878025792340201505e-01
-4.745894835494004482e-01
-4.617958945563438444e-01
-4.503926828532172078e-01
-4.394098391092147171e-01
-4.291759519667575073e-01
-4.197918582963959810e-01
-4.106614316545429411e-01
-4.024586581999218815e-01
-3.946839437156177688e-01
-3.870925915396221662e-01
-3.804050449448013183e-01
-3.739660991397362189e-01
-3.676541314643335667e-01
-3.621248674783221766e-01
-3.568972095185114490e-01
-3.517462474448564969e-01
-3.468908668364503178e-01
-3.424692529919926010e-01
-3.256188228487926217e-01
-3.055223057645659601e-01
-2.889207895617551536e-01
-2.772439653477030141e-01
-2.694239123177735173e-01
-2.638026151967909350e-01
-2.590542291269124497e-01
-2.544234555879416604e-01
-2.496243255621921620e-01
-2.446441453998540183e-01
-2.395773179216651450e-01
-2.345263245810302877e-01
-2.295614524587992200e-01
-2.247163428326794943e-01
-2.199986347180420410e-01
-2.154027501765112262e-01
-2.109192113940019375e-01
-2.065394990802231767e-01
-2.022575871772711587e-01
-1.980697098470960427e-01
-1.939735269186342315e-01
-1.899673441438478605e-01
-1.860496154346646946e-01
-1.822187189855242195e-01
-1.784729122117179045e-01
-1.748103693636000600e-01
-1.712292375661927935e-01
-1.677276807189871377e-01
-1.643039037413869252e-01
-1.609561609212231126e-01
-1.576827551389001769e-01
-1.544820336088545965e-01
-1.513523834554280079e-01
-1.482922284437422356e-01
-1.453000269846422832e-01
-1.423742710367923436e-01
-1.395134854671398195e-01
-1.367162275548938766e-01
-1.339810864767052578e-01
-1.313066827231277323e-01
-1.286916674557168072e-01
-1.261347218333273013e-01
-1.236345563337768461e-01
-1.211899100872444457e-01
-1.187995502284366900e-01
-1.164622712685181583e-01
-1.141768944851082601e-01
-1.119422673281071923e-01
-1.097572628394880567e-01
-1.076207790859506908e-01
-1.055317386038372440e-01
-1.034890878560421612e-01
-1.014917967007558097e-01
-9.953885787190053236e-02
-9.762928647107571578e-02
-9.576211947081203490e-02
-9.393641522885198825e-02
-9.215125301325999274e-02
-9.040573253808625864e-02
-8.869897350933131364e-02
-8.703011518102155009e-02
-8.539831592110669334e-02
-8.380275278702109532e-02
-8.224262111065883118e-02
-8.071713409256986438e-02
-7.922552240516145261e-02
-7.776703380471472471e-02
-7.634093275201569995e-02
-7.494650004140668287e-02
-7.358303243809061200e-02
-7.224984232346365332e-02
-7.094625734834902886e-02
-6.967162009391625332e-02
-6.842528774013567627e-02
-6.720663174159291486e-02
-6.601503751050419311e-02
-6.484990410677049510e-02
-6.371064393490977196e-02
-6.259668244772909063e-02
-6.150745785656530629e-02
-6.044242084797524228e-02
-5.940103430669640971e-02
-5.838277304477523799e-02
-5.738712353671537869e-02
-5.641358366048354611e-02
-5.546166244429207026e-02
-5.453087981898852021e-02
-5.362076637595381001e-02
-5.273086313036490225e-02
-5.186072128973329143e-02
-5.100990202755895098e-02
-5.017797626202602501e-02
-4.936452443962080494e-02
-4.856913632352455323e-02
-4.779141078674786769e-02
-4.703095560981340739e-02
-4.628738728296832861e-02
-4.556033081276789076e-02
-4.484941953296273098e-02
-4.415429491958100527e-02
-4.347460641011924309e-02
-4.281001122675531789e-02
-4.216017420346762634e-02
-4.152476761700940600e-02
-4.090347102164404447e-02
-4.029597108752147605e-02
-3.970196144267035265e-02
-3.912114251849629909e-02
-3.855322139868810893e-02
-3.799791167150834426e-02
-3.745493328534621469e-02
-3.692401240748610647e-02
-3.640488128600516404e-02
-3.589727811474530128e-02
-3.540094690127570942e-02
-3.491563733780234102e-02
-3.444110467492000893e-02
-3.397710959818533993e-02
-3.352341810743775241e-02
-3.307980139877209069e-02
-3.264603574915803108e-02
-3.222190240362099445e-02
-3.180718746489974436e-02
-3.140168178559932244e-02
-3.100518086269232754e-02
-3.061748473439873663e-02
-3.023839787933635392e-02
-2.986772911791923946e-02
-2.950529151593928034e-02
-2.915090229029626556e-02
-2.880438271681207141e-02
-2.846555804010719726e-02
-2.813425738545660693e-02
-2.781031367261821430e-02
-2.749356353158205479e-02
-2.718384722016509158e-02
-2.688100854345965018e-02
-2.658489477505820986e-02
-2.629535658003456788e-02
-2.601224793962542137e-02
-2.573542607760437306e-02
-2.546475138825998741e-02
-2.520008736599876897e-02
-2.494130053651044676e-02
-2.468826038943916501e-02
-2.444083931257745590e-02
-2.419891252750350219e-02
-2.396235802665680481e-02
-2.373105651180296150e-02
-2.350489133387423379e-02
-2.328374843414504625e-02
-2.306751628669934107e-02
-2.285608584219023243e-02
-2.264935047285554504e-02
-2.244720591872439996e-02
-2.224955023505925666e-02
-2.205628374092194477e-02
-2.186730896891475595e-02
-2.168253061603175880e-02
-2.150185549557992459e-02
-2.132519249019670937e-02
-2.115245250589126158e-02
-2.098354842711769308e-02
-2.081839507283556046e-02
-2.065690915355578028e-02
-2.049900922934178027e-02
-2.034461566872458604e-02
-2.019365060855049521e-02
-2.004603791472137075e-02
-1.990170314378270078e-02
-1.976057350539051072e-02
-1.962257782560783426e-02
-1.948764651099166301e-02
-1.935571151352100117e-02
-1.922670629625367056e-02
-1.910056579978958169e-02
-1.897722640945032069e-02
-1.885662592320125341e-02
-1.873870352028150776e-02
-1.862339973052984377e-02
-1.851065640439175652e-02
-1.840041668360248295e-02
-1.829262497249928288e-02
-1.818722690999274860e-02
-1.808416934214607252e-02
-1.798340029537470741e-02
-1.788486895022689538e-02
-1.778852561576860225e-02
-1.769432170450846442e-02
-1.760220970789783124e-02
-1.751214317238458662e-02
-1.742407667596479470e-02
-1.733796580528901288e-02
-1.725376713326820521e-02
-1.717143819715660769e-02
-1.709093747714840461e-02
-1.701222437544291921e-02
-1.693525919575433747e-02
-1.686000312331215056e-02
-1.678641820526838302e-02
-1.671446733156756181e-02
-1.664411421622835618e-02
-1.657532337904621400e-02
-1.650806012769701070e-02
-1.644229054024037850e-02
-1.637798144802316003e-02
-1.631510041893546870e-02
-1.625361574106554130e-02
-1.619349640670142421e-02
-1.613471209669947726e-02
-1.607723316518638867e-02
-1.602103062461512906e-02
-1.596607613114287005e-02
-1.591234197033664088e-02
-1.585980104319606454e-02
-1.580842685248473600e-02
-1.575819348937868014e-02
-1.570907562038570404e-02
-1.566104847457161497e-02
-1.561408783108175768e-02
-1.556817000690680075e-02
-1.552327184494872725e-02
-1.547937070234839396e-02
-1.543644443905245467e-02
-1.539447140665473057e-02
-1.535343043748627068e-02
-1.531330083392390407e-02
-1.527406235796302525e-02
-1.523569522101508866e-02
-1.519818007391160464e-02
-1.516149799716748348e-02
-1.512563049141890659e-02
-1.509055946810811122e-02
-1.505626724035336039e-02
-1.502273651403562837e-02
-1.498995037906736272e-02
-1.495789230087929411e-02
-1.492654611206667425e-02
-1.489589600424023885e-02
-1.486592652006368809e-02
-1.483662254543949288e-02
-1.480796930190875216e-02
-1.477995233917717144e-02
-1.475255752784176977e-02
-1.472577105225791883e-02
-1.469957940357735637e-02
-1.467396937293052872e-02
-1.464892804476436439e-02
-1.462444279034169625e-02
-1.460050126135348236e-02
-1.457709138370155699e-02
-1.455420135140883531e-02
-1.453181962066407706e-02
-1.450993490399854480e-02
-1.448853616460343829e-02
-1.446761261074991367e-02
-1.444715369034943464e-02
-1.442714908564690646e-02
-1.440758870799463409e-02
-1.438846269278171164e-02
-1.436976139445045320e-02
-1.435147538163628056e-02
-1.433359543240930734e-02
-1.431611252962428082e-02
-1.429901785636999989e-02
-1.428230279153286375e-02
-1.426595890543591594e-02
-1.424997795559201919e-02
-1.423435188255650630e-02
-1.421907280584777666e-02
-1.420413301997935918e-02
-1.418952499058212524e-02
-1.417524135059045065e-02
-5.789000069915539726e-02
-6.021062019834877432e-02
-6.264423099089588831e-02
-6.495463623642105944e-02
-6.714106381684681324e-02
-6.961463160236558423e-02
-7.219332079634277477e-02
-7.463404899956049832e-02
-7.693772059215531200e-02
-7.918260855320236047e-02
-8.172206343965671138e-02
-8.411863008168873890e-02
-8.637430037949922479e-02
-8.849116769190601417e-02
-9.054303092414617282e-02
-9.283642945177916772e-02
-9.498895469359114330e-02
-9.700326553708027433e-02
-9.888194739048916659e-02
-1.006275213884464392e-01
-1.024849421267148841e-01
-1.044152104370166256e-01
-1.062110612377091812e-01
-1.078754074428083243e-01
-1.094112497303267872e-01
-1.108216606465362020e-01
-1.121515371950962958e-01
-1.136577030370959918e-01
-1.150411278495084844e-01
-1.163049934280770970e-01
-1.174524516033219612e-01
-1.184866219303994939e-01
-1.194105895960033692e-01
-1.202274035283554809e-01
-1.211377111985578736e-01
-1.220318695652906626e-01
-1.228225260057920210e-01
-1.235127296068672109e-01
-1.241054197949731375e-01
-1.246034338750749981e-01
-1.250095139269502553e-01
-1.253263131108353079e-01
-1.255564014304688669e-01
-1.259715577128472930e-01
-1.263340770055121354e-01
-1.266116114873430121e-01
-1.235764727605497271e-01
-1.172092060607408115e-01
-1.107468277826679781e-01
-1.054678839548186531e-01
-1.015099243671837570e-01
-9.853352540859727782e-02
-9.612246435374416365e-02
-9.395970949999288280e-02
-9.186367646703175183e-02
-8.976012727412374659e-02
-8.763827803922019655e-02
-8.551448131679517672e-02
-8.341002274267506067e-02
-8.134116648197320387e-02
-7.931691133724250165e-02
-7.734040591421464939e-02
-7.541129847990202251e-02
-7.352772103921445535e-02
-7.168751962639152708e-02
-6.988881712591688000e-02
-6.813014794437055599e-02
-6.641038802324139567e-02
-6.472862851938465667e-02
-6.308406700434421310e-02
-6.147593885630620036e-02
-5.990348503941600455e-02
-5.836594356737734302e-02
-5.686255249635063791e-02
-5.539255625902494984e-02
-5.395521119445678693e-02
-5.254978894823647551e-02
-5.117557789969229276e-02
-4.983188328980059367e-02
-4.851802670871840917e-02
-4.723334539536860888e-02
-4.597719158105206816e-02
-4.474893195366203003e-02
-4.354794723766630682e-02
-4.237363185273324007e-02
-4.122539361595123353e-02
-4.010265346226038474e-02
-3.900484516996449713e-02
-3.793141508672981388e-02
-3.688182185612109976e-02
-3.585553614597625227e-02
-3.485204038154599004e-02
-3.387082848321565365e-02
-3.291140561036431933e-02
-3.197328791116849089e-02
-3.105600227836546878e-02
-3.015908611030937436e-02
-2.928208707781543296e-02
-2.842456289637596001e-02
-2.758608110270532876e-02
-2.676621883686003400e-02
-2.596456262917268276e-02
-2.518070819163220619e-02
-2.441426021370851629e-02
-2.366483216343340246e-02
-2.293204609221799473e-02
-2.221553244428875473e-02
-2.151492987031300430e-02
-2.082988504525484785e-02
-2.016005248985930365e-02
-1.950509439695302660e-02
-1.886468046050371328e-02
-1.823848770962666066e-02
-1.762620034512440981e-02
-1.702750958070442522e-02
-1.644211348702206976e-02
-1.586971683942905997e-02
-1.531003096910676931e-02
-1.476277361749467332e-02
-1.422766879391801353e-02
-1.370444663650971506e-02
-1.319284327587055827e-02
-1.269260070210709301e-02
-1.220346663500304629e-02
-1.172519439626285020e-02
-1.125754278556989618e-02
-1.080027595873023216e-02
-1.035316330874280766e-02
-9.915979349520931407e-03
-9.488503602181452834e-03
-9.070520483840383008e-03
-8.661819198898967898e-03
-8.262193632822878442e-03
-7.871442247870064080e-03
-7.489367981898809035e-03
-7.115778148727436303e-03
-6.750484341009332923e-03
-6.393302335217398991e-03
-6.044051998819632843e-03
-5.702557199198210469e-03
-5.368645714940889491e-03
-5.042149149182328927e-03
-4.722902844482845808e-03
-4.410745799892090702e-03
-4.105520589459565883e-03
-3.807073283256023899e-03
-3.515253369526405436e-03
-3.229913678887363915e-03
-2.950910309810872434e-03
-2.678102556465056239e-03
-2.411352837529356918e-03
-2.150526626925497453e-03
-1.895492385664887536e-03
-1.646121495933350332e-03
-1.402288195996526099e-03
-1.163869516811466553e-03
-9.307452200086885341e-04
-7.027977373574856301e-04
-4.799121111247472982e-04
-2.619759366533358502e-04
-4.887930507813109671e-05
1.594852515092171075e-04
3.632228148386928979e-04
5.624361328928628723e-04
7.572256722019332642e-04
9.476896682620861156e-04
1.133924175224620967e-03
1.316023114068087807e-03
1.494078320195768583e-03
1.668179589700891086e-03
1.838414724561587832e-03
2.004869577239887235e-03
2.167628093451057225e-03
2.326772355083939203e-03
2.482382621082024343e-03
2.634537368186862238e-03
2.783313330477987790e-03
2.928785538062861349e-03
3.071027354903499429e-03
3.210110515831310352e-03
3.346105162721713100e-03
3.479079879773472328e-03
3.609101728422103861e-03
3.736236280721172420e-03
3.860547652661416862e-03
3.982098536459588445e-03
4.100950232174938037e-03
4.217162678532559994e-03
4.330794483402122808e-03
4.441902953236542828e-03
4.550544121758370864e-03
4.656772778437456850e-03
4.760642496083988817e-03
4.862205657863327701e-03
4.961513483617174813e-03
5.058616056030196262e-03
5.153562345355133800e-03
5.246400234594439382e-03
5.337176543385169225e-03
5.425937051691143154e-03
5.512726522861832734e-03
5.597588726302227258e-03
5.680566459310476546e-03
5.761701568879118440e-03
5.841034972656089508e-03
5.918606679895077605e-03
5.994455811206833573e-03
6.068620618519204868e-03
6.141138504330179160e-03
6.212046040574570327e-03
6.281378987056385199e-03
6.349172309491279975e-03
6.415460197057853975e-03
6.480276079869895511e-03
6.543652645720321459e-03
6.605621856285104343e-03
6.666214963765071388e-03
6.725462526185665979e-03
6.783394423023558772e-03
6.840039870266600985e-03
6.895427435115841774e-03
6.949585050408657594e-03
7.002540028700821040e-03
7.054319076040371783e-03
7.104948305435065947e-03
7.154453249929026981e-03
7.202858875813511474e-03
7.250189594770972690e-03
7.296469276436567952e-03
7.341721260392120030e-03
7.385968367938033907e-03
7.429232913511718550e-03
7.471536716185056548e-03
7.512901110546366112e-03
7.553346957268836093e-03
7.592894653821957718e-03
7.631564144656266535e-03
7.669374931562167319e-03
7.706346083075743536e-03
7.742496244335761446e-03
7.777843646362470054e-03
7.812406115559333841e-03
7.846201082289283590e-03
7.879245589799133143e-03
7.911556303116462630e-03
7.943149516909997487e-03
7.974041164292344774e-03
8.004246824361516133e-03
8.033781730297562262e-03
8.062660777029329040e-03
8.090898528633871933e-03
8.118509226012093905e-03
8.145506793550083557e-03
8.171904846700606129e-03
8.197716698368218147e-03
8.222955365868145350e-03
8.247633577382451620e-03
8.271763778585849991e-03
8.295358138744823862e-03
8.318428556881585223e-03
8.340986667787930742e-03
8.363043847957385424e-03
8.384611221027959971e-03
8.405699663908805519e-03
8.426319811785099034e-03
8.446482063711791000e-03
8.466196587836094523e-03
8.485473326507175784e-03
8.504322001289921218e-03
8.522752117874787814e-03
8.540772970870413872e-03
8.558393648482542915e-03
8.575623037012647387e-03
8.592469825672743866e-03
8.608942510515582569e-03
8.625049398888862129e-03
8.640798613819278273e-03
8.656198097983569539e-03
8.671255617530349014e-03
8.685978766108881644e-03
8.700374968988455748e-03
8.714451486342866815e-03
8.728215417180607005e-03
8.741673702869157125e-03
8.754833130637962313e-03
8.767700336990813526e-03
8.780281811071155573e-03
8.792583897919037383e-03
8.804612801589506432e-03
8.816374588603181905e-03
8.827875190566381036e-03
8.839120407410305802e-03
8.850115910277622788e-03
8.860867244369963203e-03
8.871379831671077909e-03
8.881658973915129707e-03
8.891709855139318108e-03
8.901537544107718247e-03
8.911146997063745800e-03
8.920543060121133294e-03
8.580242482115529867e-02
9.550187862629488933e-02
1.045849138084102847e-01
1.130189335307854037e-01
1.203587902171410207e-01
1.272991607702733674e-01
1.335115078346866824e-01
1.389103974761667359e-01
1.439886905398046757e-01
1.478504786256333858e-01
1.325819437052366823e-01
1.142907857720834031e-01
1.000024551617531010e-01
9.111197613722543664e-02
8.642588661222871949e-02
8.415153607742675845e-02
8.284594936678812971e-02
8.166372446263769902e-02
8.025865708076196370e-02
7.858548025125289271e-02
7.672754509966539516e-02
7.478988770346628456e-02
7.285162290919444672e-02
7.095621563529785902e-02
6.911928546420842423e-02
6.734054280317636199e-02
6.561347559386998540e-02
6.393102723181964819e-02
6.228794197865239468e-02
6.068108007423145267e-02
5.910886097048395627e-02
5.757055514422670939e-02
5.606574725205781817e-02
5.459403506529136862e-02
5.315491673443961673e-02
5.174778518281986095e-02
5.037196543922561887e-02
4.902675437384340640e-02
4.771145106028740202e-02
4.642537179841443873e-02
4.516785500673625720e-02
4.393826049976823356e-02
4.273596676388269344e-02
4.156036825199116436e-02
4.041087346079796916e-02
3.928690383071620218e-02
3.818789322064031211e-02
3.711328768015231816e-02
3.606254531988550838e-02
3.503513617470010999e-02
3.403054202381605720e-02
3.304825617008955163e-02
3.208778319420790837e-02
3.114863869971395971e-02
3.023034905958521534e-02
2.933245116966753940e-02
2.845449221045814880e-02
2.759602941671523979e-02
2.675662985378979286e-02
2.593587019970389207e-02
2.513333653217753039e-02
2.434862412033522716e-02
2.358133722082955686e-02
2.283108887836382550e-02
2.209750073055083419e-02
2.138020281708685744e-02
2.067883339312626134e-02
1.999303874682123450e-02
1.932247302093736963e-02
1.866679803842119512e-02
1.802568313186370119e-02
1.739880497672130488e-02
1.678584742828226339e-02
1.618650136221377878e-02
1.560046451866936579e-02
1.502744134985922742e-02
1.446714287100148155e-02
1.391928651457874366e-02
1.338359598783211979e-02
1.285980113343265785e-02
1.234763779322722854e-02
1.184684767502108826e-02
1.135717822231585572e-02
1.087838248694827925e-02
1.041021900454053295e-02
9.952451672734063948e-03
9.504849632113288038e-03
9.067187149785826961e-03
8.639243505533134027e-03
8.220802880507527277e-03
7.811654248381927346e-03
7.411591268936312815e-03
7.020412183985857979e-03
6.637919715637430329e-03
6.263920966799840784e-03
5.898227323897220487e-03
5.540654361759766999e-03
5.191021750599045248e-03
4.849153165077613181e-03
4.514876195377937051e-03
4.188022260260826357e-03
3.868426522036561011e-03
3.555927803446046198e-03
3.250368506365841625e-03
2.951594532340617860e-03
2.659455204855998289e-03
2.373803193361556652e-03
2.094494438961369553e-03
1.821388081765906719e-03
1.554346389855965072e-03
1.293234689816458172e-03
1.037921298829846961e-03
7.882774582510521100e-04
5.441772686856083396e-04
3.054976264889042170e-04
7.211816168473106359e-05
-1.560788227377152282e-04
-3.792084101821302511e-04
-5.973831284777908479e-04
-8.107130066408174685e-04
-1.019305630351574621e-03
-1.223266196220595958e-03
-1.422697564834152217e-03
-1.617700312634084980e-03
-1.808372782635014886e-03
-1.994811134026441835e-03
-2.177109390660181276e-03
-2.355359488475983198e-03
-2.529651321856896118e-03
-2.700072788974772209e-03
-2.866709836109482268e-03
-3.029646501001348469e-03
-3.188964955223028142e-03
-3.344745545630356531e-03
-3.497066834876605412e-03
-3.646005641032790123e-03
-3.791637076331344502e-03
-3.934034585038936882e-03
-4.073269980508609223e-03
-4.209413481384149947e-03
-4.342533747019761137e-03
-4.472697912100365158e-03
-4.599971620505627357e-03
-4.724419058409257133e-03
-4.846102986653111344e-03
-4.965084772396544111e-03
-5.081424420061431135e-03
-5.195180601599513892e-03
-5.306410686082507766e-03
-5.415170768624744113e-03
-5.521515698681422890e-03
-5.625499107710929536e-03
-5.727173436214094693e-03
-5.826589960189476614e-03
-5.923798816982461801e-03
-6.018849030581030490e-03
-6.111788536334206157e-03
-6.202664205126495744e-03
-6.291521867017202396e-03
-6.378406334353048379e-03
-6.463361424362101815e-03
-6.546429981264090259e-03
-6.627653897862018084e-03
-6.707074136683033316e-03
-6.784730750627243623e-03
-6.860662903173775362e-03
-6.934908888124091675e-03
-7.007506148922537648e-03
-7.078491297530575821e-03
-7.147900132899120962e-03
-7.215767659019878266e-03
-7.282128102573892647e-03
-7.347014930200845839e-03
-7.410460865365564587e-03
-7.472497904874586538e-03
-7.533157335000595367e-03
-7.592469747270236269e-03
-7.650465053882893329e-03
-7.707172502805281766e-03
-7.762620692512545162e-03
-7.816837586416713890e-03
-7.869850526969202065e-03
-7.921686249446224792e-03
-7.972370895434455207e-03
-8.021930026016033111e-03
-8.070388634653813398e-03
-8.117771159803943704e-03
-8.164101497232678639e-03
-8.209403012073845929e-03
-8.253698550608756790e-03
-8.297010451790765018e-03
-8.339360558503816634e-03
-8.380770228586520432e-03
-8.421260345600867225e-03
-8.460851329363805462e-03
-8.499563146243893641e-03
-8.537415319233243594e-03
-8.574426937787649194e-03
-8.610616667460657681e-03
-8.646002759314264097e-03
-8.680603059123548348e-03
-8.714435016375254861e-03
-8.747515693069640719e-03
-8.779861772320263213e-03
-8.811489566774799442e-03
-8.842415026837802117e-03
-8.872653748715819688e-03
-8.902220982282216255e-03
-8.931131638766576231e-03
-8.959400298279796004e-03
-8.987041217157099027e-03
-9.014068335157610079e-03
-9.040495282493399287e-03
-9.066335386696433574e-03
-9.091601679346528186e-03
-9.116306902640314291e-03
-9.140463515820318463e-03
-9.164083701451275488e-03
-9.187179371575204812e-03
-9.209762173707058963e-03
-9.231843496718017406e-03
-9.253434476571786860e-03
-9.274546001946770701e-03
-9.295188719725455684e-03
-9.315373040363006396e-03
-9.335109143131958831e-03
-9.354406981270546595e-03
-9.373276286984033590e-03
-9.391726576369219259e-03
-9.409767154201276185e-03
-9.427407118635322547e-03
-9.444655365785870060e-03
-9.461520594223671310e-03
-9.478011309351774827e-03
-9.494135827704308639e-03
-9.509902281133353341e-03
-9.525318620916767287e-03
-9.540392621758986280e-03
-9.555131885721657170e-03
-9.569543846053907288e-03
-9.583635770937348752e-03
-9.597414767156919879e-03
-9.610887783682464658e-03
-9.624061615168599815e-03
-9.636942905395073922e-03
-9.649538150597880559e-03
-9.661853702763512075e-03
-9.673895772824625539e-03
-9.685670433789095313e-03
-9.697183623807337227e-03
-9.708441149168134388e-03
-9.719448687217635552e-03
-9.730211789237497300e-03
-9.740735883231099734e-03
-9.751026276670238246e-03
-9.761088159162767397e-03
-9.770926605080276772e-03
-9.780546576106274870e-03
-9.789952923748401759e-03
-9.799150391777811109e-03
-9.808143618624587390e-03
-9.816937139719872363e-03
-9.825535389776263173e-03
-9.833942705030462861e-03
-9.842163325423314291e-03
-9.850201396748303750e-03
-9.858060972732118898e-03
-9.865746017087229092e-03
-9.873260405504957760e-03
-9.880607927609474928e-03
-9.887792288876706692e-03
-9.894817112491960387e-03
-9.901685941190230267e-03
-9.908402239029889813e-03
-9.914969393147288201e-03
-9.921390715466049670e-03
-9.927669444361075790e-03
-9.933808746297234649e-03
-9.939811717420532489e-03
-9.945681385127524976e-03
-9.951420709584990476e-03
-9.957032585227398869e-03
-9.962519842212191890e-03
-9.967885247852859010e-03
-9.973131508007604396e-03
-9.978261268452026655e-03
-9.983277116204281043e-03
-9.988181580839139428e-03
-9.992977135754088636e-03
-9.997666199426546996e-03
-1.000225113662667198e-02
-1.000673425961329244e-02
-1.001111782929386962e-02
-1.001540405637424413e-02
-1.001959510246752671e-02
-1.002369308118655766e-02
-1.002770005920616825e-02
-1.003161805731078715e-02
-1.003544905141184884e-02
-1.003919497353633616e-02
-4.202161266686976759e-02
-4.504955181162095812e-02
-4.806433515491548292e-02
-5.122275991720925958e-02
-5.421953130001977428e-02
-5.705813227850420333e-02
-5.974212408317036704e-02
-6.227513027337749918e-02
-6.466082225367930647e-02
-6.720986139725493302e-02
-6.964389959755212800e-02
-7.193494666806721227e-02
-7.408666627312054942e-02
-7.610267906186418685e-02
-7.798656077876842119e-02
-7.974184057464839270e-02
-8.150809125752367379e-02
-8.330037992166783312e-02
-8.496905497448548061e-02
-8.651762185315980958e-02
-8.794946503629574863e-02
-8.926785594106423360e-02
-9.047596016144243691e-02
-9.157684410036726064e-02
-9.257348104466256444e-02
-9.367306010548226425e-02
-9.476945352185239813e-02
-9.576441984433348154e-02
-9.666090874344668293e-02
-9.746185309589616708e-02
-9.817016412297085992e-02
-9.878872702949870188e-02
-9.932039710368645302e-02
-9.976799624168464220e-02
-1.001343098630220751e-01
-1.004220841860119506e-01
-1.008054892327798768e-01
-1.011300100156651283e-01
-1.013810507918888604e-01
-1.015611094040567153e-01
-1.016726267995675670e-01
-1.017179866808479716e-01
-1.016995158106190900e-01
-1.016194855427157151e-01
-1.014801113986294467e-01
-1.012835557326408065e-01
-1.010319266799530880e-01
-1.007272787082200693e-01
-1.003716203461655354e-01
-9.999508223394304451e-02
-9.968488774404438146e-02
-9.932676903845560901e-02
-9.892260369219219029e-02
-9.847421602970651833e-02
-9.798332361514283662e-02
-9.399704557573862473e-02
-8.909495761971619743e-02
-8.461080037861989922e-02
-8.094121338928861320e-02
-7.800532296593321036e-02
-7.556476318516747170e-02
-7.339332493695849280e-02
-7.133782891115370006e-02
-6.931910497929827386e-02
-6.730988481875588292e-02
-6.531062467000126048e-02
-6.333188809487833026e-02
-6.138457720095935599e-02
-5.947611895887927602e-02
-5.761007632573900139e-02
-5.578718068568466748e-02
-5.400659131356189135e-02
-5.226685839998435057e-02
-5.056648051271039890e-02
-4.890413820410710599e-02
-4.727873326608289517e-02
-4.568934197118590390e-02
-4.413514966712472898e-02
-4.261539802905467411e-02
-4.112935303903064721e-02
-3.967629046796883330e-02
-3.825549231727976007e-02
-3.686624840265118053e-02
-3.550785930617905706e-02
-3.417963884724173340e-02
-3.288091551691874059e-02
-3.161103298181355825e-02
-3.036934998261564544e-02
-2.915523993739110864e-02
-2.796809045868009491e-02
-2.680730289401900279e-02
-2.567229192419340222e-02
-2.456248521850845634e-02
-2.347732313063666254e-02
-2.241625841854144596e-02
-2.137875597672334038e-02
-2.036429257440008911e-02
-1.937235659716129987e-02
-1.840244779184363466e-02
-1.745407701523937760e-02
-1.652676598752833570e-02
-1.562004705023678497e-02
-1.473346293056021494e-02
-1.386656651010653718e-02
-1.301892059943021707e-02
-1.219009771703305489e-02
-1.137967987438059936e-02
-1.058725836477769633e-02
-9.812433557348398949e-03
-9.054814695490520648e-03
-8.314019699844799050e-03
-7.589674975593041495e-03
-6.881415224055054125e-03
-6.188883258468891313e-03
-5.511729823845179510e-03
-4.849613420950582565e-03
-4.202200133650357827e-03
-3.569163461098590062e-03
-2.950184152750168209e-03
-2.344950047411309413e-03
-1.753155915807269594e-03
-1.174503306661911495e-03
-6.087003961718906453e-04
-5.546184084703753570e-05
4.854913662795112828e-04
1.014432036803292192e-03
1.531626923927831285e-03
2.037336857327431971e-03
2.531816874516756855e-03
3.015316349909369364e-03
3.488079119978060305e-03
3.950343606569539645e-03
4.402342936960401687e-03
4.844305061879161656e-03
5.276452869842351845e-03
5.699004299919430139e-03
6.112172451574693355e-03
6.516165692136866028e-03
6.911187761880377423e-03
7.297437876777834731e-03
7.675110828844644573e-03
8.044397084822740851e-03
8.405482881632231340e-03
8.758550320625779761e-03
9.103777459371187319e-03
9.441338401457777252e-03
9.771403384281285298e-03
1.009413886491383749e-02
1.040970760403769901e-02
1.071826874792147777e-02
1.101997790910758113e-02
1.131498724430368696e-02
1.160344553144199153e-02
1.188549824465656712e-02
1.216128762766199856e-02
1.243095276546402062e-02
1.269462965452294867e-02
1.295245127132638174e-02
1.320454763934097997e-02
1.345104589501655568e-02
1.369207035131392303e-02
1.392774256072470962e-02
1.415818137640467711e-02
1.438350301255297836e-02
1.460382110241020825e-02
1.481924675591894669e-02
1.502988861557152944e-02
1.523585291164675226e-02
1.543724351516928550e-02
1.563416199064615597e-02
1.582670764710325528e-02
1.601497758849390607e-02
1.619906676250515432e-02
1.637906800818633712e-02
1.655507210303674981e-02
1.672716780862248953e-02
1.689544191576874965e-02
1.705997928773772543e-02
1.722086290336299896e-02
1.737817389882501118e-02
1.753199160858365246e-02
1.768239360537471327e-02
1.782945573934302530e-02
1.797325217628298333e-02
1.811385543504773210e-02
1.825133642411813639e-02
1.838576447736350872e-02
1.851720738901008190e-02
1.864573144771597413e-02
1.877140147031219897e-02
1.889428083434641081e-02
1.901443150977399910e-02
1.913191409049552760e-02
1.924678782484878781e-02
1.935911064549689087e-02
1.946893919864134403e-02
1.957632887258320409e-02
1.968133382565984135e-02
1.978400701355820246e-02
1.988440021589799045e-02
1.998256406278731134e-02
2.007854805976894141e-02
2.017240061309699684e-02
2.026416905411476677e-02
2.035389966300105158e-02
2.044163769242857143e-02
2.052742739023205587e-02
2.061131202145727315e-02
2.069333389045269200e-02
2.077353436214757210e-02
2.085195388292770957e-02
2.092863200101113819e-02
2.100360738640816294e-02
2.107691785029164322e-02
2.114860036451560177e-02
2.121869107953688882e-02
2.128722534342486483e-02
2.135423771891620248e-02
2.141976200161899158e-02
2.148383123640051906e-02
2.154647773427686985e-02
2.160773308908225943e-02
2.166762819280343422e-02
2.172619325148694713e-02
2.178345780042967306e-02
2.183945071894388690e-02
2.189420024536303799e-02
2.194773399056515473e-02
2.200007895267663827e-02
2.205126153002545664e-02
2.210130753479333521e-02
2.215024220597427984e-02
2.219809022198937498e-02
2.224487571356803528e-02
2.229062227531386498e-02
2.233535297794553287e-02
2.237909037986618443e-02
2.242185653854633642e-02
2.246367302164387070e-02
2.250456091776786849e-02
2.254454084755064258e-02
2.258363297332621755e-02
2.262185701007535243e-02
2.265923223460486469e-02
2.269577749602902372e-02
2.273151122463090701e-02
2.276645144149380684e-02
2.280061576751712948e-02
2.283402143220314429e-02
2.286668528276969425e-02
2.289862379205498399e-02
2.292985306714889759e-02
2.296038885747009317e-02
2.299024656270631795e-02
2.301944124045984807e-02
2.304798761428106246e-02
2.307590008049320573e-02
2.310319271579697187e-02
2.312987928429599549e-02
2.315597324433671389e-02
2.318148775572570486e-02
2.320643568577462901e-02
2.323082961599709506e-02
2.325468184872736543e-02
2.327800441304628265e-02
2.330080907102338728e-02
2.332310732332842917e-02
2.334491041530473154e-02
2.336622934259224849e-02
2.338707485666180474e-02
2.340745747023831314e-02
2.342738746260497606e-02
2.344687488477958937e-02
2.346592956458071200e-02
2.348456111158903070e-02
2.350277892199503782e-02
2.352059218322111178e-02
2.353800987886511820e-02
2.355504079308978760e-02
2.357169351466037455e-02
2.358797644200283372e-02
2.360389778677962624e-02
2.361946557836347438e-02
2.363468766783149988e-02
2.364957173192649975e-02
2.366412527691963419e-02
2.367835564239761936e-02
2.369227000496643143e-02
2.370587538185819909e-02
2.371917863448658181e-02
2.373218647178276797e-02
2.374490545401020114e-02
2.375734199548684700e-02
2.376950236815034145e-02
2.378139270454937559e-02
2.379301900137598125e-02
2.380438712188048811e-02
2.381550279918265289e-02
2.382637163909073763e-02
2.383699912293124612e-02
1.099128797734651997e-01
1.225109321159134623e-01
1.344822967316394724e-01
1.452868484544831418e-01
1.552035722887454838e-01
1.645195045028700065e-01
1.722954911087510865e-01
1.796253700299903500e-01
1.861956074676376360e-01
1.918671027657827821e-01
1.971785425757710541e-01
2.016545124909345788e-01
2.055033093924434340e-01
2.090681622888603819e-01
2.117576562579674970e-01
2.139282950195111610e-01
2.158870109248955949e-01
2.171956496140992066e-01
2.180342795940055645e-01
2.187193532551936492e-01
2.190134875223650468e-01
2.187195891570370421e-01
2.183229644683568615e-01
2.178345988962129276e-01
2.165738620201702602e-01
2.151730587231632796e-01
2.137268186573511031e-01
2.120931388241120708e-01
2.098521311714858228e-01
2.076059138018919725e-01
2.053608962902719881e-01
2.029951543560892802e-01
2.002560146848320066e-01
1.975429328352245051e-01
1.948601852723066408e-01
1.922122507918699874e-01
1.889984357670893012e-01
1.858104818951979986e-01
1.826832226069274867e-01
1.796193138738937378e-01
1.764856917738195641e-01
1.730454325598169696e-01
1.696855683147615590e-01
1.664073941793691169e-01
1.632119754367205022e-01
1.600646127864842061e-01
1.515095569270532572e-01
1.389145216066378641e-01
1.282253522759408959e-01
1.210502124873573671e-01
1.167907941510788472e-01
1.142213083931555850e-01
1.123062997070527480e-01
1.104440712957899251e-01
1.084073170522867890e-01
1.061896945751044097e-01
1.038704147672580014e-01
1.015330045186892960e-01
9.923302197313121908e-02
9.699560273360474660e-02
9.482518207228740614e-02
9.271642498420229472e-02
9.066179469334323393e-02
8.865519910474195520e-02
8.669287545940340678e-02
8.477291942726061791e-02
8.289446321172544430e-02
8.105701023875644395e-02
7.926005925296730759e-02
7.750297124698524165e-02
7.578497388562088766e-02
7.410521660066460292e-02
7.246282544381710267e-02
7.085693851899255158e-02
6.928672151950743263e-02
6.775137015083521064e-02
6.625010659821195524e-02
6.478217483814630029e-02
6.334683702008447881e-02
6.194337139067918052e-02
6.057107140314199611e-02
5.922924546453134376e-02
5.791721689323248157e-02
5.663432385366751198e-02
5.537991902920902376e-02
5.415336998122932677e-02
5.295405798439434264e-02
5.178137817459793624e-02
5.063473914712202095e-02
4.951356264198869539e-02
4.841728324194249922e-02
4.734534792151090521e-02
4.629721638462935829e-02
4.527235994076139747e-02
4.427026171857506576e-02
4.329041617025786159e-02
4.233232943341280752e-02
4.139551822696363459e-02
4.047951008387307148e-02
3.958384303655204661e-02
3.870806538232485217e-02
3.785173529143692761e-02
3.701442119904907457e-02
3.619570073383004960e-02
3.539516098347794681e-02
3.461239821181649745e-02
3.384701765454467548e-02
3.309863331757667559e-02
3.236686777997754838e-02
3.165135184082323860e-02
3.095172494957165732e-02
3.026763417174160864e-02
2.959873449010608226e-02
2.894468855620746517e-02
2.830516651953773888e-02
2.767984585848681789e-02
2.706841121517600257e-02
2.647055423484889758e-02
2.588597324841335201e-02
2.531437373741307617e-02
2.475546717195808988e-02
2.420897196163362963e-02
2.367461238656387579e-02
2.315211893661639486e-02
2.264122809806434766e-02
2.214168221732371045e-02
2.165322936666758125e-02
2.117562305268827494e-02
2.070862270754769696e-02
2.025199271477218232e-02
1.980550260827929065e-02
1.936892749899321586e-02
1.894204710847335882e-02
1.852464613423010498e-02
1.811651406400960340e-02
1.771744506724193258e-02
1.732723788780421437e-02
1.694569573989435085e-02
1.657262620738819692e-02
1.620784114635154260e-02
1.585115659022329204e-02
1.550239265728370341e-02
1.516137346015877796e-02
1.482792701725577089e-02
1.450188516608430511e-02
1.418308347845975703e-02
1.387136117756226916e-02
1.356656105683806679e-02
1.326852940070155640e-02
1.297711590701422502e-02
1.269217344997564112e-02
1.241355862312953917e-02
1.214113065333766173e-02
1.187475242600521952e-02
1.161428948886267243e-02
1.135961046234279515e-02
1.111058689588562132e-02
1.086709303849464625e-02
1.062900638818886634e-02
1.039620677463815035e-02
1.016857677595206511e-02
9.946001584323793665e-03
9.728368947422350033e-03
9.515569109328270159e-03
9.307494752921252612e-03
9.104040783060485253e-03
8.905104890206461121e-03
8.710586646349938178e-03
8.520387933535600311e-03
8.334412658591139333e-03
8.152567321157322411e-03
7.974759950130971831e-03
7.800900989673786867e-03
7.630902942619810503e-03
7.464679951468600194e-03
7.302148156592469519e-03
7.143225576065947990e-03
6.987832059363041637e-03
6.835889079829238213e-03
6.687320308189859119e-03
6.542050719636094414e-03
6.400007034496502101e-03
6.261117445530928194e-03
6.125312037217778283e-03
5.992522512874964846e-03
5.862681784503775972e-03
5.735724341830783501e-03
5.611586143114299929e-03
5.490204579149615682e-03
5.371518436529498786e-03
5.255467862862239770e-03
5.141994334529220723e-03
5.031040626512162106e-03
4.922550783661439056e-03
4.816470092839475470e-03
4.712744894360021419e-03
4.611323172333481324e-03
4.512153676104802003e-03
4.415186373448509727e-03
4.320372350635537373e-03
4.227663786906754595e-03
4.137013927572041894e-03
4.048377057882746044e-03
3.961708478420700175e-03
3.876964320610021275e-03
3.794102141723376675e-03
3.713080051249040281e-03
3.633857168979792718e-03
3.556393529881685112e-03
3.480649901867582940e-03
3.406588380462149956e-03
3.334171353445380959e-03
3.263362415220738555e-03
3.194126037939337692e-03
3.126427179270807599e-03
3.060231666493828939e-03
2.995506101419520562e-03
2.932217838536255172e-03
2.870334962667309142e-03
2.809826268738158106e-03
2.750661082694394466e-03
2.692809862705924928e-03
2.636243170791141566e-03
2.580932754626452663e-03
2.526850606592523363e-03
2.473969428038236273e-03
2.422262538152253342e-03
2.371703857142470895e-03
2.322267888722473472e-03
2.273929704053045953e-03
2.226664927514665493e-03
2.180449723938382434e-03
2.135260786706449920e-03
2.091075326317026750e-03
2.047871059166928021e-03
2.005626196477594547e-03
1.964319433371608525e-03
1.923929938131729855e-03
1.884437341676648003e-03
1.845821727266105938e-03
1.808063620436728414e-03
1.771143979181655226e-03
1.735044023037035643e-03
1.699745840814559372e-03
1.665231529165644986e-03
1.631483662576815874e-03
1.598485209910460725e-03
1.566219524983480937e-03
1.534670335401555619e-03
1.503821731821064489e-03
1.473658158364532511e-03
1.444164404138748026e-03
1.415325595487182397e-03
1.387127188655190579e-03
1.359554962663489519e-03
1.332595012277781876e-03
1.306233741067641674e-03
1.280457693265013575e-03
1.255254164175489962e-03
1.230610341347526671e-03
1.206513777121331898e-03
1.182952307675844139e-03
1.159914046055199321e-03
1.137387373403742075e-03
1.115360930580289178e-03
1.093823610865296558e-03
1.072764392422875801e-03
1.052172949862262286e-03
1.032038796801471037e-03
1.012351759801077833e-03
9.931018987063833237e-04
9.742793395757232133e-04
9.558748841440589672e-04
9.378791502425709581e-04
9.202830445118603819e-04
9.030776824960895510e-04
8.862543832441893699e-04
8.698046623318855808e-04
8.537200639515685197e-04
8.379927724313507298e-04
8.226145940219975472e-04
8.075780489273931551e-04
7.928754406261173671e-04
7.784993303603382486e-04
7.644424560795393120e-04
7.506977254752023043e-04
7.372582080924505732e-04
7.241171286480607705e-04
7.112678619725087970e-04
6.987039291834751253e-04
6.864189945388066150e-04
6.744068625577082088e-04
6.626614751659154479e-04
6.511769088015650908e-04
6.399473715035242094e-04
6.289671999806234481e-04
6.182308567448391301e-04
6.077329272959897111e-04
5.974681173721574368e-04
