-6.285211507510873874e-01
-6.312674101148421091e-01
-6.203251344153350999e-01
-5.979147030886471370e-01
-5.764905224817261642e-01
-5.561750398146219077e-01
-5.378252292692200509e-01
-5.204236151864620741e-01
-5.044257036373098746e-01
-4.892452779545242159e-01
-4.753168717164115709e-01
-4.624206864107582859e-01
-4.501754905322234990e-01
-4.391362106466878412e-01
-4.284269242321661064e-01
-4.187516224996441494e-01
-4.096138478386621706e-01
-4.007672990071795560e-01
-3.921085740304173228e-01
-3.827591376893244579e-01
-3.729653765615221772e-01
-3.636377935254571092e-01
-3.541710431083466837e-01
-3.446902472986872468e-01
-3.352938171592185768e-01
-3.264313799936391369e-01
-3.178552375808738617e-01
-3.094809749430020851e-01
-3.013398366569952636e-01
-2.934528380704670703e-01
-2.858325709761819766e-01
-2.784848057990774173e-01
-2.714098915884424201e-01
-2.646039661224466322e-01
-2.580599878104670175e-01
-2.517686064461299722e-01
-2.457188871872770797e-01
-2.398989042370947011e-01
-2.342962121626923633e-01
-2.288982409177351407e-01
-2.236925701791179222e-01
-2.186671592665265784e-01
-2.138105050701861742e-01
-2.091117498056194179e-01
-2.045607498191692741e-01
-2.001481101576669808e-01
-1.958651935018886903e-01
-1.917041091269280351e-01
-1.876576869384369850e-01
-1.837194407968536503e-01
-1.798835245987495668e-01
-1.761446839320752744e-01
-1.724982055553661020e-01
-1.689398664639543135e-01
-1.654658838918896535e-01
-1.620728672502158574e-01
-1.587577727126330274e-01
-1.555178609223446529e-01
-1.523506581018669870e-01
-1.492539206949632380e-01
-1.462256035509850172e-01
-1.432638315713838928e-01
-1.403668746716539850e-01
-1.375331258651333322e-01
-1.347610822444811340e-01
-1.320493286190491666e-01
-1.293965235588689922e-01
-1.268013875968976301e-01
-1.242626933475232676e-01
-1.217792573106941667e-01
-1.193499331449392464e-01
-1.169736062088650996e-01
-1.146491891877321478e-01
-1.123756186394397893e-01
-1.101518523115987414e-01
-1.079768670984231349e-01
-1.058496575220688740e-01
-1.037692346383458641e-01
-1.017346252804101070e-01
-9.974487156690470258e-02
-9.779903061232309014e-02
-9.589617438775199787e-02
-9.403538968898494943e-02
-9.221577817708892510e-02
-9.043645646331155419e-02
-8.869655621604710660e-02
-8.699522427274342107e-02
-8.533162274377215084e-02
-8.370492909878546328e-02
-8.211433622911723518e-02
-8.055905248199879409e-02
-7.903830166435188431e-02
-7.755132301540790252e-02
-7.609737114841719219e-02
-7.467571596277533530e-02
-7.328564252831482051e-02
-7.192645094404870321e-02
-7.059745617383406113e-02
-6.929798786162688629e-02
-6.802739012894321036e-02
-6.678502135715946864e-02
-6.557025395716253868e-02
-6.438247412868181030e-02
-6.322108161155082229e-02
-6.208548943080893778e-02
-6.097512363754375997e-02
-5.988942304704014674e-02
-5.882783897563204079e-02
-5.778983497754142107e-02
-5.677488658272178412e-02
-5.578248103665606195e-02
-5.481211704281330199e-02
-5.386330450841203543e-02
-5.293556429401213848e-02
-5.202842796729800767e-02
-5.114143756138744834e-02
-5.027414533787810669e-02
-4.942611355479042956e-02
-4.859691423952572364e-02
-4.778612896687794986e-02
-4.699334864208237761e-02
-4.621817328894728405e-02
-4.546021184293813633e-02
-4.471908194920581892e-02
-4.399440976545632154e-02
-4.328582976951977912e-02
-4.259298457159443885e-02
-4.191552473096971099e-02
-4.125310857715813739e-02
-4.060540203531104453e-02
-3.997207845579842100e-02
-3.935281844780824656e-02
-3.874730971690265591e-02
-3.815524690636129534e-02
-3.757633144228167410e-02
-3.701027138221490986e-02
-3.645678126734530622e-02
-3.591558197807342978e-02
-3.538640059289122064e-02
-3.486897025047897003e-02
-3.436303001495710774e-02
-3.386832474416046068e-02
-3.338460496091411045e-02
-3.291162672718117577e-02
-3.244915152105010137e-02
-3.199694611648151721e-02
-3.155478246572629430e-02
-3.112243758437704955e-02
-3.069969343898915071e-02
-3.028633683718062741e-02
-2.988215932019233634e-02
-2.948695705783466181e-02
-2.910053074575902343e-02
-2.872268550500178819e-02
-2.835323078377349759e-02
-2.799198026142057927e-02
-2.763875175449648225e-02
-2.729336712494445649e-02
-2.695565219029338877e-02
-2.662543663585292819e-02
-2.630255392885194610e-02
-2.598684123448213867e-02
-2.567813933380413971e-02
-2.537629254346107643e-02
-2.508114863719157484e-02
-2.479255876907249245e-02
-2.451037739845896013e-02
-2.423446221660086053e-02
-2.396467407488334089e-02
-2.370087691465139201e-02
-2.344293769859762122e-02
-2.319072634368390950e-02
-2.294411565552056942e-02
-2.270298126425052132e-02
-2.246720156180259664e-02
-2.223665764057125571e-02
-2.201123323345210991e-02
-2.179081465521015559e-02
-2.157529074513719891e-02
-2.136455281099713943e-02
-2.115849457420271307e-02
-2.095701211622502669e-02
-2.076000382618392592e-02
-2.056737034960010035e-02
-2.037901453828094844e-02
-2.019484140135308081e-02
-2.001475805732200186e-02
-1.983867368724956393e-02
-1.966649948894927391e-02
-1.949814863219634375e-02
-1.933353621494626751e-02
-1.917257922051041064e-02
-1.901519647568905569e-02
-1.886130860983081803e-02
-1.871083801482242848e-02
-1.856370880592050909e-02
-1.841984678350705451e-02
-1.827917939565537608e-02
-1.814163570154203597e-02
-1.800714633568167855e-02
-1.787564347292525113e-02
-1.774706079426957572e-02
-1.762133345340810564e-02
-1.749839804403130472e-02
-1.737819256783090793e-02
-1.726065640326490680e-02
-1.714573027495758240e-02
-1.703335622381629832e-02
-1.692347757780909845e-02
-1.681603892336980266e-02
-1.671098607746035469e-02
-1.660826606024468077e-02
-1.650782706837317093e-02
-1.640961844884758492e-02
-1.631359067348325809e-02
-1.621969531393574471e-02
-1.612788501726480916e-02
-1.603811348206418685e-02
-1.595033543511226171e-02
-1.586450660852856132e-02
-1.578058371745649779e-02
-1.569852443823549493e-02
-1.561828738705450803e-02
-1.553983209908205154e-02
-1.546311900805141804e-02
-1.538810942632817813e-02
-1.531476552536936708e-02
-1.524305031666894905e-02
-1.517292763310074122e-02
-1.510436211066412682e-02
-1.503731917066941648e-02
-1.497176500228381002e-02
-1.490766654548902892e-02
-1.484499147440399014e-02
-1.478370818098051487e-02
-1.472378575907029585e-02
-1.466519398883781022e-02
-1.460790332151029602e-02
-1.455188486448655283e-02
-1.449711036675971343e-02
-1.444355220466508882e-02
-1.439118336796640918e-02
-1.433997744622095283e-02
-1.428990861545820223e-02
-1.424095162516048063e-02
-1.419308178553402300e-02
-1.414627495504960919e-02
-1.410050752827185505e-02
-1.405575642395273661e-02
-1.401199907339156780e-02
-1.396921340905432629e-02
-1.392737785344344559e-02
-1.388647130821629716e-02
-1.384647314354614522e-02
-1.380736318771580429e-02
-1.376912171694710807e-02
-1.373172944545197893e-02
-1.369516751570820645e-02
-1.365941748894750063e-02
-1.362446133585715202e-02
-1.359028142748774926e-02
-1.355686052636384531e-02
-1.352418177778780262e-02
-1.349222870134170194e-02
-1.346098518257665688e-02
-1.343043546488464912e-02
-1.340056414155288422e-02
-1.337135614799267458e-02
-1.334279675414418165e-02
-1.331487155704680347e-02
-1.328756647357520748e-02
-1.326086773333745583e-02
-1.323476187173033836e-02
-1.320923572314924854e-02
-1.318427641434682940e-02
-1.315987135794349783e-02
-1.313600824607696893e-02
-1.311267504419744157e-02
-1.308985998499645476e-02
-1.306755156247341176e-02
-1.304573852613222229e-02
-1.302440987530895100e-02
-1.300355485362292285e-02
-1.298316294355128520e-02
-1.296322386112658265e-02
-1.294372755074935100e-02
-1.292466418011795071e-02
-1.290602413526764636e-02
-1.288779801572514927e-02
-1.286997662976530066e-02
-1.285255098977744481e-02
-1.283551230773127827e-02
-1.281885199074617177e-02
-1.280256163675730363e-02
-1.278663303027682829e-02
-1.277105813825318847e-02
-1.275582910601791298e-02
-1.274093825332611729e-02
-1.272637807048138114e-02
-1.271214121454988799e-02
-1.269822050565627691e-02
-1.270922956369568979e-02
-3.919220968439507402e-02
-5.574937135172319813e-02
-6.167337808882900063e-02
-6.348797350202328715e-02
-6.556324296342719293e-02
-6.789028155201437542e-02
-7.009715848614517242e-02
-7.218297804153817054e-02
-7.443953825228577514e-02
-7.692562491601817598e-02
-7.927625357028800224e-02
-8.149218910734479238e-02
-8.357461892043005491e-02
-8.601565197115768058e-02
-8.833284330420054786e-02
-9.051110652288674174e-02
-9.255246521708704321e-02
-9.445903645993114495e-02
-9.667067633301051899e-02
-9.875460123304558024e-02
-1.007019225645553462e-01
-1.025151920192119981e-01
-1.041968964439901058e-01
-1.059095736926201070e-01
-1.077805773963165237e-01
-1.095185105820899452e-01
-1.111262266656538600e-01
-1.126066708311350695e-01
-1.139628638403635819e-01
-1.150252507187428108e-01
-1.157786490564252091e-01
-1.160090910557300958e-01
-1.157668644771243649e-01
-1.151194293229789167e-01
-1.141285342954780901e-01
-1.128501604916083423e-01
-1.113345978080930720e-01
-1.096266369168379384e-01
-1.077658324768027143e-01
-1.057868188271724463e-01
-1.037544724763277415e-01
-1.017232662720122249e-01
-9.963901892585091957e-02
-9.752153130510787804e-02
-9.538752550827656052e-02
-9.325098141917109729e-02
-9.112344657252791080e-02
-8.901434938689511966e-02
-8.693125546792579428e-02
-8.488012450212512050e-02
-8.286555665438566365e-02
-8.089097138664058662e-02
-7.895881251630587627e-02
-7.707070324564657682e-02
-7.522758968730514084e-02
-7.342986233750892211e-02
-7.167747167834992439e-02
-6.997001264638313955e-02
-6.830681035592700567e-02
-6.668697818489821572e-02
-6.510948232798341451e-02
-6.357318191775185312e-02
-6.207686868981010520e-02
-6.061929683795419521e-02
-5.919921012632123336e-02
-5.781535530129477962e-02
-5.646650007429876439e-02
-5.515144725515419566e-02
-5.386903732260606148e-02
-5.261815604920627720e-02
-5.139773471711350794e-02
-5.020676307593596732e-02
-4.904427268001665396e-02
-4.790934892022491454e-02
-4.680112137854308685e-02
-4.571877029354620703e-02
-4.466151839868892637e-02
-4.362862997807059884e-02
-4.261940817036080631e-02
-4.163319226964112829e-02
-4.066935505363389325e-02
-3.972730094881615770e-02
-3.880646126675735275e-02
-3.790629414767554550e-02
-3.702628161068055590e-02
-3.616592752981961922e-02
-3.532475636476029024e-02
-3.450230970071288539e-02
-3.369814648563451698e-02
-3.291184106072275739e-02
-3.214298192509179586e-02
-3.139117063468965796e-02
-3.065602082430363140e-02
-2.993715734315394172e-02
-2.923421549182148027e-02
-2.854684035091192840e-02
-2.787468619187905006e-02
-2.721741595996807206e-02
-2.657470082087431962e-02
-2.594621976350541814e-02
-2.533165925076374947e-02
-2.473071291214345990e-02
-2.414308127314512831e-02
-2.356847151463181689e-02
-2.300659725835263458e-02
-2.245717837540350814e-02
-2.191994081199677424e-02
-2.139461643202089647e-02
-2.088094287153285933e-02
-2.037866340443361679e-02
-1.988752681675265421e-02
-1.940728728825558136e-02
-1.893770427990126848e-02
-1.847854242611379760e-02
-1.802957143103078863e-02
-1.759056596795272043e-02
-1.716130558147899166e-02
-1.674157459178715612e-02
-1.633116200097273207e-02
-1.592986140056318334e-02
-1.553747088091483874e-02
-1.515379294189589388e-02
-1.477863440431459452e-02
-1.441180632284488894e-02
-1.405312389995039268e-02
-1.370240640093989271e-02
-1.335947707011353458e-02
-1.302416304800768643e-02
-1.269629528983706734e-02
-1.237570848506575061e-02
-1.206224097821362307e-02
-1.175573469086810263e-02
-1.145603504496595093e-02
-1.116299088735761558e-02
-1.087645441576334804e-02
-1.059628110558197278e-02
-1.032232963896895228e-02
-1.005446183429903328e-02
-9.792542577552687533e-03
-9.536439754522341161e-03
-9.286024185223951122e-03
-9.041169558771322556e-03
-8.801752370033888440e-03
-8.567651857527280868e-03
-8.338749942621959121e-03
-8.114931169998840232e-03
-7.896082649440749890e-03
-7.682093998939265589e-03
-7.472857288616907567e-03
-7.268266986726779066e-03
-7.068219905987938034e-03
-6.872615151537253553e-03
-6.681354069941747298e-03
-6.494340199410864045e-03
-6.311479220714844018e-03
-6.132678910041988729e-03
-5.957849092045108819e-03
-5.786901594357019007e-03
-5.619750203060824845e-03
-5.456310619127435757e-03
-5.296500415839844322e-03
-5.140238997164203738e-03
-4.987447557144975008e-03
-4.838049039753045122e-03
-4.691968100529742003e-03
-4.549131068183775994e-03
-4.409465907508902660e-03
-4.272902183111604302e-03
-4.139371023609506040e-03
-4.008805087048372684e-03
-3.881138527106919867e-03
-3.756306959605382190e-03
-3.634247430205128637e-03
-3.514898382308118130e-03
-3.398199626609255120e-03
-3.284092310034125717e-03
-3.172518886685793404e-03
-3.063423088438987918e-03
-2.956749896685373358e-03
-2.852445514557544470e-03
-2.750457339885770125e-03
-2.650733938428295744e-03
-2.553225018179006156e-03
-2.457881403916672980e-03
-2.364655012324412553e-03
-2.273498828000874994e-03
-2.184366879479426871e-03
-2.097214216147058607e-03
-2.011996885563860360e-03
-1.928671911307411335e-03
-1.847197271292344567e-03
-1.767531876575745287e-03
-1.689635550732759839e-03
-1.613469009247303632e-03
-1.538993840207503183e-03
-1.466172484695604794e-03
-1.394968217659275922e-03
-1.325345129649768694e-03
-1.257268108544096208e-03
-1.190702822104761083e-03
-1.125615700477311520e-03
-1.061973919094683083e-03
-9.997453823045177046e-04
-9.388987073375432146e-04
-8.794032082466429756e-04
-8.212288804925194086e-04
-7.643463859192678456e-04
-7.087270375869536565e-04
-6.543427859480033248e-04
-6.011662039728804530e-04
-5.491704739446490180e-04
-4.983293735776328504e-04
-4.486172628919149474e-04
-4.000090713507375995e-04
-3.524802848975383540e-04
-3.060069340836690799e-04
-2.605655816543261949e-04
-2.161333108032792438e-04
-1.726877136167814797e-04
-1.302068797892630414e-04
-8.866938554774606018e-05
-4.805428296350555684e-05
-8.341089002605883707e-06
3.049022424406189202e-05
6.845924002973902134e-05
1.055851067430779722e-04
1.418865475519837105e-04
1.773818698564966212e-04
2.120889745205190025e-04
2.460253648903787393e-04
2.792081556330927583e-04
3.116540813685730882e-04
3.433795050895582790e-04
3.744004264412126304e-04
4.047324897742399230e-04
4.343909920301314287e-04
4.633908904692063402e-04
4.917468102059174839e-04
5.194730515842849172e-04
5.465835973978983020e-04
5.730921199260663457e-04
5.990119878447330848e-04
6.243562728709406429e-04
6.491377567092726508e-04
6.733689369724515927e-04
6.970620338373478830e-04
7.202289961076857594e-04
7.428815072563210720e-04
7.650309912179409366e-04
7.866886185183830094e-04
8.078653113496869764e-04
8.285717494613820122e-04
8.488183754407074844e-04
8.686153999883927668e-04
8.879728070585457544e-04
9.069003589035062873e-04
9.254076009908018818e-04
9.435038668179629440e-04
9.611982826251974643e-04
9.784997719899379831e-04
9.954170602428646930e-04
1.011958679224100877e-03
1.028132971044648514e-03
1.043948092662283500e-03
1.059412019894345747e-03
1.074532551449181028e-03
1.089317312850113240e-03
1.103773760293691453e-03
1.117909184397802846e-03
1.131730713882284078e-03
1.145245319079890578e-03
1.158459815800760850e-03
1.171380868237648087e-03
1.184014992685611389e-03
1.196368560733240827e-03
1.208447802396150905e-03
1.220258809611962647e-03
1.231807538768947552e-03
1.243099814075776521e-03
1.254141330409019872e-03
1.264937656182851811e-03
1.275494236065100040e-03
1.285816394090311121e-03
1.295909335712330801e-03
1.305778151135861265e-03
1.315427817277559086e-03
1.324863200617976133e-03
1.334089059572107772e-03
1.343110046891027309e-03
1.351930712001347956e-03
1.360555503306493108e-03
1.368988770428458679e-03
1.377234766398949262e-03
1.385297649802552655e-03
1.393181486881722719e-03
1.400890253581366096e-03
1.408427837558789975e-03
1.415798040050653128e-03
1.423004578145814492e-03
7.124789809768650173e-02
7.860444708686475934e-02
8.437425195875203343e-02
8.843541794320941563e-02
9.092712594317120534e-02
9.244063424673498730e-02
9.313444585829566691e-02
9.267402045174089054e-02
9.158754779395517076e-02
9.010910646368097687e-02
8.832947076156472122e-02
8.632527711047099928e-02
8.416065202689271274e-02
8.174574813602575318e-02
7.920480747338931593e-02
7.666557711932497909e-02
7.415334557014707784e-02
7.168738175360722664e-02
6.928192321096782180e-02
6.694704596570444366e-02
6.468941851389775621e-02
6.251295694593350660e-02
6.041938344199593303e-02
5.840870310858337078e-02
5.647960510854588279e-02
5.462979442030047039e-02
5.285627725050545678e-02
5.115558235011796739e-02
4.952394662800951863e-02
4.795746186620775120e-02
4.645218943317663829e-02
4.500424882456544040e-02
4.360988374682372992e-02
4.226550807224249695e-02
4.096773960610811116e-02
3.971341872869027512e-02
3.849961982442096087e-02
3.732365174959761944e-02
3.618305486621942180e-02
3.507559380616021016e-02
3.399924574558399470e-02
3.295218716931813674e-02
3.193278174769442757e-02
3.093955492529776308e-02
2.997119369203504746e-02
2.902652166674224432e-02
2.810448915678964710e-02
2.720414961856842950e-02
2.632466024668511650e-02
2.546526363903023338e-02
2.462527485650456427e-02
2.380407478608637106e-02
2.300110021094292634e-02
2.221583483743394538e-02
2.144780443849692020e-02
2.069656943993791742e-02
1.996171961574244591e-02
1.924287026135251821e-02
1.853965764204978939e-02
1.785173591462241305e-02
1.717877430999736887e-02
1.652045496409293435e-02
1.587647068104303116e-02
1.524652322663744286e-02
1.463032305387290677e-02
1.402758691221350773e-02
1.343803804316667794e-02
1.286140512718692008e-02
1.229742187675597620e-02
1.174582642159416324e-02
1.120636205861558210e-02
1.067877554275442620e-02
1.016281797815565824e-02
9.658244485343470132e-03
9.164814157421652396e-03
8.682290041201135011e-03
8.210439135333036376e-03
7.749032398983501935e-03
7.297844646025897219e-03
6.856655117387422393e-03
6.425246545578744417e-03
6.003405875425471550e-03
5.590924073234138092e-03
5.187596126471127889e-03
4.793221036845096705e-03
4.407601613026557175e-03
4.030545031850518711e-03
3.661862228454548784e-03
3.301368057306408588e-03
2.948881446643625281e-03
2.604224772496444018e-03
2.267224392563882418e-03
1.937710205533793584e-03
1.615516176509235180e-03
1.300479695121925516e-03
9.924417083269077011e-04
6.912466569399811078e-04
3.967424107926831311e-04
1.087802028241213748e-04
-1.727854374236059698e-04
-4.480967506865773942e-04
-7.172928148411195082e-04
-9.805096115669265089e-04
-1.237880092564314083e-03
-1.489534245172841054e-03
-1.735599157214107180e-03
-1.976199080934826213e-03
-2.211455495969794072e-03
-2.441487171204848039e-03
-2.666410225542037438e-03
-2.886338187435999458e-03
-3.101382053276591222e-03
-3.311650344477889973e-03
-3.517249163370816945e-03
-3.718282247833659682e-03
-3.914851024693799530e-03
-4.107054661914411042e-03
-4.294990119535491147e-03
-4.478752199482460838e-03
-4.658433594161071056e-03
-4.834124933932315571e-03
-5.005914833462909996e-03
-5.173889936994857663e-03
-5.338134962541207784e-03
-5.498732745047529846e-03
-5.655764278551522750e-03
-5.809308757351416830e-03
-5.959443616220028161e-03
-6.106244569684893264e-03
-6.249785650417116756e-03
-6.390139246718273824e-03
-6.527376139150220524e-03
-6.661565536347335836e-03
-6.792775109999205085e-03
-6.921071029027725530e-03
-7.046517993024359328e-03
-7.169179264907565852e-03
-7.289116702841269557e-03
-7.406390791456995970e-03
-7.521060672364576760e-03
-7.633184173978513343e-03
-7.742817840679538932e-03
-7.850016961328698528e-03
-7.954835597141940440e-03
-8.057326608945203361e-03
-8.157541683829538925e-03
-8.255531361199608398e-03
-8.351345058251968823e-03
-8.445031094890698142e-03
-8.536636718088796982e-03
-8.626208125699363904e-03
-8.713790489745854018e-03
-8.799427979203411354e-03
-8.883163782254843710e-03
-8.965040128072310210e-03
-9.045098308108734386e-03
-9.123378696912709529e-03
-9.199920772482883535e-03
-9.274763136184471790e-03
-9.347943532197255934e-03
-9.419498866559461447e-03
-9.489465225778204172e-03
-9.557877895008282110e-03
-9.624771375877028134e-03
-9.690179403852638984e-03
-9.754134965270999658e-03
-9.816670313965936145e-03
-9.877816987537535454e-03
-9.937605823251427495e-03
-9.996066973599671002e-03
-1.005322992149837447e-02
-1.010912349515535880e-02
-1.016377588261097031e-02
-1.021721464595648499e-02
-1.026946673523321252e-02
-1.032055850202073799e-02
-1.037051571272806783e-02
-1.041936356158590371e-02
-1.046712668335825214e-02
-1.051382916576093507e-02
-1.055949456161009437e-02
-1.060414590070468677e-02
-1.064780570143852856e-02
-1.069049598215254804e-02
-1.073223827224323301e-02
-1.077305362301972380e-02
-1.081296261832020988e-02
-1.085198538489740017e-02
-1.089014160255663555e-02
-1.092745051409016455e-02
-1.096393093498759796e-02
-1.099960126290699947e-02
-1.103447948696745229e-02
-1.106858319682313407e-02
-1.110192959151712344e-02
-1.113453548817089356e-02
-1.116641733046419560e-02
-1.119759119692131932e-02
-1.122807280902771154e-02
-1.125787753914186951e-02
-1.128702041827045477e-02
-1.131551614363512925e-02
-1.134337908608840095e-02
-1.137062329735627486e-02
-1.139726251713524263e-02
-1.142331018001030429e-02
-1.144877942223399003e-02
-1.147368308835616801e-02
-1.149803373769531234e-02
-1.152184365067654426e-02
-1.154512483501868303e-02
-1.156788903179739592e-02
-1.159014772135735782e-02
-1.161191212911960591e-02
-1.163319323122147253e-02
-1.165400176006281541e-02
-1.167434820972212961e-02
-1.169424284123765645e-02
-1.171369568779789816e-02
-1.173271655978069816e-02
-1.175131504971327345e-02
-1.176950053711722788e-02
-1.178728219322877635e-02
-1.180466898561460809e-02
-1.182166968272113650e-02
-1.183829285826787370e-02
-1.185454689559151120e-02
-1.187043999186432330e-02
-1.188598016222730536e-02
-1.190117524384071146e-02
-1.191603289982623437e-02
-1.193056062313857524e-02
-1.194476574034109007e-02
-1.195865541530327647e-02
-1.197223665281033078e-02
-1.198551630209854224e-02
-1.199850106031163932e-02
-1.201119747586831821e-02
-1.202361195177648057e-02
-1.203575074885510077e-02
-1.204761998889347652e-02
-1.205922565773898114e-02
-1.207057360831820247e-02
-1.208166956358480704e-02
-1.209251911940700808e-02
-1.210312774738975250e-02
-1.211350079763473531e-02
-1.212364350143513292e-02
-1.213356097392148669e-02
-1.214325821663697624e-02
-1.215274012005451709e-02
-1.216201146605033756e-02
-1.217107693031005411e-02
-1.217994108469877546e-02
-1.218860839954727382e-02
-1.219708324592394533e-02
-1.220536989782905479e-02
-1.221347253435389746e-02
-1.222139524178844638e-02
-1.222914201567748549e-02
-1.223671676284920906e-02
-1.224412330336921428e-02
-1.225136537247362156e-02
-1.225844662245423322e-02
-1.226537062449883919e-02
-1.227214087049333102e-02
-1.227876077478073924e-02
-1.228523367588518767e-02
-1.229156283819543560e-02
-1.229775145360623156e-02
-1.230380264314145933e-02
-1.230971945851067062e-02
-1.231550488365540375e-02
-1.232116183626397188e-02
-1.232669316922541114e-02
-1.233210167208120822e-02
-1.233739007242462549e-02
-1.234256103728093024e-02
-1.234761717444943230e-02
-1.235256103382287307e-02
-1.235739510867173152e-02
-1.236212183689344712e-02
-1.236674360225542557e-02
-1.237126273558697420e-02
-1.237568151595880295e-02
-1.238000217183454765e-02
-1.238422688218943080e-02
-1.238835777761249091e-02
-1.239239694138039027e-02
-1.239634641050679775e-02
-1.240020817677489617e-02
-1.240398418773569489e-02
-1.240767634769213146e-02
-1.241128651865830435e-02
-1.241481652130183022e-02
-1.241826813586044409e-02
-1.242164310303772723e-02
-1.242494312488418018e-02
-1.242816986565431492e-02
-1.243132495264198667e-02
4.919134522286761069e-03
-1.999154426611848834e-02
-3.835740079078586717e-02
-4.916706625677935705e-02
-5.214309834783525943e-02
-5.527656521098789355e-02
-5.825043905665028277e-02
-6.106779193771849634e-02
-6.373161437858287925e-02
-6.624482462666669846e-02
-6.891582130490991887e-02
-7.157863997221092234e-02
-7.409075401076048450e-02
-7.645546038413097989e-02
-7.867613325771749544e-02
-8.075620849376363708e-02
-8.278887360202524803e-02
-8.493446208243149442e-02
-8.694317207751112164e-02
-8.881850524450207729e-02
-9.056392574273885998e-02
-9.218285811465776192e-02
-9.367868537838486276e-02
-9.505474731799701260e-02
-9.655214145446855412e-02
-9.798041616857489089e-02
-9.929343679313173965e-02
-1.004945071455418670e-01
-1.015868164758479963e-01
-1.025734470451942215e-01
-1.034573810663479421e-01
-1.042415070576687697e-01
-1.049369160563680126e-01
-1.058331519995965309e-01
-1.064727365079889410e-01
-1.066686291426570676e-01
-1.064684669559499142e-01
-1.059185876617450006e-01
-1.050632915645071108e-01
-1.039443169597999983e-01
-1.026004933966122579e-01
-1.010675392701800845e-01
-9.937797909648260486e-02
-9.756114652382930075e-02
-9.564326282041868410e-02
-9.364756134890050987e-02
-9.159446864301123981e-02
-8.950177270499271032e-02
-8.738484204187368931e-02
-8.525936134764577901e-02
-8.316633693183739240e-02
-8.107752084978514517e-02
-7.900127229354847458e-02
-7.694450165677757525e-02
-7.491283780212576460e-02
-7.291080407677075215e-02
-7.094194778116502675e-02
-6.900898356786910881e-02
-6.711391473553796061e-02
-6.525814278258401657e-02
-6.344256015107951896e-02
-6.166764852690409526e-02
-5.993353137397861019e-02
-5.824006165073924990e-02
-5.658686316383398918e-02
-5.497337922966671897e-02
-5.339891676301888879e-02
-5.186268438100860578e-02
-5.036382136978367896e-02
-4.890140500808293211e-02
-4.747449333674147454e-02
-4.608213108322622986e-02
-4.472334821441492636e-02
-4.339719971713673630e-02
-4.210274480185560719e-02
-4.083906457023012138e-02
-3.960526973720579491e-02
-3.840050401857819651e-02
-3.722393189275319259e-02
-3.607475276887406324e-02
-3.495219721911269062e-02
-3.385552678716763353e-02
-3.278402931658330743e-02
-3.173703364283664285e-02
-3.071388489001414257e-02
-2.971395879490046354e-02
-2.873665639071898426e-02
-2.778140257178307593e-02
-2.684764349162982455e-02
-2.593484986216321175e-02
-2.504250833391541420e-02
-2.417012207642255106e-02
-2.331721829260846590e-02
-2.248333951428982402e-02
-2.166803819549478760e-02
-2.087088013206450654e-02
-2.009145136896872685e-02
-1.932934421341325759e-02
-1.858416451010569403e-02
-1.785552920087241091e-02
-1.714306321418312962e-02
-1.644640551494713776e-02
-1.576520232804057287e-02
-1.509910873880571103e-02
-1.444778829444093304e-02
-1.381091264463840673e-02
-1.318815975870801793e-02
-1.257921801248862437e-02
-1.198378487712759011e-02
-1.140155810605136821e-02
-1.083224555727557714e-02
-1.027556163954379542e-02
-9.731227127514507913e-03
-9.198968983133326560e-03
-8.678520198043493394e-03
-8.169619254217330706e-03
-7.672011142999757283e-03
-7.185446066229062012e-03
-6.709679695817705181e-03
-6.244471535940654405e-03
-5.789591257194359741e-03
-5.344808311805060441e-03
-4.909899072438328460e-03
-4.484644990444763835e-03
-4.068831336328848636e-03
-3.662250052071769346e-03
-3.264695883447465974e-03
-2.875968668917927573e-03
-2.495872453481595699e-03
-2.124215981152310917e-03
-1.760812017415958053e-03
-1.405475545676715399e-03
-1.058029417094985547e-03
-7.182985207272452044e-04
-3.861116146532950211e-04
-6.130124289249749836e-05
2.562963462260370306e-04
5.668412800901023729e-04
8.704901403238096691e-04
1.167396039818413556e-03
1.457708698292314864e-03
1.741574516320731902e-03
2.019136647967378906e-03
2.290535071925781097e-03
2.555906661248386058e-03
2.815385251619950679e-03
3.069101708293331399e-03
3.317183991563332768e-03
3.559757220918946530e-03
3.796943737831348642e-03
4.028863167206075957e-03
4.255632477515369771e-03
4.477366039667529662e-03
4.694175684561763262e-03
4.906170759451988772e-03
5.113458183014785163e-03
5.316142499277809463e-03
5.514325930336738679e-03
5.708108427910474347e-03
5.897587723747932387e-03
6.082859378982341525e-03
6.264016832318475281e-03
6.441151447201143299e-03
6.614352557914315867e-03
6.783707514684600426e-03
6.949301727753542934e-03
7.111218710490696537e-03
7.269540121539463939e-03
7.424345806025023364e-03
7.575713835841213495e-03
7.723720583268978146e-03
7.868440622509353943e-03
8.009946973001724757e-03
8.148310999054331205e-03
8.283602480159579784e-03
8.415889646220087172e-03
8.545239211938948642e-03
8.671716410501240091e-03
8.795385026467705814e-03
8.916307427949021758e-03
9.034544598077509647e-03
9.150156165754985693e-03
9.263200435747798167e-03
9.373734418064216811e-03
9.481813890945822720e-03
9.587493291979498622e-03
9.690825951259363080e-03
9.791863981064352629e-03
9.890658336451529919e-03
9.987258840956414474e-03
1.008171421173642557e-02
1.017407208411214015e-02
1.026437903560939446e-02
1.035268060944272150e-02
1.043902133748453309e-02
1.052344476273336937e-02
1.060599346125368214e-02
1.068670906365287721e-02
1.076563227610272122e-02
1.084280290082073606e-02
1.091825985619454542e-02
1.099204123055486093e-02
1.106418416445542618e-02
1.113472507504198461e-02
1.120369953721400691e-02
1.127114233589665560e-02
1.133708748358053242e-02
1.140156823745819281e-02
1.146461711621160617e-02
1.152626591639993592e-02
1.158654572850625897e-02
1.164548698682033034e-02
1.170311934778300866e-02
1.175947191063109187e-02
1.181457309488198604e-02
1.186845068894015753e-02
1.192113186415166837e-02
1.197264318848478837e-02
1.202301063992727848e-02
1.207225965381653054e-02
1.212041499863580896e-02
1.216750102843011661e-02
1.221354142086550354e-02
1.225855942916798114e-02
1.230257775665055675e-02
1.234561863668037773e-02
1.238770370689579181e-02
1.242885422578510202e-02
1.246909094623749326e-02
1.250843416028413202e-02
1.254690370935129806e-02
1.258451899426482612e-02
1.262129898503516756e-02
1.265726223041863108e-02
1.269242686725124969e-02
1.272681062964675647e-02
1.276043085789968501e-02
1.279330450723836776e-02
1.282544815637898239e-02
1.285687801588686341e-02
1.288760993636284269e-02
1.291765941640932169e-02
1.294704161046311697e-02
1.297577133644356451e-02
1.300386308321410667e-02
1.303133101790709958e-02
1.305818899303368141e-02
1.308445055351459274e-02
1.311012894347740598e-02
1.313523711294362073e-02
1.315978772437365052e-02
1.318379315902973303e-02
1.320726552324824610e-02
1.323021665451129536e-02
1.325265812744458316e-02
1.327460125964119442e-02
1.329605711738413021e-02
1.331703652120364012e-02
1.333755005135373040e-02
1.335760805313057631e-02
1.337722064211011030e-02
1.339639770923106710e-02
1.341514892580253360e-02
1.343348378256603581e-02
1.345141145750528011e-02
1.346894102614637490e-02
1.348608132893147626e-02
1.350284100999488146e-02
1.351922852151332677e-02
1.353525212798434296e-02
1.355091991035717314e-02
1.356623977015836147e-02
1.358121943343526539e-02
1.359586648888999605e-02
1.361018828890792065e-02
1.362419202191578194e-02
1.363788478455241204e-02
1.365127348229400184e-02
1.366436486729405431e-02
1.367716554174958077e-02
1.368968196125397441e-02
1.370192043804774329e-02
1.371388714420263000e-02
1.372558811472757156e-02
1.373702925062669777e-02
1.374821632185518894e-02
1.375915497022983658e-02
1.376985071231562330e-02
1.378030894213821966e-02
1.379053493395687724e-02
1.380053384491297663e-02
1.381031071763416662e-02
1.381987048273991547e-02
1.382921796139324755e-02
1.383835786767839693e-02
1.384729481099622461e-02
1.385603329839479869e-02
1.386457773683513750e-02
1.387293243541698473e-02
1.388110160755662292e-02
9.332843846272353971e-02
1.043351596536403747e-01
1.144895788572890538e-01
1.233192688188466946e-01
1.316826813995692902e-01
1.390934068398639312e-01
1.457618825554956032e-01
1.520508614586466578e-01
1.573193589265491354e-01
1.621110511845436086e-01
1.666004174337980537e-01
1.700144645320031955e-01
1.730776624166550093e-01
1.759113371818834537e-01
1.779247253602793677e-01
1.796070235429487738e-01
1.811189823025260992e-01
1.820771480304177459e-01
1.825804099454018115e-01
1.829650167006353634e-01
1.831675283344664784e-01
1.825750717611547280e-01
1.819129611732912544e-01
1.811905821006671857e-01
1.801157140710025750e-01
1.785729908952999878e-01
1.770109285341097127e-01
1.754360307467623947e-01
1.736209596229847385e-01
1.715266182232610959e-01
1.694449822074322043e-01
1.673806904749031155e-01
1.652387175264440344e-01
1.625895984885921131e-01
1.599856700736705939e-01
1.574303256182476574e-01
1.549263931250584037e-01
1.522358821030995735e-01
1.488163743768802227e-01
1.449717844729008220e-01
1.408500585990286602e-01
1.365717020592005504e-01
1.322332194355662072e-01
1.277066011247443011e-01
1.231609836745755082e-01
1.187653776941977046e-01
1.145495335098603018e-01
1.105323125021744346e-01
1.067238433831543265e-01
1.031273594318951048e-01
9.974077827531280249e-02
9.655803500494752889e-02
9.357019429483548478e-02
9.076636207866406458e-02
8.813442962117856716e-02
8.566166733579838599e-02
8.333518587421995250e-02
8.114229151651697336e-02
7.907075263589846692e-02
7.710897460072807519e-02
7.524614028701992474e-02
7.347228161279106828e-02
7.177830067514867629e-02
7.015599346362910715e-02
6.859801774326657053e-02
6.709786029288800080e-02
6.564978626207196299e-02
6.424878698685243528e-02
6.289051256305300264e-02
6.157121123891151626e-02
6.028766929189388613e-02
5.903714752749444905e-02
5.781732094972635849e-02
5.662622635465419663e-02
5.546221433227582764e-02
5.432390167487799459e-02
5.321012672244251895e-02
5.211991721041542291e-02
5.105245567335003898e-02
5.000705097812296884e-02
4.898311761668816544e-02
4.798014854186205547e-02
4.699770185360963026e-02
4.603538409853658031e-02
4.509283983675183016e-02
4.416974005182039420e-02
4.326577460480529602e-02
4.238064587870238320e-02
4.151406434932680689e-02
4.066574339362682977e-02
3.983539806850333598e-02
3.902274273867267773e-02
3.822748987054103154e-02
3.744934936110055901e-02
3.668802828514916570e-02
3.594323096174978360e-02
3.521465917082000630e-02
3.450201296708321763e-02
3.380499074224041500e-02
3.312329021565041387e-02
3.245660893571455929e-02
3.180464521304116055e-02
3.116709860132349519e-02
3.054367025783122358e-02
2.993406411914101284e-02
2.933798681550969789e-02
2.875514839243020759e-02
2.818526297198897801e-02
2.762804858074896508e-02
2.708322778549954180e-02
2.655052784411782163e-02
2.602968080810175167e-02
2.552042401064080757e-02
2.502249956607061065e-02
2.453565512720090602e-02
2.405964331638021925e-02
2.359422207907302393e-02
2.313915449563985760e-02
2.269420908994779218e-02
2.225915925898291903e-02
2.183378355232901136e-02
2.141786550839364089e-02
2.101119356847003239e-02
2.061356098421307514e-02
2.022476572030029729e-02
1.984461035383389138e-02
1.947290197173034976e-02
1.910945206721303968e-02
1.875407643625526255e-02
1.840659507470232548e-02
1.806683199074843316e-02
1.773461544945997836e-02
1.740977735702231577e-02
1.709215351080795031e-02
1.678158341961943911e-02
1.647791021296440839e-02
1.618098046698901449e-02
1.589064446336796443e-02
1.560675558843738209e-02
1.532917059840932517e-02
1.505774945479232407e-02
1.479235524867039686e-02
1.453285412723759329e-02
1.427911522253078047e-02
1.403101058224542896e-02
1.378841510254336100e-02
1.355120646276120056e-02
1.331926506193648052e-02
1.309247395705193107e-02
1.287071880293910731e-02
1.265388779374077011e-02
1.244187160588139385e-02
1.223456325658411892e-02
1.203185830822683933e-02
1.183365464208763207e-02
1.163985223462260521e-02
1.145035336630817469e-02
1.126506248590564141e-02
1.108388616235655988e-02
1.090673303778677550e-02
1.073351369566988289e-02
1.056414087451296169e-02
1.039852925059103761e-02
1.023659522295239377e-02
1.007825713069188112e-02
9.923435125426038894e-03
9.772051131146319847e-03
9.624028804970707895e-03
9.479293498749319369e-03
9.337772221520435068e-03
9.199393602786543056e-03
9.064087856599067905e-03
8.931786746430248058e-03
8.802423550823057496e-03
8.675932943900788175e-03
8.552251306976232925e-03
8.431316092704532750e-03
8.313066483865760858e-03
8.197442758313355782e-03
8.084386604661819575e-03
7.973840920515895547e-03
7.865750128191351109e-03
7.760059542893493756e-03
7.656716035439936618e-03
7.555667401076160417e-03
7.456862593037572040e-03
7.360251868941958264e-03
7.265786592297596158e-03
7.173418949965038038e-03
7.083102531842744298e-03
6.994791703058833576e-03
6.908441926735120475e-03
6.824009655032270416e-03
6.741452307183148918e-03
6.660728162124263108e-03
6.581796681963458795e-03
6.504617887731267700e-03
6.429153029512413298e-03
6.355363962500915065e-03
6.283213387648034498e-03
6.212665090878699559e-03
6.143683406906186306e-03
6.076233461145941206e-03
6.010281410139484137e-03
5.945793906571683607e-03
5.882738428242495488e-03
5.821083175167718338e-03
5.760796967647641154e-03
5.701849575055817354e-03
5.644211182678438021e-03
5.587852722459096810e-03
5.532745771853253558e-03
5.478862539481710314e-03
5.426175851123371530e-03
5.374659136002213344e-03
5.324286413385337369e-03
5.275032279483449216e-03
5.226871894633333682e-03
5.179780970774539028e-03
5.133735759195401371e-03
5.088712952671103906e-03
5.044690018212838467e-03
5.001644581912767507e-03
4.959555107955981867e-03
4.918400283349333435e-03
4.878159352965205642e-03
4.838812022580185612e-03
4.800338448643470812e-03
4.762719228259770787e-03
4.725935389407576181e-03
4.689968381371256712e-03
4.654800065383213337e-03
4.620412705475418491e-03
4.586788959532128729e-03
4.553911870546878404e-03
4.521764858065768777e-03
4.490331709829487039e-03
4.459596573591628754e-03
4.429543949127978664e-03
4.400158680417654011e-03
4.371425948001439465e-03
4.343331261499550067e-03
4.315860366427726191e-03
4.288999495620782199e-03
4.262735188897970318e-03
4.237054114145211159e-03
4.211943319884170478e-03
4.187390142253777370e-03
4.163382198620668717e-03
4.139907381331742187e-03
4.116953851608817772e-03
4.094510033574527696e-03
4.072564608417428289e-03
4.051106508681012741e-03
4.030124912675070448e-03
4.009609153142523752e-03
3.989548970490419677e-03
3.969934334220770467e-03
3.950755265743399747e-03
3.932002092643438473e-03
3.913665357302198444e-03
3.895735726247684383e-03
3.878204244065042161e-03
3.861062155475769586e-03
3.844300728796490318e-03
3.827911510839054898e-03
3.811886236142703055e-03
3.796216736920765555e-03
3.780895283447938127e-03
3.765914062251241035e-03
3.751265517955015838e-03
3.736942262975828655e-03
3.722937073789456264e-03
3.709242887298236369e-03
3.695852797257481726e-03
3.682760050791822337e-03
3.669957959106184830e-03
3.657440152724067417e-03
3.645200404885695633e-03
3.633232370384265053e-03
3.621530186178834043e-03
3.610087864025501858e-03
3.598899633249441621e-03
3.587959851337529926e-03
3.577263001090402739e-03
3.566803687840458537e-03
3.556576636725372609e-03
3.546576690030667223e-03
3.536798804585350453e-03
3.527237963326879111e-03
3.517889517282490885e-03
3.508748665312255710e-03
3.499810797473301704e-03
3.491071406202195249e-03
3.482526084041648318e-03
3.474170521409636336e-03
3.466000504435795548e-03
3.458011912829128676e-03
3.450200717797002881e-03
