-6.642338394836629911e-01
-6.384469482710829480e-01
-6.147505472115201153e-01
-5.924858313282763689e-01
-5.717255378844149361e-01
-5.524960208830004271e-01
-5.346999281780293600e-01
-5.180047234554876479e-01
-5.024681482443367209e-01
-4.878025792340201505e-01
-4.745894835494004482e-01
-4.617958945563438444e-01
-4.503926828532172078e-01
-4.394098391092147171e-01
-4.291759519667575073e-01
-4.197918582963959810e-01
-4.106614316545429411e-01
-4.024586581999218815e-01
-3.946839437156177688e-01
-3.870925915396221662e-01
-3.804050449448013183e-01
-3.739660991397362189e-01
-3.676541314643335667e-01
-3.621248674783221766e-01
-3.568972095185114490e-01
-3.517462474448564969e-01
-3.468908668364503178e-01
-3.347727049580848657e-01
-3.187918296515404037e-01
-3.032024093986529500e-01
-2.898702569446158783e-01
-2.791806073622558060e-01
-2.707666141924711667e-01
-2.640001840078953776e-01
-2.582698151626252603e-01
-2.531024603951763652e-01
-2.481887504211117701e-01
-2.433591794452736323e-01
-2.385432816792691924e-01
-2.337299152431819849e-01
-2.289365898467861093e-01
-2.241894664312229501e-01
-2.195124842702149692e-01
-2.149229438270223724e-01
-2.104309436562350477e-01
-2.060406958433333990e-01
-2.017523887072427691e-01
-1.975639062918879141e-01
-1.934721099538165845e-01
-1.894736458374124410e-01
-1.855653656812936703e-01
-1.817444816508881900e-01
-1.780085677397571509e-01
-1.743554917583698405e-01
-1.707833298056606885e-01
-1.672902915287557413e-01
-1.638746659436116637e-01
-1.605347880355290080e-01
-1.572690217425698478e-01
-1.540757538174282182e-01
-1.509533937473777065e-01
-1.479003762572479452e-01
-1.449151642750678981e-01
-1.419962513073929067e-01
-1.391421628795521670e-01
-1.363514570898738398e-01
-1.336227244939141023e-01
-1.309545875637474488e-01
-1.283456999275691679e-01
-1.257947455326782205e-01
-1.233004378161033365e-01
-1.208615189222475017e-01
-1.184767589782378394e-01
-1.161449554223490388e-01
-1.138649323747955577e-01
-1.116355400397939235e-01
-1.094556541298850050e-01
-1.073241753063070014e-01
-1.052400286318384559e-01
-1.032021630343002982e-01
-1.012095507801649141e-01
-9.926118695827135241e-02
-9.735608897386294203e-02
-9.549329605315159952e-02
-9.367186875856736705e-02
-9.189088851463766972e-02
-9.014945714441457980e-02
-8.844669641628755130e-02
-8.678174760092050022e-02
-8.515377103810450876e-02
-8.356194571327302256e-02
-8.200546884345438770e-02
-8.048355547242058705e-02
-7.899543807484210589e-02
-7.754036616922421743e-02
-7.611760593943506237e-02
-7.472643986464611032e-02
-7.336616635745452086e-02
-7.203609941009370132e-02
-7.073556824844473567e-02
-6.946391699376430751e-02
-6.822050433190218754e-02
-6.700470318990081608e-02
-6.581590041972384952e-02
-6.465349648904927804e-02
-6.351690517891395160e-02
-6.240555328807539937e-02
-6.131888034393329079e-02
-6.025633831987775579e-02
-5.921739135890824457e-02
-5.820151550339369706e-02
-5.720819843082924905e-02
-5.623693919547223530e-02
-5.528724797569717353e-02
-5.435864582697380598e-02
-5.345066444033363950e-02
-5.256284590618642838e-02
-5.169474248339112066e-02
-5.084591637345781123e-02
-5.001593949975235986e-02
-4.920439329161041542e-02
-4.841086847325426490e-02
-4.763496485737839237e-02
-4.687629114333091707e-02
-4.613446471978210894e-02
-4.540911147175563656e-02
-4.469986559196259535e-02
-4.400636939632196487e-02
-4.332827314356979542e-02
-4.266523485887674383e-02
-4.201692016139446650e-02
-4.138300209561363019e-02
-4.076316096647403242e-02
-4.015708417814600750e-02
-3.956446607637609247e-02
-3.898500779433922148e-02
-3.841841710192328563e-02
-3.786440825834702650e-02
-3.732270186805353163e-02
-3.679302473981715949e-02
-3.627510974895908902e-02
-3.576869570263108145e-02
-3.527352720810350561e-02
-3.478935454395548632e-02
-3.431593353413653347e-02
-3.385302542483437094e-02
-3.340039676405792690e-02
-3.295781928390484339e-02
-3.252506978544911220e-02
-3.210193002617200975e-02
-3.168818660989680680e-02
-3.128363087917973573e-02
-3.088805881007150589e-02
-3.050127090922361006e-02
-3.012307211329190437e-02
-2.975327169055219656e-02
-2.939168314471096721e-02
-2.903812412086370642e-02
-2.869241631351826527e-02
-2.835438537667434034e-02
-2.802386083590757693e-02
-2.770067600238546035e-02
-2.738466788880478120e-02
-2.707567712720537756e-02
-2.677354788858377077e-02
-2.647812780431246793e-02
-2.618926788930364680e-02
-2.590682246686482060e-02
-2.563064909523227186e-02
-2.536060849574406362e-02
-2.509656448259045547e-02
-2.483838389413417502e-02
-2.458593652576279709e-02
-2.433909506421549906e-02
-2.409773502337708706e-02
-2.386173468150865062e-02
-2.363097501984734450e-02
-2.340533966258995235e-02
-2.318471481820516544e-02
-2.296898922204260174e-02
-2.275805408021902565e-02
-2.255180301475823157e-02
-2.235013200993618554e-02
-2.215293935982565188e-02
-2.196012561701010668e-02
-2.177159354242341749e-02
-2.158724805631129229e-02
-2.140699619028874068e-02
-2.123074704044514149e-02
-2.105841172150269003e-02
-2.088990332199625044e-02
-2.072513686043464531e-02
-2.056402924244293828e-02
-2.040649921886705798e-02
-2.025246734478614030e-02
-2.010185593945079674e-02
-1.995458904711489012e-02
-1.981059239871907351e-02
-1.966979337444030307e-02
-1.953212096707268586e-02
-1.939750574621035284e-02
-1.926587982323457737e-02
-1.913717681708204665e-02
-1.901133182076053529e-02
-1.888828136861464557e-02
-1.876796340433006804e-02
-1.865031724962440407e-02
-1.853528357365075152e-02
-1.842280436308385561e-02
-1.831282289285018905e-02
-1.820528369752727471e-02
-1.810013254337539124e-02
-1.799731640097590457e-02
-1.789678341850153842e-02
-1.779848289555285845e-02
-1.770236525759960600e-02
-1.760838203097092602e-02
-1.751648581842069063e-02
-1.742663027521196284e-02
-1.733877008575035461e-02
-1.725286094073386067e-02
-1.716885951480184858e-02
-1.708672344468409321e-02
-1.700641130784452670e-02
-1.692788260158240021e-02
-1.685109772260862115e-02
-1.677601794707905825e-02
-1.670260541105683672e-02
-1.663082309141872273e-02
-1.656063478719271842e-02
-1.649200510128867592e-02
-1.642489942265124014e-02
-1.635928390881380423e-02
-1.629512546881795032e-02
-1.623239174652990613e-02
-1.617105110433048054e-02
-1.611107260714561562e-02
-1.605242600685885535e-02
-1.599508172704666720e-02
-1.593901084806992330e-02
-1.588418509248068489e-02
-1.583057681077360002e-02
-1.577815896743173241e-02
-1.572690512729213452e-02
-1.567678944222361537e-02
-1.562778663808028767e-02
-1.557987200195976030e-02
-1.553302136974465952e-02
-1.548721111390838345e-02
-1.544241813160107668e-02
-1.539861983300561121e-02
-1.535579412993692827e-02
-1.531391942470161638e-02
-1.527297459921772571e-02
-1.523293900435174208e-02
-1.519379244950824770e-02
-1.515551519245361689e-02
-1.511808792935243062e-02
-1.508149178503259691e-02
-1.504570830347384813e-02
-1.501071943849163759e-02
-1.497650754463686340e-02
-1.494305536830564662e-02
-1.491034603902763322e-02
-1.487836306096079753e-02
-1.484709030457853629e-02
-1.481651199852729306e-02
-1.478661272167425267e-02
-1.475737739533666826e-02
-1.472879127566972812e-02
-1.470083994623205825e-02
-1.467350931072264331e-02
-1.464678558586207657e-02
-1.462065529444522838e-02
-1.459510525854890162e-02
-1.457012259288026357e-02
-1.454569469827671213e-02
-1.452180925536161737e-02
-1.449845421832307579e-02
-1.447561780883788174e-02
-1.445328851014071603e-02
-1.443145506120835364e-02
-1.441010645107843047e-02
-1.438923191330809814e-02
-1.436882092053171078e-02
-1.434886317915573528e-02
-1.432934862417356570e-02
-1.431026741408158998e-02
-1.429160992591649304e-02
-1.427336675041113168e-02
-1.425552868723745092e-02
-1.423808674037241317e-02
-1.422103211356473551e-02
-1.420435620589177717e-02
-1.418805060742300839e-02
-1.417210709498739618e-02
-1.415651762801406477e-02
-1.414127434448264609e-02
-1.412636955696244812e-02
-1.411179574873067111e-02
-1.409754556997899755e-02
-5.805596633495913039e-02
-6.020373533935741150e-02
-6.265461951406914309e-02
-6.498286307949108220e-02
-6.718760299621751031e-02
-6.951333294943706775e-02
-7.211454552722340594e-02
-7.457792495456594395e-02
-7.690425522120314383e-02
-7.909474551812945009e-02
-8.160499538353693794e-02
-8.402644402103920385e-02
-8.630673217711182232e-02
-8.844792260936440442e-02
-9.045217132219995904e-02
-9.272702685749312224e-02
-9.490507304709350223e-02
-9.694446008663692993e-02
-9.884778619971568148e-02
-1.006175832007221160e-01
-1.023837215388407884e-01
-1.043396656549369084e-01
-1.061606668835102241e-01
-1.078496083588031951e-01
-1.094094653971113829e-01
-1.108432892144213255e-01
-1.121541920984610030e-01
-1.136385340656209664e-01
-1.150452235786341149e-01
-1.163317163453747582e-01
-1.175011682169904148e-01
-1.185567034262700048e-01
-1.195014124383595444e-01
-1.203383500081383062e-01
-1.211948682238412900e-01
-1.221093171792695387e-01
-1.229196138525576742e-01
-1.236288334049699955e-01
-1.242399393693789378e-01
-1.247557913608918767e-01
-1.251791521311425015e-01
-1.255126940189850160e-01
-1.257590048466621369e-01
-1.261124829534185920e-01
-1.255969544711037500e-01
-1.217395373178664642e-01
-1.166241738983204712e-01
-1.114542222667997962e-01
-1.067960698646182038e-01
-1.028154836043961851e-01
-9.946388274431949839e-02
-9.660509248000259674e-02
-9.409004207289139998e-02
-9.179311305365533968e-02
-8.962395520759702805e-02
-8.752584595295331837e-02
-8.546830012597261828e-02
-8.343852985414557111e-02
-8.143408769184556917e-02
-7.945749083948605573e-02
-7.751281609139759610e-02
-7.560384766927263911e-02
-7.373330618787221624e-02
-7.190271212623322583e-02
-7.011256918900166113e-02
-6.836264645154788155e-02
-6.665226030256032885e-02
-6.498049351646617566e-02
-6.334634439790587379e-02
-6.174881459383119164e-02
-6.018695164219067806e-02
-5.865986254053812132e-02
-5.716671144060381238e-02
-5.570671054437337233e-02
-5.427910965339854954e-02
-5.288318710793138422e-02
-5.151824307951891058e-02
-5.018359518841819522e-02
-4.887857597541866994e-02
-4.760253164755212651e-02
-4.635482158601789138e-02
-4.513481823436471529e-02
-4.394190712056644799e-02
-4.277548687618093481e-02
-4.163496919283904418e-02
-4.051977870201195486e-02
-3.942935278971848589e-02
-3.836314136335605696e-02
-3.732060659099456501e-02
-3.630122262798973765e-02
-3.530447534153857703e-02
-3.432986203954424553e-02
-3.337689120684306232e-02
-3.244508224984254952e-02
-3.153396524938489875e-02
-3.064308072126564753e-02
-2.977197938308151492e-02
-2.892022192804066805e-02
-2.808737880301226397e-02
-2.727302999285452501e-02
-2.647676480867211524e-02
-2.569818168116633217e-02
-2.493688795798387758e-02
-2.419249970639203440e-02
-2.346464151907845519e-02
-2.275294632540436623e-02
-2.205705520596001890e-02
-2.137661721164896278e-02
-2.071128918673093011e-02
-2.006073559543608553e-02
-1.942462835322089632e-02
-1.880264666108910632e-02
-1.819447684353292516e-02
-1.759981219091866222e-02
-1.701835280416030827e-02
-1.644980544402230294e-02
-1.589388338294828174e-02
-1.535030626052691360e-02
-1.481879994208856743e-02
-1.429909638046389375e-02
-1.379093348080573378e-02
-1.329405496840418976e-02
-1.280821025944955949e-02
-1.233315433465698163e-02
-1.186864761569061955e-02
-1.141445584435984983e-02
-1.097034996445955812e-02
-1.053610600626875282e-02
-1.011150497358936917e-02
-9.696332733300394580e-03
-9.290379907374912705e-03
-8.893441767289900213e-03
-8.505318130769268237e-03
-8.125813260829950480e-03
-7.754735767069753649e-03
-7.391898509158778552e-03
-7.037118502442041290e-03
-6.690216825664840883e-03
-6.351018530739160894e-03
-6.019352554523571541e-03
-5.695051632543801645e-03
-5.377952214635328687e-03
-5.067894382468018932e-03
-4.764721768906632349e-03
-4.468281479132585332e-03
-4.178424013547399340e-03
-3.895003192376123025e-03
-3.617876081952964284e-03
-3.346902922626959764e-03
-3.081947058281464535e-03
-2.822874867418612155e-03
-2.569555695778547033e-03
-2.321861790435697515e-03
-2.079668235375642382e-03
-1.842852888496615549e-03
-1.611296320023214435e-03
-1.384881752261257759e-03
-1.163495000706227245e-03
-9.470244164626606675e-04
-7.353608299451863672e-04
-5.283974958079085127e-04
-3.260300391190185110e-04
-1.281564027193482502e-04
6.532320424046389462e-05
2.545063566339322847e-04
4.394884625602557549e-04
6.203628114667125715e-04
7.972206211901422535e-04
9.701510839636995343e-04
1.139241411395097714e-03
1.304576878451868538e-03
1.466240866463408565e-03
1.624314905174450985e-03
1.778878713861509198e-03
1.930010241532720272e-03
2.077785706244839048e-03
2.222279633537382892e-03
2.363564894016789708e-03
2.501712740107464583e-03
2.636792841987478653e-03
2.768873322720466490e-03
2.898020792612143737e-03
3.024300382804767651e-03
3.147775778124639601e-03
3.268509249194195831e-03
3.386561683841549097e-03
3.501992617805704811e-03
3.614860264758767983e-03
3.725221545666457246e-03
3.833132117495807734e-03
3.938646401279832787e-03
4.041817609564901659e-03
4.142697773248826820e-03
4.241337767817654480e-03
4.337787339002474596e-03
4.432095127873125762e-03
4.524308695359025023e-03
4.614474546244196063e-03
4.702638152614291300e-03
4.788843976791135049e-03
4.873135493755675895e-03
4.955555213073559173e-03
5.036144700333089474e-03
5.114944598104465001e-03
5.191994646441600025e-03
5.267333702922094574e-03
5.340999762240450366e-03
5.413029975373184755e-03
5.483460668314066311e-03
5.552327360391018374e-03
5.619664782183342311e-03
5.685506893033043241e-03
5.749886898173350858e-03
5.812837265476211712e-03
5.874389741821417488e-03
5.934575369109573728e-03
5.993424499920685378e-03
6.050966812814806417e-03
6.107231327304951662e-03
6.162246418488948052e-03
6.216039831360653523e-03
6.268638694799655298e-03
6.320069535259875693e-03
6.370358290138433688e-03
6.419530320862065764e-03
6.467610425676006969e-03
6.514622852147766707e-03
6.560591309399121940e-03
6.605538980060998711e-03
6.649488531965452864e-03
6.692462129577414487e-03
6.734481445171525138e-03
6.775567669762949663e-03
6.815741523794827117e-03
6.855023267586801694e-03
6.893432711551739089e-03
6.930989226190398256e-03
6.967711751856064950e-03
7.003618808306022459e-03
7.038728504046964929e-03
7.073058545461918811e-03
7.106626245740876868e-03
7.139448533615144754e-03
7.171541961890071093e-03
7.202922715799253695e-03
7.233606621157129268e-03
7.263609152353467380e-03
7.292945440143583369e-03
7.321630279289337295e-03
7.349678136016279950e-03
7.377103155307374038e-03
7.403919168041284138e-03
7.430139697963689116e-03
7.455777968508492393e-03
7.480846909466265515e-03
7.505359163507918652e-03
7.529327092556492573e-03
7.552762784022171161e-03
7.575678056900514434e-03
7.598084467733023928e-03
7.619993316430040409e-03
7.641415651978178403e-03
7.662362278003875815e-03
7.682843758226809427e-03
7.702870421786300881e-03
7.722452368451371285e-03
7.741599473710003565e-03
7.760321393757152464e-03
7.778627570354856857e-03
7.796527235605310580e-03
7.814029416593371025e-03
7.831142939952684401e-03
7.847876436306577830e-03
7.864238344626350852e-03
7.880236916484761878e-03
7.895880220218032264e-03
7.911176144996368009e-03
7.926132404799446363e-03
7.940756542309301835e-03
7.955055932713506195e-03
7.969037787423971508e-03
7.982709157714928949e-03
7.996076938277418833e-03
8.009147870697397309e-03
8.021928546856571529e-03
8.034425412255075116e-03
8.046644769262201180e-03
8.058592780296969238e-03
8.070275470932308792e-03
8.081698732936182239e-03
8.092868327244318039e-03
8.103789886861001435e-03
8.114468919705686289e-03
8.124910811384111753e-03
8.135120827911457297e-03
8.145104118362667123e-03
8.154865717471260211e-03
8.164410548167744253e-03
8.173743424063850682e-03
8.182869051879038125e-03
8.444071178795109489e-02
9.396436839707345001e-02
1.030048410488220156e-01
1.111570552976965942e-01
1.184687285902947806e-01
1.253853632630139714e-01
1.313438663671444573e-01
1.367317764276592129e-01
1.418029239311588974e-01
1.366027615318543553e-01
1.250666404404583432e-01
1.126403748607867072e-01
1.019151493283918519e-01
9.372081793538411532e-02
8.792022739050819879e-02
8.396738169330442147e-02
8.124392601501906341e-02
7.922613391723176690e-02
7.754087553428545831e-02
7.595984795855770244e-02
7.436711704804288559e-02
7.272124609390573369e-02
7.102283589727109714e-02
6.929117132315498750e-02
6.754982179114854546e-02
6.581925241542263549e-02
6.411413214073080624e-02
6.244330851576718189e-02
6.081101077284811751e-02
5.921834527088387645e-02
5.766461784356602394e-02
5.614831337842085546e-02
5.466770647379259884e-02
5.322117702409556728e-02
5.180734986716073465e-02
5.042509961064478574e-02
4.907350654224940101e-02
4.775179927539019431e-02
4.645929951611549313e-02
4.519538148798840638e-02
4.395944553108366293e-02
4.275090359639843740e-02
4.156917304642071542e-02
4.041367542750329278e-02
3.928383768264298581e-02
3.817909415856268751e-02
3.709888850048770337e-02
3.604267504939739908e-02
3.500991967156785734e-02
3.400010010690568407e-02
3.301270597582517397e-02
3.204723857927405106e-02
3.110321059663068155e-02
3.018014575095673280e-02
2.927757848084855397e-02
2.839505363628669343e-02
2.753212620244926967e-02
2.668836104854221958e-02
2.586333269612195451e-02
2.505662510134953891e-02
2.426783144677058246e-02
2.349655393957572613e-02
2.274240361452450898e-02
2.200500014062267695e-02
2.128397163130157921e-02
2.057895445800195233e-02
1.988959306736504118e-02
1.921553980205725765e-02
1.855645472542200025e-02
1.791200544989601795e-02
1.728186696924050025e-02
1.666572149452072438e-02
1.606325829377386327e-02
1.547417353522551053e-02
1.489817013404737267e-02
1.433495760253578055e-02
1.378425190360088592e-02
1.324577530753190402e-02
1.271925625195136078e-02
1.220442920483844063e-02
1.170103453064896826e-02
1.120881835936371473e-02
1.072753245846103098e-02
1.025693410773609315e-02
9.796785976882826930e-03
9.346856005813197754e-03
8.906917287617499568e-03
8.476747954136776286e-03
8.056131064070548575e-03
7.644854493568331577e-03
7.242710829253873328e-03
6.849497263621717735e-03
6.465015492759018656e-03
6.089071616335761661e-03
5.721476039819428649e-03
5.362043378860370524e-03
5.010592365795929481e-03
4.666945758240004238e-03
4.330930249690556622e-03
4.002376382133299160e-03
3.681118460577170737e-03
3.366994469496287223e-03
3.059845991118415043e-03
2.759518125534210498e-03
2.465859412581039578e-03
2.178721755455192977e-03
1.897960346026739131e-03
1.623433591809497756e-03
1.355003044554159430e-03
1.092533330425915494e-03
8.358920817350679044e-04
5.849498701806510326e-04
3.395801415750909769e-04
9.965915202680974971e-05
-1.349340944716281854e-04
-3.643179070604851688e-04
-5.886079676784561343e-04
-8.079173894040003745e-04
-1.022356773499932814e-03
-1.232034265189252409e-03
-1.437055608197290724e-03
-1.637524198078388338e-03
-1.833541134361738045e-03
-2.025205271534158413e-03
-2.212613268897101193e-03
-2.395859639311659350e-03
-2.575036796865326494e-03
-2.750235103473830378e-03
-2.921542914456676243e-03
-3.089046623093061328e-03
-3.252830704192355427e-03
-3.412977756695134701e-03
-3.569568545331414100e-03
-3.722682041349845150e-03
-3.872395462344968564e-03
-4.018784311197176606e-03
-4.161922414153362837e-03
-4.301881958057585109e-03
-4.438733526753946279e-03
-4.572546136686561624e-03
-4.703387271701497951e-03
-4.831322917083991086e-03
-4.956417592833162189e-03
-5.078734386203098694e-03
-5.198334983516517127e-03
-5.315279701274100432e-03
-5.429627516575052937e-03
-5.541436096857754734e-03
-5.650761828984496304e-03
-5.757659847676066533e-03
-5.862184063321063121e-03
-5.964387189158149027e-03
-6.064320767864561645e-03
-6.162035197549098342e-03
-6.257579757166009671e-03
-6.351002631371560625e-03
-6.442350934821039488e-03
-6.531670735930195093e-03
-6.619007080108652019e-03
-6.704404012475961849e-03
-6.787904600077165895e-03
-6.869550953598313470e-03
-6.949384248606360615e-03
-7.027444746313893376e-03
-7.103771813883330566e-03
-7.178403944279931892e-03
-7.251378775684713673e-03
-7.322733110477042118e-03
-7.392502933793121400e-03
-7.460723431675031492e-03
-7.527429008815644806e-03
-7.592653305907859362e-03
-7.656429216611915223e-03
-7.718788904142570573e-03
-7.779763817492568734e-03
-7.839384707288843401e-03
-7.897681641303666567e-03
-7.954684019616298229e-03
-8.010420589442457384e-03
-8.064919459627617471e-03
-8.118208114827218935e-03
-8.170313429365805291e-03
-8.221261680790181714e-03
-8.271078563121037064e-03
-8.319789199811467029e-03
-8.367418156418171549e-03
-8.413989452988435147e-03
-8.459526576175324664e-03
-8.504052491080216214e-03
-8.547589652836862228e-03
-8.590160017935222214e-03
-8.631785055294383113e-03
-8.672485757087677882e-03
-8.712282649333769058e-03
-8.751195802243039168e-03
-8.789244840343712895e-03
-8.826448952376608759e-03
-8.862826900972287092e-03
-8.898397032114591099e-03
-8.933177284391469186e-03
-8.967185198042848526e-03
-9.000437923805559848e-03
-9.032952231562418888e-03
-9.064744518801237660e-03
-9.095830818882877367e-03
-9.126226809127668815e-03
-9.155947818720644449e-03
-9.185008836445351932e-03
-9.213424518238255700e-03
-9.241209194585042752e-03
-9.268376877742845465e-03
-9.294941268811474089e-03
-9.320915764639003953e-03
-9.346313464581257335e-03
-9.371147177105410009e-03
-9.395429426251933336e-03
-9.419172457948654653e-03
-9.442388246188482270e-03
-9.465088499064577832e-03
-9.487284664679851431e-03
-9.508987936916568628e-03
-9.530209261083388839e-03
-9.550959339434950124e-03
-9.571248636568441270e-03
-9.591087384702934315e-03
-9.610485588837036630e-03
-9.629453031795964790e-03
-9.647999279167152054e-03
-9.666133684119948555e-03
-9.683865392125845517e-03
-9.701203345569897607e-03
-9.718156288260892950e-03
-9.734732769839382627e-03
-9.750941150091119169e-03
-9.766789603163683608e-03
-9.782286121684524716e-03
-9.797438520797285832e-03
-9.812254442100432072e-03
-9.826741357500612395e-03
-9.840906572982976996e-03
-9.854757232292232771e-03
-9.868300320536871340e-03
-9.881542667715237371e-03
-9.894490952155443608e-03
-9.907151703885563876e-03
-9.919531307925222308e-03
-9.931636007507904651e-03
-9.943471907227774409e-03
-9.955044976118987421e-03
-9.966361050666172616e-03
-9.977425837747411208e-03
-9.988244917511934773e-03
-9.998823746196094930e-03
-1.000916765887271964e-02
-1.001928187214273791e-02
-1.002917148676640835e-02
-1.003884149023548389e-02
-1.004829675928764487e-02
-1.005754206236675330e-02
-1.006658206202803996e-02
-1.007542131728822454e-02
-1.008406428592545367e-02
-1.009251532672728047e-02
-1.010077870169068248e-02
-1.010885857816701261e-02
-1.011675903096742601e-02
-1.012448404441812499e-02
-1.013203751436675404e-02
-1.013942325015015911e-02
-1.014664497651329711e-02
-1.015370633548773327e-02
-1.016061088823061453e-02
-1.016736211681923407e-02
-1.017396342600607184e-02
-1.018041814493786390e-02
-1.018672952883203919e-02
-1.019290076062118189e-02
-1.019893495255708160e-02
-1.020483514777925649e-02
-1.021060432185061373e-02
-1.021624538425847106e-02
-1.022176117988138344e-02
-1.022715449042355118e-02
-1.023242803581814186e-02
-1.023758447559863782e-02
-1.024262641023998555e-02
-1.024755638247132339e-02
-1.025237687855673485e-02
-1.025709032955068878e-02
-1.026169911252017286e-02
-1.026620555174906357e-02
-1.027061191990785716e-02
-1.027492043919764342e-02
-1.027913328247542779e-02
-1.028325257434437034e-02
-1.028728039222981394e-02
-1.029121876742511432e-02
-1.029506968611615392e-02
-1.029883509038231892e-02
-1.030251687917838055e-02
-4.261944781902071711e-02
-4.568062160555630413e-02
-4.858229314706097313e-02
-5.169328125266581253e-02
-5.472619529772426716e-02
-5.760017027784591903e-02
-6.031870716235410157e-02
-6.288537766567969811e-02
-6.530380903368104839e-02
-6.771315771791464044e-02
-7.018145043306045494e-02
-7.250575853065743814e-02
-7.468974708163234055e-02
-7.673703962180944416e-02
-7.865121614537518013e-02
-8.043581130602817097e-02
-8.209431281234724764e-02
-8.390632884872939456e-02
-8.560409794514356463e-02
-8.718073158832861935e-02
-8.863965832493470032e-02
-8.998419007290348048e-02
-9.121752968003082884e-02
-9.234277785022371177e-02
-9.336293948831375644e-02
-9.433051944319981175e-02
-9.545178530713638310e-02
-9.647073740640887962e-02
-9.739031817287635562e-02
-9.821345622929378294e-02
-9.894306125007190644e-02
-9.958201934405952471e-02
-1.001331889181216184e-01
-1.005993969836023183e-01
-1.009834358707184521e-01
-1.012880603184767025e-01
-1.015918263955528644e-01
-1.019329448625683199e-01
-1.021997706031001485e-01
-1.023948189181789203e-01
-1.025205562294981831e-01
-1.025793829903109966e-01
-1.025736440904667646e-01
-1.025056290004853210e-01
-1.023775704740854664e-01
-1.021916514701155521e-01
-1.019499954488640725e-01
-1.016546773420339278e-01
-1.013077198187257721e-01
-1.009110935678210197e-01
-1.005648175991336046e-01
-1.002149489720745024e-01
-9.892566945136671563e-02
-9.576644930543576351e-02
-9.190435072356084589e-02
-8.801480147011453425e-02
-8.441910119456874639e-02
-8.121554394084107287e-02
-7.838213951667594159e-02
-7.584650842741247345e-02
-7.352733645938869245e-02
-7.135485762227400386e-02
-6.927790256118271373e-02
-6.726346974127128675e-02
-6.529300419990757831e-02
-6.335790786056438861e-02
-6.145557719832872579e-02
-5.958644554058700749e-02
-5.775205996926757734e-02
-5.595399738611650520e-02
-5.419337206818752861e-02
-5.247070651035379285e-02
-5.078599163972263852e-02
-4.913881771267725185e-02
-4.752852904294346814e-02
-4.595431893563795001e-02
-4.441533448755663471e-02
-4.291071674588131657e-02
-4.143963398904748630e-02
-4.000128278187364828e-02
-3.859489830023132839e-02
-3.721974836808694675e-02
-3.587512849760621236e-02
-3.456035713505212215e-02
-3.327476843408039286e-02
-3.201771938777397963e-02
-3.078857903322695933e-02
-2.958672998555833544e-02
-2.841157134053329258e-02
-2.726250858738410443e-02
-2.613896252650427243e-02
-2.504036659627750794e-02
-2.396616670173568053e-02
-2.291582100942424205e-02
-2.188879971593582496e-02
-2.088458479962529424e-02
-1.990266976425836276e-02
-1.894255938115296800e-02
-1.800376943417436593e-02
-1.708582647005307820e-02
-1.618826755503466330e-02
-1.531064003818993768e-02
-1.445250132110764696e-02
-1.361341863361609228e-02
-1.279296881512603790e-02
-1.199073810113127081e-02
-1.120632191467851868e-02
-1.043932466251629165e-02
-9.689359535738795159e-03
-8.956048314862741222e-03
-8.239021179183403376e-03
-7.537916520300669276e-03
-6.852380759783116559e-03
-6.182068170889287728e-03
-5.526640704168528373e-03
-4.885767817010666647e-03
-4.259126306917160321e-03
-3.646400148505257732e-03
-3.047280334145696656e-03
-2.461464718104267035e-03
-1.888657864164144939e-03
-1.328570896626857234e-03
-7.809213546581261767e-04
-2.454330497947410095e-04
2.781640733093837525e-04
7.901340730889216957e-04
1.290735144241494936e-03
1.780219747915090522e-03
2.258834739045312290e-03
2.726821490867337161e-03
3.184416016615010392e-03
3.631849088543859239e-03
4.069346354340197536e-03
4.497128450895893081e-03
4.915411115593570912e-03
5.324405295093370682e-03
5.724317251729615919e-03
6.115348667525388748e-03
6.497696745889847136e-03
6.871554311102201495e-03
7.237109905533500864e-03
7.594547884738567234e-03
7.944048510429624343e-03
8.285788041384023472e-03
8.619938822333139683e-03
8.946669370883952865e-03
9.266144462487524436e-03
9.578525213567168350e-03
9.883969162746808479e-03
1.018263035031630181e-02
1.047465939590619399e-02
1.076020357445361952e-02
1.103940689047888668e-02
1.131241015068429334e-02
1.157935103500040697e-02
1.184036416599898445e-02
1.209558117679421230e-02
1.234513077742427356e-02
1.258913881975587401e-02
1.282772836097034741e-02
1.306101972558959545e-02
1.328913056619906996e-02
1.351217592276032775e-02
1.373026828063128590e-02
1.394351762727907840e-02
1.415203150778143737e-02
1.435591507902866937e-02
1.455527116278076960e-02
1.475020029751128448e-02
1.494080078911341758e-02
1.512716876047370818e-02
1.530939819995413842e-02
1.548758100879332744e-02
1.566180704742947682e-02
1.583216418085342525e-02
1.599873832290299447e-02
1.616161347960076711e-02
1.632087179149088740e-02
1.647659357510011802e-02
1.662885736342456511e-02
1.677773994554065951e-02
1.692331640532085402e-02
1.706566015931887392e-02
1.720484299376234816e-02
1.734093510079404155e-02
1.747400511384800126e-02
1.760412014226897526e-02
1.773134580515467462e-02
1.785574626444930146e-02
1.797738425730965872e-02
1.809632112771542012e-02
1.821261685744257619e-02
1.832633009629525134e-02
1.843751819168915063e-02
1.854623721756709642e-02
1.865254200267063567e-02
1.875648615821745580e-02
1.885812210490733776e-02
1.895750109938276751e-02
1.905467326006426987e-02
1.914968759243507179e-02
1.924259201374667327e-02
1.933343337719417576e-02
1.942225749553738723e-02
1.950910916419523744e-02
1.959403218386057688e-02
1.967706938258029226e-02
1.975826263735047661e-02
1.983765289522221309e-02
1.991528019398547400e-02
1.999118368232721821e-02
2.006540163959691370e-02
2.013797149510221374e-02
2.020892984698630102e-02
2.027831248068512338e-02
2.034615438697695566e-02
2.041248977962428768e-02
2.047735211262846633e-02
2.054077409710597379e-02
2.060278771778012441e-02
2.066342424911660203e-02
2.072271427109839692e-02
2.078068768462415505e-02
2.083737372662142207e-02
2.089280098476908876e-02
2.094699741192496134e-02
2.099999034021760025e-02
2.105180649483529010e-02
2.110247200749704177e-02
2.115201242962605477e-02
2.120045274525583778e-02
2.124781738361392058e-02
2.129413023145065864e-02
2.133941464507760344e-02
2.138369346215451827e-02
2.142698901320194693e-02
2.146932313285176974e-02
2.151071717088282043e-02
2.155119200297583859e-02
2.159076804124282489e-02
2.162946524450504171e-02
2.166730312839248995e-02
2.170430077515028700e-02
2.174047684328694885e-02
2.177584957697487056e-02
2.181043681525274280e-02
2.184425600102013476e-02
2.187732418983490135e-02
2.190965805851874393e-02
2.194127391356293089e-02
2.197218769934128346e-02
2.200241500617572399e-02
2.203197107818066769e-02
2.206087082095997687e-02
2.208912880911739762e-02
2.211675929361422988e-02
2.214377620894936172e-02
2.217019318017587892e-02
2.219602352979954674e-02
2.222128028448455694e-02
2.224597618161983092e-02
2.227012367573522056e-02
2.229373494480757500e-02
2.231682189637140823e-02
2.233939617354963048e-02
2.236146916091197312e-02
2.238305199022150305e-02
2.240415554604524573e-02
2.242479047124845692e-02
2.244496717235655581e-02
2.246469582479626581e-02
2.248398637804349676e-02
2.250284856063977657e-02
2.252129188508877888e-02
2.253932565264538113e-02
2.255695895803810913e-02
2.257420069401572249e-02
2.259105955586804271e-02
2.260754404578957377e-02
2.262366247717384482e-02
2.263942297880472410e-02
2.265483349896069143e-02
2.266990180940453570e-02
2.268463550933219608e-02
2.269904202918748837e-02
2.271312863440488883e-02
2.272690242908570468e-02
2.274037035957654496e-02
2.275353921797140799e-02
2.276641564553738561e-02
2.277900613606487212e-02
2.279131703914583085e-02
2.280335456335524924e-02
2.281512477941305406e-02
2.282663362322789879e-02
2.283788689889654222e-02
2.284889028162684355e-02
2.285964932059947330e-02
2.287016944177899802e-02
2.288045595061838355e-02
1.082126681509123500e-01
1.207454396540965647e-01
1.326578819153310107e-01
1.431475954512153592e-01
1.530209972591984879e-01
1.619705307322432120e-01
1.697216151281972785e-01
1.770317185433460949e-01
1.833401148081712506e-01
1.890052994208817339e-01
1.943144112635222243e-01
1.985552880004206600e-01
2.024136759841734801e-01
2.059915574194124410e-01
2.084379948103389779e-01
2.106334109986014447e-01
2.126195070288408040e-01
2.137399668503587868e-01
2.146149477662824268e-01
2.153383441908971463e-01
2.154639615987257173e-01
2.152160953767410234e-01
2.148670119820996760e-01
2.142846763868631044e-01
2.129936697804746260e-01
2.116492217643046736e-01
2.102603234567075319e-01
2.084703451656686468e-01
2.062930213584435180e-01
2.041110239058663289e-01
2.019304385065519014e-01
1.994786258342822194e-01
1.968069428798089326e-01
1.941612027694636922e-01
1.915457777753255542e-01
1.888094429638100813e-01
1.856355272695515701e-01
1.825188605785514895e-01
1.794625239930316418e-01
1.764690438262617178e-01
1.732554218526765055e-01
1.698877319053271329e-01
1.665997460784116591e-01
1.633927151846985559e-01
1.602676638383628838e-01
1.554754172909766918e-01
1.459430947643023391e-01
1.358975412839309449e-01
1.272742750866422412e-01
1.206403476222941418e-01
1.158188066734509025e-01
1.123366907754790311e-01
1.096932184830008428e-01
1.074869268597884453e-01
1.054507545470890761e-01
1.034377760629532350e-01
1.013878657739679667e-01
9.929325669422639500e-02
9.717127100141431661e-02
9.504642846879152174e-02
9.294076380164328910e-02
9.087003117996972357e-02
8.884339304556188033e-02
8.686477671989445426e-02
8.493465027627755681e-02
8.305161155477058799e-02
8.121352002781323520e-02
7.941818294910385490e-02
7.766367846281418963e-02
7.594844533853506441e-02
7.427124692667996797e-02
7.263108638625515034e-02
7.102711883675527638e-02
6.945858170624430450e-02
6.792474879262888621e-02
6.642490521690458394e-02
6.495833731966871305e-02
6.352433147443670158e-02
6.212217710579137631e-02
6.075117084823844493e-02
5.941062021064236198e-02
5.809984612153273886e-02
5.681818432594565316e-02
5.556498587941138823e-02
5.433961705361789463e-02
5.314145892886523725e-02
5.196990686901892254e-02
5.082436999500994368e-02
4.970427071099603467e-02
4.860904429720513953e-02
4.753813856227195878e-02
4.649101353986218044e-02
4.546714121414985321e-02
4.446600526205424231e-02
4.348710080429785130e-02
4.252993416098704849e-02
4.159402261000688661e-02
4.067889414799186198e-02
3.978408725440996108e-02
3.890915065940525608e-02
3.805364311599679361e-02
3.721713317701125234e-02
3.639919897693388862e-02
3.559942801871240903e-02
3.481741696543028119e-02
3.405277143673557383e-02
3.330510580988788050e-02
3.257404302527966422e-02
3.185921439629368912e-02
3.116025942340061583e-02
3.047682561238240773e-02
2.980856829657541063e-02
2.915515046306760283e-02
2.851624258273677270e-02
2.789152244407477887e-02
2.728067499067909907e-02
2.668339216236992328e-02
2.609937273982865236e-02
2.552832219268386105e-02
2.496995253097922252e-02
2.442398215993191180e-02
2.389013573791864964e-02
2.336814403762144110e-02
2.285774381024374691e-02
2.235867765275978414e-02
2.187069387809303933e-02
2.139354638819113141e-02
2.092699454991575614e-02
2.047080307368509544e-02
2.002474189481384670e-02
1.958858605748914350e-02
1.916211560131930725e-02
1.874511545040813409e-02
1.833737530488477319e-02
1.793868953484789586e-02
1.754885707666375971e-02
1.716768133156532095e-02
1.679497006650465529e-02
1.643053531720783944e-02
1.607419329338055647e-02
1.572576428601957232e-02
1.538507257678256579e-02
1.505194634937145892e-02
1.472621760288150838e-02
1.440772206707729985e-02
1.409629911954657366e-02
1.379179170469813087e-02
1.349404625455341566e-02
1.320291261130268623e-02
1.291824395157603611e-02
1.263989671239773571e-02
1.236773051878725660e-02
1.210160811296367989e-02
1.184139528512551109e-02
1.158696080576615550e-02
1.133817635949330160e-02
1.109491648031668554e-02
1.085705848837403842e-02
1.062448242806190990e-02
1.039707100753872737e-02
1.017470953957477775e-02
9.957285883712252428e-03
9.744690389710708445e-03
9.536815842249524167e-03
9.333557406857817540e-03
9.134812577043183168e-03
8.940481122597265795e-03
8.750465039048416216e-03
8.564668498234784266e-03
8.382997799978308961e-03
8.205361324829629766e-03
8.031669487862158618e-03
7.861834693494218484e-03
7.695771291313047158e-03
7.533395532878239820e-03
7.374625529488643139e-03
7.219381210882502842e-03
7.067584284857986177e-03
6.919158197787877995e-03
6.774028096014461653e-03
6.632120788096829145e-03
6.493364707901738697e-03
6.357689878510708326e-03
6.225027876928912463e-03
6.095311799579450351e-03
5.968476228561669927e-03
5.844457198660890640e-03
5.723192165090207340e-03
5.604619971945945522e-03
5.488680821367442064e-03
5.375316243380057202e-03
5.264469066407428954e-03
5.156083388438315041e-03
5.050104548835365748e-03
4.946479100768508275e-03
4.845154784260730096e-03
4.746080499832494581e-03
4.649206282732132323e-03
4.554483277735776880e-03
4.461863714511959955e-03
4.371300883528661529e-03
4.282749112495709554e-03
4.196163743333425344e-03
4.111501109650195218e-03
4.028718514720974753e-03
3.947774209953847091e-03
3.868627373836863725e-03
3.791238091349624639e-03
3.715567333834712827e-03
3.641576939314106198e-03
3.569229593244349630e-03
3.498488809697164470e-03
3.429318912960166443e-03
3.361685019543259045e-03
3.295553020588704030e-03
3.230889564667549507e-03
3.167662040961305436e-03
3.105838562814655646e-03
3.045387951654765502e-03
2.986279721268081389e-03
2.928484062425296131e-03
2.871971827847596970e-03
2.816714517507978854e-03
2.762684264257631028e-03
2.709853819772511940e-03
2.658196540811896824e-03
2.607686375779572074e-03
2.558297851589452776e-03
2.510006060815417328e-03
2.462786649132686634e-03
2.416615803033428378e-03
2.371470237818806837e-03
2.327327185855487812e-03
2.284164385094156202e-03
2.241960067840498283e-03
2.200692949780869156e-03
2.160342219244215656e-03
2.120887526710246718e-03
2.082308974543867208e-03
2.044587106961426315e-03
2.007702900220120767e-03
1.971637753022115191e-03
1.936373477134711862e-03
1.901892288217466032e-03
1.868176796852472066e-03
1.835209999777154266e-03
1.802975271306683780e-03
1.771456354948908185e-03
1.740637355209795345e-03
1.710502729571850011e-03
1.681037280660158117e-03
1.652226148575630660e-03
1.624054803401664415e-03
1.596509037876669979e-03
1.569574960229136451e-03
1.543238987171458021e-03
1.517487837049413812e-03
1.492308523144414423e-03
1.467688347124518344e-03
1.443614892639777381e-03
1.420076019060356742e-03
1.397059855354099156e-03
1.374554794101090494e-03
1.352549485636789228e-03
1.331032832331491278e-03
1.309993982991253247e-03
1.289422327386491318e-03
1.269307490901150359e-03
1.249639329300000767e-03
1.230407923614285082e-03
1.211603575136388500e-03
1.193216800531970989e-03
1.175238327055350140e-03
1.157659087873907922e-03
1.140470217494637950e-03
1.123663047294609640e-03
1.107229101148021755e-03
1.091160091151843758e-03
1.075447913446492265e-03
1.060084644128211906e-03
1.045062535254270841e-03
1.030374010934087536e-03
1.016011663508731289e-03
1.001968249815465839e-03
9.882366875355597102e-04
9.748100516222546474e-04
9.616815708066717150e-04
9.488446241856518526e-04
9.362927378808727497e-04
9.240195817743490636e-04
9.120189663167632688e-04
9.002848394048523772e-04
8.888112833296268889e-04
8.775925117936456132e-04
8.666228669897968473e-04
8.558968167500236035e-04
8.454089517548890598e-04
8.351539828059806325e-04
8.251267381571558701e-04
