-6.437025524547210775e-01
-6.412832847114351420e-01
-6.173744732909478561e-01
-5.945841400366402851e-01
-5.736856342917180385e-01
-5.538772222617536212e-01
-5.359800057558887776e-01
-5.188758501484547203e-01
-5.032638488664111787e-01
-4.881804891314416306e-01
-4.748749339214979326e-01
-4.620399003559236828e-01
-4.502863572515742874e-01
-4.392811428367335846e-01
-4.287353465571670519e-01
-4.193451901115703429e-01
-4.102126719006529143e-01
-4.017419518378178012e-01
-3.939780298411585946e-01
-3.864002414825047360e-01
-3.783732075809811413e-01
-3.695394338337143481e-01
-3.599742141609656443e-01
-3.500323815108714598e-01
-3.405556510382194979e-01
-3.310679458947034526e-01
-3.217117391343267130e-01
-3.125890601329959217e-01
-3.037690915703219474e-01
-2.952948001988029425e-01
-2.871886829039307365e-01
-2.794773075541945317e-01
-2.722060655951139552e-01
-2.652712699185988399e-01
-2.586578156293386499e-01
-2.523470440873158971e-01
-2.463183466080645090e-01
-2.405503850425723122e-01
-2.350219904749173416e-01
-2.297128071916261227e-01
-2.246037218795606805e-01
-2.196771246045394754e-01
-2.149170505844533174e-01
-2.103092158529671352e-01
-2.058409865572774500e-01
-2.015012979979293739e-01
-1.972805412443547901e-01
-1.931704306774997271e-01
-1.891638626976206439e-01
-1.852547732347584741e-01
-1.814379995614086027e-01
-1.777091501786647321e-01
-1.740644851749597599e-01
-1.705008081395118502e-01
-1.670153712647772792e-01
-1.636057916722579719e-01
-1.602699801624343223e-01
-1.570060797173997713e-01
-1.538124165426584256e-01
-1.506874570265894775e-01
-1.476297749811950055e-01
-1.446380241716189730e-01
-1.417109180718183481e-01
-1.388472125955519942e-01
-1.360456946302868175e-01
-1.333051745380466890e-01
-1.306244763542996346e-01
-1.280024388975462557e-01
-1.254379075111744513e-01
-1.229297406553273575e-01
-1.204768032036040992e-01
-1.180779689346409533e-01
-1.157321213497608525e-01
-1.134381547380711730e-01
-1.111949753610090852e-01
-1.090015026610240412e-01
-1.068566725239046278e-01
-1.047594320537967860e-01
-1.027087466274969607e-01
-1.007035991838871603e-01
-9.874299032965661027e-02
-9.682593905277325774e-02
-9.495148311198420288e-02
-9.311867929922312825e-02
-9.132660398997449747e-02
-8.957435197892049672e-02
-8.786103783633114617e-02
-8.618579510870549854e-02
-8.454777582083661258e-02
-8.294615094357871143e-02
-8.138010982072341193e-02
-7.984885986143064329e-02
-7.835162620843494352e-02
-7.688765138898157048e-02
-7.545619495424960022e-02
-7.405653311210880219e-02
-7.268795835717734022e-02
-7.134977910130979595e-02
-7.004131930704149411e-02
-6.876191812590226604e-02
-6.751092954300030868e-02
-6.628772202892818655e-02
-6.509167819963357360e-02
-6.392219448471569976e-02
-6.277868080434156894e-02
-6.166056043671863662e-02
-6.056726898430309092e-02
-5.949825516785267610e-02
-5.845297981063879433e-02
-5.743091573822711737e-02
-5.643154750478229786e-02
-5.545437112670015267e-02
-5.449889400469754008e-02
-5.356463394517074761e-02
-5.265112000256211289e-02
-5.175789151476450911e-02
-5.088449804961214795e-02
-5.003049917645752132e-02
-4.919546424322351896e-02
-4.837897215869890744e-02
-4.758061117992484768e-02
-4.679997870446417352e-02
-4.603668106744018829e-02
-4.529033352448186278e-02
-4.456055933230906874e-02
-4.384699064698871496e-02
-4.314926761452708703e-02
-4.246703837014242922e-02
-4.179995886109733050e-02
-4.114769285475050609e-02
-4.050991122490943397e-02
-3.988629214845351711e-02
-3.927652130704162303e-02
-3.868029118504345831e-02
-3.809730109506892504e-02
-3.752725702645021144e-02
-3.696987149707275933e-02
-3.642486340848183346e-02
-3.589195790418608922e-02
-3.537088623110085095e-02
-3.486138560405294129e-02
-3.436319907329687950e-02
-3.387607539495141040e-02
-3.339976890432172496e-02
-3.293403939199324171e-02
-3.247865198273824916e-02
-3.203337701704178642e-02
-3.159798993529250311e-02
-3.117227116453369362e-02
-3.075600600773098492e-02
-3.034898453548739994e-02
-2.995100166149944343e-02
-2.956185631344476761e-02
-2.918135241966890447e-02
-2.880929808605126041e-02
-2.844550567970971500e-02
-2.808979173438519439e-02
-2.774197685790591450e-02
-2.740188564171175400e-02
-2.706934657240811504e-02
-2.674419194525867738e-02
-2.642625777961127298e-02
-2.611538373620092557e-02
-2.581141321760993534e-02
-2.551419274492827682e-02
-2.522357224279536680e-02
-2.493940532752647599e-02
-2.466154868954584245e-02
-2.438986220160499485e-02
-2.412420884811306010e-02
-2.386445465604358773e-02
-2.361046862737170571e-02
-2.336212267302029133e-02
-2.311929154825431709e-02
-2.288185278954069091e-02
-2.264968665277233839e-02
-2.242267623421279055e-02
-2.220070668586870966e-02
-2.198366624566494565e-02
-2.177144545682674348e-02
-2.156393729317773733e-02
-2.136103710516357168e-02
-2.116264256708522140e-02
-2.096865362548472334e-02
-2.077897244870596793e-02
-2.059350337754528582e-02
-2.041215287701891867e-02
-2.023482948919674840e-02
-2.006144378706853360e-02
-1.989190832946086118e-02
-1.972613761693020606e-02
-1.956404804865430336e-02
-1.940555788025877249e-02
-1.925058718261096757e-02
-1.909905780150111809e-02
-1.895089331822008560e-02
-1.880601901103862161e-02
-1.866436181751485179e-02
-1.852585029764330926e-02
-1.839041459783929966e-02
-1.825798641570086644e-02
-1.812849914687930664e-02
-1.800188712583183914e-02
-1.787808686210068387e-02
-1.775703555837360170e-02
-1.763867252870765512e-02
-1.752293771802415634e-02
-1.740977294037771017e-02
-1.729912112538434243e-02
-1.719092646991438045e-02
-1.708513440997627697e-02
-1.698169177450647993e-02
-1.688054603290067845e-02
-1.678164653792224570e-02
-1.668494305025580715e-02
-1.659038698174741810e-02
-1.649793064665683318e-02
-1.640752741810747040e-02
-1.631913188590194963e-02
-1.623269910794267190e-02
-1.614818567568443441e-02
-1.606554896797263154e-02
-1.598474731006227501e-02
-1.590573995260369244e-02
-1.582848705110162513e-02
-1.575294964581841484e-02
-1.567908964213415857e-02
-1.560686979134739971e-02
-1.553625367189059858e-02
-1.546720567096349086e-02
-1.539969096657722858e-02
-1.533367550999953366e-02
-1.526912600857999180e-02
-1.520600990897413851e-02
-1.514429538071704329e-02
-1.508395130017081698e-02
-1.502494723484293360e-02
-1.496725342802296410e-02
-1.491084078378968059e-02
-1.485568085232991109e-02
-1.480174581559712266e-02
-1.474900847327198505e-02
-1.469744222906133047e-02
-1.464702107727111624e-02
-1.459771958969957595e-02
-1.454951308412555377e-02
-1.450237688619759879e-02
-1.445628740507087784e-02
-1.441122157858343300e-02
-1.436715631643536994e-02
-1.432406975796585158e-02
-1.428193981120440270e-02
-1.424074541030151408e-02
-1.420046578067024612e-02
-1.416108060899512466e-02
-1.412257003299632885e-02
-1.408491463141237077e-02
-1.404809541422169517e-02
-1.401209381306278701e-02
-1.397689167187810000e-02
-1.394247123775382846e-02
-1.390881533331267406e-02
-1.387590662235460570e-02
-1.384372868922989497e-02
-1.381226530630241811e-02
-1.378150060626071038e-02
-1.375141925543488242e-02
-1.372200572040549460e-02
-1.369324552957307262e-02
-1.366512381593532055e-02
-1.363762657818812229e-02
-1.361073994940253939e-02
-1.358445037053490623e-02
-1.355874458359362933e-02
-1.353360962495608888e-02
-1.350903281883075735e-02
-1.348500195220569964e-02
-1.346150454299888111e-02
-1.343852892187769044e-02
-1.341606350211677068e-02
-1.339409695424986779e-02
-1.337261820036772519e-02
-1.335161640852877696e-02
-1.333108098730173552e-02
-1.331100158043208026e-02
-1.329136806161557161e-02
-1.327217052940410369e-02
-1.325339930221147711e-02
-1.323504491342708533e-02
-1.321709810665794294e-02
-1.319955001236916559e-02
-1.318239159905498781e-02
-1.316561403112315176e-02
-1.314920902826033355e-02
-1.313316831750244162e-02
-1.311748380955846116e-02
-1.310214759473193880e-02
-1.308715193893483786e-02
-1.307248927979509645e-02
-1.305815222284056887e-02
-1.304413353777844620e-02
-2.947130866933989068e-02
-5.836697540328872336e-02
-6.129666680009515645e-02
-6.309290570272896304e-02
-6.547327111445344627e-02
-6.777186915348654139e-02
-6.994929104383462715e-02
-7.200480011876164710e-02
-7.452251792434028133e-02
-7.697086213249537678e-02
-7.928351722730475615e-02
-8.146145682917849129e-02
-8.371936987203865144e-02
-8.613505587891845394e-02
-8.841027118564159792e-02
-9.054699389686993172e-02
-9.254730145993361745e-02
-9.460562758662716121e-02
-9.678478410349589112e-02
-9.882548048242734140e-02
-1.007303173637721372e-01
-1.025018253227703013e-01
-1.041424737485199259e-01
-1.060167447951068098e-01
-1.078440990869129479e-01
-1.095392861616666380e-01
-1.111052111931183362e-01
-1.125448634484627064e-01
-1.138613007691420265e-01
-1.151903096324495834e-01
-1.166050557707327684e-01
-1.178992088904315949e-01
-1.190759142793016423e-01
-1.199414401957827891e-01
-1.199966580620390744e-01
-1.193885162443724113e-01
-1.182464820469935063e-01
-1.167970401063458397e-01
-1.151040438972641411e-01
-1.131469699206366641e-01
-1.109946524277276581e-01
-1.087045736242107097e-01
-1.063241117263542534e-01
-1.038917699374035664e-01
-1.014383767952740101e-01
-9.898818351911575775e-02
-9.655988148631422519e-02
-9.416751934749179043e-02
-9.182131345770638831e-02
-8.952836089856486268e-02
-8.729325473550275660e-02
-8.511861460914538213e-02
-8.300552626027002390e-02
-8.095391556638453778e-02
-7.896284981037293704e-02
-7.703078823105080630e-02
-7.515578451573734498e-02
-7.333563463329806353e-02
-7.156800668428875412e-02
-6.985052864470731038e-02
-6.818085541362162161e-02
-6.655671915967431573e-02
-6.497595874398509608e-02
-6.343654136176546388e-02
-6.193657137142416502e-02
-6.047430177899304482e-02
-5.904811745621341146e-02
-5.765654044193979644e-02
-5.629821897822040455e-02
-5.497191760380282233e-02
-5.367650695190118171e-02
-5.241095386632643738e-02
-5.117430877477513462e-02
-4.996569858655863783e-02
-4.878431500746227556e-02
-4.762940780275481956e-02
-4.650027497679065647e-02
-4.539626261648610495e-02
-4.431674772239446725e-02
-4.326114322101393128e-02
-4.222888911265965106e-02
-4.121944888404449614e-02
-4.023230671210509257e-02
-3.926696646652771960e-02
-3.832294459011098553e-02
-3.739977322934162629e-02
-3.649699714332843570e-02
-3.561417252915877185e-02
-3.475086608372990327e-02
-3.390665425849537229e-02
-3.308112267216678504e-02
-3.227386564952894332e-02
-3.148448586087404522e-02
-3.071259403897208529e-02
-2.995780875623044182e-02
-2.921975624554651318e-02
-2.849807025492356871e-02
-2.779239192393756497e-02
-2.710236967604018332e-02
-2.642765912020550445e-02
-2.576792295771035413e-02
-2.512283089087929966e-02
-2.449205953151700754e-02
-2.387529230753848708e-02
-2.327221936692414062e-02
-2.268253747854576119e-02
-2.210594992972048090e-02
-2.154216642060635678e-02
-2.099090295580019472e-02
-2.045188173340317661e-02
-1.992483103217690399e-02
-1.940948509717088655e-02
-1.890558402403819116e-02
-1.841287364319477149e-02
-1.793110540381892548e-02
-1.746003625779124491e-02
-1.699942854415414928e-02
-1.654904987527583415e-02
-1.610867302341834062e-02
-1.567807580873203932e-02
-1.525704098969615785e-02
-1.484535615405668807e-02
-1.444281361294930122e-02
-1.404921029564931700e-02
-1.366434764769053345e-02
-1.328803152968305312e-02
-1.292007211956835988e-02
-1.256028381570217789e-02
-1.220848514286565489e-02
-1.186449866027672329e-02
-1.152815087130054650e-02
-1.119927213508464803e-02
-1.087769658099624337e-02
-1.056326202418045312e-02
-1.025580988316310282e-02
-9.955185099732588583e-03
-9.661236060217959221e-03
-9.373814519005208012e-03
-9.092775523228624479e-03
-8.817977339583116247e-03
-8.549281382734363888e-03
-8.286552144927128438e-03
-8.029657128068024008e-03
-7.778466776445114306e-03
-7.532854411520517601e-03
-7.292696167610301927e-03
-7.057870929997989151e-03
-6.828260273133324176e-03
-6.603748401571074567e-03
-6.384222090863644894e-03
-6.169570631160858909e-03
-5.959685770664080451e-03
-5.754461661633847314e-03
-5.553794806778533655e-03
-5.357584006860705017e-03
-5.165730309848015622e-03
-4.978136961196533150e-03
-4.794709354781545585e-03
-4.615354985305408775e-03
-4.439983401711700139e-03
-4.268506161234419949e-03
-4.100836785327466316e-03
-3.936890715716678812e-03
-3.776585271891619300e-03
-3.619839609203090447e-03
-3.466574678236078455e-03
-3.316713185132158515e-03
-3.170179552347107688e-03
-3.026899880619993155e-03
-2.886801911714087510e-03
-2.749814991977572731e-03
-2.615870036707157453e-03
-2.484899495387438151e-03
-2.356837317291748946e-03
-2.231618918779432192e-03
-2.109181150022898521e-03
-1.989462263766839101e-03
-1.872401883849406090e-03
-1.757940974839833359e-03
-1.646021812255149541e-03
-1.536587953464341183e-03
-1.429584209298617736e-03
-1.324956615873063015e-03
-1.222652407897761861e-03
-1.122619991801521167e-03
-1.024808919453334966e-03
-9.291698632489797660e-04
-8.356545908760892871e-04
-7.442159410731008506e-04
-6.548077998678181189e-04
-5.673850773826316640e-04
-4.819036847605318030e-04
-3.983205124491462357e-04
-3.165934081135191036e-04
-2.366811554610492863e-04
-1.585434534607799151e-04
-8.214089610181218859e-05
-7.434952176588183193e-06
6.561205363819766490e-05
1.370369600310894498e-04
2.068757878186389121e-04
2.751637578404242390e-04
3.419353089038068561e-04
4.072241148884714335e-04
4.710631019833044775e-04
5.334844652180592561e-04
5.945196846877109920e-04
6.541995414321988278e-04
7.125541329635609600e-04
7.696128884360220468e-04
8.254045834981127427e-04
8.799573547957351138e-04
9.332987141661419628e-04
9.854555625130601015e-04
1.036454203287462406e-03
1.086320356093573025e-03
1.135079169147346079e-03
1.182755232303378534e-03
1.229372589364174928e-03
1.274954750123846736e-03
1.319524702571683861e-03
1.363104923965074988e-03
1.405717392508165631e-03
1.447383598350171496e-03
1.488124554430925173e-03
1.527960807068851068e-03
1.566912446323343033e-03
1.604999116046279539e-03
1.642240024042784796e-03
1.678653951588060522e-03
1.714259262723949462e-03
1.749073913781984402e-03
1.783115462344220248e-03
1.816401076113471902e-03
1.848947541559731178e-03
1.880771272383618964e-03
1.911888317807530768e-03
1.942314370570130677e-03
1.972064775189075192e-03
2.001154535100191367e-03
2.029598320818948309e-03
2.057410477101839774e-03
2.084605029879504912e-03
2.111195693982992339e-03
2.137195879419628852e-03
2.162618698503315784e-03
2.187476972367541350e-03
2.211783237438424976e-03
2.235549751670617979e-03
2.258788501070974064e-03
2.281511205142194854e-03
2.303729323480219193e-03
2.325454060953191515e-03
2.346696373694889814e-03
2.367466974457776985e-03
2.387776338362179729e-03
2.407634707661365780e-03
2.427052097161208621e-03
2.446038299536823502e-03
2.464602889747702363e-03
2.482755230216682207e-03
2.500504475459131015e-03
2.517859576617098583e-03
2.534829286322981545e-03
2.551422162583527609e-03
2.567646573452542214e-03
2.583510701162694545e-03
2.599022546250218113e-03
2.614189931580135351e-03
2.629020506313750616e-03
2.643521749748245497e-03
2.657700975005283794e-03
2.671565333068670611e-03
2.685121815870772366e-03
2.698377260165862879e-03
2.711338350883885084e-03
2.724011624514410812e-03
2.736403472387571867e-03
2.748520143916799441e-03
2.760367749731429399e-03
2.771952264768451357e-03
2.783279531199056578e-03
2.794355261719339012e-03
2.805185041909297183e-03
2.815774333404519325e-03
2.826128476464795369e-03
2.836252693025009819e-03
2.846152088717524009e-03
2.855831656141560870e-03
2.865296276770123995e-03
2.874550723762858695e-03
2.883599664286862208e-03
2.892447661865915620e-03
2.901099178687971403e-03
2.909558577766091503e-03
2.917830125484854875e-03
2.925917993231053060e-03
2.933826259756244781e-03
2.941558913505559758e-03
2.949119854091186710e-03
7.522496845732273840e-02
8.385851627702134437e-02
9.174682314008375528e-02
9.806963569733095909e-02
1.016616860165360237e-01
1.034352147013049006e-01
1.038811420397056651e-01
1.030702421890095088e-01
1.011227347322112280e-01
9.866880049365667205e-02
9.587587886120330083e-02
9.287655169211639361e-02
8.977391603980855450e-02
8.664642606583061735e-02
8.344344302150563664e-02
8.028327848448713056e-02
7.725455146287396602e-02
7.437134201741057993e-02
7.163979337567827343e-02
6.906014495492129868e-02
6.662838254597902576e-02
6.433757257754457726e-02
6.217892272414715649e-02
6.014259255876108767e-02
5.821831613634875779e-02
5.639586146797137545e-02
5.466535559341423323e-02
5.301750802256677275e-02
5.144374751140201596e-02
4.993629691432177609e-02
4.848819830084005744e-02
4.709330573650571949e-02
4.574623978115122114e-02
4.444235128929996392e-02
4.317764884975838768e-02
4.194873494482020959e-02
4.075273719500227543e-02
3.958724158337956212e-02
3.845022684551580028e-02
3.734001282336185668e-02
3.625519743124749894e-02
3.519461362480491573e-02
3.415728762611580649e-02
3.314240184586703108e-02
3.214926622257641142e-02
3.117728121326246438e-02
3.022593161709563603e-02
2.929475822962634979e-02
2.838334559198729679e-02
2.749131037609942041e-02
2.661829220327183165e-02
2.576394667014758610e-02
2.492794032673328886e-02
2.410994496654206287e-02
2.330963761590831851e-02
2.252669698080600469e-02
2.176080275296188304e-02
2.101163504595193743e-02
2.027887423322427551e-02
1.956220107354633697e-02
1.886129703194150409e-02
1.817584472373834359e-02
1.750552842572750123e-02
1.685003461214007459e-02
1.620905255601901018e-02
1.558227454259819567e-02
1.496939825041421201e-02
1.437012241005142243e-02
1.378415061288951193e-02
1.321119303796169930e-02
1.265096417777611393e-02
1.210318380018193807e-02
1.156757698725341399e-02
1.104387363601189165e-02
1.053180970823719420e-02
1.003112645667147973e-02
9.541570620222206145e-03
9.062894395079457155e-03
8.594855385800848069e-03
8.137216540225811201e-03
7.689746071529057758e-03
7.252217370370406258e-03
6.824408909628765230e-03
6.406104143883872837e-03
5.997091405430143851e-03
5.597163798262361212e-03
5.206119091279770572e-03
4.823759611612743470e-03
4.449892138805644493e-03
4.084327800501608152e-03
3.726881969937867467e-03
3.377374165616231494e-03
3.035627953346775598e-03
2.701470850740683716e-03
2.374734234266373534e-03
2.055253248816502065e-03
1.742866719802282915e-03
1.437417067725377251e-03
1.138750225112339365e-03
8.467155557920769127e-04
5.611657763768818086e-04
2.819568798870797366e-04
8.948061397173745490e-06
-2.579983543382624589e-04
-5.190169833912960939e-04
-7.742394514029804498e-04
-1.023794460586646693e-03
-1.267807855108937787e-03
-1.506402684872565345e-03
-1.739699267794492243e-03
-1.967815250624838086e-03
-2.190865668317609760e-03
-2.408963002083819305e-03
-2.622217236090129688e-03
-2.830735912879855931e-03
-3.034624187548740082e-03
-3.233984880703921760e-03
-3.428918530239410956e-03
-3.619523441973360178e-03
-3.805895739140918721e-03
-3.988129410807506048e-03
-4.166316359211830189e-03
-4.340546446037318873e-03
-4.510907537702557590e-03
-4.677485549605453485e-03
-4.840364489434367812e-03
-4.999626499494258525e-03
-5.155351898098459174e-03
-5.307619220057624432e-03
-5.456505256266286352e-03
-5.602085092417663503e-03
-5.744432146852496146e-03
-5.883618207582319570e-03
-6.019713468481846519e-03
-6.152786564682877213e-03
-6.282904607196382329e-03
-6.410133216734337225e-03
-6.534536556813463903e-03
-6.656177366122673078e-03
-6.775116990143548179e-03
-6.891415412101142834e-03
-7.005131283207344239e-03
-7.116321952253645833e-03
-7.225043494511140807e-03
-7.331350740035436075e-03
-7.435297301300103356e-03
-7.536935600244376587e-03
-7.636316894711114855e-03
-7.733491304295014857e-03
-7.828507835621945077e-03
-7.921414407062066232e-03
-8.012257872890504729e-03
-8.101084046932882643e-03
-8.187937725653071652e-03
-8.272862710758221994e-03
-8.355901831284651138e-03
-8.437096965190793441e-03
-8.516489060482079765e-03
-8.594118155870411613e-03
-8.670023400950910286e-03
-8.744243075960778100e-03
-8.816814611070977747e-03
-8.887774605268017325e-03
-8.957158844814738785e-03
-9.025002321299435692e-03
-9.091339249275076639e-03
-9.156203083518832386e-03
-9.219626535899028141e-03
-9.281641591881939490e-03
-9.342279526657559785e-03
-9.401570920907875717e-03
-9.459545676233194200e-03
-9.516233030233411938e-03
-9.571661571255773993e-03
-9.625859252796686860e-03
-9.678853407621534899e-03
-9.730670761529225388e-03
-9.781337446846727346e-03
-9.830879015594984338e-03
-9.879320452386597395e-03
-9.926686187003319617e-03
-9.973000106757723415e-03
-1.001828556850092866e-02
-1.006256541041539165e-02
-1.010586196353813193e-02
-1.014819706301528512e-02
-1.018959205911906807e-02
-1.023006782800317538e-02
-1.026964478225655952e-02
-1.030834288116810882e-02
-1.034618164081191338e-02
-1.038318014388073252e-02
-1.041935704931784556e-02
-1.045473060171264734e-02
-1.048931864051771967e-02
-1.052313860903364429e-02
-1.055620756321573595e-02
-1.058854218026805682e-02
-1.062015876705935113e-02
-1.065107326833913959e-02
-1.068130127478683633e-02
-1.071085803087212796e-02
-1.073975844254082546e-02
-1.076801708473507091e-02
-1.079564820874123754e-02
-1.082266574937973402e-02
-1.084908333202916353e-02
-1.087491427950082468e-02
-1.090017161875644902e-02
-1.092486808747716864e-02
-1.094901614048859884e-02
-1.097262795604203589e-02
-1.099571544195487860e-02
-1.101829024161693482e-02
-1.104036373986216901e-02
-1.106194706870988753e-02
-1.108305111297935852e-02
-1.110368651577919863e-02
-1.112386368387463520e-02
-1.114359279293442029e-02
-1.116288379266539010e-02
-1.118174641182845264e-02
-1.120019016314621751e-02
-1.121822434809693902e-02
-1.123585806160987133e-02
-1.125310019665093364e-02
-1.126995944870445854e-02
-1.128644432016301380e-02
-1.130256312461108692e-02
-1.131832399102083997e-02
-1.133373486785016482e-02
-1.134880352705147644e-02
-1.136353756799213244e-02
-1.137794442128425842e-02
-1.139203135253641364e-02
-1.140580546601333012e-02
-1.141927370822282128e-02
-1.143244287141431670e-02
-1.144531959700900714e-02
-1.145791037894561271e-02
-1.147022156695776118e-02
-1.148225936977631534e-02
-1.149402985825709322e-02
-1.150553896844730417e-02
-1.151679250457515735e-02
-1.152779614198040647e-02
-1.153855542997339612e-02
-1.154907579463637646e-02
-1.155936254155820464e-02
-1.156942085850998225e-02
-1.157925581806251714e-02
-1.158887238014383314e-02
-1.159827539454116874e-02
-1.160746960334435585e-02
-1.161645964334123704e-02
-1.162525004835313069e-02
-1.163384525152277860e-02
-1.164224958754900285e-02
-1.165046729487340116e-02
-1.165850251781685998e-02
-1.166635930867254700e-02
-1.167404162974605697e-02
-1.168155335535425721e-02
-1.168889827378194468e-02
-1.169608008918876507e-02
-1.170310242347971652e-02
-1.170996881813080037e-02
-1.171668273597559207e-02
-1.172324756294917947e-02
-1.172966660980057085e-02
-1.173594311375802945e-02
-1.174208024016287766e-02
-1.174808108406599771e-02
-1.175394867178969349e-02
-1.175968596245358100e-02
-1.176529584946406359e-02
-1.177078116197760593e-02
-1.177614466632581625e-02
-1.178138906740988645e-02
-1.178651701006527830e-02
-1.179153108039621145e-02
-1.179643380707817713e-02
-1.180122766263513867e-02
-1.180591506468564589e-02
-1.181049837716141582e-02
-1.181497991150148863e-02
-1.181936192781440909e-02
-1.182364663602264443e-02
-1.182783619697191924e-02
-1.183193272352545122e-02
-1.183593828162843309e-02
-1.183985489134675717e-02
-1.184368452789019699e-02
-1.184742912260627890e-02
-1.185109056395328153e-02
-1.185467069845591581e-02
-1.185817133163213910e-02
-1.186159422890842308e-02
-1.186494111650659988e-02
-1.186821368231649743e-02
-9.069263324680498783e-03
-3.812231024600309937e-02
-4.840927684705853551e-02
-5.159840913133706408e-02
-5.462657105247226141e-02
-5.749686036955115043e-02
-6.021229509855086093e-02
-6.277582244417168056e-02
-6.563094281150494425e-02
-6.833894965854270254e-02
-7.089521660876485498e-02
-7.330311075516071639e-02
-7.556607053596930967e-02
-7.768759068974340209e-02
-7.986359860726910398e-02
-8.204703849016770079e-02
-8.409289505476102988e-02
-8.600469814186961770e-02
-8.778593855547711655e-02
-8.944006602880527623e-02
-9.097048739716750987e-02
-9.241874586091292088e-02
-9.399747548418435628e-02
-9.545706401635367655e-02
-9.680093354196017685e-02
-9.803238514562462314e-02
-9.915460698403233408e-02
-1.001706816814351697e-01
-1.010835931028726264e-01
-1.018962325553385284e-01
-1.027123295873710873e-01
-1.036343948761135891e-01
-1.044586788653427689e-01
-1.051880324092104857e-01
-1.058252936400254640e-01
-1.063732828757082416e-01
-1.068347980430415234e-01
-1.072126105760586867e-01
-1.071557373657601175e-01
-1.065782452829973082e-01
-1.055670831244288621e-01
-1.042319409897194404e-01
-1.027178267153985303e-01
-1.009663334055295181e-01
-9.903018327214319072e-02
-9.695485076033705241e-02
-9.477908160177950236e-02
-9.253548299750224970e-02
-9.025116483640349685e-02
-8.794836229189950672e-02
-8.564504840174080869e-02
-8.335551994527090613e-02
-8.109093544265721931e-02
-7.885981273691200499e-02
-7.666846314095820958e-02
-7.452137183160267853e-02
-7.242155041920739222e-02
-7.037082031555286221e-02
-6.837006995268612997e-02
-6.641946245501895163e-02
-6.451859951709515428e-02
-6.266668084496629376e-02
-6.086261441294471553e-02
-5.910511175652022331e-02
-5.739276238965818067e-02
-5.572409173348447098e-02
-5.409760630444360174e-02
-5.251182321164193922e-02
-5.096529686956596805e-02
-4.945663031726699188e-02
-4.798449718009667464e-02
-4.654763659799421305e-02
-4.514485756706942965e-02
-4.377503438873375785e-02
-4.243712231695617731e-02
-4.113013027311041014e-02
-3.985313202689422241e-02
-3.860525445978968406e-02
-3.738568361205008017e-02
-3.619364821772386165e-02
-3.502842452318066790e-02
-3.388931837241493383e-02
-3.277566981396518031e-02
-3.168686178011093091e-02
-3.062229277605599265e-02
-2.958138797169596046e-02
-2.856359324560919788e-02
-2.756838367318170668e-02
-2.659523829820908958e-02
-2.564366590313404970e-02
-2.471317666155314896e-02
-2.380330740242353471e-02
-2.291359624122968341e-02
-2.204359865806271301e-02
-2.119287519880508341e-02
-2.036100485146441486e-02
-1.954757569121312599e-02
-1.875217891612113164e-02
-1.797441765553031701e-02
-1.721390100597197659e-02
-1.647025223354159351e-02
-1.574309982149912912e-02
-1.503208295495550573e-02
-1.433684310038429999e-02
-1.365703227247561102e-02
-1.299230950327689982e-02
-1.234233834892872750e-02
-1.170679550095066190e-02
-1.108536170712515201e-02
-1.047772456470585922e-02
-9.883578527063008323e-03
-9.302624640495693598e-03
-8.734570463030166820e-03
-8.179129939115625803e-03
-7.636023275195746862e-03
-7.104976816089347835e-03
-6.585722922231695975e-03
-6.077999461641780954e-03
-5.581550846033067614e-03
-5.096126756838792460e-03
-4.621482410102295546e-03
-4.157378439400005732e-03
-3.703580780364035263e-03
-3.259860556795501907e-03
-2.825993968524009858e-03
-2.401762181182931499e-03
-1.986951217736177000e-03
-1.581351852055767893e-03
-1.184759504454291346e-03
-7.969741392299667382e-04
-4.178001642296536033e-04
-4.704633251861878307e-05
3.154743540081383912e-04
6.699447388864854247e-04
1.016543603411967922e-03
1.355445756908935095e-03
1.686822125088305313e-03
2.010839836395383884e-03
2.327662306546685045e-03
2.637448935018049667e-03
2.940356342706174075e-03
3.236537296728236868e-03
3.526141170872243435e-03
3.809314020856824357e-03
4.086198659067008521e-03
4.356934725234573591e-03
4.621658757709923293e-03
4.880504262874119092e-03
5.133601782076446796e-03
5.381078957079843406e-03
5.623060595186579746e-03
5.859668732025369309e-03
6.091022693102132735e-03
6.317239154049580918e-03
6.538432199482357987e-03
6.754713380555443791e-03
6.966191771261343035e-03
7.172974023420763956e-03
7.375164420508895091e-03
7.572864930241784975e-03
7.766175256018748030e-03
7.955192887195927653e-03
8.140013148265623499e-03
8.320729246928060263e-03
8.497432321107112330e-03
8.670211484891332532e-03
8.839153873500649183e-03
9.004344687215670717e-03
9.165867234353086701e-03
9.323802973262296234e-03
9.478231553433857925e-03
9.629230855632719965e-03
9.776877030947872527e-03
9.921244540187501570e-03
1.006240618968856637e-02
1.020043317001029237e-02
1.033539509011571766e-02
1.046736001346282308e-02
1.059639449207150363e-02
1.072256360008694287e-02
1.084593096662089806e-02
1.096655880781405301e-02
1.108450795821891433e-02
1.119983790148282310e-02
1.131260680035062194e-02
1.142287152573917552e-02
1.153068768617071527e-02
1.163610965531081121e-02
1.173919059890948802e-02
1.183998250209583603e-02
1.193853619633244989e-02
1.203490138358809247e-02
1.212912666237375703e-02
1.222125955201125436e-02
1.231134651635379385e-02
1.239943298818957373e-02
1.248556339069839538e-02
1.256978116082851926e-02
1.265212877070709396e-02
1.273264775004623317e-02
1.281137870561543934e-02
1.288836134245130438e-02
1.296363448462756196e-02
1.303723609310658560e-02
1.310920328685227787e-02
1.317957235958466811e-02
1.324837880004547941e-02
1.331565730818606852e-02
1.338144181363620788e-02
1.344576549233877927e-02
1.350866078423784700e-02
1.357015940820005540e-02
1.363029237896729029e-02
1.368909002255946916e-02
1.374658199157785532e-02
1.380279728014066620e-02
1.385776423852114192e-02
1.391151058744100055e-02
1.396406343204148470e-02
1.401544927556930276e-02
1.406569403272950325e-02
1.411482304275946120e-02
1.416286108220443651e-02
1.420983237742312610e-02
1.425576061679212359e-02
1.430066896266080079e-02
1.434458006302552491e-02
1.438751606296229113e-02
1.442949861578579629e-02
1.447054889396781618e-02
1.451068759982288014e-02
1.454993497594792018e-02
1.458831081542388830e-02
1.462583447180154650e-02
1.466252486862096305e-02
1.469840050992665681e-02
1.473347948813330532e-02
1.476777949388985434e-02
1.480131782573490540e-02
1.483411139708934456e-02
1.486617674677237488e-02
1.489753004560778749e-02
1.492818710532706206e-02
1.495816338726285721e-02
1.498747400869415713e-02
1.501613375143406870e-02
1.504415706881179204e-02
1.507155809391846901e-02
1.509835064529241322e-02
1.512454823484432609e-02
1.515016407443869895e-02
1.517521108230912574e-02
1.519970189055452892e-02
1.522364885003835155e-02
1.524706403760056617e-02
1.526995926189123054e-02
1.529234606909302130e-02
1.531423574972468060e-02
1.533563934285986363e-02
1.535656764266857266e-02
1.537703120338917984e-02
1.539704034561228951e-02
1.541660516002529846e-02
1.543573551323262905e-02
1.545444105346582830e-02
1.547273121398617945e-02
1.549061521881878178e-02
1.550810208715347471e-02
1.552520063788964677e-02
1.554191949410999030e-02
1.555826708740148945e-02
1.557425166211423573e-02
1.558988127952698477e-02
1.560516382190613172e-02
1.562010699648652690e-02
1.563471833934748645e-02
1.564900521921863685e-02
1.566297484121026429e-02
1.567663425042464809e-02
1.568999033552209710e-02
1.570304983219017458e-02
1.571581932654275704e-02
1.572830525843915694e-02
1.574051392473574396e-02
1.575245148245851823e-02
1.576412395191173488e-02
1.577553721970748057e-02
1.578669704174195942e-02
1.579760904608917826e-02
1.580827873585111121e-02
1.581871149192171089e-02
1.582891257570828714e-02
1.583888713178183139e-02
1.584864019046872130e-02
1.585817667039890466e-02
1.586750138096348905e-02
1.587661902477233156e-02
1.588553419999172434e-02
1.589425140269629111e-02
1.590277502910186769e-02
9.720285308725973294e-02
1.083634687658712181e-01
1.189619029732025268e-01
1.284500247416140439e-01
1.369030017973091873e-01
1.449017366082996361e-01
1.517559367244993851e-01
1.580861242066546879e-01
1.640035543846511956e-01
1.688036902742551248e-01
1.732918928091748967e-01
1.773737777182411435e-01
1.804035357311097876e-01
1.831960317792704629e-01
1.857312117654084105e-01
1.873474750311672210e-01
1.887875369964051586e-01
1.900649187595351286e-01
1.906239172233763490e-01
1.909106337451129676e-01
1.910856025280418535e-01
1.908969119416621396e-01
1.901120741767834410e-01
1.892637840098210233e-01
1.883611944158198881e-01
1.869351081588312979e-01
1.852273919374263222e-01
1.835055656757842435e-01
1.817757634383228016e-01
1.796863517747047112e-01
1.774487233869779246e-01
1.752281414277812033e-01
1.730292227928447168e-01
1.706024883031083128e-01
1.678305358634291089e-01
1.651076108301126055e-01
1.624368991728442069e-01
1.598210360673251174e-01
1.568984118613712120e-01
1.538945030837144401e-01
1.502226887415027967e-01
1.459168210053500836e-01
1.412363787382697744e-01
1.363597400955609551e-01
1.311638124283305284e-01
1.260964850406496307e-01
1.212352380544083896e-01
1.166291423722720655e-01
1.123051318899448425e-01
1.082732996394533131e-01
1.045313269076866280e-01
1.010681113808409304e-01
9.786668288811961602e-02
9.490650924055232807e-02
9.216527174665478661e-02
8.962018818246009211e-02
8.724898557328697457e-02
8.503057659189905415e-02
8.294547971054444524e-02
8.097607307435450430e-02
7.910669933512970431e-02
7.732366752791897113e-02
7.561517774389603375e-02
7.397120205590690389e-02
7.238332793325774617e-02
7.084458792126291371e-02
6.934928417778940535e-02
6.789281386723189371e-02
6.647150652363764678e-02
6.508247337829331514e-02
6.372346112808369156e-02
6.239274236795888662e-02
6.108900506407799469e-02
5.981125722225866248e-02
5.855875295207235709e-02
5.733093586321702517e-02
5.612737239903675679e-02
5.494772019762894644e-02
5.379169865728394839e-02
5.265905733309894643e-02
5.154955955257878308e-02
5.046296891650259298e-02
4.939904288965402124e-02
4.835751614714856039e-02
4.733811604011806118e-02
4.634054464109582661e-02
4.536449023995214880e-02
4.440961494457429382e-02
4.347557284536751609e-02
4.256200380986485676e-02
4.166853440134565822e-02
4.079478828672278290e-02
3.994037571978248380e-02
3.910490456231907608e-02
3.828798509238207082e-02
3.748922723651237909e-02
3.670824131768579690e-02
3.594464024764487675e-02
3.519804376477186914e-02
3.446807574128629703e-02
3.375436610540805127e-02
3.305655139681440424e-02
3.237427517221691531e-02
3.170718828352225849e-02
3.105494904891692443e-02
3.041722333555663127e-02
2.979368457062325781e-02
2.918401369561474112e-02
2.858789907666881014e-02
2.800503638186069288e-02
2.743512843470385931e-02
2.687788505132404637e-02
2.633302286744099163e-02
2.580026516008859794e-02
2.527934166770773317e-02
2.476998841156063946e-02
2.427194752050820803e-02
2.378496706058985666e-02
2.330880087037878745e-02
2.284320840263287522e-02
2.238795457253162091e-02
2.194280961244188255e-02
2.150754893311623839e-02
2.108195299100623643e-02
2.066580716141919183e-02
2.025890161705956594e-02
1.986103121154947360e-02
1.947199536764432359e-02
1.909159796960602229e-02
1.871964725947083963e-02
1.835595573685644410e-02
1.800034006197659409e-02
1.765262096166364536e-02
1.731262313807402364e-02
1.698017517993744008e-02
1.665510947614934345e-02
1.633726213151764917e-02
1.602647288461334085e-02
1.572258502754109166e-02
1.542544532754974718e-02
1.513490395042094150e-02
1.485081438556035138e-02
1.457303337272852772e-02
1.430142083035779166e-02
1.403583978542299882e-02
1.377615630481776599e-02
1.352223942820329761e-02
1.327396110230472104e-02
1.303119611660519261e-02
1.279382204044510196e-02
1.256171916146220369e-02
1.233477042537201029e-02
1.211286137705913646e-02
1.189588010293074483e-02
1.168371717455451986e-02
1.147626559353032150e-02
1.127342073754555862e-02
1.107508030763426632e-02
1.088114427660125116e-02
1.069151483857422313e-02
1.050609635967925115e-02
1.032479532980623560e-02
1.014752031543753041e-02
9.974181913535273836e-03
9.804692706430362392e-03
9.638967217739269344e-03
9.476921869238985607e-03
9.318474938715626266e-03
9.163546518717868850e-03
9.012058476289386277e-03
8.863934413530838441e-03
8.719099629078463920e-03
8.577481080401794244e-03
8.439007347000426762e-03
8.303608594355971206e-03
8.171216538718439892e-03
8.041764412666907447e-03
7.915186931436890561e-03
7.791420259991577169e-03
7.670401980831798028e-03
7.552071062515208766e-03
7.436367828885570574e-03
7.323233928947292526e-03
7.212612307477828111e-03
7.104447176228934069e-03
6.998683985798725971e-03
6.895269398123682336e-03
6.794151259572611679e-03
6.695278574650798120e-03
6.598601480281018894e-03
6.504071220655660568e-03
6.411640122650608120e-03
6.321261571780256716e-03
6.232889988693868233e-03
6.146480806182630374e-03
6.061990446710519009e-03
5.979376300431438196e-03
5.898596703711955769e-03
5.819610918093687246e-03
5.742379109782591584e-03
5.666862329536392906e-03
5.593022493031618581e-03
5.520822361651189780e-03
5.450225523717211473e-03
5.381196376098129619e-03
5.313700106291507907e-03
5.247702674846754789e-03
5.183170798196856666e-03
5.120071931882241856e-03
5.058374254131026149e-03
4.998046649813625564e-03
4.939058694749975942e-03
4.881380640368249146e-03
4.824983398703963644e-03
4.769838527711511844e-03
4.715918216953607356e-03
4.663195273550968523e-03
4.611643108478169495e-03
4.561235723155920851e-03
4.511947696319573708e-03
4.463754171230904788e-03
4.416630843122382188e-03
4.370553946947408619e-03
4.325500245377034148e-03
4.281447017111750242e-03
4.238372045407112765e-03
4.196253606852051732e-03
4.155070460448051506e-03
4.114801836877957086e-03
4.075427428017697196e-03
4.036927376725341077e-03
3.999282266808457109e-03
3.962473113233500044e-03
3.926481352552801951e-03
3.891288833544503944e-03
3.856877808056102808e-03
3.823230922059828174e-03
3.790331206879882231e-03
3.758162070667925292e-03
3.726707290017561292e-03
3.695951001766895061e-03
3.665877695031127814e-03
3.636472203359275568e-03
3.607719697089173394e-03
3.579605675877450821e-03
3.552115961358737195e-03
3.525236690035571385e-03
3.498954306265567027e-03
3.473255555408893969e-03
3.448127477178708489e-03
3.423557399081511576e-03
3.399532930033366540e-03
3.376041954113562227e-03
3.353072624434849658e-03
3.330613357200862268e-03
3.308652825843472201e-03
3.287179955319352587e-03
3.266183916503573315e-03
3.245654120762830885e-03
3.225580214591072803e-03
3.205952074395224116e-03
3.186759801395266933e-03
3.167993716613581867e-03
3.149644356006175983e-03
3.131702465703378735e-03
3.114158997320704003e-03
3.097005103404937287e-03
3.080232132972815506e-03
3.063831627146074155e-03
3.047795314891743601e-03
3.032115108828392636e-03
3.016783101182696214e-03
3.001791559782640562e-03
2.987132924141766566e-03
2.972799801680192644e-03
2.958784963974503412e-03
2.945081343116662254e-03
2.931682028157300834e-03
2.918580261594083680e-03
2.905769436002625383e-03
2.893243090683172980e-03
2.880994908387668474e-03
2.869018712165827267e-03
2.857308462230534474e-03
2.845858252914945652e-03
2.834662309699531590e-03
2.823714986279313166e-03
2.813010761749001887e-03
2.802544237797022220e-03
2.792310135992348563e-03
2.782303295101762330e-03
2.772518668520351781e-03
2.762951321704676388e-03
2.753596429686755442e-03
2.744449274651339366e-03
2.735505243535163444e-03
2.726759825713243046e-03
2.718208610738015452e-03
2.709847286094024810e-03
