7.064317971194972401e+00
1.000000000000000000e+01
1.000000000000000000e+01
1.000000000000000000e+01
1.000000000000000000e+01
1.000000000000000000e+01
1.000000000000000000e+01
1.000000000000000000e+01
1.000000000000000000e+01
1.000000000000000000e+01
1.000000000000000000e+01
1.000000000000000000e+01
1.000000000000000000e+01
1.000000000000000000e+01
1.000000000000000000e+01
1.000000000000000000e+01
1.000000000000000000e+01
1.000000000000000000e+01
1.000000000000000000e+01
1.000000000000000000e+01
9.882115048722052819e+00
9.600166704193268785e+00
9.212971617767681920e+00
8.765491757364774372e+00
8.292050996130338802e+00
7.819360608550163683e+00
7.364829660296837055e+00
6.940165463515914901e+00
6.552583977025562056e+00
6.205837557157057205e+00
5.901074727807749554e+00
5.637548605682143332e+00
5.413273362891367846e+00
5.225420462255208953e+00
5.070441538910539947e+00
4.944595116746101304e+00
4.844140612199219653e+00
4.765476388975232069e+00
4.705232875438634110e+00
4.660330278946584137e+00
4.628008955949073133e+00
4.605839188706602805e+00
4.591715959293045657e+00
4.583843219937272728e+00
4.580711277587349528e+00
4.581070108027322618e+00
4.583900759123911151e+00
4.588386450564398977e+00
4.593884525676592112e+00
4.599900046586008706e+00
4.606061535329911472e+00
4.612099139467580322e+00
4.617825330888057245e+00
4.623118121574488981e+00
4.627906690545309232e+00
4.632159263704425989e+00
4.635873037832805466e+00
4.639065936717252647e+00
4.641769978901393756e+00
4.644026031734484583e+00
4.645879751687192361e+00
4.647378517063141423e+00
4.648569178554662784e+00
4.649496480463250592e+00
4.650202008914189555e+00
4.650723572850076870e+00
4.651094889863464310e+00
4.651345518312916205e+00
4.651500962786628612e+00
4.651582899051845743e+00
4.651609475751032896e+00
4.651595659589546905e+00
4.651553598712123261e+00
4.651492985603379537e+00
4.651421406221973420e+00
4.651344666426445507e+00
4.651267090176505192e+00
4.651191786608191769e+00
4.651120885078111833e+00
4.651055738715021093e+00
4.650997098026100396e+00
4.650945256766698677e+00
4.650900172671574850e+00
4.650861565826284405e+00
4.650828997483824168e+00
4.650801932046237042e+00
4.650779784767834713e+00
4.650761957538128932e+00
4.650747864845624413e+00
4.650736951791492046e+00
4.650728705787692263e+00
4.650722663318473060e+00
4.650718412939591317e+00
4.650715595488239096e+00
4.650713902299530744e+00
4.650713072067794940e+00
4.650712886869301954e+00
4.650713167714749297e+00
4.650713769951730470e+00
4.650714578718211811e+00
4.650715504612593421e+00
4.650716479657708291e+00
4.650717453641638244e+00
4.650718390862001783e+00
4.650719267259602496e+00
4.650720067955520953e+00
4.650720785156362780e+00
4.650721416401006891e+00
4.650721963115380220e+00
4.650722429437801786e+00
4.650722821290636411e+00
4.650723145641268097e+00
4.650723409943402942e+00
4.650723621727492763e+00
4.650723788294104821e+00
4.650723916512250256e+00
4.650724012689785525e+00
4.650724082501846546e+00
4.650724130963337366e+00
4.650724162433715669e+00
4.650724180644655981e+00
4.650724188740934295e+00
4.650724189339311643e+00
4.650724184577837761e+00
4.650724176176750824e+00
4.650724165495235596e+00
4.650724153583176701e+00
4.650724141237546405e+00
4.650724129039697452e+00
4.650724117398033819e+00
4.650724106580698347e+00
4.650724096752170134e+00
4.650724087990953493e+00
4.650724080313471731e+00
4.650724073691348437e+00
4.650724068065362538e+00
4.650724063356534543e+00
4.650724059474714345e+00
4.650724056325159061e+00
4.650724053813351411e+00
4.650724051848410312e+00
4.650724050345435678e+00
4.650724049226902856e+00
4.650724048423408696e+00
4.650724047873890044e+00
4.650724047525494953e+00
4.650724047333159028e+00
4.650724047259036098e+00
4.650724047271803663e+00
4.650724047345958567e+00
4.650724047461077149e+00
4.650724047601094036e+00
4.650724047753661772e+00
4.650724047909521985e+00
4.650724048061968929e+00
4.650724048206347661e+00
4.650724048339647254e+00
4.650724048460125104e+00
4.650724048567028035e+00
4.650724048660310750e+00
4.650724048740446648e+00
4.650724048808259958e+00
4.650724048864796067e+00
4.650724048911211383e+00
4.650724048948709388e+00
4.650724048978466918e+00
4.650724049001618177e+00
4.650724049019208550e+00
4.650724049032194607e+00
4.650724049041420116e+00
4.650724049047625819e+00
4.650724049051453868e+00
4.650724049053448717e+00
4.650724049054062448e+00
4.650724049053673426e+00
4.650724049052580078e+00
4.650724049051031095e+00
4.650724049049210329e+00
4.650724049047262554e+00
4.650724049045302344e+00
4.650724049043401642e+00
4.650724049041613739e+00
4.650724049039973274e+00
4.650724049038495345e+00
4.650724049037196828e+00
4.650724049036062624e+00
4.650724049035093621e+00
4.650724049034277385e+00
4.650724049033600593e+00
4.650724049033045482e+00
4.650724049032597840e+00
4.650724049032247898e+00
4.650724049031977891e+00
4.650724049031778939e+00
4.650724049031634166e+00
4.650724049029499874e+00
4.650724049028061025e+00
4.650724049025138918e+00
4.650724049023298612e+00
4.650724049022302076e+00
4.650724049021938811e+00
4.650724049022038287e+00
4.650724049020433348e+00
4.650724049019705930e+00
4.650724049019633100e+00
4.650724049020026563e+00
4.650724049018702289e+00
4.650724049018235107e+00
4.650724049018399420e+00
4.650724049019008710e+00
4.650724049019910211e+00
4.650724049020987572e+00
4.650724049022150197e+00
4.650724049023329698e+00
4.650724049024480777e+00
4.650724049025566131e+00
4.650724049026566220e+00
4.650724049027465945e+00
4.650724049028262641e+00
4.650724049028957197e+00
4.650724049029554052e+00
4.650724049028022833e+00
4.650724049027072482e+00
4.650724049024528739e+00
4.650724049022978868e+00
4.650724049022195494e+00
4.650724049021989437e+00
4.650724049022199935e+00
4.650724049022697315e+00
4.650724049023382989e+00
4.650724049024174356e+00
4.650724049025012796e+00
4.650724049025857454e+00
4.650724049026671914e+00
4.650724049027433082e+00
4.650724049028133855e+00
4.650724049028765350e+00
4.650724049029324014e+00
4.650724049027775919e+00
4.650724049026819351e+00
4.650724049026318418e+00
4.650724049026161211e+00
4.650724049026253581e+00
4.650724049024486995e+00
4.650724049023494899e+00
4.650724049023089890e+00
4.650724049023113871e+00
4.650724049023446938e+00
4.650724049023987838e+00
4.650724049024655748e+00
4.650724049025390272e+00
4.650724049024112183e+00
4.650724049023478912e+00
4.650724049023332363e+00
4.650724049023537532e+00
4.650724049023980733e+00
4.650724049024578477e+00
4.650724049025264151e+00
4.650724049025986240e+00
4.650724049026710105e+00
4.650724049025376949e+00
4.650724049022626261e+00
4.650724049021003559e+00
4.650724049020243278e+00
4.650724049020127815e+00
4.650724049020472428e+00
4.650724049021127904e+00
4.650724049021985884e+00
4.650724049020922735e+00
4.650724049020562134e+00
4.650724049020716677e+00
4.650724049021229156e+00
4.650724049021979667e+00
4.650724049022871398e+00
4.650724049023832407e+00
4.650724049024804962e+00
4.650724049025750872e+00
4.650724049026642604e+00
4.650724049027462392e+00
4.650724049028203133e+00
4.650724049028857721e+00
4.650724049029429708e+00
4.650724049029917317e+00
4.650724049030326768e+00
4.650724049030669605e+00
4.650724049030949381e+00
4.650724049031178531e+00
4.650724049031364160e+00
4.650724049031506269e+00
4.650724049031613738e+00
4.650724049029657969e+00
4.650724049028337248e+00
4.650724049027521900e+00
4.650724049027094686e+00
4.650724049026959683e+00
4.650724049027036067e+00
4.650724049027259888e+00
4.650724049027581408e+00
4.650724049027961549e+00
4.650724049028369222e+00
4.650724049028783114e+00
6.593399883697657060e+00
9.887693217518345179e+00
1.000000000000000000e+01
1.000000000000000000e+01
1.000000000000000000e+01
1.000000000000000000e+01
1.000000000000000000e+01
1.000000000000000000e+01
1.000000000000000000e+01
1.000000000000000000e+01
1.000000000000000000e+01
1.000000000000000000e+01
1.000000000000000000e+01
1.000000000000000000e+01
1.000000000000000000e+01
1.000000000000000000e+01
1.000000000000000000e+01
1.000000000000000000e+01
1.000000000000000000e+01
1.000000000000000000e+01
1.000000000000000000e+01
1.000000000000000000e+01
1.000000000000000000e+01
1.000000000000000000e+01
1.000000000000000000e+01
1.000000000000000000e+01
1.000000000000000000e+01
1.000000000000000000e+01
1.000000000000000000e+01
1.000000000000000000e+01
1.000000000000000000e+01
1.000000000000000000e+01
1.000000000000000000e+01
9.989310650706052286e+00
9.901575422623778877e+00
9.761921115842529417e+00
9.590065442367237125e+00
9.401185828298443070e+00
9.207006398170491934e+00
9.015918304050225984e+00
8.833593360702741037e+00
8.663776453947203748e+00
8.508709545029617516e+00
8.369485674582337609e+00
8.246340874417420252e+00
8.138891787410662104e+00
8.046326399056802359e+00
7.967554780746634258e+00
7.901326165575493832e+00
7.846317952491656200e+00
7.801201672450729596e+00
7.764690244150261655e+00
7.735570260321009251e+00
7.712722502223211762e+00
7.695133337357463077e+00
7.681899223632633777e+00
7.672226155510477597e+00
7.665425509014261785e+00
7.660907461742890945e+00
7.658172912118178743e+00
7.656804603184603764e+00
7.656457981252703604e+00
7.656852181657813006e+00
7.657761406925605918e+00
7.659006898212044057e+00
7.660449584055624150e+00
7.661983479561366828e+00
7.663529840421395178e+00
7.665032058223495426e+00
7.666451260928539568e+00
7.667762561730871340e+00
7.668951904346669401e+00
7.670013439189024673e+00
7.670947381105632346e+00
7.671758257772409273e+00
7.672453525136338826e+00
7.673042463954988790e+00
7.673535339393349197e+00
7.673942773205239654e+00
7.674275273910397210e+00
7.674542908028628041e+00
7.674755083293767655e+00
7.674920414428522797e+00
7.675046654079978659e+00
7.675140673228719734e+00
7.675208479752849478e+00
7.675255258261984181e+00
7.675285430982202506e+00
7.675302721313331134e+00
7.675310227582502698e+00
7.675310495887801565e+00
7.675305591009430550e+00
7.675297163510043319e+00
7.675286511814793045e+00
7.675274638580376063e+00
7.675262301056159586e+00
7.675250055431747320e+00
7.675238295372910358e+00
7.675227285294845103e+00
7.675217187918708106e+00
7.675208086615274539e+00
7.675200008123058026e+00
7.675192936438566704e+00
7.675186825612640540e+00
7.675181609907088642e+00
7.675177211719745429e+00
7.675173547645600003e+00
7.675170533000181372e+00
7.675168085885415437e+00
7.675166127610618005e+00
7.675164585267165052e+00
7.675163392572268428e+00
7.675162490243766733e+00
7.675161825235446322e+00
7.675161352353414124e+00
7.675161032764219904e+00
7.675160833504214963e+00
7.675160726928202060e+00
7.675160690133647989e+00
7.675160704387189448e+00
7.675160754572520005e+00
7.675160828672422220e+00
7.675160917292868312e+00
7.675161013233622320e+00
7.675161111106548084e+00
7.675161207001162111e+00
7.675161298195343207e+00
7.675161382908209262e+00
7.675161460091450394e+00
7.675161529255405846e+00
7.675161590325753735e+00
7.675161643527074418e+00
7.675161689289486056e+00
7.675161728175000420e+00
7.675161760820450318e+00
7.675161787894215770e+00
7.675161810064251355e+00
7.675161827975283124e+00
7.675161842233393372e+00
7.675161853396265776e+00
7.675161861967958465e+00
7.675161868396955356e+00
7.675161873076727481e+00
7.675161876348021828e+00
7.675161878502213320e+00
7.675161879785517449e+00
7.675161880403456927e+00
7.675161880525502411e+00
7.675161880289554261e+00
7.675161879806296383e+00
7.675161879163161949e+00
7.675161878428016671e+00
7.675161877652445952e+00
7.675161876874632583e+00
7.675161876121905813e+00
7.675161875412889856e+00
7.675161874759365510e+00
7.675161874167863552e+00
7.675161873640884203e+00
7.675161873178025118e+00
7.675161872776782523e+00
7.675161872433251986e+00
7.675161872142681752e+00
7.675161871899864430e+00
7.675161871699452298e+00
7.675161871536163360e+00
7.675161871404969638e+00
7.675161871301162009e+00
7.675161871220456788e+00
7.675161871158993954e+00
7.675161871113370005e+00
7.675161871080615761e+00
7.675161871058175933e+00
7.675161871043861161e+00
7.675161871035829364e+00
7.675161871032565308e+00
7.675161871032801564e+00
7.675161871035536265e+00
7.675161871039950512e+00
7.675161871045417250e+00
7.675161871051430218e+00
7.675161871057652796e+00
7.675161871063793662e+00
7.675161871069671626e+00
7.675161871075171227e+00
7.675161871080213416e+00
7.675161871084743126e+00
7.675161871088747922e+00
7.675161871092258004e+00
7.675161871095301791e+00
7.675161871097896160e+00
7.675161871100080191e+00
7.675161871101894739e+00
7.675161871103371780e+00
7.675161871104576150e+00
7.675161871105525613e+00
7.675161871106270794e+00
7.675161871106855216e+00
7.675161871107298417e+00
7.675161871107608391e+00
7.675161871107817113e+00
7.675161871107947675e+00
7.675161871108020506e+00
7.675161871108054257e+00
7.675161871108046263e+00
7.675161871108007183e+00
7.675161871107959222e+00
7.675161871107905043e+00
7.675161871107849088e+00
7.675161871107790468e+00
7.675161871107737177e+00
7.675161871107685663e+00
7.675161871107636813e+00
7.675161871107585299e+00
7.675161871107541778e+00
7.675161871107505362e+00
7.675161871107476053e+00
7.675161871107455624e+00
7.675161871107443190e+00
7.675161871107426315e+00
7.675161871107409439e+00
7.675161871107397005e+00
7.675161871107387235e+00
7.675161871107380129e+00
7.675161871107373912e+00
7.675161871107369471e+00
7.675161871107358813e+00
7.675161871107354372e+00
7.675161871107355260e+00
7.675161871107351708e+00
7.675161871107355260e+00
7.675161871107354372e+00
7.675161871107360589e+00
7.675161871107361478e+00
7.675161871107359701e+00
7.675161871107357925e+00
7.675161871107353484e+00
7.675161871107355260e+00
7.675161871107354372e+00
7.675161871107360589e+00
7.675161871107362366e+00
7.675161871107360589e+00
7.675161871107358813e+00
7.675161871107354372e+00
7.675161871107355260e+00
7.675161871107354372e+00
7.675161871107360589e+00
7.675161871107362366e+00
7.675161871107359701e+00
7.675161871107357925e+00
7.675161871107353484e+00
7.675161871107354372e+00
7.675161871107360589e+00
7.675161871107362366e+00
7.675161871107359701e+00
7.675161871107357925e+00
7.675161871107353484e+00
7.675161871107355260e+00
7.675161871107354372e+00
7.675161871107360589e+00
7.675161871107362366e+00
7.675161871107359701e+00
7.675161871107357925e+00
7.675161871107353484e+00
7.675161871107355260e+00
7.675161871107354372e+00
7.675161871107360589e+00
7.675161871107362366e+00
7.675161871107359701e+00
7.675161871107357925e+00
7.675161871107353484e+00
7.675161871107355260e+00
7.675161871107354372e+00
7.675161871107360589e+00
7.675161871107362366e+00
7.675161871107359701e+00
7.675161871107357925e+00
7.675161871107353484e+00
7.675161871107355260e+00
7.675161871107354372e+00
7.675161871107359701e+00
7.675161871107361478e+00
7.675161871107359701e+00
7.675161871107357925e+00
7.675161871107353484e+00
7.675161871107355260e+00
7.675161871107354372e+00
7.675161871107361478e+00
7.675161871107363254e+00
7.675161871107360589e+00
7.675161871107358813e+00
7.675161871107354372e+00
7.675161871107355260e+00
7.675161871107354372e+00
7.675161871107360589e+00
7.675161871107362366e+00
7.675161871107359701e+00
7.675161871107357925e+00
7.675161871107353484e+00
7.675161871107354372e+00
0.000000000000000000e+00
0.000000000000000000e+00
0.000000000000000000e+00
1.107526121586890344e-01
3.999707206241234214e-01
8.078693701565962115e-01
1.286520202314559214e+00
1.798870732153348806e+00
2.317816145174876663e+00
2.824155104749591416e+00
3.303598661491648159e+00
3.746906424528323232e+00
4.148766482215327400e+00
4.506857085902510107e+00
4.821071351077286238e+00
5.093115275482027471e+00
5.325567986127599518e+00
5.521503648133118780e+00
5.684416870881648265e+00
5.817977311520789563e+00
5.925848447403505581e+00
6.011558587160584999e+00
6.078413734549446445e+00
6.129443408311014529e+00
6.167371893953579765e+00
6.194608649572669989e+00
6.213252704598581921e+00
6.225106904557488718e+00
6.231698604164348509e+00
6.234304279042840236e+00
6.233976017153072036e+00
6.231568417793937442e+00
6.227764812202488898e+00
6.223102064635240183e+00
6.217993482128560068e+00
6.212749553301120997e+00
6.207596399507037788e+00
6.202691940085824029e+00
6.198139848132471208e+00
6.194001429837092232e+00
6.190305608590006337e+00
6.187057196422133920e+00
6.184243647416496792e+00
6.181840492119731856e+00
6.179815638270905076e+00
6.178132699190067356e+00
6.176753545658741018e+00
6.175640142781852582e+00
6.174755905063144645e+00
6.174066570542543708e+00
6.173540760746440981e+00
6.173150272271215044e+00
6.172870172487472828e+00
6.172678749958207867e+00
6.172557364159592552e+00
6.172490229046323051e+00
6.172464156554514858e+00
6.172468281136506363e+00
6.172493780505404537e+00
6.172533603649026368e+00
6.172582213736213852e+00
6.172635350816875643e+00
6.172689817102148702e+00
6.172743286004563679e+00
6.172794134930700061e+00
6.172841300518919105e+00
6.172884156858684079e+00
6.172922412274962412e+00
6.172956022601447046e+00
6.172985121652682317e+00
6.173009966828688633e+00
6.173030893251557849e+00
6.173048278955298507e+00
6.173062520356776162e+00
6.173074012819464329e+00
6.173083135716752601e+00
6.173090244043895503e+00
6.173095662745804901e+00
6.173099683741987143e+00
6.173102564990895047e+00
6.173104531043483334e+00
6.173105774619018327e+00
6.173106458868593549e+00
6.173106720044120976e+00
6.173106670361035775e+00
6.173106400896787527e+00
6.173105984411422220e+00
6.173105478011924774e+00
6.173104925609965044e+00
6.173104360144800573e+00
6.173103805559323476e+00
6.173103278529642246e+00
6.173102789957271241e+00
6.173102346238793281e+00
6.173101950331662202e+00
6.173101602636608121e+00
6.173101301717815126e+00
6.173101044881782684e+00
6.173100828634812132e+00
6.173100649037627896e+00
6.173100501974045251e+00
6.173100383348751663e+00
6.173100289227539506e+00
6.173100215931499157e+00
6.173100160095025046e+00
6.173100118695982630e+00
6.173100089064960549e+00
6.173100068879213254e+00
6.173100056146047621e+00
6.173100049179120141e+00
6.173100046570664468e+00
6.173100047161709902e+00
6.173100050012001461e+00
6.173100054370736167e+00
6.173100059648935378e+00
6.173100065393988700e+00
6.173100071266654609e+00
6.173100077020593268e+00
6.173100082484457296e+00
6.173100087546496084e+00
6.173100092141409867e+00
6.173100096239327428e+00
6.173100099836705823e+00
6.173100102948898105e+00
6.173100105604170551e+00
6.173100107838969564e+00
6.173100109694294346e+00
6.173100111212921348e+00
6.173100112437358788e+00
6.173100113408396261e+00
6.173100114164157937e+00
6.173100114739511035e+00
6.173100115165732760e+00
6.173100115470450788e+00
6.173100115677692123e+00
6.173100115808052735e+00
6.173100115878970229e+00
6.173100115904992968e+00
6.173100115898081164e+00
6.173100115867947935e+00
6.173100115822338196e+00
6.173100115767334195e+00
6.173100115707589985e+00
6.173100115646603214e+00
6.173100115586907854e+00
6.173100115530263388e+00
6.173100115477820005e+00
6.173100115430230517e+00
6.173100115387813780e+00
6.173100115350588446e+00
6.173100115318404413e+00
6.173100115290959700e+00
6.173100115267869725e+00
6.173100115248707276e+00
6.173100115233032703e+00
6.173100115220393924e+00
6.173100115210377936e+00
6.173100115202582394e+00
6.173100115196649362e+00
6.173100115192254655e+00
6.173100115189123827e+00
6.173100115186994863e+00
6.173100115185652825e+00
6.173100115184924519e+00
6.173100115184661618e+00
6.173100115184739778e+00
6.173100115185058634e+00
6.173100115185530257e+00
6.173100115186097803e+00
6.173100115186714199e+00
6.173100115187343029e+00
6.173100115187950543e+00
6.173100115188529635e+00
6.173100115189068759e+00
6.173100115189556369e+00
6.173100115189989801e+00
6.173100115190375270e+00
6.173100115190712778e+00
6.173100115191004988e+00
6.173100115191251902e+00
6.173100115191457071e+00
6.173100115191617832e+00
6.173100115191742177e+00
6.173100115191844317e+00
6.173100115191922477e+00
6.173100115191988202e+00
6.173100115192039716e+00
6.173100115192080573e+00
6.173100115192106330e+00
6.173100115192124981e+00
6.173100115192140080e+00
6.173100115192139192e+00
6.173100115192140969e+00
6.173100115192145410e+00
6.173100115192148074e+00
6.173100115192150739e+00
6.173100115192147186e+00
6.173100115192147186e+00
6.173100115192150739e+00
6.173100115192148074e+00
6.173100115192147186e+00
6.173100115192149850e+00
6.173100115192151627e+00
6.173100115192147186e+00
6.173100115192146298e+00
6.173100115192148962e+00
6.173100115192151627e+00
6.173100115192147186e+00
6.173100115192147186e+00
6.173100115192149850e+00
6.173100115192151627e+00
6.173100115192147186e+00
6.173100115192146298e+00
6.173100115192148962e+00
6.173100115192150739e+00
6.173100115192147186e+00
6.173100115192147186e+00
6.173100115192149850e+00
6.173100115192150739e+00
6.173100115192147186e+00
6.173100115192147186e+00
6.173100115192149850e+00
6.173100115192151627e+00
6.173100115192147186e+00
6.173100115192147186e+00
6.173100115192149850e+00
6.173100115192151627e+00
6.173100115192147186e+00
6.173100115192146298e+00
6.173100115192148962e+00
6.173100115192151627e+00
6.173100115192148074e+00
6.173100115192147186e+00
6.173100115192149850e+00
6.173100115192151627e+00
6.173100115192147186e+00
6.173100115192146298e+00
6.173100115192148962e+00
6.173100115192150739e+00
6.173100115192147186e+00
6.173100115192146298e+00
6.173100115192148962e+00
6.173100115192151627e+00
6.173100115192147186e+00
6.173100115192147186e+00
6.173100115192149850e+00
6.173100115192150739e+00
6.173100115192147186e+00
6.173100115192147186e+00
6.173100115192150739e+00
6.173100115192147186e+00
6.173100115192147186e+00
6.173100115192149850e+00
6.173100115192151627e+00
6.173100115192148074e+00
6.173100115192147186e+00
6.173100115192149850e+00
6.173100115192151627e+00
6.173100115192148074e+00
6.173100115192148074e+00
6.173100115192149850e+00
6.173100115192150739e+00
6.173100115192147186e+00
6.173100115192147186e+00
6.173100115192149850e+00
6.173100115192150739e+00
6.173100115192147186e+00
6.173100115192147186e+00
6.173100115192149850e+00
6.173100115192151627e+00
6.173100115192147186e+00
6.173100115192147186e+00
6.173100115192149850e+00
6.173100115192151627e+00
6.173100115192147186e+00
6.173100115192146298e+00
6.173100115192148962e+00
6.173100115192151627e+00
6.173100115192147186e+00
6.173100115192147186e+00
6.173100115192150739e+00
6.173100115192147186e+00
6.173100115192147186e+00
6.173100115192149850e+00
6.173100115192151627e+00
6.173100115192147186e+00
6.173100115192147186e+00
6.173100115192149850e+00
6.173100115192151627e+00
6.173100115192147186e+00
6.173100115192146298e+00
6.173100115192148962e+00
6.173100115192150739e+00
6.173100115192147186e+00
6.173100115192147186e+00
6.173100115192149850e+00
6.173100115192151627e+00
6.173100115192148074e+00
6.173100115192147186e+00
6.173100115192149850e+00
5.854793990260692915e+00
9.125818654516262285e+00
1.000000000000000000e+01
1.000000000000000000e+01
1.000000000000000000e+01
1.000000000000000000e+01
1.000000000000000000e+01
1.000000000000000000e+01
1.000000000000000000e+01
1.000000000000000000e+01
1.000000000000000000e+01
1.000000000000000000e+01
1.000000000000000000e+01
1.000000000000000000e+01
1.000000000000000000e+01
1.000000000000000000e+01
1.000000000000000000e+01
1.000000000000000000e+01
1.000000000000000000e+01
1.000000000000000000e+01
1.000000000000000000e+01
1.000000000000000000e+01
1.000000000000000000e+01
1.000000000000000000e+01
1.000000000000000000e+01
1.000000000000000000e+01
1.000000000000000000e+01
1.000000000000000000e+01
1.000000000000000000e+01
1.000000000000000000e+01
1.000000000000000000e+01
1.000000000000000000e+01
1.000000000000000000e+01
1.000000000000000000e+01
1.000000000000000000e+01
1.000000000000000000e+01
1.000000000000000000e+01
1.000000000000000000e+01
9.972048875531649870e+00
9.899489630713647514e+00
9.797548402379890220e+00
9.678086524098551635e+00
9.550268458396704574e+00
9.421036186137644819e+00
9.295135788421502454e+00
9.175842537600443549e+00
9.065272042740176062e+00
8.964641211910441498e+00
8.874484702588279816e+00
8.794832301177262224e+00
8.725352469070177364e+00
8.665466911927326876e+00
8.614440666589629814e+00
8.571451607889535751e+00
8.535643012652805339e+00
8.506162246996604281e+00
8.482188219762475612e+00
8.462949936745335577e+00
8.447738038065578436e+00
8.435910970709882051e+00
8.426897150347048893e+00
8.420194115604227036e+00
8.415365600706243399e+00
8.412037273126466985e+00
8.409891549831815638e+00
8.408662020424749528e+00
8.408127770282320057e+00
8.408107749866610803e+00
8.408455473026020144e+00
8.409054011156502639e+00
8.409811495240983703e+00
8.410656997209212449e+00
8.411536933381407621e+00
8.412411904406841501e+00
8.413253961045063178e+00
8.414044240099364913e+00
8.414771023955649909e+00
8.415428081023152984e+00
8.416013312451422479e+00
8.416527615548909935e+00
8.416974020495521458e+00
8.417356977668118745e+00
8.417681779019863697e+00
8.417954172028720095e+00
8.418180009275484821e+00
8.418365021855402475e+00
8.418514681200830907e+00
8.418634088035719998e+00
8.418727883911916621e+00
8.418800248611574943e+00
8.418854885143872480e+00
8.418895032600653749e+00
8.418923489578943986e+00
8.418942646277141506e+00
8.418954521118767076e+00
8.418960799377943616e+00
8.418962872525016294e+00
8.418961882858514656e+00
8.418958731769230042e+00
8.418954143580526406e+00
8.418948687474603787e+00
8.418942791631966571e+00
8.418936779866127651e+00
8.418930887211210745e+00
8.418925277182898625e+00
8.418920057084871900e+00
8.418915290598880219e+00
8.418911007950562464e+00
8.418907214649504311e+00
8.418903897837374473e+00
8.418901032516732386e+00
8.418898585684370772e+00
8.418896519730633798e+00
8.418894795020582578e+00
8.418893371804383463e+00
8.418892211584958929e+00
8.418891278232136344e+00
8.418890537978070299e+00
8.418889960415379292e+00
8.418889518376268200e+00
8.418889187917603323e+00
8.418888948201994182e+00
8.418888781488730544e+00
8.418888672302871967e+00
8.418888607846783501e+00
8.418888577483482294e+00
8.418888572475470511e+00
8.418888585734451979e+00
8.418888611587389548e+00
8.418888645561956707e+00
8.418888684193053251e+00
8.418888724850894789e+00
8.418888765770372373e+00
8.418888805322552571e+00
8.418888842570698472e+00
8.418888876923503517e+00
8.418888908056127107e+00
8.418888936024913505e+00
8.418888960616095929e+00
8.418888981970601648e+00
8.418889000477827622e+00
8.418889016331215558e+00
8.418889029577847793e+00
8.418889040518967803e+00
8.418889049447017214e+00
8.418889056818464667e+00
8.418889062651167876e+00
8.418889067189656572e+00
8.418889070832037191e+00
8.418889073712476190e+00
8.418889075952304069e+00
8.418889077479544625e+00
8.418889078446854413e+00
8.418889078981996121e+00
8.418889079370799777e+00
8.418889079642088547e+00
8.418889079820386812e+00
8.418889079746204374e+00
8.418889079494293881e+00
8.418889079304095802e+00
8.418889078984223673e+00
8.418889078582523666e+00
8.418889078135913806e+00
8.418889077672240262e+00
8.418889077211940020e+00
8.418889076949621852e+00
8.418889076657324111e+00
8.418889076353437417e+00
8.418889076231595325e+00
8.418889076063678090e+00
8.418889075868504435e+00
8.418889075660432653e+00
8.418889075450136872e+00
8.418889075425429525e+00
8.418889075353922280e+00
8.418889075251401621e+00
8.418889075130195465e+00
8.418889074999709621e+00
8.418889074866978461e+00
8.418889074737107237e+00
8.418889074613638002e+00
8.418889074678988393e+00
8.418889074696828345e+00
8.418889074860260280e+00
8.418889074942008222e+00
8.418889074962716990e+00
8.418889074939158945e+00
8.418889074884789991e+00
8.418889074990365984e+00
8.418889075206568151e+00
8.418889075494478291e+00
8.418889075643793518e+00
8.418889075869278926e+00
8.418889075961452306e+00
8.418889075955373613e+00
8.418889075879359751e+00
8.418889075755984663e+00
8.418889075602931982e+00
8.418889075433851232e+00
8.418889075258993770e+00
8.418889075266005051e+00
8.418889075222486085e+00
8.418889075324470284e+00
8.418889075346779549e+00
8.418889075311470904e+00
8.418889075236220876e+00
8.418889075134984523e+00
8.418889075018592294e+00
8.418889075075401962e+00
8.418889075073821004e+00
8.418889075030632441e+00
8.418889075139293965e+00
8.418889075172584668e+00
8.418889075150969958e+00
8.418889075090886465e+00
8.418889075185461479e+00
8.418889075207161454e+00
8.418889075176110737e+00
8.418889075108445752e+00
8.418889075016910084e+00
8.418889074911410475e+00
8.418889074799476901e+00
8.418889074686713769e+00
8.418889074577140974e+00
8.418889074473527856e+00
8.418889074377652548e+00
8.418889074290525798e+00
8.418889074212559720e+00
8.418889074143750761e+00
8.418889074083798718e+00
8.418889074032165354e+00
8.418889073988218286e+00
8.418889073951223878e+00
8.418889073920444943e+00
8.418889073895121200e+00
8.418889073874550988e+00
8.418889073858068173e+00
8.418889074025159402e+00
8.418889074137560158e+00
8.418889074207164924e+00
8.418889074243876891e+00
8.418889074255874405e+00
8.418889074249834792e+00
8.418889074411223916e+00
8.418889074686719098e+00
8.418889074854288168e+00
8.418889074939203354e+00
8.418889074962267571e+00
8.418889074940405948e+00
8.418889074887214719e+00
8.418889074993535004e+00
8.418889075030051572e+00
8.418889075015506762e+00
8.418889074965012043e+00
8.418889074890547164e+00
8.418889074801478856e+00
8.418889074704971165e+00
8.418889074786493509e+00
8.418889074992371491e+00
8.418889075099984964e+00
8.418889075313954251e+00
8.418889075416547740e+00
8.418889075436201352e+00
8.418889075395997068e+00
8.418889075494517371e+00
8.418889075508646513e+00
8.418889075462056226e+00
8.418889075373689579e+00
8.418889075438583447e+00
8.418889075430595170e+00
8.418889075370838526e+00
8.418889075276133838e+00
8.418889075159675883e+00
8.418889075031586344e+00
8.418889075079617257e+00
8.418889075071637862e+00
8.418889075023953339e+00
8.418889074949522211e+00
8.418889074858492805e+00
8.418889074758672209e+00
8.418889074655931282e+00
8.418889074554547491e+00
8.418889074637647241e+00
8.418889074669534622e+00
8.418889074663805872e+00
8.418889074811525930e+00
8.418889074883697532e+00
8.418889074899528424e+00
8.418889074874602585e+00
8.418889074821414908e+00
8.418889074749847268e+00
8.418889074667561090e+00
8.418889074760500080e+00
8.418889074795286476e+00
8.418889074787392346e+00
8.418889074749303703e+00
8.418889074690927288e+00
8.418889074620038215e+00
8.418889074542601492e+00
8.418889074463095312e+00
0.000000000000000000e+00
0.000000000000000000e+00
0.000000000000000000e+00
0.000000000000000000e+00
0.000000000000000000e+00
0.000000000000000000e+00
0.000000000000000000e+00
0.000000000000000000e+00
0.000000000000000000e+00
0.000000000000000000e+00
0.000000000000000000e+00
0.000000000000000000e+00
0.000000000000000000e+00
0.000000000000000000e+00
0.000000000000000000e+00
0.000000000000000000e+00
0.000000000000000000e+00
0.000000000000000000e+00
0.000000000000000000e+00
0.000000000000000000e+00
0.000000000000000000e+00
0.000000000000000000e+00
0.000000000000000000e+00
0.000000000000000000e+00
0.000000000000000000e+00
0.000000000000000000e+00
0.000000000000000000e+00
0.000000000000000000e+00
0.000000000000000000e+00
0.000000000000000000e+00
0.000000000000000000e+00
0.000000000000000000e+00
0.000000000000000000e+00
0.000000000000000000e+00
0.000000000000000000e+00
0.000000000000000000e+00
0.000000000000000000e+00
0.000000000000000000e+00
0.000000000000000000e+00
0.000000000000000000e+00
8.413348176970621151e-02
2.593181799959737299e-01
4.925846942288480412e-01
7.582610955271459341e-01
1.036882451856828924e+00
1.314796990371772667e+00
1.581504392921335045e+00
1.829967150595009917e+00
2.055882337112147518e+00
2.257058092514206749e+00
2.432888690949956967e+00
2.583919960796170479e+00
2.711495746446827670e+00
2.817475665462067180e+00
2.904014470110154900e+00
2.973393734199051952e+00
3.027897284246296561e+00
3.069722505997556805e+00
3.100920596481877567e+00
3.123359725177108803e+00
3.138705912723732006e+00
3.148417195902739607e+00
3.153747521231172524e+00
3.155757374957457451e+00
3.155328801613573209e+00
3.153182965751322175e+00
3.149898839168702391e+00
3.145931967835455811e+00
3.141632576541780075e+00
3.137262504580168088e+00
3.133010654501605874e+00
3.129006780184636849e+00
3.125333579861917510e+00
3.122037103965804139e+00
3.119135577646368063e+00
3.116626727616180315e+00
3.114493797005287501e+00
3.112710384195690239e+00
3.111244242410832861e+00
3.110060217196418453e+00
3.109122426167134634e+00
3.108395873991368852e+00
3.107847528497991174e+00
3.107447033179147500e+00
3.107167098135751093e+00
3.106983682651244916e+00
3.106875968858470838e+00
3.106826233753544830e+00
3.106819640666703908e+00
3.106843977078597163e+00
3.106889367131802082e+00
3.106947974881068664e+00
3.107013723770863489e+00
3.107082015527423913e+00
3.107149480251226059e+00
3.107213756073244237e+00
3.107273286569323556e+00
3.107327148009606521e+00
3.107374902142958195e+00
3.107416467241952862e+00
3.107452029354940137e+00
3.107481952189839358e+00
3.107506711756124584e+00
3.107526845562381013e+00
3.107542914122032762e+00
3.107555480791970304e+00
3.107565071572932602e+00
3.107572176666297370e+00
3.107577240447170652e+00
3.107580650957087798e+00
3.107582754459937480e+00
3.107583847547045863e+00
3.107584180057013423e+00
3.107583958954158287e+00
3.107583352739215155e+00
3.107582496067948341e+00
3.107581494340131645e+00
3.107580428090543023e+00
3.107579357069424564e+00
3.107578323944800935e+00
3.107577357594117018e+00
3.107576475975916797e+00
3.107575695502950985e+00
3.107575017035691722e+00
3.107574436961695330e+00
3.107573949211020370e+00
3.107573545908556945e+00
3.107573218199261245e+00
3.107572956872709735e+00
3.107572753112663122e+00
3.107572597847616969e+00
3.107572483049705792e+00
3.107572401742618062e+00
3.107572347383049660e+00
3.107572313987836843e+00
3.107572296786367261e+00
3.107572291762290995e+00
3.107572295882222058e+00
3.107572306053188793e+00
3.107572320134524446e+00
3.107572336453397810e+00
3.107572353734119996e+00
3.107572371032545799e+00
3.107572387968494443e+00
3.107572403701996944e+00
3.107572418265786673e+00
3.107572431144607350e+00
3.107572442328863538e+00
3.107572451877064879e+00
3.107572459893884087e+00
3.107572466512784182e+00
3.107572472174363387e+00
3.107572476645182658e+00
3.107572480096981060e+00
3.107572482691149940e+00
3.107572484867319851e+00
3.107572486370575593e+00
3.107572487629228331e+00
3.107572488373623987e+00
3.107572488723669757e+00
3.107572489071638966e+00
3.107572489404712979e+00
3.107572489422546713e+00
3.107572489215547851e+00
3.107572488856666038e+00
3.107572488403625321e+00
3.107572487901096636e+00
3.107572487382756599e+00
3.107572487164969033e+00
3.107572486877467455e+00
3.107572486551479773e+00
3.107572486210695928e+00
3.107572485872529100e+00
3.107572485549258801e+00
3.107572485249041616e+00
3.107572484976794058e+00
3.107572484734925755e+00
3.107572484815794400e+00
3.107572484831210513e+00
3.107572484799494994e+00
3.107572484735491969e+00
3.107572484650998224e+00
3.107572484555187309e+00
3.107572484455024764e+00
3.107572484355628717e+00
3.107572484260611834e+00
3.107572484464181883e+00
3.107572484580398253e+00
3.107572484630021226e+00
3.107572484630381826e+00
3.107572484595700235e+00
3.107572484537442836e+00
3.107572484464667273e+00
3.107572484384372391e+00
3.107572484593640549e+00
3.107572484708916782e+00
3.107572484752920250e+00
3.107572484744546504e+00
3.107572484991066197e+00
3.107572485117509054e+00
3.107572485153696107e+00
3.107572485124316941e+00
3.107572485049449273e+00
3.107572484945126501e+00
3.107572484823879044e+00
3.107572484695272141e+00
3.107572484566389015e+00
3.107572484734092200e+00
3.107572484814400404e+00
3.107572484829472792e+00
3.107572484797578749e+00
3.107572484733521545e+00
3.107572484649066435e+00
3.107572484553359438e+00
3.107572484453341666e+00
3.107572484354115705e+00
3.107572484259278234e+00
3.107572484171216232e+00
3.107572484091367215e+00
3.107572484020432846e+00
3.107572483958572551e+00
3.107572484197364648e+00
3.107572484348910091e+00
3.107572484724391071e+00
3.107572484952809244e+00
3.107572485067854107e+00
3.107572485389668238e+00
3.107572485554279229e+00
3.107572485600774481e+00
3.107572485561488573e+00
3.107572485754534153e+00
3.107572485813521634e+00
3.107572485774913851e+00
3.107572485668403495e+00
3.107572485517718697e+00
3.107572485341431712e+00
3.107572485153738739e+00
3.107572484965172688e+00
3.107572484783253763e+00
3.107572484613073893e+00
3.107572484457800766e+00
3.107572484319114814e+00
3.107572484197568929e+00
3.107572484092895770e+00
3.107572484296065696e+00
3.107572484710288130e+00
3.107572485258610406e+00
3.107572485589332079e+00
3.107572486044390736e+00
3.107572486278503465e+00
3.107572486346490415e+00
3.107572486293735281e+00
3.107572486157162306e+00
3.107572485966255460e+00
3.107572485744076296e+00
3.107572485508228066e+00
3.107572485271756335e+00
3.107572485043958110e+00
3.107572484831106152e+00
3.107572484637087573e+00
3.107572484463940299e+00
3.107572484312307370e+00
3.107572484473626329e+00
3.107572484851247818e+00
3.107572485076297131e+00
3.107572485184188160e+00
3.107572485496425507e+00
3.107572485650110128e+00
3.107572485685137220e+00
3.107572485634442661e+00
3.107572485524752182e+00
3.107572485377340765e+00
3.107572485208794699e+00
3.107572485031719012e+00
3.107572484855404493e+00
3.107572484686430769e+00
3.107572484529184997e+00
3.107572484386345479e+00
3.107572484259250700e+00
3.107572484440066951e+00
3.107572484541031965e+00
3.107572484873140972e+00
3.107572485064985290e+00
3.107572485149701080e+00
3.107572485154982633e+00
3.107572485103579751e+00
3.107572485013851971e+00
3.107572484900332110e+00
3.107572484774272947e+00
3.107572484935969825e+00
3.107572485296034692e+00
3.107572485491453929e+00
3.107572485562270614e+00
3.107572485833573595e+00
3.107572485945156338e+00
3.107572485938870699e+00
3.107572485849019461e+00
3.107572485703212095e+00
3.107572485523244055e+00
