7.061913195164140511e+00
1.000000000000000000e+01
1.000000000000000000e+01
1.000000000000000000e+01
1.000000000000000000e+01
1.000000000000000000e+01
1.000000000000000000e+01
1.000000000000000000e+01
1.000000000000000000e+01
1.000000000000000000e+01
1.000000000000000000e+01
1.000000000000000000e+01
1.000000000000000000e+01
1.000000000000000000e+01
1.000000000000000000e+01
1.000000000000000000e+01
1.000000000000000000e+01
1.000000000000000000e+01
1.000000000000000000e+01
1.000000000000000000e+01
9.866291677160230478e+00
9.576552338859915636e+00
9.187021353259767764e+00
8.740703059334606451e+00
8.270427526592326828e+00
7.801859354217521414e+00
7.351692846148342397e+00
6.931167341958037298e+00
6.547218249893942854e+00
6.203455606748699225e+00
5.900983863194501744e+00
5.639078564341543753e+00
5.415781907250289073e+00
5.228397896880333739e+00
5.073475386228013306e+00
4.947369306078143403e+00
4.846428663554252836e+00
4.767130997280226268e+00
4.706173716740944535e+00
4.660531328532398376e+00
4.627486237932718183e+00
4.604639549981357050e+00
4.589907189716965874e+00
4.581505700238701628e+00
4.577931163384522328e+00
4.577933984778566945e+00
4.580491639675536852e+00
4.584780952945753718e+00
4.590151053894739874e+00
4.596097796147007308e+00
4.602240153782458876e+00
4.608298887021437196e+00
4.614077604456047865e+00
4.619446225423394559e+00
4.624326757260506682e+00
4.628681244976608156e+00
4.632501708223733417e+00
4.635801865054212989e+00
4.638610429906083077e+00
4.640965785467221494e+00
4.642911822424259149e+00
4.644494770151834651e+00
4.645760846775422337e+00
4.646754583113097858e+00
4.647517684354117939e+00
4.648088321210502194e+00
4.648500755065188450e+00
4.648785203748868611e+00
4.648967904512539384e+00
4.649071289993465861e+00
4.649114270145100924e+00
4.649112546613820562e+00
4.649078958792133953e+00
4.649023835038093466e+00
4.648955334814004026e+00
4.648879771899606439e+00
4.648801912336802289e+00
4.648725248368972274e+00
4.648652225778109326e+00
4.648584458482272197e+00
4.648522908481680815e+00
4.648468036767843259e+00
4.648419929754830093e+00
4.648378403194975306e+00
4.648343086235699140e+00
4.648313489173330204e+00
4.648289053354927702e+00
4.648269192578161402e+00
4.648253322076288718e+00
4.648240878435130341e+00
4.648231334670602344e+00
4.648224208977522309e+00
4.648219069335272735e+00
4.648215534986940511e+00
4.648213275631809083e+00
4.648212009014073942e+00
4.648211497453818453e+00
4.648211543748758778e+00
4.648211986775517168e+00
4.648212697036292695e+00
4.648213572328462995e+00
4.648214533659384529e+00
4.648215521484928558e+00
4.648216492315888182e+00
4.648217415710584888e+00
4.648218271652612366e+00
4.648219048721592195e+00
4.648219740783729570e+00
4.648220346971760009e+00
4.648220869788621812e+00
4.648221314053222919e+00
4.648221686063301661e+00
4.648221992943772030e+00
4.648222242572758844e+00
4.648222441815394568e+00
4.648222597828199021e+00
4.648222717294117956e+00
4.648222806314874944e+00
4.648222870355229297e+00
4.648222914226335156e+00
4.648222942097620880e+00
4.648222957528605370e+00
4.648222963513776840e+00
4.648222962535207614e+00
4.648222957039980230e+00
4.648222948097598284e+00
4.648222937018428702e+00
4.648222924816020729e+00
4.648222912255081773e+00
4.648222899894788540e+00
4.648222888548429133e+00
4.648222878338763131e+00
4.648222868890912629e+00
4.648222860330651685e+00
4.648222852715548470e+00
4.648222846052352253e+00
4.648222840311264648e+00
4.648222835437481493e+00
4.648222831360326879e+00
4.648222828000365681e+00
4.648222825274788583e+00
4.648222823101375134e+00
4.648222821401335914e+00
4.648222820101187480e+00
4.648222819133920325e+00
4.648222818439550430e+00
4.648222817965335096e+00
4.648222817665595308e+00
4.648222817501364013e+00
4.648222817439882526e+00
4.648222817454023215e+00
4.648222817521652672e+00
4.648222818046273019e+00
4.648222818456952510e+00
4.648222818771320597e+00
4.648222819005474626e+00
4.648222819173819964e+00
4.648222819289050456e+00
4.648222819362159974e+00
4.648222819402525907e+00
4.648222819418037055e+00
4.648222819415233964e+00
4.648222819399457251e+00
4.648222819374984383e+00
4.648222819766439251e+00
4.648222820440701675e+00
4.648222820871192873e+00
4.648222821111930969e+00
4.648222821208392475e+00
4.648222821198305432e+00
4.648222821112489633e+00
4.648222820975713709e+00
4.648222820807511368e+00
4.648222820622985196e+00
4.648222820433503877e+00
4.648222820247377207e+00
4.648222820070417427e+00
4.648222820327674754e+00
4.648222820464451566e+00
4.648222820510206077e+00
4.648222820489293916e+00
4.648222820421529455e+00
4.648222820322763127e+00
4.648222820205457850e+00
4.648222820079170425e+00
4.648222819951062235e+00
4.648222819826307806e+00
4.648222819708486497e+00
4.648222819599902245e+00
4.648222819501859782e+00
4.648222819414911555e+00
4.648222819339046907e+00
4.648222819273859940e+00
4.648222819218663204e+00
4.648222819172607601e+00
4.648222819134764094e+00
4.648222819104156578e+00
4.648222819079828483e+00
4.648222819060873867e+00
4.648222819046441856e+00
4.648222819035766840e+00
4.648222819028166697e+00
4.648222819444272069e+00
4.648222819726614219e+00
4.648222820324405369e+00
4.648222820704517311e+00
4.648222821336570831e+00
4.648222821704340646e+00
4.648222821869985033e+00
4.648222821885260814e+00
4.648222821792582948e+00
4.648222821626174728e+00
4.648222821834397500e+00
4.648222821881367928e+00
4.648222822232705553e+00
4.648222822367405804e+00
4.648222822342491511e+00
4.648222822204488125e+00
4.648222821990733777e+00
4.648222822151894640e+00
4.648222822153708300e+00
4.648222822041657487e+00
4.648222821852360909e+00
4.648222821614771405e+00
4.648222821351334133e+00
4.648222821079015965e+00
4.648222820810262945e+00
4.648222820553821855e+00
4.648222820315496051e+00
4.648222820098775188e+00
4.648222819905369896e+00
4.648222819735647882e+00
4.648222819589011401e+00
4.648222819464185918e+00
4.648222819359476787e+00
4.648222819272945117e+00
4.648222819202536549e+00
4.648222819146210050e+00
4.648222819101983205e+00
4.648222819068008604e+00
4.648222819042593379e+00
4.648222819024219632e+00
4.648222819011536444e+00
4.648222819003377637e+00
4.648222818998749339e+00
4.648222818996808670e+00
4.648222819418097451e+00
4.648222819705095432e+00
4.648222819885749146e+00
4.648222820405134570e+00
4.648222820726304327e+00
4.648222821315473929e+00
4.648222821653386738e+00
4.648222821799558702e+00
4.648222821803482674e+00
4.648222821705668473e+00
4.648222821538756655e+00
4.648222821328559462e+00
4.648222821095092883e+00
4.648222820853500359e+00
4.648222820614889450e+00
4.648222820387079679e+00
4.648222820596513927e+00
4.648222820689363211e+00
4.648222820695570690e+00
4.648222820639674957e+00
4.648222820541461964e+00
4.648222820837829339e+00
4.648222820983989756e+00
4.648222821438805497e+00
4.648222821676273320e+00
4.648222821749881994e+00
4.648222821703785534e+00
4.648222821573873453e+00
4.648222821388825032e+00
4.648222821171129837e+00
4.648222820938027411e+00
4.648222821123646931e+00
4.648222821180318931e+00
4.648222821142838690e+00
4.648222821039482255e+00
4.648222820892832452e+00
4.648222820720596893e+00
4.648222820536352273e+00
4.648222820350230933e+00
4.648222820169537250e+00
4.648222819999284994e+00
4.648222819842678710e+00
4.648222819701513409e+00
4.648222819576502296e+00
4.648222819467579647e+00
4.648222819795355676e+00
4.648222820423090873e+00
4.648222820820994805e+00
4.648222821040286057e+00
4.648222821124043058e+00
4.648222821107955482e+00
4.648222821021143147e+00
4.648222820886974027e+00
4.648222820723862725e+00
4.648222820546012102e+00
6.572507896560697560e+00
9.873430488243306158e+00
1.000000000000000000e+01
1.000000000000000000e+01
1.000000000000000000e+01
1.000000000000000000e+01
1.000000000000000000e+01
1.000000000000000000e+01
1.000000000000000000e+01
1.000000000000000000e+01
1.000000000000000000e+01
1.000000000000000000e+01
1.000000000000000000e+01
1.000000000000000000e+01
1.000000000000000000e+01
1.000000000000000000e+01
1.000000000000000000e+01
1.000000000000000000e+01
1.000000000000000000e+01
1.000000000000000000e+01
1.000000000000000000e+01
1.000000000000000000e+01
1.000000000000000000e+01
1.000000000000000000e+01
1.000000000000000000e+01
1.000000000000000000e+01
1.000000000000000000e+01
1.000000000000000000e+01
1.000000000000000000e+01
1.000000000000000000e+01
1.000000000000000000e+01
1.000000000000000000e+01
1.000000000000000000e+01
9.978872816562285308e+00
9.885194869292073250e+00
9.742789322609626268e+00
9.570360322127944741e+00
9.382312750640730670e+00
9.189749860513007462e+00
9.000693494201950529e+00
8.820527174823883598e+00
8.652803220539608375e+00
8.499643742540262892e+00
8.362075830338655535e+00
8.240308324544134422e+00
8.133957508393036662e+00
8.042228572921446883e+00
7.964059342822293885e+00
7.898232148714257050e+00
7.843459122708004827e+00
7.798445607161002435e+00
7.761935759112323474e+00
7.732743887421081652e+00
7.709774501990461992e+00
7.692033628042466376e+00
7.678633470369671699e+00
7.668792176005281291e+00
7.661830099777922065e+00
7.657163663580753621e+00
7.654297741087639828e+00
7.652817214438274895e+00
7.652378231225373639e+00
7.652699548611959557e+00
7.653554219517082480e+00
7.654761814602498937e+00
7.656181282371866459e+00
7.657704529634889568e+00
7.659250680557887492e+00
7.660761075097235917e+00
7.662194933150028753e+00
7.663525647429275445e+00
7.664737652469884033e+00
7.665823812816744187e+00
7.666783264067074555e+00
7.667619662589202356e+00
7.668339774547740184e+00
7.668952365079928057e+00
7.669467330643497505e+00
7.669895055181028987e+00
7.670245906701201655e+00
7.670529901165812348e+00
7.670756463446685380e+00
7.670934276580423372e+00
7.671071199761031245e+00
7.671174241253583936e+00
7.671249556236984013e+00
7.671302485504135404e+00
7.671337606807475673e+00
7.671358797345035896e+00
7.671369302115469857e+00
7.671371804166316366e+00
7.671368493828952140e+00
7.671361134892159761e+00
7.671351126353724403e+00
7.671339558923100377e+00
7.671327265862579736e+00
7.671314868059189607e+00
7.671302813449827340e+00
7.671291411072547639e+00
7.671280860124221057e+00
7.671271274463511425e+00
7.671262703027363905e+00
7.671255146634018196e+00
7.671248571632868440e+00
7.671242920836990997e+00
7.671238122142034932e+00
7.671234095198427916e+00
7.671230756465131861e+00
7.671228022934521107e+00
7.671225814780565422e+00
7.671224057146874387e+00
7.671222681258982767e+00
7.671221625015453682e+00
7.671220833185328658e+00
7.671220257318131175e+00
7.671219855451139047e+00
7.671219591680620731e+00
7.671219435650009189e+00
7.671219361997654751e+00
7.671219349792480990e+00
7.671219381979988761e+00
7.671219444856378189e+00
7.671219527577584962e+00
7.671219621712951131e+00
7.671219720842786138e+00
7.671219820204100870e+00
7.671219916379554249e+00
7.671220007031018362e+00
7.671220090671065250e+00
7.671220166471361068e+00
7.671220234103645730e+00
7.671220293608672414e+00
7.671220345289317066e+00
7.671220389626486558e+00
7.671220427212273485e+00
7.671220458697982636e+00
7.671220484755540525e+00
7.671220506048761933e+00
7.671220523213690967e+00
7.671220536844800542e+00
7.671220547486790942e+00
7.671220555630574367e+00
7.671220561711374231e+00
7.671220566110489081e+00
7.671220569157537028e+00
7.671220571134274913e+00
7.671220572278057759e+00
7.671220572787257552e+00
7.671220572824875461e+00
7.671220572523899328e+00
7.671220571990505555e+00
7.671220571308956515e+00
7.671220570544165618e+00
7.671220569745568874e+00
7.671220568949921770e+00
7.671220568183224842e+00
7.671220567462898821e+00
7.671220566800065477e+00
7.671220566200734226e+00
7.671220565667072222e+00
7.671220565198623831e+00
7.671220564792444740e+00
7.671220564444531931e+00
7.671220564150077692e+00
7.671220563904011414e+00
7.671220563700871686e+00
7.671220563535112724e+00
7.671220563401692338e+00
7.671220563295924499e+00
7.671220563213510424e+00
7.671220563150587424e+00
7.671220563103736012e+00
7.671220563069984344e+00
7.671220563046937002e+00
7.671220563032124851e+00
7.671220563023908312e+00
7.671220563020491490e+00
7.671220563020622052e+00
7.671220563023291916e+00
7.671220563027688399e+00
7.671220563033164019e+00
7.671220563039232054e+00
7.671220563045729079e+00
7.671220563052099983e+00
7.671220563058173347e+00
7.671220563064032660e+00
7.671220563069331533e+00
7.671220563074052201e+00
7.671220563078207100e+00
7.671220563081808663e+00
7.671220563084898636e+00
7.671220563087721267e+00
7.671220563090050959e+00
7.671220563091950773e+00
7.671220563093479328e+00
7.671220563094689027e+00
7.671220563095631384e+00
7.671220563096547096e+00
7.671220563097220335e+00
7.671220563097689293e+00
7.671220563098204437e+00
7.671220563098726686e+00
7.671220563099244494e+00
7.671220563099533152e+00
7.671220563099653056e+00
7.671220563099656609e+00
7.671220563099568679e+00
7.671220563099416800e+00
7.671220563099227618e+00
7.671220563099010903e+00
7.671220563098785306e+00
7.671220563098556156e+00
7.671220563098337664e+00
7.671220563098130718e+00
7.671220563097943312e+00
7.671220563097980616e+00
7.671220563097976175e+00
7.671220563097941536e+00
7.671220563097885581e+00
7.671220563097816303e+00
7.671220563097938872e+00
7.671220563097993939e+00
7.671220563098001044e+00
7.671220563097967293e+00
7.671220563097913114e+00
7.671220563097848277e+00
7.671220563097768341e+00
7.671220563097686629e+00
7.671220563097805645e+00
7.671220563098064105e+00
7.671220563098205325e+00
7.671220563098264833e+00
7.671220563098255063e+00
7.671220563098204437e+00
7.671220563098120060e+00
7.671220563098019696e+00
7.671220563097915779e+00
7.671220563097810974e+00
7.671220563097908673e+00
7.671220563097949530e+00
7.671220563098147593e+00
7.671220563098461120e+00
7.671220563098626322e+00
7.671220563098893663e+00
7.671220563099014456e+00
7.671220563099030443e+00
7.671220563098973599e+00
7.671220563098861689e+00
7.671220563098715139e+00
7.671220563098755996e+00
7.671220563098722245e+00
7.671220563098843037e+00
7.671220563098866130e+00
7.671220563098815504e+00
7.671220563098718692e+00
7.671220563098791523e+00
7.671220563098781753e+00
7.671220563098712475e+00
7.671220563098802181e+00
7.671220563098806622e+00
7.671220563098749778e+00
7.671220563098644973e+00
7.671220563098515299e+00
7.671220563098568590e+00
7.671220563098549938e+00
7.671220563098477108e+00
7.671220563098374079e+00
7.671220563098249734e+00
7.671220563098113843e+00
7.671220563097977951e+00
7.671220563097851830e+00
7.671220563097728373e+00
7.671220563097821632e+00
7.671220563097857159e+00
7.671220563097853606e+00
7.671220563097823408e+00
7.671220563097775447e+00
7.671220563097711498e+00
7.671220563097647549e+00
7.671220563097575607e+00
7.671220563097501000e+00
7.671220563097431722e+00
7.671220563097565837e+00
7.671220563097643996e+00
7.671220563097679523e+00
7.671220563097677747e+00
7.671220563097857159e+00
7.671220563097956635e+00
7.671220563098200884e+00
7.671220563098325229e+00
7.671220563098370526e+00
7.671220563098349210e+00
7.671220563098283485e+00
7.671220563098189338e+00
7.671220563098083645e+00
7.671220563098169798e+00
7.671220563098182232e+00
7.671220563098152923e+00
7.671220563098295919e+00
7.671220563098351874e+00
0.000000000000000000e+00
0.000000000000000000e+00
0.000000000000000000e+00
1.245956404242395815e-01
4.199014986506119373e-01
8.287223595030110967e-01
1.305025020322302609e+00
1.813209148917377389e+00
2.327224674184943165e+00
2.828527592491079101e+00
3.303302494724321470e+00
3.742586361218597446e+00
4.141200824286343618e+00
4.496856039083061418e+00
4.809408712100960770e+00
5.080509026655755989e+00
5.312601581184195787e+00
5.508653600367239278e+00
5.672051944221833786e+00
5.806364749683265103e+00
5.915164561283754452e+00
6.001901683170046020e+00
6.069817883654304858e+00
6.121891983218474387e+00
6.160810191310424067e+00
6.188955164919201835e+00
6.208408842546916162e+00
6.220965035563160939e+00
6.228148545400951086e+00
6.231238283720313298e+00
6.231292437275106622e+00
6.229174213694757434e+00
6.225577090779363054e+00
6.221048854614015688e+00
6.216013866929704257e+00
6.210793345324609582e+00
6.205623478254761238e+00
6.200671364143523157e+00
6.196048833771796716e+00
6.191824278955024852e+00
6.188032618657959283e+00
6.184683622368985390e+00
6.181768733360812007e+00
6.179266590265982906e+00
6.177147426099623750e+00
6.175376502843725746e+00
6.173916766514736310e+00
6.172730790162137104e+00
6.171782200172786226e+00
6.171036653494625490e+00
6.170462464857804363e+00
6.170030961902678079e+00
6.169716633068770939e+00
6.169497121648927163e+00
6.169353114986223297e+00
6.169268152025161989e+00
6.169228389618426789e+00
6.169222342545067406e+00
6.169240614824664348e+00
6.169275634242446849e+00
6.169321398491867114e+00
6.169373238537697368e+00
6.169427602601136762e+00
6.169481862474996525e+00
6.169534142606195815e+00
6.169583171292580381e+00
6.169628153753253130e+00
6.169668660159994822e+00
6.169704543800199836e+00
6.169735864572174044e+00
6.169762823722137135e+00
6.169785718071556069e+00
6.169804902124489843e+00
6.169820759181199321e+00
6.169833681053766838e+00
6.169844050491207099e+00
6.169852230789878433e+00
6.169858558580657792e+00
6.169863339607909225e+00
6.169866846795924786e+00
6.169869320018821490e+00
6.169870967096523273e+00
6.169871965632405697e+00
6.169872465388280602e+00
6.169872590960147285e+00
6.169872444575033477e+00
6.169872108876283789e+00
6.169871649602681529e+00
6.169871118097651319e+00
6.169870553608896024e+00
6.169869985357322228e+00
6.169869434368480121e+00
6.169868915069839588e+00
6.169868436664525113e+00
6.169868004297030417e+00
6.169867620029196864e+00
6.169867283646339295e+00
6.169866993313555703e+00
6.169866746101884125e+00
6.169866538402946965e+00
6.169866366249271650e+00
6.169866225555937334e+00
6.169866112297461846e+00
6.169866022632248814e+00
6.169865952985064794e+00
6.169865900096644928e+00
6.169865861048109856e+00
6.169865833266442223e+00
6.169865814516275471e+00
6.169865802882160466e+00
6.169865796744642417e+00
6.169865794752806387e+00
6.169865795795138830e+00
6.169865798970348258e+00
6.169865803559111406e+00
6.169865808997459844e+00
6.169865814852315999e+00
6.169865820799405931e+00
6.169865826603618153e+00
6.169865832101862679e+00
6.169865837188274860e+00
6.169865841801612127e+00
6.169865845914710434e+00
6.169865849525698387e+00
6.169865852650884719e+00
6.169865855318970027e+00
6.169865857566537493e+00
6.169865859434512601e+00
6.169865860965483506e+00
6.169865862201732831e+00
6.169865863183843224e+00
6.169865863949753226e+00
6.169865864534184396e+00
6.169865864968331337e+00
6.169865865279779982e+00
6.169865865492555557e+00
6.169865865627318868e+00
6.169865865701567920e+00
6.169865865729932786e+00
6.169865865724500686e+00
6.169865865695092211e+00
6.169865865649574843e+00
6.169865865594130305e+00
6.169865865533544103e+00
6.169865865471400923e+00
6.169865865410332439e+00
6.169865865352177181e+00
6.169865865298143959e+00
6.169865865248955750e+00
6.169865865204952726e+00
6.169865865166207719e+00
6.169865865132587501e+00
6.169865865103806080e+00
6.169865865079496636e+00
6.169865865059235510e+00
6.169865865042577724e+00
6.169865865029087182e+00
6.169865865018337558e+00
6.169865865009912298e+00
6.169865865003449912e+00
6.169865864998610228e+00
6.169865864995111693e+00
6.169865864992694959e+00
6.169865864991133542e+00
6.169865864990235593e+00
6.169865864989848347e+00
6.169865864989841242e+00
6.169865864990113025e+00
6.169865864990563331e+00
6.169865864991127324e+00
6.169865864991753490e+00
6.169865864992403637e+00
6.169865864993044013e+00
6.169865864993651527e+00
6.169865864994223514e+00
6.169865864994742211e+00
6.169865864995211169e+00
6.169865864995621507e+00
6.169865864995980331e+00
6.169865864996287641e+00
6.169865864996557647e+00
6.169865864996769922e+00
6.169865864996941340e+00
6.169865864997083449e+00
6.169865864997197136e+00
6.169865864997286842e+00
6.169865864997356120e+00
6.169865864997411187e+00
6.169865864997444049e+00
6.169865864997460925e+00
6.169865864997468030e+00
6.169865864997465366e+00
6.169865864997456484e+00
6.169865864997448490e+00
6.169865864997441385e+00
6.169865864997434279e+00
6.169865864997424509e+00
6.169865864997412075e+00
6.169865864997397864e+00
6.169865864997390759e+00
6.169865864997386318e+00
6.169865864997385430e+00
6.169865864997384541e+00
6.169865864997383653e+00
6.169865864997382765e+00
6.169865864997382765e+00
6.169865864997382765e+00
6.169865864997382765e+00
6.169865864997381877e+00
6.169865864997381877e+00
6.169865864997381877e+00
6.169865864997381877e+00
6.169865864997381877e+00
6.169865864997381877e+00
6.169865864997381877e+00
6.169865864997381877e+00
6.169865864997381877e+00
6.169865864997381877e+00
6.169865864997381877e+00
6.169865864997381877e+00
6.169865864997381877e+00
6.169865864997381877e+00
6.169865864997381877e+00
6.169865864997381877e+00
6.169865864997381877e+00
6.169865864997381877e+00
6.169865864997381877e+00
6.169865864997381877e+00
6.169865864997381877e+00
6.169865864997381877e+00
6.169865864997381877e+00
6.169865864997381877e+00
6.169865864997381877e+00
6.169865864997381877e+00
6.169865864997381877e+00
6.169865864997381877e+00
6.169865864997381877e+00
6.169865864997381877e+00
6.169865864997381877e+00
6.169865864997381877e+00
6.169865864997381877e+00
6.169865864997381877e+00
6.169865864997381877e+00
6.169865864997381877e+00
6.169865864997381877e+00
6.169865864997381877e+00
6.169865864997381877e+00
6.169865864997381877e+00
6.169865864997381877e+00
6.169865864997381877e+00
6.169865864997381877e+00
6.169865864997381877e+00
6.169865864997381877e+00
6.169865864997381877e+00
6.169865864997381877e+00
6.169865864997381877e+00
6.169865864997381877e+00
6.169865864997381877e+00
6.169865864997381877e+00
6.169865864997381877e+00
6.169865864997381877e+00
6.169865864997381877e+00
6.169865864997381877e+00
6.169865864997381877e+00
6.169865864997381877e+00
6.169865864997381877e+00
6.169865864997381877e+00
6.169865864997381877e+00
6.169865864997381877e+00
6.169865864997381877e+00
6.169865864997381877e+00
6.169865864997381877e+00
6.169865864997381877e+00
6.169865864997381877e+00
6.169865864997381877e+00
6.169865864997381877e+00
6.169865864997381877e+00
6.169865864997381877e+00
6.169865864997381877e+00
6.169865864997381877e+00
6.169865864997381877e+00
6.169865864997381877e+00
6.169865864997381877e+00
6.169865864997381877e+00
6.169865864997381877e+00
6.169865864997381877e+00
6.169865864997381877e+00
6.169865864997381877e+00
6.169865864997381877e+00
6.169865864997381877e+00
6.169865864997381877e+00
6.169865864997381877e+00
6.169865864997381877e+00
6.169865864997381877e+00
6.169865864997381877e+00
6.169865864997381877e+00
6.169865864997381877e+00
6.169865864997381877e+00
6.169865864997381877e+00
6.169865864997381877e+00
5.856685755856605446e+00
9.128660770009316749e+00
1.000000000000000000e+01
1.000000000000000000e+01
1.000000000000000000e+01
1.000000000000000000e+01
1.000000000000000000e+01
1.000000000000000000e+01
1.000000000000000000e+01
1.000000000000000000e+01
1.000000000000000000e+01
1.000000000000000000e+01
1.000000000000000000e+01
1.000000000000000000e+01
1.000000000000000000e+01
1.000000000000000000e+01
1.000000000000000000e+01
1.000000000000000000e+01
1.000000000000000000e+01
1.000000000000000000e+01
1.000000000000000000e+01
1.000000000000000000e+01
1.000000000000000000e+01
1.000000000000000000e+01
1.000000000000000000e+01
1.000000000000000000e+01
1.000000000000000000e+01
1.000000000000000000e+01
1.000000000000000000e+01
1.000000000000000000e+01
1.000000000000000000e+01
1.000000000000000000e+01
1.000000000000000000e+01
1.000000000000000000e+01
1.000000000000000000e+01
1.000000000000000000e+01
1.000000000000000000e+01
1.000000000000000000e+01
9.963033728838306402e+00
9.884987307348856334e+00
9.780124293289631510e+00
9.659549912033735808e+00
9.531810976580674222e+00
9.403440124471508454e+00
9.278857552993379443e+00
9.161102897814412671e+00
9.052126958014335756e+00
8.953036521153727278e+00
8.864297514074921835e+00
8.785901645930190185e+00
8.717501357111578031e+00
8.658517638582782894e+00
8.608224881879666057e+00
8.565816470336406141e+00
8.530454434515156947e+00
8.501306029233830941e+00
8.477569732598452035e+00
8.458492862920763855e+00
8.443382559593180403e+00
8.431611689254705055e+00
8.422620898925208266e+00
8.415917821961148348e+00
8.411074332965432276e+00
8.407722444237696990e+00
8.405549384070626573e+00
8.404292248940070209e+00
8.403732527361412963e+00
8.403690715123724786e+00
8.404021163666953953e+00
8.404607280504306388e+00
8.405357121588375335e+00
8.406199448220181836e+00
8.407080194411635787e+00
8.407959374849376388e+00
8.408808395704141958e+00
8.409607793921756169e+00
8.410345260980596649e+00
8.411014027130464754e+00
8.411611504692833918e+00
8.412138203492471433e+00
8.412596824511791027e+00
8.412991560328084262e+00
8.413327513201288355e+00
8.413610268363415301e+00
8.413845601041625599e+00
8.414039204367581348e+00
8.414196529909862221e+00
8.414322673497347083e+00
8.414422330096737568e+00
8.414499720507844671e+00
8.414558618420970859e+00
8.414602321820041197e+00
8.414633709868605038e+00
8.414655240739277176e+00
8.414669003453086660e+00
8.414676740206575190e+00
8.414679906352914074e+00
8.414679702169333808e+00
8.414677091204245230e+00
8.414672842613422077e+00
8.414667554705154373e+00
8.414661697135983331e+00
8.414655625043760523e+00
8.414649606216688227e+00
8.414643824274607553e+00
8.414638403388554622e+00
8.414633420055322333e+00
8.414628907656151569e+00
8.414624881496347797e+00
8.414621336480621494e+00
8.414618252967445144e+00
8.414615601757962082e+00
8.414613347667936338e+00
8.414611452388774282e+00
8.414609876639426389e+00
8.414608581739512871e+00
8.414607530715992212e+00
8.414606689039384690e+00
8.414606024173181709e+00
8.414605507876412815e+00
8.414605115019679005e+00
8.414604823531618649e+00
8.414604614259522108e+00
8.414604470773211276e+00
8.414604379134646095e+00
8.414604327650604176e+00
8.414604306621601637e+00
8.414604308096114593e+00
8.414604325636908300e+00
8.414604354103722983e+00
8.414604389454810374e+00
8.414604428568479122e+00
8.414604469085052330e+00
8.414604509268396981e+00
8.414604547886268548e+00
8.414604584107927110e+00
8.414604617417605681e+00
8.414604647542081040e+00
8.414604674390924188e+00
8.414604698007510208e+00
8.414604719426584722e+00
8.414604738564758435e+00
8.414604755437590455e+00
8.414604770131072442e+00
8.414604782779285586e+00
8.414604793544659955e+00
8.414604802606243439e+00
8.414604810149061365e+00
8.414604816355208072e+00
8.414604821398677714e+00
8.414604825443012359e+00
8.414604828638317713e+00
8.414604831120101380e+00
8.414604833008985096e+00
8.414604834410916112e+00
8.414604835417843987e+00
8.414604836108662056e+00
8.414604836550287459e+00
8.414604836798886822e+00
8.414604836901046880e+00
8.414604836894973516e+00
8.414604836811580668e+00
8.414604836675582789e+00
8.414604836506402563e+00
8.414604836319055536e+00
8.414604836124873088e+00
8.414604835932218307e+00
8.414604835747018896e+00
8.414604835573276986e+00
8.414604835413468820e+00
8.414604835268926664e+00
8.414604835140071515e+00
8.414604835026699092e+00
8.414604834928741894e+00
8.414604834844485737e+00
8.414604834773392383e+00
8.414604834713506065e+00
8.414604834663625965e+00
8.414604834622545937e+00
8.414604834589123783e+00
8.414604834562309676e+00
8.414604834541105305e+00
8.414604834524610055e+00
8.414604834512031672e+00
8.414604834502686259e+00
8.414604834495950314e+00
8.414604834491891339e+00
8.414604834489875174e+00
8.414604834488820018e+00
8.414604834488478957e+00
8.414604834489230356e+00
8.414604834490171825e+00
8.414604834491219876e+00
8.414604834492315888e+00
8.414604834493403018e+00
8.414604834495017727e+00
8.414604834496396180e+00
8.414604834497556141e+00
8.414604834498518926e+00
8.414604834499872510e+00
8.414604834500897468e+00
8.414604834501647090e+00
8.414604834502750208e+00
8.414604834503496278e+00
8.414604834504530118e+00
8.414604834505167830e+00
8.414604834506073772e+00
8.414604834506574704e+00
8.414604834506768327e+00
8.414604834506741682e+00
8.414604834507112940e+00
8.414604834507196429e+00
8.414604834507070308e+00
8.414604834506794973e+00
8.414604834506432596e+00
8.414604834506013376e+00
8.414604834505563957e+00
8.414604834505109210e+00
8.414604834504656239e+00
8.414604834504231690e+00
8.414604834503837338e+00
8.414604834503480291e+00
8.414604834503151665e+00
8.414604834502865671e+00
8.414604834502613429e+00
8.414604834502400266e+00
8.414604834502215525e+00
8.414604834502057429e+00
8.414604834501929531e+00
8.414604834501821173e+00
8.414604834501735908e+00
8.414604834501671959e+00
8.414604834501627550e+00
8.414604834501595576e+00
8.414604834501570707e+00
8.414604834502119601e+00
8.414604834502489084e+00
8.414604834502723563e+00
8.414604834503423447e+00
8.414604834503851549e+00
8.414604834504652686e+00
8.414604834505121644e+00
8.414604834505343689e+00
8.414604834505944098e+00
8.414604834506228315e+00
8.414604834506269171e+00
8.414604834506150155e+00
8.414604834506477005e+00
8.414604834506548059e+00
8.414604834506432596e+00
8.414604834506185682e+00
8.414604834505853503e+00
8.414604834506048903e+00
8.414604834506040021e+00
8.414604834505889031e+00
8.414604834505624353e+00
8.414604834505295727e+00
8.414604834505508890e+00
8.414604834505528430e+00
8.414604834505409414e+00
8.414604834505199804e+00
8.414604834505494679e+00
8.414604834505576392e+00
8.414604834505496456e+00
8.414604834505873043e+00
8.414604834506000941e+00
8.414604834505945874e+00
8.414604834505757580e+00
8.414604834505475139e+00
8.414604834505148290e+00
8.414604834504794795e+00
8.414604834504430642e+00
8.414604834504073594e+00
8.414604834503728981e+00
8.414604834503409236e+00
8.414604834503114361e+00
8.414604834502846131e+00
8.414604834502615205e+00
8.414604834502410924e+00
8.414604834502238617e+00
8.414604834502092956e+00
8.414604834501966835e+00
8.414604834501862030e+00
8.414604834501776764e+00
8.414604834501711039e+00
8.414604834501659525e+00
8.414604834501620445e+00
8.414604834501593800e+00
8.414604834501577812e+00
8.414604834501567154e+00
8.414604834501560049e+00
8.414604834501554720e+00
8.414604834501552943e+00
8.414604834501554720e+00
8.414604834501563602e+00
8.414604834501563602e+00
8.414604834501567154e+00
8.414604834501563602e+00
8.414604834501567154e+00
8.414604834501563602e+00
0.000000000000000000e+00
0.000000000000000000e+00
0.000000000000000000e+00
0.000000000000000000e+00
0.000000000000000000e+00
0.000000000000000000e+00
0.000000000000000000e+00
0.000000000000000000e+00
0.000000000000000000e+00
0.000000000000000000e+00
0.000000000000000000e+00
0.000000000000000000e+00
0.000000000000000000e+00
0.000000000000000000e+00
0.000000000000000000e+00
0.000000000000000000e+00
0.000000000000000000e+00
0.000000000000000000e+00
0.000000000000000000e+00
0.000000000000000000e+00
0.000000000000000000e+00
0.000000000000000000e+00
0.000000000000000000e+00
0.000000000000000000e+00
0.000000000000000000e+00
0.000000000000000000e+00
0.000000000000000000e+00
0.000000000000000000e+00
0.000000000000000000e+00
0.000000000000000000e+00
0.000000000000000000e+00
0.000000000000000000e+00
0.000000000000000000e+00
0.000000000000000000e+00
0.000000000000000000e+00
0.000000000000000000e+00
0.000000000000000000e+00
0.000000000000000000e+00
0.000000000000000000e+00
0.000000000000000000e+00
9.087770638294974390e-02
2.688422046363774243e-01
5.022745920498482564e-01
7.665258975272720710e-01
1.042900021128426946e+00
1.318237629591808568e+00
1.582406058437512142e+00
1.828597478709564017e+00
2.052634937083990696e+00
2.252377294035790012e+00
2.427217371094063214e+00
2.577665622729554240e+00
2.705010646256898799e+00
2.811047419415696691e+00
2.897864168536315788e+00
2.967679171554340467e+00
3.022719408250548412e+00
3.065133637721586535e+00
3.096933335461150794e+00
3.119955792440787246e+00
3.135844381116463797e+00
3.146041834981925689e+00
3.151793062652700428e+00
3.154154662739463877e+00
3.154008842333142493e+00
3.152079963350195690e+00
3.148952329580140042e+00
3.145088183944579008e+00
3.140845177985501113e+00
3.136492794678937379e+00
3.132227402850338294e+00
3.128185788180954496e+00
3.124457035598525056e+00
3.121092823908369507e+00
3.118116197564185565e+00
3.115528903125481364e+00
3.113317413904680642e+00
3.111457841043559380e+00
3.109919806725122804e+00
3.108669445866700798e+00
3.107671694952486074e+00
3.106891964986635557e+00
3.106297317155867432e+00
3.105857232538433266e+00
3.105544094618576167e+00
3.105333380137543564e+00
3.105203716816109072e+00
3.105136778853994528e+00
3.105117128533459780e+00
3.105131955983297942e+00
3.105170813674248187e+00
3.105225341067313849e+00
3.105288970742219323e+00
3.105356680846417028e+00
3.105424739616090335e+00
3.105490467917780606e+00
3.105552040654560919e+00
3.105608314678411475e+00
3.105658678245630355e+00
3.105702916278855419e+00
3.105741107598075423e+00
3.105773537680950991e+00
3.105800628595317914e+00
3.105822883839754578e+00
3.105840845909752179e+00
3.105855064550181233e+00
3.105866073834148366e+00
3.105874376407036674e+00
3.105880433438927390e+00
3.105884659029920947e+00
3.105887418003965728e+00
3.105889026203324743e+00
3.105889752555719863e+00
3.105889822327639216e+00
3.105889421100266556e+00
3.105888699110282314e+00
3.105887775686289931e+00
3.105886743585241305e+00
3.105885673093160104e+00
3.105884615802227966e+00
3.105883608013849884e+00
3.105882673745817169e+00
3.105881827343140777e+00
3.105881075707131789e+00
3.105880420167717926e+00
3.105879858030182294e+00
3.105879383831077423e+00
3.105878990339160595e+00
3.105878669336291420e+00
3.105878412211948270e+00
3.105878210402178041e+00
3.105878055700920015e+00
3.105877940468562581e+00
3.105877857759169913e+00
3.105877801384980597e+00
3.105877765933655610e+00
3.105877746751168456e+00
3.105877739900902323e+00
3.105877742107223671e+00
3.105877750690168693e+00
3.105877763496291077e+00
3.105877778829377878e+00
3.105877795383673590e+00
3.105877812181445208e+00
3.105877828516029115e+00
3.105877843900906932e+00
3.105877858025039462e+00
3.105877870714357059e+00
3.105877881899086201e+00
3.105877891586504180e+00
3.105877899838568545e+00
3.105877906753893747e+00
3.105877912453502532e+00
3.105877917069807648e+00
3.105877920738347786e+00
3.105877923591750189e+00
3.105877925755514468e+00
3.105877927345305434e+00
3.105877928465395676e+00
3.105877929207968347e+00
3.105877929653094949e+00
3.105877929869171439e+00
3.105877929913668289e+00
3.105877929834090168e+00
3.105877929669016879e+00
3.105877929449221586e+00
3.105877929198723297e+00
3.105877928935820265e+00
3.105877928674022570e+00
3.105877928422954515e+00
3.105877928189060722e+00
3.105877927976282926e+00
3.105877927786619974e+00
3.105877927620650514e+00
3.105877927477875389e+00
3.105877927357056922e+00
3.105877927256482263e+00
3.105877927174162334e+00
3.105877927107983272e+00
3.105877927055827659e+00
3.105877927015653128e+00
3.105877926985548321e+00
3.105877926963753310e+00
3.105877926948724888e+00
3.105877926939092148e+00
3.105877926933675148e+00
3.105877926931474242e+00
3.105877926931646993e+00
3.105877926933505950e+00
3.105877926936498667e+00
3.105877926940186384e+00
3.105877926944229817e+00
3.105877926948371393e+00
3.105877926952430368e+00
3.105877926956271295e+00
3.105877926959814239e+00
3.105877926963009905e+00
3.105877926965839197e+00
3.105877926968285685e+00
3.105877926970379566e+00
3.105877926972139047e+00
3.105877926973597880e+00
3.105877926974784042e+00
3.105877926975733061e+00
3.105877926976462255e+00
3.105877926977019143e+00
3.105877926977435255e+00
3.105877926977732351e+00
3.105877926977935299e+00
3.105877926978061865e+00
3.105877926978128478e+00
3.105877926978149794e+00
3.105877926978138248e+00
3.105877926978102277e+00
3.105877926978040549e+00
3.105877926977976156e+00
3.105877926977911763e+00
3.105877926977850478e+00
3.105877926977792747e+00
3.105877926977727466e+00
3.105877926977670622e+00
3.105877926977619996e+00
3.105877926977576919e+00
3.105877926977528514e+00
3.105877926977490766e+00
3.105877926977463233e+00
3.105877926977429926e+00
3.105877926977407721e+00
3.105877926977393066e+00
3.105877926977371306e+00
3.105877926977358428e+00
3.105877926977353987e+00
3.105877926977355763e+00
3.105877926977360204e+00
3.105877926977366865e+00
3.105877926977374859e+00
3.105877926977381964e+00
3.105877926977376635e+00
3.105877926977377079e+00
3.105877926977380188e+00
3.105877926977372194e+00
3.105877926977369974e+00
3.105877926977372194e+00
3.105877926977376635e+00
3.105877926977382852e+00
3.105877926977377523e+00
3.105877926977377967e+00
3.105877926977380632e+00
3.105877926977372638e+00
3.105877926977370418e+00
3.105877926977372638e+00
3.105877926977376635e+00
3.105877926977382408e+00
3.105877926977376635e+00
3.105877926977374859e+00
3.105877926977377523e+00
3.105877926977381520e+00
3.105877926977373971e+00
3.105877926977372638e+00
3.105877926977374859e+00
3.105877926977378412e+00
3.105877926977385517e+00
3.105877926977379300e+00
3.105877926977363757e+00
3.105877926977357539e+00
3.105877926977356651e+00
3.105877926977359316e+00
3.105877926977365533e+00
3.105877926977372194e+00
3.105877926977380188e+00
3.105877926977375303e+00
3.105877926977376635e+00
3.105877926977379744e+00
3.105877926977371750e+00
3.105877926977369974e+00
3.105877926977372194e+00
3.105877926977376635e+00
3.105877926977382852e+00
3.105877926977377523e+00
3.105877926977377967e+00
3.105877926977380632e+00
3.105877926977372638e+00
3.105877926977370418e+00
3.105877926977372638e+00
3.105877926977376635e+00
3.105877926977382408e+00
3.105877926977376635e+00
3.105877926977374859e+00
3.105877926977377523e+00
3.105877926977381520e+00
3.105877926977373971e+00
3.105877926977372638e+00
3.105877926977374859e+00
3.105877926977378412e+00
3.105877926977385517e+00
3.105877926977379300e+00
3.105877926977363757e+00
3.105877926977357539e+00
3.105877926977356651e+00
