1.000000000000000000e+01
1.000000000000000000e+01
1.000000000000000000e+01
1.000000000000000000e+01
1.000000000000000000e+01
1.000000000000000000e+01
1.000000000000000000e+01
1.000000000000000000e+01
1.000000000000000000e+01
1.000000000000000000e+01
1.000000000000000000e+01
1.000000000000000000e+01
1.000000000000000000e+01
1.000000000000000000e+01
1.000000000000000000e+01
1.000000000000000000e+01
1.000000000000000000e+01
1.000000000000000000e+01
1.000000000000000000e+01
1.000000000000000000e+01
1.000000000000000000e+01
1.000000000000000000e+01
1.000000000000000000e+01
1.000000000000000000e+01
1.000000000000000000e+01
1.000000000000000000e+01
1.000000000000000000e+01
1.000000000000000000e+01
8.540669265060818915e+00
6.758272917118326006e+00
5.451882968584039979e+00
4.764927587294851996e+00
4.543803748576370261e+00
4.573744611267390070e+00
4.688906024375618209e+00
4.797721880474197675e+00
4.867575123968710393e+00
4.899176640958177842e+00
4.905646081091285637e+00
4.900404790727528770e+00
4.892480037464464360e+00
4.886199063236318807e+00
4.882651802313682232e+00
4.881333586312290862e+00
4.881304049600958095e+00
4.881773482025605126e+00
4.882274630164400442e+00
4.882619465797737313e+00
4.882789142574596397e+00
4.882835348734624326e+00
4.882819176620992074e+00
4.882784764907700747e+00
4.882754991134906852e+00
4.882736979205498429e+00
4.882729481500009960e+00
4.882728492557325772e+00
4.882730305866872733e+00
4.882732573479356297e+00
4.882734251748576781e+00
4.882735142591652533e+00
4.882735435353746212e+00
4.882735402800960856e+00
4.882735257728300304e+00
4.882735118688501963e+00
4.882735028645205588e+00
4.882734987443544838e+00
4.882734978617734534e+00
4.882734985043286180e+00
4.882734995098127584e+00
4.882735003152510522e+00
4.882735007742099675e+00
4.882735009475096533e+00
4.882735009541785409e+00
4.882735008953742017e+00
4.882735008314853076e+00
4.882735007871233712e+00
4.882735007650693682e+00
4.882735007588886234e+00
4.882735007608095756e+00
4.882735007651592518e+00
4.882735007689726459e+00
4.882735007713029596e+00
4.882735007722893705e+00
4.882735007724254395e+00
4.882735007721991316e+00
4.882735007719137599e+00
4.882735007717007747e+00
4.882735007715875319e+00
4.882735007715425901e+00
4.882735007715480968e+00
4.882735007715674591e+00
4.882735007715885978e+00
4.882735007716000553e+00
4.882735007716036080e+00
4.882735007716013875e+00
4.882735007715987230e+00
4.882735007715969466e+00
4.882735007715919728e+00
4.882735007715943709e+00
4.882735007715971243e+00
4.882735007715990783e+00
4.882735007715997888e+00
4.882735007716012099e+00
4.882735007716001441e+00
4.882735007716001441e+00
4.882735007716014763e+00
4.882735007716000553e+00
4.882735007716004993e+00
4.882735007715938380e+00
4.882735007715934827e+00
4.882735007715953479e+00
4.882735007715917064e+00
4.882735007715948150e+00
4.882735007715974795e+00
4.882735007715986342e+00
4.882735007715997000e+00
4.882735007716011211e+00
4.882735007715939268e+00
4.882735007715934827e+00
4.882735007715954367e+00
4.882735007715918840e+00
4.882735007715952591e+00
4.882735007715908182e+00
4.882735007715947262e+00
4.882735007715974795e+00
4.882735007715986342e+00
4.882735007715997888e+00
4.882735007716012987e+00
4.882735007716010323e+00
4.882735007715930386e+00
4.882735007715927722e+00
4.882735007715964137e+00
4.882735007715916176e+00
4.882735007715941045e+00
4.882735007715965025e+00
4.882735007715917952e+00
4.882735007715944597e+00
4.882735007715971243e+00
4.882735007715993447e+00
4.882735007716000553e+00
4.882735007716012987e+00
4.882735007716001441e+00
4.882735007716004993e+00
4.882735007715937492e+00
4.882735007715927722e+00
4.882735007715956144e+00
4.882735007715911735e+00
4.882735007715949038e+00
4.882735007715965914e+00
4.882735007715917064e+00
4.882735007715951703e+00
4.882735007715907294e+00
4.882735007715945486e+00
4.882735007715973019e+00
4.882735007715994335e+00
4.882735007716000553e+00
4.882735007716014763e+00
4.882735007716001441e+00
4.882735007716005882e+00
4.882735007715938380e+00
4.882735007715926834e+00
4.882735007715959696e+00
4.882735007715923281e+00
4.882735007715945486e+00
4.882735007715971243e+00
4.882735007715992559e+00
4.882735007715999664e+00
4.882735007716011211e+00
4.882735007715941045e+00
4.882735007715933051e+00
4.882735007715951703e+00
4.882735007715916176e+00
4.882735007715946374e+00
4.882735007715972131e+00
4.882735007715994335e+00
4.882735007716001441e+00
4.882735007716013875e+00
4.882735007716002329e+00
4.882735007715921505e+00
4.882735007715930386e+00
4.882735007715957920e+00
4.882735007715914399e+00
4.882735007715950815e+00
4.882735007715907294e+00
4.882735007715941933e+00
4.882735007715969466e+00
4.882735007715921505e+00
4.882735007715947262e+00
4.882735007715973019e+00
4.882735007715994335e+00
4.882735007716000553e+00
4.882735007716012987e+00
4.882735007716011211e+00
4.882735007715928610e+00
4.882735007715925946e+00
4.882735007715958808e+00
4.882735007715913511e+00
4.882735007715940156e+00
4.882735007715968578e+00
4.882735007715921505e+00
4.882735007715952591e+00
4.882735007715909070e+00
4.882735007715948150e+00
4.882735007715974795e+00
4.882735007715995224e+00
4.882735007716001441e+00
4.882735007716013875e+00
4.882735007716001441e+00
4.882735007716004993e+00
4.882735007715937492e+00
4.882735007715931275e+00
4.882735007715948150e+00
4.882735007715983677e+00
4.882735007715989006e+00
4.882735007716008546e+00
4.882735007715937492e+00
4.882735007715926834e+00
4.882735007715960585e+00
4.882735007715923281e+00
4.882735007715943709e+00
4.882735007715969466e+00
4.882735007715922393e+00
4.882735007715942821e+00
4.882735007715969466e+00
4.882735007715922393e+00
4.882735007715952591e+00
4.882735007715907294e+00
4.882735007715947262e+00
4.882735007715973019e+00
4.882735007715994335e+00
4.882735007716001441e+00
4.882735007716013875e+00
4.882735007716002329e+00
4.882735007715923281e+00
4.882735007715932163e+00
4.882735007715949038e+00
4.882735007715984565e+00
4.882735007715999664e+00
4.882735007716015652e+00
4.882735007716012099e+00
4.882735007715988118e+00
4.882735007715975684e+00
4.882735007715994335e+00
4.882735007716010323e+00
4.882735007715939268e+00
4.882735007715928610e+00
4.882735007715959696e+00
4.882735007715914399e+00
4.882735007715940156e+00
4.882735007715969466e+00
4.882735007715919728e+00
4.882735007715943709e+00
4.882735007715970355e+00
4.882735007715922393e+00
4.882735007715943709e+00
4.882735007715970355e+00
4.882735007715924169e+00
4.882735007715953479e+00
4.882735007715909070e+00
4.882735007715948150e+00
4.882735007715973907e+00
4.882735007715985454e+00
4.882735007715994335e+00
4.882735007716010323e+00
4.882735007715938380e+00
4.882735007715930386e+00
4.882735007715962361e+00
4.882735007715916176e+00
4.882735007715951703e+00
4.882735007715907294e+00
4.882735007715946374e+00
4.882735007715973019e+00
4.882735007715994335e+00
4.882735007716001441e+00
4.882735007716013875e+00
4.882735007716002329e+00
4.882735007715922393e+00
4.882735007715931275e+00
4.882735007715949926e+00
4.882735007715987230e+00
4.882735007715992559e+00
4.882735007716008546e+00
4.882735007715936604e+00
4.882735007715926834e+00
4.882735007715959696e+00
4.882735007715923281e+00
4.882735007715946374e+00
4.882735007715972131e+00
4.882735007715993447e+00
4.882735007715999664e+00
4.882735007716013875e+00
4.882735007716001441e+00
4.882735007716005882e+00
4.882735007715937492e+00
4.882735007715927722e+00
4.882735007715957032e+00
4.882735007715913511e+00
4.882735007715941045e+00
4.882735007715969466e+00
4.882735007715922393e+00
4.882735007715943709e+00
1.000000000000000000e+01
1.000000000000000000e+01
1.000000000000000000e+01
1.000000000000000000e+01
1.000000000000000000e+01
1.000000000000000000e+01
1.000000000000000000e+01
1.000000000000000000e+01
1.000000000000000000e+01
1.000000000000000000e+01
1.000000000000000000e+01
1.000000000000000000e+01
1.000000000000000000e+01
1.000000000000000000e+01
1.000000000000000000e+01
1.000000000000000000e+01
1.000000000000000000e+01
1.000000000000000000e+01
1.000000000000000000e+01
1.000000000000000000e+01
1.000000000000000000e+01
1.000000000000000000e+01
1.000000000000000000e+01
1.000000000000000000e+01
1.000000000000000000e+01
1.000000000000000000e+01
1.000000000000000000e+01
1.000000000000000000e+01
1.000000000000000000e+01
1.000000000000000000e+01
1.000000000000000000e+01
1.000000000000000000e+01
1.000000000000000000e+01
1.000000000000000000e+01
1.000000000000000000e+01
1.000000000000000000e+01
1.000000000000000000e+01
1.000000000000000000e+01
1.000000000000000000e+01
1.000000000000000000e+01
1.000000000000000000e+01
1.000000000000000000e+01
1.000000000000000000e+01
1.000000000000000000e+01
1.000000000000000000e+01
1.000000000000000000e+01
9.662433303454802669e+00
9.032044756348433623e+00
8.485272014216976189e+00
8.139443811799043971e+00
7.977033377211729004e+00
7.934634525862431786e+00
7.951002294392285563e+00
7.984660082749782006e+00
8.014482177007764108e+00
8.033619409113626375e+00
8.042772013816655630e+00
8.045295206884276240e+00
8.044516114980904575e+00
8.042721855300021261e+00
8.041096613739613375e+00
8.040038450284528793e+00
8.039523346336643783e+00
8.039374163955905317e+00
8.039410321592265873e+00
8.039505792809405804e+00
8.039594290509697316e+00
8.039652757840492825e+00
8.039681714715580796e+00
8.039690488301163285e+00
8.039688870387989184e+00
8.039683800289861182e+00
8.039678985548391665e+00
8.039675757435265524e+00
8.039674131495846865e+00
8.039673617992106003e+00
8.039673686493298277e+00
8.039673955187179644e+00
8.039674216904391102e+00
8.039674395002565532e+00
8.039674486197055714e+00
8.039674516123229253e+00
8.039674513488320073e+00
8.039674499280945241e+00
8.039674485066912624e+00
8.039674475247602814e+00
8.039674470137581963e+00
8.039674468399798712e+00
8.039674468482276737e+00
8.039674469231714582e+00
8.039674470005044427e+00
8.039674470546181340e+00
8.039674470831608133e+00
8.039674470931492678e+00
8.039674470929920602e+00
8.039674470890156854e+00
8.039674470850304289e+00
8.039674470822712138e+00
8.039674470806238205e+00
8.039674470801259076e+00
8.039674470802063766e+00
8.039674470802854245e+00
8.039674470803394257e+00
8.039674470805751483e+00
8.039674470805985962e+00
8.039674470805371342e+00
8.039674470804555995e+00
8.039674470803925388e+00
8.039674470803477746e+00
8.039674470805413975e+00
8.039674470805591611e+00
8.039674470807220530e+00
8.039674470806678741e+00
8.039674470807522511e+00
8.039674470806575712e+00
8.039674470805159956e+00
8.039674470804197171e+00
8.039674470803586104e+00
8.039674470803225503e+00
8.039674470803234385e+00
8.039674470803305439e+00
8.039674470805504569e+00
8.039674470807856466e+00
8.039674470807410600e+00
8.039674470808101603e+00
8.039674470806996709e+00
8.039674470805431739e+00
8.039674470804273554e+00
8.039674470803570117e+00
8.039674470803175765e+00
8.039674470803134909e+00
8.039674470803264583e+00
8.039674470803383599e+00
8.039674470805557860e+00
8.039674470805755035e+00
8.039674470805238116e+00
8.039674470804531126e+00
8.039674470803964468e+00
8.039674470803586104e+00
8.039674470805504569e+00
8.039674470807721463e+00
8.039674470807293361e+00
8.039674470805911355e+00
8.039674470804687445e+00
8.039674470805943329e+00
8.039674470805726614e+00
8.039674470804946793e+00
8.039674470804246909e+00
8.039674470805763917e+00
8.039674470805648454e+00
8.039674470804936135e+00
8.039674470804239803e+00
8.039674470805755035e+00
8.039674470805660889e+00
8.039674470804955675e+00
8.039674470804275330e+00
8.039674470803767292e+00
8.039674470803404915e+00
8.039674470805444173e+00
8.039674470805609374e+00
8.039674470807231188e+00
8.039674470806684070e+00
8.039674470807545603e+00
8.039674470806630779e+00
8.039674470807382178e+00
8.039674470808492401e+00
8.039674470809556439e+00
8.039674470808005680e+00
8.039674470806041029e+00
8.039674470804566653e+00
8.039674470803678474e+00
8.039674470805397988e+00
8.039674470805477924e+00
8.039674470807117501e+00
8.039674470806561501e+00
8.039674470805366013e+00
8.039674470804419215e+00
8.039674470803756634e+00
8.039674470803319650e+00
8.039674470803191753e+00
8.039674470803271689e+00
8.039674470803374717e+00
8.039674470805559636e+00
8.039674470805758588e+00
8.039674470805241668e+00
8.039674470804531126e+00
8.039674470803943152e+00
8.039674470803507944e+00
8.039674470805476147e+00
8.039674470807796069e+00
8.039674470807339546e+00
8.039674470805984186e+00
8.039674470804710538e+00
8.039674470803882755e+00
8.039674470803401363e+00
8.039674470805364237e+00
8.039674470805570294e+00
8.039674470807140594e+00
8.039674470808593654e+00
8.039674470809716311e+00
8.039674470810279416e+00
8.039674470810425078e+00
8.039674470808311213e+00
8.039674470806092543e+00
8.039674470804529349e+00
8.039674470805701745e+00
8.039674470805515227e+00
8.039674470804852646e+00
8.039674470804193618e+00
8.039674470803692685e+00
8.039674470803330308e+00
8.039674470803200634e+00
8.039674470803289452e+00
8.039674470805504569e+00
8.039674470807863571e+00
8.039674470807421258e+00
8.039674470808108708e+00
8.039674470806998485e+00
8.039674470805431739e+00
8.039674470804293094e+00
8.039674470803525708e+00
8.039674470803182871e+00
8.039674470803138462e+00
8.039674470803264583e+00
8.039674470803380046e+00
8.039674470803397810e+00
8.039674470805548978e+00
8.039674470805753259e+00
8.039674470805206141e+00
8.039674470804506257e+00
8.039674470803978679e+00
8.039674470803591433e+00
8.039674470805499240e+00
8.039674470807717910e+00
8.039674470807298690e+00
8.039674470805911355e+00
8.039674470804687445e+00
8.039674470805925566e+00
8.039674470805676876e+00
8.039674470804929030e+00
8.039674470804246909e+00
8.039674470805717732e+00
8.039674470805648454e+00
8.039674470804914819e+00
8.039674470806339457e+00
8.039674470805952211e+00
8.039674470807183226e+00
8.039674470806474460e+00
8.039674470805181272e+00
8.039674470804230921e+00
8.039674470803591433e+00
8.039674470805413975e+00
8.039674470805547202e+00
8.039674470807101514e+00
8.039674470806513540e+00
8.039674470805300288e+00
8.039674470804362372e+00
8.039674470805771023e+00
8.039674470807716133e+00
8.039674470809291762e+00
8.039674470810245666e+00
8.039674470810512119e+00
8.039674470808476414e+00
8.039674470808352069e+00
8.039674470806840390e+00
8.039674470805174167e+00
8.039674470804090589e+00
8.039674470803443995e+00
8.039674470803163331e+00
8.039674470803129580e+00
8.039674470803261030e+00
8.039674470803381823e+00
8.039674470803397810e+00
8.039674470805548978e+00
8.039674470805753259e+00
8.039674470805202589e+00
8.039674470806629003e+00
8.039674470808298778e+00
8.039674470807501194e+00
8.039674470805975304e+00
8.039674470806744466e+00
8.039674470805953987e+00
8.039674470804900608e+00
8.039674470804083484e+00
8.039674470803529260e+00
8.039674470803200634e+00
8.039674470803195305e+00
8.039674470803308992e+00
8.039674470803403139e+00
8.039674470805572071e+00
8.039674470805767470e+00
8.039674470805238116e+00
8.039674470804532902e+00
8.039674470803962691e+00
8.039674470803586104e+00
8.039674470805501016e+00
8.039674470807719686e+00
8.039674470807289808e+00
8.039674470805909579e+00
8.039674470804689221e+00
0.000000000000000000e+00
0.000000000000000000e+00
0.000000000000000000e+00
0.000000000000000000e+00
0.000000000000000000e+00
0.000000000000000000e+00
0.000000000000000000e+00
0.000000000000000000e+00
0.000000000000000000e+00
5.138387687278146015e-02
2.130553598356060174e+00
4.320737634112218117e+00
5.846956186419091317e+00
6.628897970217343172e+00
6.876009212923132274e+00
6.840266136377740835e+00
6.708573726809764715e+00
6.582871345290305598e+00
6.499960402231434564e+00
6.460031673697877785e+00
6.449303924409650612e+00
6.453128877205140945e+00
6.461250301151247655e+00
6.468386477894524589e+00
6.472848181879124141e+00
6.474855562441800494e+00
6.475283483939816342e+00
6.474973345507583744e+00
6.474482743870825452e+00
6.474081701370614006e+00
6.473843943075419105e+00
6.473744858769317823e+00
6.473730411779668792e+00
6.473752779366877874e+00
6.473781925197289233e+00
6.473804252177799867e+00
6.473816791922298641e+00
6.473821559954930471e+00
6.473821838290525932e+00
6.473820321048015636e+00
6.473818610609671786e+00
6.473817378072913797e+00
6.473816724385130783e+00
6.473816501327515738e+00
6.473816513783865467e+00
6.473816611709012570e+00
6.473816710545114539e+00
6.473816777870713857e+00
6.473816811523504633e+00
6.473816821535342214e+00
6.473816819337704587e+00
6.473816813209436916e+00
6.473816807563026465e+00
6.473816803919661744e+00
6.473816802211657340e+00
6.473816801789457287e+00
6.473816801991940650e+00
6.473816802366542333e+00
6.473816802685714578e+00
6.473816802881072086e+00
6.473816802966281259e+00
6.473816802982232943e+00
6.473816802966693373e+00
6.473816802944191373e+00
6.473816802926329217e+00
6.473816802916077862e+00
6.473816802911948720e+00
6.473816802911376733e+00
6.473816802912359947e+00
6.473816802913618496e+00
6.473816802914659441e+00
6.473816802915217217e+00
6.473816802915522750e+00
6.473816802915544955e+00
6.473816802915425050e+00
6.473816802915305146e+00
6.473816802915255408e+00
6.473816802915235868e+00
6.473816802915205670e+00
6.473816802915267843e+00
6.473816802915329127e+00
6.473816802915346891e+00
6.473816802915324686e+00
6.473816802915340674e+00
6.473816802915325574e+00
6.473816802915345114e+00
6.473816802915325574e+00
6.473816802915344226e+00
6.473816802915325574e+00
6.473816802915336233e+00
6.473816802915321134e+00
6.473816802915345114e+00
6.473816802915329127e+00
6.473816802915299817e+00
6.473816802915289159e+00
6.473816802915282942e+00
6.473816802915330015e+00
6.473816802915322910e+00
6.473816802915334456e+00
6.473816802915322910e+00
6.473816802915342450e+00
6.473816802915324686e+00
6.473816802915339785e+00
6.473816802915322910e+00
6.473816802915336233e+00
6.473816802915321134e+00
6.473816802915334456e+00
6.473816802915328239e+00
6.473816802915303370e+00
6.473816802915288271e+00
6.473816802915282054e+00
6.473816802915327351e+00
6.473816802915319357e+00
6.473816802915340674e+00
6.473816802915326463e+00
6.473816802915298929e+00
6.473816802915290936e+00
6.473816802915281166e+00
6.473816802915331792e+00
6.473816802915316693e+00
6.473816802915341562e+00
6.473816802915322910e+00
6.473816802915335344e+00
6.473816802915322022e+00
6.473816802915342450e+00
6.473816802915324686e+00
6.473816802915345114e+00
6.473816802915323798e+00
6.473816802915344226e+00
6.473816802915324686e+00
6.473816802915336233e+00
6.473816802915321134e+00
6.473816802915341562e+00
6.473816802915326463e+00
6.473816802915301594e+00
6.473816802915287383e+00
6.473816802915278501e+00
6.473816802915326463e+00
6.473816802915320245e+00
6.473816802915336233e+00
6.473816802915321134e+00
6.473816802915345114e+00
6.473816802915328239e+00
6.473816802915301594e+00
6.473816802915286495e+00
6.473816802915278501e+00
6.473816802915324686e+00
6.473816802915336233e+00
6.473816802915321134e+00
6.473816802915345114e+00
6.473816802915327351e+00
6.473816802915302482e+00
6.473816802915289159e+00
6.473816802915283830e+00
6.473816802915322910e+00
6.473816802915336233e+00
6.473816802915330015e+00
6.473816802915295376e+00
6.473816802915288271e+00
6.473816802915284718e+00
6.473816802915329127e+00
6.473816802915325574e+00
6.473816802915336233e+00
6.473816802915321134e+00
6.473816802915334456e+00
6.473816802915318469e+00
6.473816802915336233e+00
6.473816802915322022e+00
6.473816802915346003e+00
6.473816802915328239e+00
6.473816802915302482e+00
6.473816802915285606e+00
6.473816802915279389e+00
6.473816802915330904e+00
6.473816802915317581e+00
6.473816802915342450e+00
6.473816802915322910e+00
6.473816802915338897e+00
6.473816802915325574e+00
6.473816802915344226e+00
6.473816802915326463e+00
6.473816802915298041e+00
6.473816802915286495e+00
6.473816802915287383e+00
6.473816802915282942e+00
6.473816802915330015e+00
6.473816802915322910e+00
6.473816802915336233e+00
6.473816802915328239e+00
6.473816802915298929e+00
6.473816802915282942e+00
6.473816802915324686e+00
6.473816802915345114e+00
6.473816802915328239e+00
6.473816802915301594e+00
6.473816802915289159e+00
6.473816802915283830e+00
6.473816802915325574e+00
6.473816802915345114e+00
6.473816802915328239e+00
6.473816802915301594e+00
6.473816802915286495e+00
6.473816802915280277e+00
6.473816802915324686e+00
6.473816802915336233e+00
6.473816802915328239e+00
6.473816802915295376e+00
6.473816802915288271e+00
6.473816802915285606e+00
6.473816802915284718e+00
6.473816802915325574e+00
6.473816802915336233e+00
6.473816802915320245e+00
6.473816802915344226e+00
6.473816802915323798e+00
6.473816802915338897e+00
6.473816802915325574e+00
6.473816802915344226e+00
6.473816802915322910e+00
6.473816802915334456e+00
6.473816802915318469e+00
6.473816802915339785e+00
6.473816802915326463e+00
6.473816802915295376e+00
6.473816802915282054e+00
6.473816802915328239e+00
6.473816802915323798e+00
6.473816802915344226e+00
6.473816802915323798e+00
6.473816802915344226e+00
6.473816802915325574e+00
6.473816802915336233e+00
6.473816802915321134e+00
6.473816802915335344e+00
6.473816802915319357e+00
6.473816802915335344e+00
6.473816802915321134e+00
6.473816802915345114e+00
6.473816802915327351e+00
6.473816802915296265e+00
6.473816802915286495e+00
6.473816802915287383e+00
6.473816802915280277e+00
6.473816802915327351e+00
6.473816802915323798e+00
6.473816802915344226e+00
6.473816802915326463e+00
6.473816802915297153e+00
6.473816802915286495e+00
6.473816802915288271e+00
6.473816802915280277e+00
6.473816802915327351e+00
6.473816802915322022e+00
6.473816802915337121e+00
6.473816802915322022e+00
6.473816802915335344e+00
6.473816802915322022e+00
6.473816802915338009e+00
6.473816802915320245e+00
6.473816802915344226e+00
6.473816802915326463e+00
6.473816802915300705e+00
6.473816802915292712e+00
6.473816802915283830e+00
6.473816802915330015e+00
6.473816802915326463e+00
6.473816802915299817e+00
6.473816802915291824e+00
6.473816802915282942e+00
6.473816802915329127e+00
6.473816802915325574e+00
6.473816802915336233e+00
6.473816802915321134e+00
6.473816802915341562e+00
6.473816802915326463e+00
6.473816802915301594e+00
6.473816802915288271e+00
6.473816802915282054e+00
6.473816802915329127e+00
6.473816802915321134e+00
6.473816802915344226e+00
6.473816802915325574e+00
6.473816802915336233e+00
6.473816802915321134e+00
6.473816802915334456e+00
6.473816802915319357e+00
6.473816802915335344e+00
6.473816802915321134e+00
6.473816802915345114e+00
6.473816802915326463e+00
6.473816802915302482e+00
6.473816802915283830e+00
6.473816802915322022e+00
6.473816802915338897e+00
6.473816802915330015e+00
6.473816802915301594e+00
6.473816802915290047e+00
6.473816802915288271e+00
6.473816802915284718e+00
6.473816802915330904e+00
1.000000000000000000e+01
1.000000000000000000e+01
1.000000000000000000e+01
1.000000000000000000e+01
1.000000000000000000e+01
1.000000000000000000e+01
1.000000000000000000e+01
1.000000000000000000e+01
1.000000000000000000e+01
1.000000000000000000e+01
1.000000000000000000e+01
1.000000000000000000e+01
1.000000000000000000e+01
1.000000000000000000e+01
1.000000000000000000e+01
1.000000000000000000e+01
1.000000000000000000e+01
1.000000000000000000e+01
1.000000000000000000e+01
1.000000000000000000e+01
1.000000000000000000e+01
1.000000000000000000e+01
1.000000000000000000e+01
1.000000000000000000e+01
1.000000000000000000e+01
1.000000000000000000e+01
1.000000000000000000e+01
1.000000000000000000e+01
1.000000000000000000e+01
1.000000000000000000e+01
1.000000000000000000e+01
1.000000000000000000e+01
1.000000000000000000e+01
1.000000000000000000e+01
1.000000000000000000e+01
1.000000000000000000e+01
1.000000000000000000e+01
1.000000000000000000e+01
1.000000000000000000e+01
1.000000000000000000e+01
1.000000000000000000e+01
1.000000000000000000e+01
1.000000000000000000e+01
1.000000000000000000e+01
1.000000000000000000e+01
1.000000000000000000e+01
1.000000000000000000e+01
1.000000000000000000e+01
1.000000000000000000e+01
1.000000000000000000e+01
1.000000000000000000e+01
1.000000000000000000e+01
1.000000000000000000e+01
1.000000000000000000e+01
9.999994224522826158e+00
9.646812334015693935e+00
9.259518777971123882e+00
8.976918525939366234e+00
8.820025663043505659e+00
8.758642440223866288e+00
8.752256668828909625e+00
8.768740340290982260e+00
8.788918218329875742e+00
8.804370746479234455e+00
8.813329723491147405e+00
8.817095378130439087e+00
8.817740522412595539e+00
8.817002139661633819e+00
8.815961623226506561e+00
8.815122297543354080e+00
8.814614567674466272e+00
8.814387301567844446e+00
8.814335820743009364e+00
8.814366876968977138e+00
8.814419905711250891e+00
8.814465182930613096e+00
8.814493752617410749e+00
8.814507283274032545e+00
8.814510979531059220e+00
8.814509810222778796e+00
8.814507144645318704e+00
8.814504719618970086e+00
8.814503122990540618e+00
8.814502326749202865e+00
8.814502077033846916e+00
8.814502111173950993e+00
8.814502242960507772e+00
8.814502371861902219e+00
8.814502460497756431e+00
8.814502506881265020e+00
8.814502523089075225e+00
8.814502522888799874e+00
8.814502516505388741e+00
8.814502509708612266e+00
8.814502504819776263e+00
8.814502502142534723e+00
8.814502501120360378e+00
8.814502501038576909e+00
8.814502501339516627e+00
8.814502501694789771e+00
8.814502501962813596e+00
8.814502502118939375e+00
8.814502502182245181e+00
8.814502502191054134e+00
8.814502502176305043e+00
8.814502502159982100e+00
8.814502502145138862e+00
8.814502502135461270e+00
8.814502502130602934e+00
8.814502502129114347e+00
8.814502502129263561e+00
8.814502502130086015e+00
8.814502502130871164e+00
8.814502502131386308e+00
8.814502502131691841e+00
8.814502502131816186e+00
8.814502502134647699e+00
8.814502502134871520e+00
8.814502502134020645e+00
8.814502502133002793e+00
8.814502502132263828e+00
8.814502502131819739e+00
8.814502502131642103e+00
8.814502502131581707e+00
8.814502502131590589e+00
8.814502502134546447e+00
8.814502502134844875e+00
8.814502502134004658e+00
8.814502502133022332e+00
8.814502502135116657e+00
8.814502502134804018e+00
8.814502502133795048e+00
8.814502502132771866e+00
8.814502502134970996e+00
8.814502502134757833e+00
8.814502502133793271e+00
8.814502502132825157e+00
8.814502502132128825e+00
8.814502502131761119e+00
8.814502502131610129e+00
8.814502502131610129e+00
8.814502502134532236e+00
8.814502502134835993e+00
8.814502502134027750e+00
8.814502502133040096e+00
8.814502502132281592e+00
8.814502502131844608e+00
8.814502502131642103e+00
8.814502502131622563e+00
8.814502502131659867e+00
8.814502502134557105e+00
8.814502502134832440e+00
8.814502502134029527e+00
8.814502502133040096e+00
8.814502502132281592e+00
8.814502502131844608e+00
8.814502502131642103e+00
8.814502502131620787e+00
8.814502502131661643e+00
8.814502502134553552e+00
8.814502502134834216e+00
8.814502502134036632e+00
8.814502502133024109e+00
8.814502502135125539e+00
8.814502502134816453e+00
8.814502502133805706e+00
8.814502502132775419e+00
8.814502502134978101e+00
8.814502502134763162e+00
8.814502502133782613e+00
8.814502502132784301e+00
8.814502502134924811e+00
8.814502502137594675e+00
8.814502502136837947e+00
8.814502502134983430e+00
8.814502502133279904e+00
8.814502502134976325e+00
8.814502502134610396e+00
8.814502502133626294e+00
8.814502502132654627e+00
8.814502502132000927e+00
8.814502502131640327e+00
8.814502502131569273e+00
8.814502502131574602e+00
8.814502502131656314e+00
8.814502502131752237e+00
8.814502502131809081e+00
8.814502502131853490e+00
8.814502502131869477e+00
8.814502502134669015e+00
8.814502502137694151e+00
8.814502502137022688e+00
8.814502502135244555e+00
8.814502502133448658e+00
8.814502502132246065e+00
8.814502502131597694e+00
8.814502502131359662e+00
8.814502502131363215e+00
8.814502502131487560e+00
8.814502502131604800e+00
8.814502502134558881e+00
8.814502502134889284e+00
8.814502502134034856e+00
8.814502502133009898e+00
8.814502502132214090e+00
8.814502502134615725e+00
8.814502502137525397e+00
8.814502502136901896e+00
8.814502502135074025e+00
8.814502502133331419e+00
8.814502502132230077e+00
8.814502502131620787e+00
8.814502502131482231e+00
8.814502502131494666e+00
8.814502502134480721e+00
8.814502502134743622e+00
8.814502502136781104e+00
8.814502502136042139e+00
8.814502502137274931e+00
8.814502502136052797e+00
8.814502502134336837e+00
8.814502502135717066e+00
8.814502502135042050e+00
8.814502502133739981e+00
8.814502502132640416e+00
8.814502502131952966e+00
8.814502502134443418e+00
8.814502502134555328e+00
8.814502502136592810e+00
8.814502502135866280e+00
8.814502502134342166e+00
8.814502502132956607e+00
8.814502502132089745e+00
8.814502502134452300e+00
8.814502502134523354e+00
8.814502502133727546e+00
8.814502502132807393e+00
8.814502502132107509e+00
8.814502502131743356e+00
8.814502502131643880e+00
8.814502502134528683e+00
8.814502502134757833e+00
8.814502502136791762e+00
8.814502502136045692e+00
8.814502502137274931e+00
8.814502502136043915e+00
8.814502502134324402e+00
8.814502502132825157e+00
8.814502502131963624e+00
8.814502502134383022e+00
8.814502502134503814e+00
8.814502502133693795e+00
8.814502502132739892e+00
8.814502502132059547e+00
8.814502502131707828e+00
8.814502502134388351e+00
8.814502502134594408e+00
8.814502502133843009e+00
8.814502502132928186e+00
8.814502502132240735e+00
8.814502502134688555e+00
8.814502502134741846e+00
8.814502502133851891e+00
8.814502502135725948e+00
8.814502502138113371e+00
8.814502502139932361e+00
8.814502502138161333e+00
8.814502502135518114e+00
8.814502502133390038e+00
8.814502502132066653e+00
8.814502502131450257e+00
8.814502502131327688e+00
8.814502502131420059e+00
8.814502502131523087e+00
8.814502502131631445e+00
8.814502502131764672e+00
8.814502502131830397e+00
8.814502502134660133e+00
8.814502502137683493e+00
8.814502502137047557e+00
8.814502502138084949e+00
8.814502502136534190e+00
8.814502502134496709e+00
8.814502502132844697e+00
8.814502502131890793e+00
8.814502502131436046e+00
8.814502502131359662e+00
8.814502502131427164e+00
8.814502502131531969e+00
8.814502502131638551e+00
8.814502502131773554e+00
8.814502502134626383e+00
8.814502502134816453e+00
8.814502502133997552e+00
8.814502502133017003e+00
8.814502502135109552e+00
8.814502502134800466e+00
8.814502502133827022e+00
8.814502502132830486e+00
8.814502502132127049e+00
0.000000000000000000e+00
0.000000000000000000e+00
0.000000000000000000e+00
0.000000000000000000e+00
0.000000000000000000e+00
0.000000000000000000e+00
0.000000000000000000e+00
0.000000000000000000e+00
0.000000000000000000e+00
0.000000000000000000e+00
0.000000000000000000e+00
0.000000000000000000e+00
0.000000000000000000e+00
0.000000000000000000e+00
0.000000000000000000e+00
0.000000000000000000e+00
0.000000000000000000e+00
0.000000000000000000e+00
0.000000000000000000e+00
0.000000000000000000e+00
0.000000000000000000e+00
0.000000000000000000e+00
0.000000000000000000e+00
0.000000000000000000e+00
0.000000000000000000e+00
0.000000000000000000e+00
0.000000000000000000e+00
0.000000000000000000e+00
0.000000000000000000e+00
0.000000000000000000e+00
0.000000000000000000e+00
0.000000000000000000e+00
0.000000000000000000e+00
0.000000000000000000e+00
0.000000000000000000e+00
0.000000000000000000e+00
0.000000000000000000e+00
0.000000000000000000e+00
0.000000000000000000e+00
0.000000000000000000e+00
0.000000000000000000e+00
0.000000000000000000e+00
0.000000000000000000e+00
0.000000000000000000e+00
0.000000000000000000e+00
2.274656891975343205e-08
6.324320640680469729e-01
1.792895932745319776e+00
2.747614296223180652e+00
3.290450892098930158e+00
3.487339537257630795e+00
3.484255807918645864e+00
3.406457257945981087e+00
3.327546031746178468e+00
3.275808202683567316e+00
3.252462349190313962e+00
3.248041724585119194e+00
3.252340050972264418e+00
3.258439946626924044e+00
3.263089514410989711e+00
3.265563423402795262e+00
3.266347579647234323e+00
3.266217063749793592e+00
3.265785509253770869e+00
3.265390769640549529e+00
3.265148028304390326e+00
3.265047780412008827e+00
3.265036601283133777e+00
3.265063086488955157e+00
3.265094585381867365e+00
3.265116969383622614e+00
3.265128070947072469e+00
3.265131014002471410e+00
3.265129835621713106e+00
3.265127507209763191e+00
3.265125557158852665e+00
3.265124432448977210e+00
3.265124013872649389e+00
3.265124009312354580e+00
3.265124163267678181e+00
3.265124323465517175e+00
3.265124430008100820e+00
3.265124478956177523e+00
3.265124488957537263e+00
3.265124480699812537e+00
3.265124472370070308e+00
3.265124462965082408e+00
3.265124456441486522e+00
3.265124453291298856e+00
3.265124452521306342e+00
3.265124452922755882e+00
3.265124453627783474e+00
3.265124458162202981e+00
3.265124458601505797e+00
3.265124457335026875e+00
3.265124455864905517e+00
3.265124458792594275e+00
3.265124458402474339e+00
3.265124456891224991e+00
3.265124455483519039e+00
3.265124454607348792e+00
3.265124454239052731e+00
3.265124458152897091e+00
3.265124458360213033e+00
3.265124457090202270e+00
3.265124455704351281e+00
3.265124454759228190e+00
3.265124454311662205e+00
3.265124454209214822e+00
3.265124454273420351e+00
3.265124458339182301e+00
3.265124458538926078e+00
3.265124457203541386e+00
3.265124455753260158e+00
3.265124454766636042e+00
3.265124454300775803e+00
3.265124454195212245e+00
3.265124454263089504e+00
3.265124454372999363e+00
3.265124458421234444e+00
3.265124458585655365e+00
3.265124461181391435e+00
3.265124459830074599e+00
3.265124457455287565e+00
3.265124455523020774e+00
3.265124454434217949e+00
3.265124454045873925e+00
3.265124454058839110e+00
3.265124458180235223e+00
3.265124458456665657e+00
3.265124457179108486e+00
3.265124459720146977e+00
3.265124458859099743e+00
3.265124457009676462e+00
3.265124455432364847e+00
3.265124454509793495e+00
3.265124454158018441e+00
3.265124454145601263e+00
3.265124454266162157e+00
3.265124454394965348e+00
3.265124454481842520e+00
3.265124454522446484e+00
3.265124454531323828e+00
3.265124454525064834e+00
3.265124454515257568e+00
3.265124454507542406e+00
3.265124454503307572e+00
3.265124454501872275e+00
3.265124454501980189e+00
3.265124454502652096e+00
3.265124454503292029e+00
3.265124458464554458e+00
3.265124458580873856e+00
3.265124461160061387e+00
3.265124459809932933e+00
3.265124457442636352e+00
3.265124455517654845e+00
3.265124454433496748e+00
3.265124458008033415e+00
3.265124458137407260e+00
3.265124456915747597e+00
3.265124455609237142e+00
3.265124454727470482e+00
3.265124454315040392e+00
3.265124454224734851e+00
3.265124454288068190e+00
3.265124458348378500e+00
3.265124458542843833e+00
3.265124457204081843e+00
3.265124455752357324e+00
3.265124458726347267e+00
3.265124458376944983e+00
3.265124460850907795e+00
3.265124463529844867e+00
3.265124461388787314e+00
3.265124458169609500e+00
3.265124455667534509e+00
3.265124454312262614e+00
3.265124453865565712e+00
3.265124457880300035e+00
3.265124458221162040e+00
3.265124457050383899e+00
3.265124455716055252e+00
3.265124458747239000e+00
3.265124462373022673e+00
3.265124460995391331e+00
3.265124458203133351e+00
3.265124455851122764e+00
3.265124454488484318e+00
3.265124453977354513e+00
3.265124453967706231e+00
3.265124454151536959e+00
3.265124454344377813e+00
3.265124454473217863e+00
3.265124454532725817e+00
3.265124454545147437e+00
3.265124458496264204e+00
3.265124458597617352e+00
3.265124457204426456e+00
3.265124455731953645e+00
3.265124454744346316e+00
3.265124454285907252e+00
3.265124454188309322e+00
3.265124454261625786e+00
3.265124454374080276e+00
3.265124458422919318e+00
3.265124458587017831e+00
3.265124457221315168e+00
3.265124455753375621e+00
3.265124454760009343e+00
3.265124458254744511e+00
3.265124458267604890e+00
3.265124460917114835e+00
3.265124463639474062e+00
3.265124461476535345e+00
3.265124458218377157e+00
3.265124455684461413e+00
3.265124454311163937e+00
3.265124453857990439e+00
3.265124453912060076e+00
3.265124454139482157e+00
3.265124458313932720e+00
3.265124458563715582e+00
3.265124461199485850e+00
3.265124459857021932e+00
3.265124457476185071e+00
3.265124455534329950e+00
3.265124454437934975e+00
3.265124454045380542e+00
3.265124454056907322e+00
3.265124454217550376e+00
3.265124454378567354e+00
3.265124454483389727e+00
3.265124454530241138e+00
3.265124454538742782e+00
3.265124454529729103e+00
3.265124454517227548e+00
3.265124454507769336e+00
3.265124454502795537e+00
3.265124454501248330e+00
3.265124454501534768e+00
3.265124454502437157e+00
3.265124454503247620e+00
3.265124458464593538e+00
3.265124458580931588e+00
3.265124457199268360e+00
3.265124455732975051e+00
3.265124454747352800e+00
3.265124454288570899e+00
3.265124454189913372e+00
3.265124454262235076e+00
3.265124454374136231e+00
3.265124454461897585e+00
3.265124454509777951e+00
3.265124454525835773e+00
3.265124454524202857e+00
3.265124454516444175e+00
3.265124454509065188e+00
3.265124458465300528e+00
3.265124458579450106e+00
3.265124457197474683e+00
3.265124455731695630e+00
3.265124454746713312e+00
3.265124454288404365e+00
3.265124454190026615e+00
3.265124454262460674e+00
3.265124454374313867e+00
3.265124458422826947e+00
3.265124458586786016e+00
3.265124457221086463e+00
3.265124455753181998e+00
3.265124454759911643e+00
3.265124458254723194e+00
3.265124458267619989e+00
3.265124456956284060e+00
3.265124455601624565e+00
3.265124454704249501e+00
3.265124454294003886e+00
3.265124454211868699e+00
3.265124458243674699e+00
3.265124458463992685e+00
3.265124461123491528e+00
3.265124459816595603e+00
3.265124457463365992e+00
3.265124455536474013e+00
3.265124454445019531e+00
3.265124454051902880e+00
3.265124454060920112e+00
3.265124454219219707e+00
3.265124454378735663e+00
3.265124454482925209e+00
3.265124454529725107e+00
3.265124454538380405e+00
3.265124454529547471e+00
3.265124454517218222e+00
3.265124454507812413e+00
3.265124454502839946e+00
3.265124454501279860e+00
3.265124454501548978e+00
