7.830914987433407193e-01
1.574381778450808955e+00
2.346012713710565301e+00
3.095615872934618817e+00
3.821013865259057951e+00
4.520220808800990753e+00
5.191441906180762622e+00
5.833209768993584454e+00
6.444183150345841327e+00
7.023144353918454819e+00
7.569173500824375900e+00
8.081513200818255527e+00
8.559478953834490866e+00
9.002856192354458997e+00
9.411304140791363793e+00
9.741524136721603000e+00
9.938822677082088219e+00
1.000000000000000000e+01
1.000000000000000000e+01
1.000000000000000000e+01
1.000000000000000000e+01
1.000000000000000000e+01
1.000000000000000000e+01
1.000000000000000000e+01
1.000000000000000000e+01
1.000000000000000000e+01
1.000000000000000000e+01
1.000000000000000000e+01
1.000000000000000000e+01
1.000000000000000000e+01
9.999986308082739583e+00
9.980485320576477193e+00
9.942359309391783029e+00
9.886468826732864201e+00
9.813765999166569998e+00
9.725252893145514221e+00
9.621862403108231376e+00
9.504545125125515526e+00
9.374347510406565220e+00
9.232317101520955305e+00
9.079421563774831228e+00
8.916630389481529306e+00
8.744911459627603634e+00
8.565294664300408201e+00
8.378777435316317579e+00
8.186292018759095512e+00
7.988756524594709418e+00
7.787072280027715010e+00
7.582121319361764478e+00
7.374764027119664611e+00
7.165836931427302048e+00
6.956150651912919258e+00
6.746518030444499381e+00
6.537688779020982999e+00
6.330377452961092111e+00
6.125266362574049772e+00
5.923004366013549848e+00
5.724205820306043080e+00
5.529449688889373604e+00
5.339278801061956514e+00
5.154199264399776936e+00
4.974680025520319404e+00
4.801152576335945277e+00
4.634030782822851968e+00
4.473687445888154812e+00
4.320444697266658807e+00
4.174586930272726981e+00
4.036361168839692759e+00
3.905977557676154621e+00
3.783609965757343652e+00
3.669396697863220869e+00
3.563441309443133864e+00
3.465813516226233570e+00
3.376550195843242452e+00
3.295656469112654197e+00
3.223181853046483969e+00
3.159072932584128246e+00
3.103245692888711549e+00
3.055588895259117255e+00
3.015965514617559240e+00
2.984214214636171647e+00
2.960150863219317419e+00
2.943570075657543583e+00
2.934247200177943604e+00
2.932015407047213529e+00
2.936611827216360382e+00
2.947758241756825548e+00
2.965162723955982127e+00
2.988521270731505197e+00
3.017519414068844608e+00
3.051833810508034706e+00
3.091133799211349231e+00
3.135082927864277558e+00
3.183340437862528738e+00
3.235578503544803031e+00
3.291474241896588993e+00
3.350679202069012153e+00
3.412845993543220047e+00
3.477629548321697239e+00
3.544688323735139868e+00
3.613685446266745149e+00
3.684289795465305328e+00
3.756177022132497711e+00
3.829030502620641041e+00
3.902542226766098743e+00
3.976413618048167287e+00
4.050356286060986299e+00
4.124092710797661709e+00
4.197356859022883135e+00
4.269894732157995421e+00
4.341464848795449250e+00
4.411838660112290533e+00
4.480800898020993905e+00
4.548149862578010350e+00
4.613697645645626899e+00
4.677270294176076426e+00
4.738707914673123689e+00
4.797864721338911842e+00
4.854609029236511830e+00
4.908823195534815831e+00
4.960403510512239045e+00
5.009260041460810164e+00
5.055316431432163249e+00
5.098509655684261510e+00
5.138789737763005405e+00
5.176119430891338524e+00
5.210473861280134678e+00
5.241840142152734749e+00
5.270216957531585145e+00
5.295614121190284962e+00
5.318052109580036380e+00
5.337561575094256661e+00
5.354182840281296762e+00
5.367965376268431399e+00
5.378980441428754311e+00
5.387301953375132513e+00
5.393002875921717454e+00
5.396162999378826264e+00
5.396868384903237725e+00
5.395210806584562313e+00
5.391287194476479527e+00
5.385199080351901202e+00
5.377052047469028651e+00
5.366955189189643427e+00
5.355020572059190798e+00
5.341362711264616259e+00
5.326098056666821456e+00
5.309344491603947169e+00
5.291220845624921232e+00
5.271846422659970166e+00
5.251340545487067857e+00
5.229822117619833399e+00
5.207409203204745651e+00
5.184218626628497084e+00
5.160365591501669513e+00
5.135963320231786255e+00
5.111122714557194691e+00
5.085952037172347673e+00
5.060556616456127088e+00
5.035038571052485423e+00
5.009496558247827913e+00
4.984025543913189971e+00
4.958716594843565417e+00
4.933656693399884219e+00
4.908928573788470473e+00
4.884610580410872593e+00
4.860776547576596940e+00
4.837495700319681013e+00
4.814832575273576332e+00
4.792846964054841230e+00
4.771593872906605860e+00
4.751123503642324053e+00
4.731481252276052096e+00
4.712707726025871402e+00
4.694838775694806898e+00
4.677905546417918892e+00
4.661934542401584558e+00
4.646947707119505999e+00
4.632962515908403134e+00
4.619992083306523334e+00
4.608045281179419028e+00
4.597126868686054912e+00
4.587237631741040822e+00
4.578374532373918449e+00
4.570530866355656308e+00
4.563696428347563838e+00
4.557857683674759741e+00
4.552997945835341120e+00
4.549097558868502311e+00
4.546134083719835850e+00
4.544082487759749434e+00
4.542915336631218715e+00
4.542602987625735445e+00
4.543113783811159045e+00
4.544414248162063963e+00
4.546469276971831341e+00
4.549242331856124366e+00
4.552695629689146095e+00
4.556790329847188126e+00
4.561486718168134225e+00
4.566744387070685640e+00
4.572522411312898605e+00
4.578779518906044288e+00
4.585474256736620902e+00
4.592565150486386472e+00
4.600010858477483922e+00
4.607770319106800905e+00
4.615802891570646160e+00
4.624068489617402022e+00
4.632527707986161758e+00
4.641141941861825160e+00
4.649873498222715895e+00
4.658685699395201496e+00
4.667542980880927672e+00
4.676410978340115321e+00
4.685256607808005569e+00
4.694048139363391492e+00
4.702755261684705701e+00
4.711349139284222609e+00
4.719802462053462655e+00
4.728089486703369815e+00
4.736186073066026125e+00
4.744069709731096651e+00
4.751719534923827482e+00
4.759116349418477832e+00
4.766242625143076950e+00
4.773082503574230806e+00
4.779621790431187733e+00
4.785847943744463429e+00
4.791750057561238840e+00
4.797318839180002570e+00
4.802546580240785623e+00
4.807427124757549741e+00
4.811955832118569809e+00
4.816129536226940289e+00
4.819946499512538729e+00
4.823406365470451540e+00
4.826510106356341367e+00
4.829259968820354132e+00
4.831659416610333047e+00
4.833713070668691714e+00
4.835426648007960182e+00
4.836806898475266792e+00
4.837861540275224748e+00
4.838599194200198461e+00
4.839029316769342337e+00
4.839162135172172974e+00
4.839008577844519543e+00
4.838580208245407910e+00
4.837889157550482544e+00
4.836948058558542485e+00
4.835769979850082834e+00
4.834368360831568623e+00
4.832756948037082445e+00
4.830949732804953101e+00
4.828960890403744877e+00
4.826804719863559079e+00
4.824495588690461467e+00
4.822047875436513920e+00
4.819475917093861028e+00
4.816793957717642627e+00
4.814016099017371708e+00
4.811156255648000091e+00
4.808228109672213257e+00
4.805245069022777926e+00
4.802220229273432395e+00
4.799166337215133638e+00
4.796095757306238383e+00
4.793020440813353211e+00
4.789951897659659785e+00
4.786901170977550635e+00
4.783878814352594766e+00
4.780894871205775942e+00
4.777958858476831772e+00
4.775079751229905689e+00
4.772265971268858209e+00
4.769525375301556736e+00
4.766865249139771166e+00
4.764292302720601668e+00
4.761812667029711399e+00
4.759431894005051511e+00
4.757154958278941415e+00
4.754986261043967488e+00
4.752929635745085868e+00
4.750988355149353026e+00
4.749165142679270701e+00
4.747462181761050282e+00
4.745881129006364496e+00
4.744423128407010637e+00
4.743088826641359113e+00
4.741878389857653531e+00
4.740791521490346661e+00
4.739827481136160259e+00
4.738985104326411069e+00
4.738262823102265209e+00
4.737658687205726693e+00
4.737170386066348549e+00
4.736795271047864908e+00
4.736530378184646395e+00
4.736372451320296051e+00
4.736317965192855084e+00
6.362877487559971401e-01
1.259482695999994517e+00
1.883231779153137886e+00
2.505277818712969840e+00
3.123375700620985906e+00
3.735381445513414000e+00
4.339256420360057653e+00
4.933070941425436118e+00
5.515007272141619232e+00
6.083362036409587503e+00
6.636548060921448666e+00
7.173095682878447121e+00
7.691664779946509434e+00
8.191097332397179187e+00
8.670289441937175212e+00
9.128253690510332419e+00
9.555498559090825239e+00
9.850382401592131743e+00
1.000000000000000000e+01
1.000000000000000000e+01
1.000000000000000000e+01
1.000000000000000000e+01
1.000000000000000000e+01
1.000000000000000000e+01
1.000000000000000000e+01
1.000000000000000000e+01
1.000000000000000000e+01
1.000000000000000000e+01
1.000000000000000000e+01
1.000000000000000000e+01
1.000000000000000000e+01
1.000000000000000000e+01
1.000000000000000000e+01
1.000000000000000000e+01
1.000000000000000000e+01
1.000000000000000000e+01
1.000000000000000000e+01
1.000000000000000000e+01
1.000000000000000000e+01
1.000000000000000000e+01
1.000000000000000000e+01
1.000000000000000000e+01
1.000000000000000000e+01
1.000000000000000000e+01
1.000000000000000000e+01
1.000000000000000000e+01
1.000000000000000000e+01
1.000000000000000000e+01
1.000000000000000000e+01
1.000000000000000000e+01
1.000000000000000000e+01
1.000000000000000000e+01
1.000000000000000000e+01
1.000000000000000000e+01
9.992985538508692755e+00
9.978892439663120228e+00
9.958026150456589676e+00
9.930703979631818612e+00
9.897253592851088300e+00
9.858024096273549475e+00
9.813417748627003334e+00
9.763780039896909457e+00
9.709460830687683952e+00
9.650813038136327293e+00
9.588191358865685743e+00
9.521951029570825398e+00
9.452446628431863118e+00
9.380030919789698274e+00
9.305053744642531655e+00
9.227860958792950541e+00
9.148793421416769434e+00
9.068186034270439677e+00
8.986366834277312421e+00
8.903656139385203616e+00
8.820365753817346999e+00
8.736799744831799330e+00
8.653261996985390780e+00
8.570031797639144244e+00
8.487377354928696604e+00
8.405555299526737301e+00
8.324810241975216130e+00
8.245374385227410841e+00
8.167467192111374175e+00
8.091295108844672512e+00
8.017051336990249411e+00
7.944915659669726793e+00
7.875054321244042477e+00
7.807619953787422240e+00
7.742760701009392399e+00
7.680606845127049276e+00
7.621271392586864479e+00
7.564853744391154322e+00
7.511439847136644588e+00
7.461102381358626801e+00
7.413900990451021578e+00
7.369882544949711622e+00
7.329081439269293341e+00
7.291519921930960990e+00
7.257208454529250119e+00
7.226146097938134005e+00
7.198320923470141963e+00
7.173710447299750825e+00
7.152282083855175721e+00
7.133993619700433442e+00
7.118793701824335685e+00
7.106622340458904397e+00
7.097411422591812347e+00
7.091085236079230469e+00
7.087561000535819389e+00
7.086749402662626096e+00
7.088555136965462466e+00
7.092877446706231659e+00
7.099610661437633752e+00
7.108644736254188246e+00
7.119879226639645786e+00
7.133209814385939040e+00
7.148514936685566923e+00
7.165670649236766998e+00
7.184551140111915757e+00
7.205029231686677527e+00
7.226976868909337881e+00
7.250265592674516313e+00
7.274766997836389137e+00
7.300353173007468222e+00
7.326897123199911377e+00
7.354273174879047303e+00
7.382357360619620223e+00
7.411027782446942602e+00
7.440164957153182712e+00
7.469652138419253795e+00
7.499375620529667330e+00
7.529225017018942978e+00
7.559093519486295598e+00
7.588878134403680420e+00
7.618479896621612291e+00
7.647804065406758056e+00
7.676760293514480082e+00
7.705262777406672647e+00
7.733230386583367810e+00
7.760586771376662085e+00
7.787260450757055530e+00
7.813184879850954445e+00
7.838298498214148147e+00
7.862544759119694859e+00
7.885872141039414807e+00
7.908234139321318246e+00
7.929589245844978151e+00
7.949900906653848409e+00
7.969137466743057452e+00
7.987272100737473401e+00
8.004282729081321435e+00
8.020151919841497445e+00
8.034866779576351092e+00
8.048418832142964163e+00
8.060803886840792742e+00
8.072021897144228575e+00
8.082076810177440507e+00
8.090976407332503229e+00
8.098732138739020314e+00
8.105358950676739838e+00
8.110875106769691811e+00
8.115302007367011683e+00
8.118663999833364286e+00
8.120988188359429927e+00
8.122304243279401703e+00
8.122644206366722130e+00
8.122042293106186861e+00
8.120534699982435711e+00
8.118159406063854888e+00
8.114955980977585526e+00
8.110965392330498958e+00
8.106229813260796391e+00
8.100792435476622089e+00
8.094697284753916477e+00
8.087989042321915178e+00
8.080717661430213639e+00
8.072931243007900548e+00
8.064674801573243457e+00
8.055993311624296993e+00
8.046931558121080741e+00
8.037533990832191222e+00
8.027844587504802121e+00
8.017906721374945533e+00
8.007763036831102355e+00
7.997455331164381676e+00
7.987024444745956409e+00
7.976510157052436156e+00
7.965951090370352539e+00
7.955384621194300010e+00
7.944846798542502420e+00
7.934372270582453979e+00
7.923994217761967107e+00
7.913744293927086559e+00
7.903652573296430006e+00
7.893747507400519225e+00
7.884055885128925745e+00
7.874602805326527566e+00
7.865411650370617735e+00
7.856504070191694389e+00
7.847899970922655122e+00
7.839617510812250778e+00
7.831673101901466261e+00
7.824081417227165325e+00
7.816855404931942530e+00
7.810006305798955495e+00
7.803543676894305392e+00
7.797475420622579811e+00
7.791807817532518499e+00
7.786545563833473516e+00
7.781691812185467683e+00
7.777248217291166554e+00
7.773214984846314124e+00
7.769590922213573947e+00
7.766373493529806993e+00
7.763558877108374112e+00
7.761142024719793753e+00
7.759116722993331550e+00
7.757475656785231877e+00
7.756210473771976588e+00
7.755314502180790548e+00
7.754778811995547194e+00
7.754592191414700686e+00
7.754742639347411703e+00
7.755217434917191177e+00
7.756003207107899478e+00
7.757086004118983524e+00
7.758451362199684453e+00
7.760084373824942539e+00
7.761969754617677353e+00
7.764091909636090527e+00
7.766434997947055940e+00
7.768982995762824473e+00
7.771719758011554902e+00
7.774629078231571455e+00
7.777694746091408540e+00
7.780900602972689484e+00
7.784230595282744858e+00
7.787668826578610926e+00
7.791199605073943601e+00
7.794807491001463973e+00
7.798477339846228595e+00
7.802194343649564878e+00
7.805944069954175113e+00
7.809712496496033829e+00
7.813486045447159078e+00
7.817251613701253987e+00
7.820996599963152107e+00
7.824708930017177266e+00
7.828377078970785163e+00
7.831990090500272395e+00
7.835537594352791402e+00
7.839009820346535484e+00
7.842397610024822718e+00
7.845692426163481947e+00
7.848886358859587631e+00
7.851972130180371323e+00
7.854943096169546557e+00
7.857793246609996451e+00
7.860517202625185718e+00
7.863110212206072980e+00
7.865568143754231301e+00
7.867887477735379775e+00
7.870065296540569300e+00
7.872099272654829782e+00
7.873987655235292316e+00
7.875729254863648165e+00
7.877323427983100146e+00
7.878770058883647565e+00
7.880069541013476453e+00
7.881222757289964242e+00
7.882231058504078902e+00
7.883096243904692102e+00
7.883820536893632713e+00
7.884406561257878643e+00
7.884857320848588813e+00
7.885176172681228834e+00
7.885366803728751428e+00
7.885433205257978528e+00
7.885379650026549392e+00
7.885210666545938274e+00
7.884931014683101758e+00
7.884545660773561337e+00
7.884059752310967895e+00
7.883478594836994979e+00
7.882807627165395736e+00
7.882052399266732401e+00
7.881218548069936602e+00
7.880311774680105685e+00
7.879337824024295500e+00
7.878302463545066914e+00
7.877211461255245517e+00
7.876070566744130197e+00
7.874885492131004305e+00
7.873661893774252185e+00
7.872405355465695642e+00
7.871121371140200829e+00
7.869815329699717310e+00
7.868492500375347198e+00
7.867158019028630100e+00
7.865816875405014841e+00
0.000000000000000000e+00
0.000000000000000000e+00
0.000000000000000000e+00
0.000000000000000000e+00
0.000000000000000000e+00
0.000000000000000000e+00
5.092966452283048673e-03
3.205239979271876094e-02
7.997762135630086255e-02
1.480759539329202790e-01
2.354314164114902908e-01
3.410195376317322058e-01
4.638775023783238138e-01
6.030115348042990320e-01
7.573164416218277628e-01
9.256729493140041232e-01
1.107088535109702399e+00
1.300434017901840100e+00
1.504563363130931197e+00
1.718333982869728827e+00
1.940666666235114191e+00
2.170505412179692062e+00
2.406728544662066760e+00
2.648233208548343764e+00
2.893938820695182379e+00
3.142790293469056362e+00
3.393761028335135599e+00
3.645855672570137429e+00
3.898162958769272990e+00
4.149746324640013917e+00
4.399707267556109969e+00
4.647187598600270420e+00
4.891371093927253000e+00
5.131484916134976260e+00
5.366800804716902462e+00
5.596636047632099320e+00
5.820354237350151116e+00
6.037365818471915446e+00
6.247128434373237837e+00
6.449155406604058172e+00
6.643042600483672011e+00
6.828394378775960227e+00
7.004861161005086601e+00
7.172138897136036917e+00
7.329968397010714121e+00
7.478134523474103901e+00
7.616465259420158063e+00
7.744830656947672587e+00
7.863141677734007295e+00
7.971378997750714568e+00
8.069591175484873702e+00
8.157803667751119647e+00
8.236076621604990322e+00
8.304503344788010111e+00
8.363208721015334746e+00
8.412347577335070881e+00
8.452103011565526458e+00
8.482744660303108475e+00
8.504525661491726396e+00
8.517700738484538903e+00
8.522545438369938609e+00
8.519354386477179020e+00
8.508439537530076535e+00
8.490128435397203077e+00
8.464762481450460285e+00
8.432741121757702629e+00
8.394446384076278633e+00
8.350247168916160589e+00
8.300519305026432093e+00
8.245643979528365364e+00
8.186006213192662528e+00
8.121993378922281792e+00
8.053993767861335584e+00
7.982395206637010965e+00
7.907583726094686405e+00
7.829942286478999591e+00
7.749849752602973929e+00
7.667716001544988558e+00
7.583903448046632079e+00
7.498766918622405520e+00
7.412652707767814597e+00
7.325897697497414818e+00
7.238828539550778984e+00
7.151760901190262310e+00
7.064998776795590629e+00
6.978833862920460263e+00
6.893544998708005522e+00
6.809397668870161624e+00
6.726643572674305460e+00
6.645520253819246825e+00
6.566250793417947484e+00
6.489043563837277873e+00
6.414092041125552868e+00
6.341574678611046068e+00
6.271654833293549558e+00
6.204480749573993315e+00
6.140185595452103406e+00
6.078887550218505353e+00
6.020689940508165527e+00
5.965681423951997964e+00
5.913936216947452529e+00
5.865514364305505879e+00
5.820473260890146605e+00
5.778862339540650872e+00
5.740701372842602623e+00
5.705997192094056203e+00
5.674744139888991512e+00
5.646924550853388958e+00
5.622509257986986420e+00
5.601458121218790609e+00
5.583720574983042084e+00
5.569236195861396510e+00
5.557935280398869082e+00
5.549739436651464963e+00
5.544562186338183984e+00
5.542309571859288297e+00
5.542880768256480017e+00
5.546168696837250778e+00
5.552060638432068096e+00
5.560438843999135017e+00
5.571181140552054600e+00
5.584161530628151127e+00
5.599250781144125000e+00
5.616317005180806454e+00
5.635226228367520740e+00
5.655842943558509361e+00
5.678038145089796096e+00
5.701684473242128348e+00
5.726643543084493970e+00
5.752777443431592808e+00
5.779949213024933030e+00
5.808023295571563160e+00
5.836865972419663429e+00
5.866345772549959925e+00
5.896333858944789341e+00
5.926704391072727063e+00
5.957334862370093020e+00
5.988106414752227380e+00
6.018904125741074473e+00
6.049617272631582665e+00
6.080139570146045003e+00
6.110369384623301592e+00
6.140209921709774754e+00
6.169569392815691167e+00
6.198361153158263193e+00
6.226503819065562162e+00
6.253921361291663317e+00
6.280543175311167126e+00
6.306304129476430376e+00
6.331144594068206288e+00
6.355010446325416673e+00
6.377853056499925621e+00
6.399629256281359702e+00
6.420301288134674600e+00
6.439836736740163659e+00
6.458208444648230184e+00
6.475394412129164223e+00
6.491377682512676550e+00
6.506146213779355314e+00
6.519692737349188860e+00
6.532014605908255334e+00
6.543113629470441950e+00
6.552995902665434080e+00
6.561671622733687315e+00
6.569154899955473859e+00
6.575463561302553828e+00
6.580622108475220777e+00
6.584661745476556582e+00
6.587609932042339800e+00
6.589496954595911227e+00
6.590355714088987682e+00
6.590221512347031130e+00
6.589131838171062405e+00
6.587126153636422288e+00
6.584245680692886182e+00
6.580533192313784419e+00
6.576032801926212201e+00
6.570789758696725436e+00
6.564850245625585501e+00
6.558261182113954924e+00
6.551070031104618607e+00
6.543324611005383318e+00
6.535072915803759486e+00
6.526362937365860262e+00
6.517242497356475539e+00
6.507759084249947534e+00
6.497959699034677961e+00
6.487890707454083916e+00
6.477597700115182988e+00
6.467125360684067736e+00
6.456517342180002395e+00
6.445816150266412414e+00
6.435063038463523455e+00
6.424297906481270637e+00
6.413559212354316585e+00
6.402883888002026680e+00
6.392307268217915173e+00
6.381863023452976513e+00
6.371583102570723689e+00
6.361497686463292389e+00
6.351635145434551433e+00
6.342022006919631139e+00
6.332682930249151632e+00
6.323640689553892358e+00
6.314916162453213744e+00
6.306528328047975585e+00
6.298494269606925045e+00
6.290829185303221216e+00
6.283546404635133698e+00
6.276657410152542305e+00
6.270171867370392782e+00
6.264097655800344278e+00
6.258440909972143196e+00
6.253206061146760142e+00
6.248395884597663930e+00
6.244011553550598670e+00
6.240052692100760190e+00
6.236517436674004600e+00
6.233402496059055053e+00
6.230703217028764840e+00
6.228413651257858064e+00
6.226526624572785273e+00
6.225033807940284269e+00
6.223925789961717747e+00
6.223192150450570281e+00
6.222821534765498264e+00
6.222801728734845383e+00
6.223119733850474233e+00
6.223761842418991996e+00
6.224713712405807620e+00
6.225960441127046607e+00
6.227486640710430343e+00
6.229276508748194274e+00
6.231313900004319173e+00
6.233582396484920629e+00
6.236065375416791845e+00
6.238746075790311707e+00
6.241607662597822070e+00
6.244633289087127892e+00
6.247806157033251928e+00
6.251109573904869876e+00
6.254527008095646323e+00
6.258042141361336519e+00
6.261638918429123457e+00
6.265301593926899670e+00
6.269014776589526328e+00
6.272763469680739945e+00
6.276533111235797158e+00
6.280309607365563096e+00
6.284079364665950074e+00
6.287829320774566355e+00
6.291546970656345827e+00
6.295220388910666820e+00
6.298838250836971575e+00
6.302389849979479486e+00
6.305865113006453804e+00
6.309254611705103599e+00
6.312549572095940142e+00
6.315741881384402845e+00
6.318824091039674684e+00
6.321789419310197111e+00
6.324631750050308199e+00
6.327345629381582626e+00
6.329926260245835934e+00
6.332369495045654162e+00
6.334671825969929948e+00
6.336830373413905093e+00
6.338842872821220276e+00
6.340707659145583541e+00
6.342423652389486577e+00
6.343990337438078164e+00
6.345407745061728555e+00
6.346676433160233444e+00
6.347797463575069798e+00
6.348772379864605853e+00
6.349603183978852705e+00
6.350292312167614028e+00
6.350842610132604094e+00
6.351257307839645705e+00
6.351539993644467863e+00
6.351694588346841641e+00
6.351725318920435903e+00
6.351636692198966649e+00
6.351433468535857330e+00
6.351120635550651095e+00
6.350703382032246935e+00
6.350187072162440494e+00
6.349577219919882332e+00
6.348879464310346776e+00
6.348099544551116580e+00
6.347243276177691129e+00
6.346316527576467692e+00
6.345325197419928287e+00
6.344275192619822867e+00
6.343172407232501975e+00
6.342022702007530377e+00
6.340831885068056728e+00
6.339605693400884867e+00
6.338349775061381308e+00
6.337069671975612550e+00
5.333243211343241530e-01
1.054821230489157546e+00
1.583840342712356630e+00
2.118214029044183100e+00
2.655835866968770720e+00
3.194666222383397258e+00
3.732797948718201031e+00
4.268341684765520228e+00
4.799467326737062223e+00
5.324429546729367857e+00
5.841570975387318398e+00
6.349324901676052235e+00
6.846217501916962433e+00
7.330869612942251479e+00
7.801998065471127397e+00
8.258416597457644670e+00
8.699069976183970709e+00
9.123019680446100566e+00
9.529381060445363261e+00
9.823544952652632389e+00
9.984171326732752760e+00
1.000000000000000000e+01
1.000000000000000000e+01
1.000000000000000000e+01
1.000000000000000000e+01
1.000000000000000000e+01
1.000000000000000000e+01
1.000000000000000000e+01
1.000000000000000000e+01
1.000000000000000000e+01
1.000000000000000000e+01
1.000000000000000000e+01
1.000000000000000000e+01
1.000000000000000000e+01
1.000000000000000000e+01
1.000000000000000000e+01
1.000000000000000000e+01
1.000000000000000000e+01
1.000000000000000000e+01
1.000000000000000000e+01
1.000000000000000000e+01
1.000000000000000000e+01
1.000000000000000000e+01
1.000000000000000000e+01
1.000000000000000000e+01
1.000000000000000000e+01
1.000000000000000000e+01
1.000000000000000000e+01
1.000000000000000000e+01
1.000000000000000000e+01
1.000000000000000000e+01
1.000000000000000000e+01
1.000000000000000000e+01
1.000000000000000000e+01
1.000000000000000000e+01
1.000000000000000000e+01
1.000000000000000000e+01
1.000000000000000000e+01
1.000000000000000000e+01
1.000000000000000000e+01
1.000000000000000000e+01
1.000000000000000000e+01
1.000000000000000000e+01
1.000000000000000000e+01
1.000000000000000000e+01
1.000000000000000000e+01
1.000000000000000000e+01
9.998324349947729672e+00
9.992054662065825710e+00
9.981376558745184369e+00
9.966483727992166308e+00
9.947576981858489376e+00
9.924863325562535366e+00
9.898555057459804019e+00
9.868868868513562376e+00
9.836043422997466479e+00
9.800313847698019387e+00
9.761902630230087752e+00
9.721033188912908685e+00
9.677929102701556374e+00
9.632813368443587265e+00
9.585907684907025939e+00
9.537431769153680960e+00
9.487602701027615382e+00
9.436634301584756912e+00
9.384736541550163125e+00
9.332114986974382020e+00
9.278970274429958920e+00
9.225497626442958676e+00
9.171886395152814231e+00
9.118319648171105740e+00
9.064973783670422947e+00
9.012018184133937737e+00
8.959614904746958430e+00
8.907918396787080084e+00
8.857075265547011966e+00
8.807224062669080311e+00
8.758495112542414418e+00
8.711010371721352286e+00
8.664883321060695920e+00
8.620218889388857164e+00
8.577113408536449768e+00
8.535654598200467902e+00
8.495921579867903972e+00
8.457984918911785499e+00
8.421906692561270447e+00
8.387740587355507316e+00
8.355532015725714245e+00
8.325318259207241667e+00
8.297128634033478889e+00
8.270984675591529722e+00
8.246900343663986277e+00
8.224882244822332211e+00
8.204929872144617775e+00
8.187035860210968963e+00
8.171186253761677065e+00
8.157360788405226160e+00
8.145533183093975893e+00
8.135671441242500634e+00
8.127738163717504349e+00
8.121690863632171187e+00
8.117482290311068382e+00
8.115060756924261653e+00
8.114370471216588498e+00
8.115364370487172962e+00
8.117981244758283310e+00
8.122154309937338112e+00
8.127813944799703094e+00
8.134888022720373257e+00
8.143302246816713108e+00
8.152980477341792209e+00
8.163845052182420403e+00
8.175817103145130105e+00
8.188816864786137018e+00
8.202763974544888370e+00
8.217577763672078817e+00
8.233177542017410033e+00
8.249482867511552797e+00
8.266413808994032664e+00
8.283891196489996389e+00
8.301836859131293878e+00
8.320173854838976979e+00
8.338826682046692085e+00
8.357721482987297890e+00
8.376786233057995190e+00
8.395950916947645837e+00
8.415147690680656822e+00
8.434311034046507061e+00
8.453377885068878328e+00
8.472287765753014455e+00
8.490982890042072739e+00
8.509408262299437808e+00
8.527511763079173690e+00
8.545244218135671588e+00
8.562559460070579220e+00
8.579414375453708885e+00
8.595768938244015445e+00
8.611586232956062403e+00
8.626832469817069082e+00
8.641476982604544332e+00
8.655492222586179452e+00
8.668853735557522810e+00
8.681540136052284140e+00
8.693533067590051289e+00
8.704817154152943104e+00
8.715379947067297906e+00
8.725211861958909410e+00
8.734306105301365974e+00
8.742658600650525358e+00
8.750267901374705559e+00
8.757135104984767437e+00
8.763263755383652764e+00
8.768659743346727709e+00
8.773331205460038973e+00
8.777288412884937330e+00
8.780543664126325254e+00
8.783111168109867251e+00
8.785006929350021920e+00
8.786248630657778946e+00
8.786855512178988192e+00
8.786848254021162319e+00
8.786248852854933844e+00
8.785080502298663774e+00
8.783367472058007053e+00
8.781134988552341980e+00
8.778409114955509907e+00
8.775216635883635874e+00
8.771584942245167937e+00
8.767541915667642627e+00
8.763115817696405685e+00
8.758335184315862776e+00
8.753228717971126116e+00
8.747825186351082749e+00
8.742153323616255634e+00
8.736241734859264696e+00
8.730118807175626827e+00
8.723812619947663549e+00
8.717350862559237967e+00
8.710760755971460156e+00
8.704068977810798913e+00
8.697301591867411474e+00
8.690483985237934306e+00
8.683640804394652690e+00
8.676795901353266061e+00
8.669972280973913925e+00
8.663192053472192455e+00
8.656476395013598335e+00
8.649845507104881648e+00
8.643318585057686576e+00
8.636913790876748820e+00
8.630648227180014231e+00
8.624537918583929041e+00
8.618597795659789895e+00
8.612841686575180233e+00
8.607282307437321478e+00
8.601931260475605967e+00
8.596799034834688769e+00
8.591895011301401652e+00
8.587227470186073575e+00
8.582803602322558234e+00
8.578629526069493139e+00
8.574710303073265649e+00
8.571049959685073105e+00
8.567651509463935611e+00
8.564516981991047828e+00
8.561647448482101908e+00
8.559043053637331866e+00
8.556703047564601761e+00
8.554625821436143696e+00
8.552808942299227724e+00
8.551249191567521279e+00
8.549942603897083160e+00
8.548884506477445910e+00
8.548069560589899751e+00
8.547491803141470612e+00
8.547144689004147367e+00
8.547021133767991330e+00
8.547113556782040433e+00
8.547413924321515921e+00
8.547913792835579727e+00
8.548604351650597621e+00
8.549476465879150666e+00
8.550520718583356938e+00
8.551727452349414449e+00
8.553086810407940277e+00
8.554588776177439513e+00
8.556223214795986465e+00
8.557979908484750098e+00
8.559848595530075599e+00
8.561819005557795847e+00
8.563880894496131546e+00
8.566024077978948270e+00
8.568238463370215996e+00
8.570514079469852220e+00
8.572841107949328077e+00
8.575209908832761130e+00
8.577611046033382536e+00
8.580035313763985982e+00
8.582473757067027975e+00
8.584917695365041013e+00
8.587358739136725205e+00
8.589788808685248966e+00
8.592200150152528693e+00
8.594585349819391595e+00
8.596937346842157268e+00
8.599249444261557684e+00
8.601515318646532293e+00
8.603729027406613383e+00
8.605885015583810471e+00
8.607978119576209508e+00
8.610003573070176941e+00
8.611957006150829486e+00
8.613834446704418113e+00
8.615632319419370688e+00
8.617347443624156611e+00
8.618977029823550851e+00
8.620518674003148973e+00
8.621970354945320381e+00
8.623330423496073038e+00
8.624597597440160968e+00
8.625770952583676987e+00
8.626849911609419053e+00
8.627834234087913501e+00
8.628724004759938282e+00
8.629519622929450406e+00
8.630221790287210482e+00
8.630831495713945145e+00
8.631350001801523675e+00
8.631778833375280513e+00
8.632119759610272780e+00
8.632374781886529291e+00
8.632546118829907300e+00
8.632636188504363872e+00
8.632647596485925945e+00
8.632583118227895369e+00
8.632445684160252597e+00
8.632238364440995682e+00
8.631964353606438323e+00
8.631626955343495666e+00
8.631229566944153220e+00
0.000000000000000000e+00
0.000000000000000000e+00
0.000000000000000000e+00
0.000000000000000000e+00
0.000000000000000000e+00
0.000000000000000000e+00
0.000000000000000000e+00
0.000000000000000000e+00
0.000000000000000000e+00
0.000000000000000000e+00
0.000000000000000000e+00
0.000000000000000000e+00
0.000000000000000000e+00
0.000000000000000000e+00
0.000000000000000000e+00
0.000000000000000000e+00
0.000000000000000000e+00
0.000000000000000000e+00
0.000000000000000000e+00
0.000000000000000000e+00
0.000000000000000000e+00
0.000000000000000000e+00
0.000000000000000000e+00
0.000000000000000000e+00
0.000000000000000000e+00
0.000000000000000000e+00
0.000000000000000000e+00
0.000000000000000000e+00
0.000000000000000000e+00
0.000000000000000000e+00
0.000000000000000000e+00
0.000000000000000000e+00
0.000000000000000000e+00
0.000000000000000000e+00
0.000000000000000000e+00
0.000000000000000000e+00
0.000000000000000000e+00
0.000000000000000000e+00
0.000000000000000000e+00
0.000000000000000000e+00
0.000000000000000000e+00
0.000000000000000000e+00
0.000000000000000000e+00
7.779437665751824486e-03
2.732081584068129718e-02
5.812210547318817644e-02
9.970137479444646234e-02
1.514731830123436096e-01
2.128354869226543045e-01
2.831726789464977245e-01
3.618585607860643205e-01
4.482700252531428009e-01
5.418456481439215544e-01
6.419372754640871870e-01
7.478969453333643713e-01
8.590794619807246013e-01
9.748448533937019711e-01
1.094560706414642981e+00
1.217604374869064809e+00
1.343365057344219959e+00
1.471245740004597735e+00
1.600665003267660591e+00
1.731085782038647602e+00
1.861963020512543476e+00
1.992765479873983114e+00
2.122983513970949421e+00
2.252130216133925167e+00
2.379742424618342955e+00
2.505381591820720288e+00
2.628634518000602327e+00
2.749113952520279902e+00
2.866459067145353590e+00
2.980335802894623853e+00
3.090437096709617304e+00
3.196482991639663762e+00
3.298220636999044775e+00
3.395436813410904975e+00
3.487951015950986999e+00
3.575592585539990154e+00
3.658216557778797284e+00
3.735703183781789782e+00
3.807957372446258759e+00
3.874908061298554696e+00
3.936507519646536224e+00
3.992730592905593845e+00
4.043573888162383057e+00
4.089054911739028242e+00
4.129211161546542996e+00
4.164099180008551393e+00
4.193793572886991505e+00
4.218385998963448458e+00
4.237984135724187418e+00
4.252747162535136738e+00
4.262820045251860535e+00
4.268350403774758384e+00
4.269497338195721525e+00
4.266430366647555594e+00
4.259328368119324359e+00
4.248378532719757850e+00
4.233775319611813082e+00
4.215719431268818873e+00
4.194416803660907078e+00
4.170077619001264502e+00
4.142915338062040043e+00
4.113145760666682804e+00
4.080986113447268693e+00
4.046654168439923538e+00
4.010367393866957286e+00
3.972342139396529692e+00
3.932792857567688927e+00
3.891937232440384697e+00
3.849996034896615793e+00
3.807171468102874545e+00
3.763661108773636244e+00
3.719657343368536040e+00
3.675346845080498692e+00
3.630910092772624775e+00
3.586520931737964712e+00
3.542346176717501738e+00
3.498545256111745161e+00
3.455269898661906147e+00
3.412663860637756841e+00
3.370862693893945217e+00
3.329993553944007978e+00
3.290175046746827814e+00
3.251517114663696972e+00
3.214120958450078724e+00
3.178078995713802701e+00
3.143474855351582331e+00
3.110383404134267504e+00
3.078870805629232876e+00
3.048994610867533872e+00
3.020803876750952188e+00
2.994339314959387099e+00
2.969633462625602682e+00
2.946717996778625448e+00
2.925616779438468651e+00
2.906339193654315256e+00
2.888887244409134247e+00
2.873255843866834081e+00
2.859433107333908097e+00
2.847400668254254086e+00
2.837134003425261675e+00
2.828602769991601651e+00
2.821771151637893826e+00
2.816598214089018004e+00
2.813038262315354032e+00
2.811041205057688064e+00
2.810552922086549277e+00
2.811515631036769935e+00
2.813868254669338764e+00
2.817546786304365281e+00
2.822484653975287028e+00
2.828613076109334212e+00
2.835861413840359724e+00
2.844157518947765251e+00
2.853428069567339076e+00
2.863598899813798226e+00
2.874595318384973730e+00
2.886342417790833448e+00
2.898765370557497167e+00
2.911789714799519313e+00
2.925341625712073679e+00
2.939348176507494692e+00
2.953737581132652945e+00
2.968439426331332065e+00
2.983384888310737004e+00
2.998506934282917591e+00
3.013740508835093035e+00
3.029022707688991733e+00
3.044292931630613097e+00
3.059493028962350092e+00
3.074567423393433252e+00
3.089463223779970402e+00
3.104130321649327673e+00
3.118521472691474727e+00
3.132592365016987124e+00
3.146301672568712959e+00
3.159611095985726426e+00
3.172485388722274369e+00
3.184892372928656901e+00
3.196802938851123876e+00
3.208191037171465698e+00
3.219033655222827583e+00
3.229310787050856391e+00
3.239005388744747194e+00
3.248103328432105918e+00
3.256593323334017409e+00
3.264466870638981444e+00
3.271718169684364685e+00
3.278344036979856657e+00
3.284343815077308992e+00
3.289719273804548205e+00
3.294474509406673413e+00
3.298615833665572428e+00
3.302151664317534596e+00
3.305092408453329078e+00
3.307450343782811775e+00
3.309239498040385641e+00
3.310475524843466300e+00
3.311175579232652932e+00
3.311358193516864112e+00
3.311043150732067453e+00
3.310251359190174103e+00
3.309004729361928909e+00
3.307326048520562889e+00
3.305238859039328236e+00
3.302767338036341815e+00
3.299936180605601788e+00
3.296770484059197148e+00
3.293295635803988208e+00
3.289537205393992636e+00
3.285520837607224909e+00
3.281272151226953149e+00
3.276816644030599246e+00
3.272179597772186810e+00
3.267385990293218079e+00
3.262460412082220262e+00
3.257426987208902780e+00
3.252309299072750459e+00
3.247130321672585307e+00
3.241912354851536726e+00
3.236676966235960684e+00
3.231444937554757146e+00
3.226236214977029171e+00
3.221069866596603326e+00
3.215964043685701768e+00
3.210935947297266502e+00
3.206001799878947622e+00
3.201176821126523020e+00
3.196475210973378278e+00
3.191910133630468493e+00
3.187493708642504586e+00
3.183237005808759790e+00
3.179150043830766936e+00
3.175241793899269638e+00
3.171520186177144041e+00
3.167992120910226195e+00
3.164663482533061512e+00
3.161539157245769172e+00
3.158623053856652430e+00
3.155918127316713395e+00
3.153426404686667350e+00
3.151149014777436363e+00
3.149086218901350431e+00
3.147237444148371921e+00
3.145601319166372090e+00
3.144175709873142210e+00
3.142957759125127204e+00
3.141943925051914110e+00
3.141130022641289266e+00
3.140511264949712444e+00
3.140082305295126552e+00
3.139837279952881754e+00
3.139769851083429764e+00
3.139873249826801604e+00
3.140140319391623525e+00
3.140563557864037403e+00
3.141135160670392334e+00
3.141847062544159019e+00
3.142690978746152553e+00
3.143658445627307785e+00
3.144740860463541399e+00
3.145929519157002474e+00
3.147215654535916229e+00
3.148590472494271264e+00
3.150045185887828225e+00
3.151571049108696787e+00
3.153159389433171977e+00
3.154801637561982286e+00
3.156489356427933490e+00
3.158214268257214741e+00
3.159968280513564931e+00
3.161743508960086491e+00
3.163532299870649211e+00
3.165327250697842931e+00
3.167121227271756823e+00
3.168907383226091667e+00
3.170679172084414521e+00
3.172430361955565825e+00
3.174155046656904400e+00
3.175847655524654645e+00
3.177502961514776736e+00
3.179116087663675483e+00
3.180682511949448177e+00
3.182198070565008585e+00
3.183658959816406231e+00
3.185061736362662987e+00
3.186403316179664991e+00
3.187680972575132277e+00
3.188892331406063096e+00
3.190035367656519405e+00
3.191108398092965537e+00
3.192110075105570655e+00
3.193039377650193966e+00
3.193895604067936489e+00
3.194678360306650422e+00
3.195387549920685188e+00
3.196023362627743225e+00
