5.536786451998490399e+00
8.960846872920757988e+00
1.000000000000000000e+01
1.000000000000000000e+01
1.000000000000000000e+01
1.000000000000000000e+01
1.000000000000000000e+01
1.000000000000000000e+01
1.000000000000000000e+01
1.000000000000000000e+01
1.000000000000000000e+01
1.000000000000000000e+01
1.000000000000000000e+01
1.000000000000000000e+01
1.000000000000000000e+01
1.000000000000000000e+01
1.000000000000000000e+01
1.000000000000000000e+01
1.000000000000000000e+01
1.000000000000000000e+01
1.000000000000000000e+01
1.000000000000000000e+01
1.000000000000000000e+01
1.000000000000000000e+01
9.959522396365271035e+00
9.776385801247567287e+00
9.477210991345526025e+00
9.087941368265816777e+00
8.633803721241172013e+00
8.137776267032538868e+00
7.620210950990521148e+00
7.099023079886451093e+00
6.589549046088551520e+00
6.104498291836359947e+00
5.653986618489740934e+00
5.245637666222563666e+00
4.884739488979401578e+00
4.574443664548177857e+00
4.315994996994814592e+00
4.108980869394756041e+00
3.951590331814072155e+00
3.840874187167745646e+00
3.772998596790725578e+00
3.743486007909202939e+00
3.747438435483648522e+00
3.779739405855701229e+00
3.835231984205234923e+00
3.908871376744953885e+00
3.995851557834924073e+00
4.091706197783531174e+00
4.192384818211694508e+00
4.294305744088436683e+00
4.394387793862686742e+00
4.490062988720788795e+00
4.579272760916575535e+00
4.660450238838629744e+00
4.732491201014720872e+00
4.794716219200042318e+00
4.846826395208440275e+00
4.888854904027243542e+00
4.921116351678054279e+00
4.944155719176071884e+00
4.958698402094310786e+00
4.965602604132865139e+00
4.965815085986121424e+00
4.960331013912044895e+00
4.950158456808314789e+00
4.936287822113659907e+00
4.919666369149979346e+00
4.901177762362689094e+00
4.881626489381998724e+00
4.861726856296866295e+00
4.842096205162298439e+00
4.823251871524663947e+00
4.805611470309026245e+00
4.789495940311368827e+00
4.775134896735846901e+00
4.762673774109107860e+00
4.752182282415937209e+00
4.743663754490891726e+00
4.737064995136367251e+00
4.732286234416915427e+00
4.729190932845851236e+00
4.727615160235107972e+00
4.727376349491042795e+00
4.728281270316062823e+00
4.730133113136902878e+00
4.732737613973343471e+00
4.735908193597381910e+00
4.739470105720609006e+00
4.743263631327192975e+00
4.747146367222453200e+00
4.750994679770934148e+00
4.754704409967878576e+00
4.758190919542455433e+00
4.761388571554349802e+00
4.764249753874042703e+00
4.766743534204725741e+00
4.768854044029582795e+00
4.770578675439947958e+00
4.771926169937091622e+00
4.772914675727241374e+00
4.773569820875400715e+00
4.773922869523712365e+00
4.774008989329391994e+00
4.773865668311953137e+00
4.773531303444044305e+00
4.773043972857203165e+00
4.772440403762217898e+00
4.771755129894796887e+00
4.771019838959878356e+00
4.770262899166532122e+00
4.769509049911426324e+00
4.768779241347286479e+00
4.768090608093460858e+00
4.767456550189510089e+00
4.766886912555495570e+00
4.766388237678902406e+00
4.765964073615390539e+00
4.765615321191897458e+00
4.765340604458535800e+00
4.765136650625129811e+00
4.764998666090725976e+00
4.764920700831890343e+00
4.764895990179163654e+00
4.764917269075419348e+00
4.764977052581699901e+00
4.765067882090108675e+00
4.765182533003017973e+00
4.765314184933240327e+00
4.765456554960050717e+00
4.765603995683023619e+00
4.765751560554990718e+00
4.765895039533543098e+00
4.766030968478978558e+00
4.766156615959423526e+00
4.766269951217922518e+00
4.766369597029653349e+00
4.766454771281512848e+00
4.766525219457440343e+00
4.766581143634181394e+00
4.766623128431793255e+00
4.766652066481604777e+00
4.766669087687160911e+00
4.766675491401007214e+00
4.766672684167009955e+00
4.766662123732121614e+00
4.766645269979929544e+00
4.766623543144103081e+00
4.766598289399609278e+00
4.766570753705227759e+00
4.766542059583967372e+00
4.766513195377703127e+00
4.766485006397971347e+00
4.766458192313661968e+00
4.766433309066421486e+00
4.766410774581949283e+00
4.766390877547107330e+00
4.766373788544825629e+00
4.766359572877847839e+00
4.766348204464341265e+00
4.766339580250403607e+00
4.766333534652658521e+00
4.766329853849058829e+00
4.766328288370830890e+00
4.766328566219670826e+00
4.766330403731431353e+00
4.766333515378670782e+00
4.766337622159602105e+00
4.766342458546645844e+00
4.766347778012731240e+00
4.766353357423843917e+00
4.766358999179093558e+00
4.766364533934336123e+00
4.766369820254173106e+00
4.766374745152027081e+00
4.766379222810665617e+00
4.766383192955076176e+00
4.766386618743299053e+00
4.766389484307151037e+00
4.766391792297747898e+00
4.766393560341879443e+00
4.766394819231162039e+00
4.766395609147671131e+00
4.766395977815373719e+00
4.766395977783741245e+00
4.766395664213151306e+00
4.766395092917520060e+00
4.766394318681184572e+00
4.766393394089362801e+00
4.766392367898411919e+00
4.766391284456309663e+00
4.766390182869948866e+00
4.766389097143526321e+00
4.766388055743544072e+00
4.766387081618692179e+00
4.766386192606091754e+00
4.766385400991623555e+00
4.766384714689190893e+00
4.766384137437421842e+00
4.766383669318125627e+00
4.766383307533633484e+00
4.766383046219286435e+00
4.766382877999224554e+00
4.766382793491592551e+00
4.766382782572911481e+00
4.766382834543998470e+00
4.766382938519986290e+00
4.766383083767296469e+00
4.766383260218461260e+00
4.766383457960657211e+00
4.766383668191903844e+00
4.766383883072307981e+00
4.766384096035409357e+00
4.766384301086402431e+00
4.766384493584665094e+00
4.766384669940383567e+00
4.766384827559325466e+00
4.766384964767571120e+00
4.766385080721383005e+00
4.766385175306963262e+00
4.766385249034486016e+00
4.766385302930262746e+00
4.766385338430351837e+00
4.766385357278505985e+00
4.766385361663173725e+00
4.766385353391040525e+00
4.766385334590596656e+00
4.766385307370943458e+00
4.766385273764797148e+00
4.766385235682174759e+00
4.766385194874488640e+00
4.766385152908536149e+00
4.766385111382200002e+00
4.766385071176647337e+00
4.766385033236293367e+00
4.766384998532502415e+00
4.766384967334212241e+00
4.766384940003145942e+00
4.766384916737064437e+00
4.766384897588677561e+00
4.766384882485851904e+00
4.766384871252333788e+00
4.766384863628338131e+00
4.766384859290409892e+00
4.766384857870147762e+00
4.766384858971388638e+00
4.766384862185627291e+00
4.766384867105444734e+00
4.766384873335939965e+00
4.766384880736644014e+00
4.766384888689687571e+00
4.766384897119132269e+00
4.766384905481677592e+00
4.766384913549792657e+00
4.766384921138362429e+00
4.766384928336169224e+00
4.766384934764635872e+00
4.766384940356267030e+00
4.766384945077437152e+00
4.766384948924264897e+00
4.766384951918293922e+00
4.766384954102064420e+00
4.766384955534767265e+00
4.766384956288070462e+00
4.766384956442220044e+00
4.766384956082474034e+00
4.766384955295935200e+00
4.766384954401382323e+00
4.766384953440388372e+00
4.766384952217594950e+00
4.766384950806896725e+00
4.766384949509064661e+00
4.766384948111494602e+00
4.766384946668802414e+00
4.766384945228715253e+00
4.766384943831751819e+00
4.766384942511139755e+00
4.766384941292963973e+00
4.766384940196499720e+00
4.766384939467270598e+00
4.766384939071054205e+00
4.766384938736690557e+00
4.766384938464426568e+00
4.766384938252703485e+00
4.766384938098475743e+00
4.766384938230112667e+00
4.766384938368522839e+00
4.766384938508755553e+00
4.766384938646557323e+00
4.766384938778378100e+00
4.766384938901370383e+00
4.766384939013356359e+00
4.766384939345392979e+00
4.766384939622542838e+00
4.766384939845146995e+00
4.766384940015038651e+00
4.766384940135282022e+00
4.766384940209887233e+00
4.766384940476152465e+00
4.766384940665247427e+00
4.858578711473552580e+00
8.172907720858503922e+00
9.932470865809531091e+00
1.000000000000000000e+01
1.000000000000000000e+01
1.000000000000000000e+01
1.000000000000000000e+01
1.000000000000000000e+01
1.000000000000000000e+01
1.000000000000000000e+01
1.000000000000000000e+01
1.000000000000000000e+01
1.000000000000000000e+01
1.000000000000000000e+01
1.000000000000000000e+01
1.000000000000000000e+01
1.000000000000000000e+01
1.000000000000000000e+01
1.000000000000000000e+01
1.000000000000000000e+01
1.000000000000000000e+01
1.000000000000000000e+01
1.000000000000000000e+01
1.000000000000000000e+01
1.000000000000000000e+01
1.000000000000000000e+01
1.000000000000000000e+01
1.000000000000000000e+01
1.000000000000000000e+01
1.000000000000000000e+01
1.000000000000000000e+01
1.000000000000000000e+01
1.000000000000000000e+01
1.000000000000000000e+01
1.000000000000000000e+01
1.000000000000000000e+01
1.000000000000000000e+01
1.000000000000000000e+01
1.000000000000000000e+01
1.000000000000000000e+01
1.000000000000000000e+01
9.946540836801727181e+00
9.845806496733176871e+00
9.707442857424181781e+00
9.540662408834718278e+00
9.354065437275879802e+00
9.155503840950592220e+00
8.952205593176199017e+00
8.750314745658204885e+00
8.554894987954831720e+00
8.370093298938890314e+00
8.199167164343879932e+00
8.044530946210247890e+00
7.907817340000281803e+00
7.789950165223557654e+00
7.691224854115917609e+00
7.611393472995517051e+00
7.549751365321424323e+00
7.505222938012478195e+00
7.476444476029569408e+00
7.461842257000151690e+00
7.459704639768559353e+00
7.468247116882824166e+00
7.485669675760717290e+00
7.510206105715198532e+00
7.540165144331694158e+00
7.574043296082836108e+00
7.610378874480762335e+00
7.647849869730366734e+00
7.685299513148719619e+00
7.721742419317174644e+00
7.756365300062370238e+00
7.788523012141500779e+00
7.817730768996057122e+00
7.843653254696140387e+00
7.866091396468268826e+00
7.884967499906853305e+00
7.900309371925751556e+00
7.912234006351993365e+00
7.920931317145032402e+00
7.926648363844703837e+00
7.929674381475352973e+00
7.930326919289736765e+00
7.928939276948127279e+00
7.925849380794742771e+00
7.921390181086172433e+00
7.915881598929232155e+00
7.909624003403880721e+00
7.902893178055120593e+00
7.895936671215387115e+00
7.888971427337859943e+00
7.882182575786117695e+00
7.875723264266792256e+00
7.869715319778932461e+00
7.864250667514043336e+00
7.859393315218066611e+00
7.855181788792109820e+00
7.851631878428890765e+00
7.848739579293485313e+00
7.846484120416938879e+00
7.844830988837773411e+00
7.843734869879862792e+00
7.843142438347147305e+00
7.842994948978532221e+00
7.843230587433476231e+00
7.843786555114032666e+00
7.844600872098369315e+00
7.845613892221812158e+00
7.846769532820600190e+00
7.848016228813777140e+00
7.849307626646560898e+00
7.850603038193341376e+00
7.851867678086607683e+00
7.853072710190098782e+00
7.854195130174502104e+00
7.855217511499248850e+00
7.856127641677668194e+00
7.856918074629592574e+00
7.857585623329834235e+00
7.858130814961724830e+00
7.858557328494641503e+00
7.858871432126818490e+00
7.859081435462539567e+00
7.859197168706996806e+00
7.859229498637364308e+00
7.859189888693451920e+00
7.859090008284670859e+00
7.858941394357534804e+00
7.858755166438081474e+00
7.858541794774651201e+00
7.858310919858324972e+00
7.858071220498065834e+00
7.857830326761378714e+00
7.857594773453405068e+00
7.857369989375774466e+00
7.857160317363944380e+00
7.856969060030698948e+00
7.856798546210478129e+00
7.856650213293943530e+00
7.856524700934416572e+00
7.856421951971226392e+00
7.856341316841983335e+00
7.856281658212376229e+00
7.856241453028840915e+00
7.856218889681679585e+00
7.856211958435904030e+00
7.856218533737045817e+00
7.856236447419337132e+00
7.856263552227538582e+00
7.856297775406182460e+00
7.856337162407843522e+00
7.856379911027603136e+00
7.856424396474811722e+00
7.856469188059665321e+00
7.856513058292184049e+00
7.856554985273990432e+00
7.856594149310470065e+00
7.856629924685299748e+00
7.856661867530629451e+00
7.856689700688011868e+00
7.856713296404799429e+00
7.856732657642406359e+00
7.856747898694592003e+00
7.856759225729430973e+00
7.856766917779699710e+00
7.856771308617316762e+00
7.856772769859821537e+00
7.856771695572005498e+00
7.856768488550111229e+00
7.856763548400341080e+00
7.856757261462288255e+00
7.856749992570637886e+00
7.856742078601088863e+00
7.856733823707520159e+00
7.856725496125597452e+00
7.856717326397467005e+00
7.856709506853034597e+00
7.856702192175956334e+00
7.856695500880714000e+00
7.856689517525690114e+00
7.856684295495868220e+00
7.856679860196874365e+00
7.856676212516796376e+00
7.856673332423255829e+00
7.856671182581637325e+00
7.856669711895694519e+00
7.856668858888698814e+00
7.856668554858583065e+00
7.856668726759005850e+00
7.856669299768319625e+00
7.856670199527206577e+00
7.856671354033081478e+00
7.856672695192071565e+00
7.856674160039677446e+00
7.856675691645025772e+00
7.856677239722588801e+00
7.856678760978222265e+00
7.856680219218975303e+00
7.856681585260422374e+00
7.856682836661276426e+00
7.856683957320444556e+00
7.856684936965699251e+00
7.856685770563538895e+00
7.856686457679098012e+00
7.856687001807804549e+00
7.856687409703198455e+00
7.856687690717407690e+00
7.856687856170483819e+00
7.856687918761022793e+00
7.856687892027406583e+00
7.856687789866415805e+00
7.856687626113506795e+00
7.856687414186691143e+00
7.856687166794006139e+00
7.856686895702917006e+00
7.856686611568798995e+00
7.856686323817579698e+00
7.856686040578472863e+00
7.856685768661282765e+00
7.856685513571314061e+00
7.856685279556879564e+00
7.856685069682441735e+00
7.856684885922565087e+00
7.856684729271087519e+00
7.856684599859726781e+00
7.856684497081577234e+00
7.856684419716171597e+00
7.856684366052702373e+00
7.856684334007386639e+00
7.856684321233555757e+00
7.856684325222409448e+00
7.856684343393201431e+00
7.856684373171963998e+00
7.856684412058442035e+00
7.856684457681224032e+00
7.856684507841288578e+00
7.856684560544593410e+00
7.856684614024452173e+00
7.856684666754577329e+00
7.856684717453864764e+00
7.856684765084008149e+00
7.856684808841051471e+00
7.856684848141989086e+00
7.856684882607536835e+00
7.856684912042042335e+00
7.856684936411546971e+00
7.856684955820800731e+00
7.856684970490007913e+00
7.856684980732140389e+00
7.856684986930460468e+00
7.856684989518719853e+00
7.856684988961561977e+00
7.856684985738189297e+00
7.856684980327603540e+00
7.856684973195606325e+00
7.856684964784495406e+00
7.856684955505180312e+00
7.856684945730977532e+00
7.856684935792958235e+00
7.856684925977465817e+00
7.856684916525478179e+00
7.856684907632973669e+00
7.856684899451879645e+00
7.856684892093241501e+00
7.856684885629671378e+00
7.856684880099594537e+00
7.856684875511124488e+00
7.856684871846310259e+00
7.856684869065490240e+00
7.856684867111520809e+00
7.856684865913866389e+00
7.856684865392624673e+00
7.856684865461661005e+00
7.856684866031977243e+00
7.856684867014327445e+00
7.856684868322094673e+00
7.856684869872538002e+00
7.856684871588901942e+00
7.856684873401380997e+00
7.856684875247933242e+00
7.856684877074789242e+00
7.856684878836632357e+00
7.856684880496565881e+00
7.856684882025829708e+00
7.856684883403352693e+00
7.856684884615175335e+00
7.856684885653786310e+00
7.856684886517359523e+00
7.856684887208945867e+00
7.856684887735683631e+00
7.856684888108007137e+00
7.856684888338898887e+00
7.856684888443318471e+00
7.856684888437029279e+00
7.856684888336540773e+00
7.856684888158413038e+00
7.856684887918810922e+00
7.856684887633146985e+00
7.856684887315925181e+00
7.856684886980016103e+00
0.000000000000000000e+00
0.000000000000000000e+00
0.000000000000000000e+00
0.000000000000000000e+00
0.000000000000000000e+00
0.000000000000000000e+00
2.983620540672441562e-02
2.247699748078035298e-01
5.550710567876230295e-01
9.927493823493027669e-01
1.510553961377594678e+00
2.082484583080930651e+00
2.684921150302827630e+00
3.297422360709358902e+00
3.901987671981128614e+00
4.483180838472584639e+00
5.028502667323030195e+00
5.528298925503420058e+00
5.975603197432528546e+00
6.365928796310785565e+00
6.697023158816679533e+00
6.968597180167871663e+00
7.182040754732332388e+00
7.340134481660948396e+00
7.446766099155362362e+00
7.506658753708276954e+00
7.525116836324385439e+00
7.507793736334995138e+00
7.460484670995235490e+00
7.388993516658635130e+00
7.299095733127459518e+00
7.195974944422794728e+00
7.084404173223057377e+00
6.968677011861782233e+00
6.852562065773817324e+00
6.739278426423092938e+00
6.631489767509497923e+00
6.531314377073102584e+00
6.440348549442481030e+00
6.359700693782574632e+00
6.290033643573658573e+00
6.231612803151757696e+00
6.184357959007487082e+00
6.147896797704598626e+00
6.121618430085067786e+00
6.104725459962907053e+00
6.096283393990412414e+00
6.095266466519553283e+00
6.100599115490916269e+00
6.111192675007182551e+00
6.125976962701840556e+00
6.143926693325099109e+00
6.164082718007801276e+00
6.185568322497403848e+00
6.207600857130595173e+00
6.229499073188895508e+00
6.250686612043602430e+00
6.270692113681015201e+00
6.289146451903018686e+00
6.305777593405636594e+00
6.320403580045422132e+00
6.332924097284086784e+00
6.343311074525272986e+00
6.351598708764635504e+00
6.357873285076794723e+00
6.362263082980459394e+00
6.364928645354278380e+00
6.366053610849058408e+00
6.365836279018261656e+00
6.364482028144631265e+00
6.362196685936359231e+00
6.359180843604852917e+00
6.355625171438224363e+00
6.351706716256229512e+00
6.347586088189131281e+00
6.343405536446835136e+00
6.339287804528498604e+00
6.335335686101453589e+00
6.331632190107541192e+00
6.328241222857300841e+00
6.325208677946363878e+00
6.322563873101113785e+00
6.320321211481402912e+00
6.318482003838175487e+00
6.317036382756812785e+00
6.315965226042883351e+00
6.315242057710675816e+00
6.314834860092043201e+00
6.314707769114501268e+00
6.314822622511895744e+00
6.315140340475051239e+00
6.315622126214798904e+00
6.316230480329176444e+00
6.316930029147519221e+00
6.317688172129082957e+00
6.318475557547802879e+00
6.319266400600429989e+00
6.320038650922846557e+00
6.320774041845365510e+00
6.321458026356392423e+00
6.322079617554967612e+00
6.322631161100148667e+00
6.323108046992104825e+00
6.323508382960917551e+00
6.323832642723778541e+00
6.324083301215315700e+00
6.324264469816058387e+00
6.324381541224533443e+00
6.324440851360588312e+00
6.324449369211491145e+00
6.324414410448114587e+00
6.324343387556627505e+00
6.324243592738004516e+00
6.324122019763191993e+00
6.323985215329860132e+00
6.323839168079601336e+00
6.323689228442082033e+00
6.323540057776931178e+00
6.323395603836997836e+00
6.323259098846665260e+00
6.323133079199720896e+00
6.323019417558491284e+00
6.322919373479922278e+00
6.322833647233184529e+00
6.322762445607541082e+00
6.322705549612071430e+00
6.322662383069675762e+00
6.322632081270885607e+00
6.322613557684071850e+00
6.322605566504706509e+00
6.322606760247047930e+00
6.322615741546740331e+00
6.322631108623824936e+00
6.322651494110388626e+00
6.322675597171368622e+00
6.322702209040590660e+00
6.322730232255121763e+00
6.322758694000554236e+00
6.322786753790563097e+00
6.322813707264819172e+00
6.322838984857998668e+00
6.322862146813275075e+00
6.322882876793245899e+00
6.322900971691898242e+00
6.322916330339440449e+00
6.322928941109705825e+00
6.322938868930788381e+00
6.322946242141203044e+00
6.322951239572493165e+00
6.322954078176380222e+00
6.322955001452436719e+00
6.322954268872507555e+00
6.322952146441616961e+00
6.322948898483700120e+00
6.322944780693641853e+00
6.322940034456782321e+00
6.322934882402231338e+00
6.322929525127594097e+00
6.322924139010456912e+00
6.322918875004502226e+00
6.322913858306864476e+00
6.322909188776296929e+00
6.322904941979147431e+00
6.322901170741479504e+00
6.322897907089696901e+00
6.322895164469239937e+00
6.322892940139536400e+00
6.322891217653850759e+00
6.322889969343812311e+00
6.322889158740386151e+00
6.322888742874675394e+00
6.322888674413881915e+00
6.322888903598681942e+00
6.322889379958752443e+00
6.322890053792819209e+00
6.322890877407718158e+00
6.322891806118754232e+00
6.322892799019434129e+00
6.322893819533943471e+00
6.322894835769611532e+00
6.322895820689443447e+00
6.322896752126840880e+00
6.322897612665488332e+00
6.322898389407686892e+00
6.322899073654159707e+00
6.322899660517068199e+00
6.322900148486690242e+00
6.322900538970572804e+00
6.322900835821743115e+00
6.322901044870327780e+00
6.322901173471040082e+00
6.322901230076369394e+00
6.322901223843249596e+00
6.322901164279067565e+00
6.322901060930670170e+00
6.322900923118547567e+00
6.322900759716639563e+00
6.322900578977082908e+00
6.322900388397882487e+00
6.322900194630799220e+00
6.322900003425950821e+00
6.322899819609243188e+00
6.322899647088251918e+00
6.322899488882336883e+00
6.322899347172368678e+00
6.322899223365935129e+00
6.322899118173959110e+00
6.322899031694838357e+00
6.322898963502765035e+00
6.322898912737239030e+00
6.322898878191098859e+00
6.322898858394903066e+00
6.322898851695897271e+00
6.322898856330301243e+00
6.322898870487796863e+00
6.322898892367756041e+00
6.322898920226837305e+00
6.322898952417926211e+00
6.322898987420713546e+00
6.322899023864235524e+00
6.322899060542014560e+00
6.322899096420478315e+00
6.322899130641418175e+00
6.322899162519266092e+00
6.322899191534148144e+00
6.322899217321409360e+00
6.322899239658448245e+00
6.322899258449697690e+00
6.322899273710366863e+00
6.322899285549531179e+00
6.322899294153232042e+00
6.322899299767966497e+00
6.322899302684992229e+00
6.322899303225752554e+00
6.322899301728641674e+00
6.322899298537228319e+00
6.322899293990192682e+00
6.322899288412799024e+00
6.322899282110024721e+00
6.322899275361289817e+00
6.322899268416637852e+00
6.322899261494300482e+00
6.322899254779446032e+00
6.322899248424106666e+00
6.322899242547917353e+00
6.322899237239682613e+00
6.322899232559553440e+00
6.322899228541637662e+00
6.322899225196948692e+00
6.322899222516514151e+00
6.322899220474619497e+00
6.322899219031991258e+00
6.322899218138863908e+00
6.322899217737906419e+00
6.322899217766896562e+00
6.322899218161152746e+00
6.322899218855664749e+00
6.322899219786898506e+00
6.322899220894319328e+00
6.322899222121596274e+00
6.322899223417492998e+00
6.322899224736532098e+00
6.322899226039353060e+00
6.322899227292889890e+00
6.322899228470332034e+00
6.322899229550925426e+00
6.322899230519634095e+00
6.322899231366704065e+00
6.322899232087150878e+00
6.322899232680164516e+00
6.322899233148537412e+00
6.322899233498040950e+00
6.322899233736816171e+00
6.322899233874807123e+00
6.322899233923239493e+00
6.322899233894105464e+00
6.322899233799716967e+00
6.322899233652335305e+00
6.322899233463863844e+00
6.322899233245539818e+00
6.322899233007742481e+00
6.322899232759839450e+00
6.322899232510081902e+00
6.322899232265540626e+00
6.322899232032103356e+00
6.322899231814478327e+00
6.322899231616236015e+00
6.322899231439897072e+00
6.322899231287014032e+00
6.322899231158262801e+00
6.322899231053560776e+00
6.322899230972184981e+00
6.322899230912891966e+00
6.322899230874013732e+00
6.322899230853571417e+00
6.322899230849380992e+00
6.322899230859142072e+00
6.322899230880519639e+00
6.322899230911207091e+00
6.322899230948981320e+00
4.107381747726480903e+00
7.315447048437484945e+00
9.328308615081928323e+00
1.000000000000000000e+01
1.000000000000000000e+01
1.000000000000000000e+01
1.000000000000000000e+01
1.000000000000000000e+01
1.000000000000000000e+01
1.000000000000000000e+01
1.000000000000000000e+01
1.000000000000000000e+01
1.000000000000000000e+01
1.000000000000000000e+01
1.000000000000000000e+01
1.000000000000000000e+01
1.000000000000000000e+01
1.000000000000000000e+01
1.000000000000000000e+01
1.000000000000000000e+01
1.000000000000000000e+01
1.000000000000000000e+01
1.000000000000000000e+01
1.000000000000000000e+01
1.000000000000000000e+01
1.000000000000000000e+01
1.000000000000000000e+01
1.000000000000000000e+01
1.000000000000000000e+01
1.000000000000000000e+01
1.000000000000000000e+01
1.000000000000000000e+01
1.000000000000000000e+01
1.000000000000000000e+01
1.000000000000000000e+01
1.000000000000000000e+01
1.000000000000000000e+01
1.000000000000000000e+01
1.000000000000000000e+01
1.000000000000000000e+01
1.000000000000000000e+01
1.000000000000000000e+01
1.000000000000000000e+01
1.000000000000000000e+01
1.000000000000000000e+01
1.000000000000000000e+01
1.000000000000000000e+01
1.000000000000000000e+01
9.969477955189736562e+00
9.908467319766330661e+00
9.823037216337482391e+00
9.718993456699001499e+00
9.601767379231876731e+00
9.476330751755554616e+00
9.347135066137894910e+00
9.218073222053378757e+00
9.092461276680237958e+00
8.973037747152444510e+00
8.861999545737461403e+00
8.761000835846083135e+00
8.671152715286190471e+00
8.593116819988063426e+00
8.527154535438342009e+00
8.473179223338178190e+00
8.430816828145182740e+00
8.399485107559033992e+00
8.378369596104480621e+00
8.366511683128930343e+00
8.362854612140528943e+00
8.366285239790300921e+00
8.375671132079583359e+00
8.389892659568790378e+00
8.407870063031632313e+00
8.428585497494573531e+00
8.451100229056404345e+00
8.474567254864961541e+00
8.498239692708985160e+00
8.521475342898508387e+00
8.543737882418900753e+00
8.564595134321917769e+00
8.583714897293878821e+00
8.600858806201433282e+00
8.615874694582954518e+00
8.628687812192874063e+00
8.639291361577591033e+00
8.647736665211008145e+00
8.654123278360474458e+00
8.658589304771355799e+00
8.661302169208337176e+00
8.662449949798105564e+00
8.662233480938196450e+00
8.660859276654081285e+00
8.658533370937366414e+00
8.655456059869548469e+00
8.651817555673444460e+00
8.647794564779898607e+00
8.643547700828158042e+00
8.639219722508782340e+00
8.634934453494283346e+00
8.630796376015446469e+00
8.626890780378998258e+00
8.623284386076795371e+00
8.620026352172240891e+00
8.617149592794795865e+00
8.614672318807278018e+00
8.612599732489055526e+00
8.610925808896912059e+00
8.609635105093687457e+00
8.608704546375017586e+00
8.608105146709981170e+00
8.607803628612167302e+00
8.607763915379727848e+00
8.607948475926830767e+00
8.608319509152179805e+00
8.608839960860452223e+00
8.609474371609358911e+00
8.610189558465725312e+00
8.610955137507627200e+00
8.611743897758508126e+00
8.612532035776466088e+00
8.613299269931172120e+00
8.614028845941252399e+00
8.614707450306053005e+00
8.615325048428553956e+00
8.615874660276574559e+00
8.616352091258956847e+00
8.616755630423256207e+00
8.617085728899555264e+00
8.617344669812881719e+00
8.617536239452697089e+00
8.617665408015561468e+00
8.617738026763051451e+00
8.617760546695391710e+00
8.617739764088392818e+00
8.617682593848945416e+00
8.617595872889957320e+00
8.617486195085463763e+00
8.617359776613655598e+00
8.617222350895906047e+00
8.617079091487616083e+00
8.616934560797728793e+00
8.616792682127744740e+00
8.616656732443928490e+00
8.616529352827010158e+00
8.616412573851489398e+00
8.616307853009805839e+00
8.616216121437560105e+00
8.616137837364478358e+00
8.616073043917275243e+00
8.616021429139950172e+00
8.615982386353298494e+00
8.615955073243474871e+00
8.615938468339436440e+00
8.615931423803052880e+00
8.615932713712078694e+00
8.615941077249942737e+00
8.615955256436986787e+00
8.615974028230832360e+00
8.615996230996946892e+00
8.616020785492612077e+00
8.616046710630834937e+00
8.616073134385274557e+00
8.616099300301344854e+00
8.616124569966553182e+00
8.616148422159955800e+00
8.616170449065977621e+00
8.616190350114425911e+00
8.616207923955554904e+00
8.616223059051566935e+00
8.616235723333076635e+00
8.616245953324103368e+00
8.616253843095813991e+00
8.616259533358951117e+00
8.616263200958011126e+00
8.616265048977993501e+00
8.616265297630059550e+00
8.616264176036819933e+00
8.616261914997080495e+00
8.616258740772980929e+00
8.616254869908827274e+00
8.616250505065144338e+00
8.616245831824542734e+00
8.616241016409585285e+00
8.616236204237264218e+00
8.616231519224143653e+00
8.616227063718428170e+00
8.616222919093106114e+00
8.616219146700940357e+00
8.616215789236301603e+00
8.616212872379970023e+00
8.616210406640869124e+00
8.616208389319023553e+00
8.616206806520262163e+00
8.616205635164467580e+00
8.616204844934948426e+00
8.616204400127879026e+00
8.616204261368652695e+00
8.616204387170343537e+00
8.616204735317424479e+00
8.616205264063761859e+00
8.616205933174777343e+00
8.616206704681360407e+00
8.616207543559625037e+00
8.616208418202356611e+00
8.616209300732847964e+00
8.616210167176094004e+00
8.616210997503907620e+00
8.616211775571555265e+00
8.616212488962620597e+00
8.616213128761399886e+00
8.616213689267791409e+00
8.616214167670538160e+00
8.616214563694974515e+00
8.616214879236508750e+00
8.616215117991723460e+00
8.616215285097503340e+00
8.616215386786505448e+00
8.616215430064462666e+00
8.616215422415431036e+00
8.616215371537514045e+00
8.616215285112353683e+00
8.616215170609317298e+00
8.616215035123525823e+00
8.616214885247725164e+00
8.616214726975357507e+00
8.616214565634342293e+00
8.616214405847445690e+00
8.616214251516256084e+00
8.616214105826541569e+00
8.616213971271685423e+00
8.616213849689996707e+00
8.616213742313878043e+00
8.616213649826663712e+00
8.616213572426351774e+00
8.616213509891778699e+00
8.616213461650065852e+00
8.616213426843239986e+00
8.616213404392418340e+00
8.616213393058183456e+00
8.616213391496311047e+00
8.616213398307932536e+00
8.616213412083736145e+00
8.616213431441950732e+00
8.616213455060009352e+00
8.616213481700016885e+00
8.616213510228265093e+00
8.616213539629383078e+00
8.616213569014620433e+00
8.616213597626721565e+00
8.616213624839918594e+00
8.616213650156794301e+00
8.616213673202191003e+00
8.616213693714934507e+00
8.616213711537927367e+00
8.616213726606432033e+00
8.616213738936584932e+00
8.616213748612960188e+00
8.616213755776264804e+00
8.616213760611437067e+00
8.616213763336375564e+00
8.616213764191439139e+00
8.616213763429900752e+00
8.616213761309548858e+00
8.616213758085308427e+00
8.616213754003103631e+00
8.616213749294818314e+00
8.616213744174370248e+00
8.616213738834817448e+00
8.616213733446627998e+00
8.616213728156241203e+00
8.616213723085845544e+00
8.616213718334105209e+00
8.616213713976929256e+00
8.616213710068826970e+00
8.616213706644693104e+00
8.616213703721760098e+00
8.616213701301777661e+00
8.616213699373217239e+00
8.616213697913559955e+00
8.616213696891486862e+00
8.616213696268951949e+00
8.616213696003223177e+00
8.616213696048612647e+00
8.616213696358292040e+00
8.616213696885173690e+00
8.616213697583814835e+00
8.616213698410687627e+00
8.616213699325530939e+00
8.616213700291750044e+00
8.616213701276965509e+00
8.616213702252744966e+00
8.616213703195251483e+00
8.616213704085028624e+00
8.616213704906842352e+00
8.616213705649458987e+00
8.616213706305332565e+00
8.616213706870286870e+00
8.616213707343113981e+00
8.616213707725163928e+00
8.616213708019925477e+00
0.000000000000000000e+00
0.000000000000000000e+00
0.000000000000000000e+00
0.000000000000000000e+00
0.000000000000000000e+00
0.000000000000000000e+00
0.000000000000000000e+00
0.000000000000000000e+00
0.000000000000000000e+00
0.000000000000000000e+00
0.000000000000000000e+00
0.000000000000000000e+00
0.000000000000000000e+00
0.000000000000000000e+00
0.000000000000000000e+00
0.000000000000000000e+00
0.000000000000000000e+00
0.000000000000000000e+00
0.000000000000000000e+00
0.000000000000000000e+00
0.000000000000000000e+00
0.000000000000000000e+00
0.000000000000000000e+00
0.000000000000000000e+00
0.000000000000000000e+00
0.000000000000000000e+00
0.000000000000000000e+00
0.000000000000000000e+00
0.000000000000000000e+00
0.000000000000000000e+00
0.000000000000000000e+00
0.000000000000000000e+00
0.000000000000000000e+00
0.000000000000000000e+00
0.000000000000000000e+00
0.000000000000000000e+00
0.000000000000000000e+00
0.000000000000000000e+00
0.000000000000000000e+00
0.000000000000000000e+00
0.000000000000000000e+00
0.000000000000000000e+00
0.000000000000000000e+00
5.152147832538886418e-02
1.871326253564951914e-01
3.903940465217103917e-01
6.457722855303545950e-01
9.378621575377400488e-01
1.252488909537551764e+00
1.576943755048184848e+00
1.900140337825529269e+00
2.212699402173214480e+00
2.506969893586879383e+00
2.776995472025714395e+00
3.018435674106501931e+00
3.228450940072852937e+00
3.405560414787354606e+00
3.549480869588553134e+00
3.660954435749687264e+00
3.741571921483049845e+00
3.793597679459039806e+00
3.819800969709763017e+00
3.823297822120444334e+00
3.807406540375064097e+00
3.775518999134058973e+00
3.730989203534806897e+00
3.677039776775840263e+00
3.616686435220200391e+00
3.552679969378965463e+00
3.487464800250127617e+00
3.423152839393203806e+00
3.361511111470766089e+00
3.303961455907856948e+00
3.251590442999227282e+00
3.205167753374594142e+00
3.165171114635981553e+00
3.131816151250641944e+00
3.105089474413075479e+00
3.084783573468558693e+00
3.070532183726990993e+00
3.061845040847271715e+00
3.058141062457334858e+00
3.058779219263501492e+00
3.063086538464919073e+00
3.070382831503595256e+00
3.080001909110515523e+00
3.091309193889126838e+00
3.103715733534809118e+00
3.116688767098064972e+00
3.129759016457779541e+00
3.142525031803561575e+00
3.154654839571955804e+00
3.165885307352220401e+00
3.176019560001523967e+00
3.184922821670705062e+00
3.192517047507676065e+00
3.198774701013288535e+00
3.203711940387520496e+00
3.207381575562995746e+00
3.209865965972387158e+00
3.211270148780666300e+00
3.211715300690724639e+00
3.211332724749863310e+00
3.210258439002751540e+00
3.208628440870780363e+00
3.206574685803237568e+00
3.204221786109843872e+00
3.201684445722723815e+00
3.199065537871780496e+00
3.196454850077207865e+00
3.193928409365906607e+00
3.191548291452496411e+00
3.189362890839523956e+00
3.187407544283963556e+00
3.185705465615461751e+00
3.184268872968173625e+00
3.183100288858815574e+00
3.182193919379274316e+00
3.181537086275425974e+00
3.181111635974656959e+00
3.180895302319955764e+00
3.180862984859030629e+00
3.180987918625893141e+00
3.181242716978992302e+00
3.181600275739301598e+00
3.182034532782219483e+00
3.182521084887639518e+00
3.183037652295387598e+00
3.183564425967093658e+00
3.184084278949115276e+00
3.184582871818476768e+00
3.185048644949506791e+00
3.185472762673354108e+00
3.185848944515892178e+00
3.186173283715477478e+00
3.186443991668078457e+00
3.186661138770172652e+00
3.186826367518530212e+00
3.186942609451471231e+00
3.187013804202103895e+00
3.187044631041711096e+00
3.187040258976502560e+00
3.187006119998296860e+00
3.186947708711610261e+00
3.186870410293336064e+00
3.186779357608191088e+00
3.186679317316277515e+00
3.186574603975719899e+00
3.186469020464897106e+00
3.186365822522673863e+00
3.186267704822578928e+00
3.186176805749006746e+00
3.186094725534944327e+00
3.186022564739046992e+00
3.185960959944441395e+00
3.185910148686888821e+00
3.185870008054156877e+00
3.185840118477765603e+00
3.185819821581978406e+00
3.185808271572208028e+00
3.185804493185957043e+00
3.185807427472137743e+00
3.185815976349914536e+00
3.185829041002703921e+00
3.185845553891494486e+00
3.185864506866266765e+00
3.185884971439345570e+00
3.185906114262310407e+00
3.185927207455793830e+00
3.185947634887505320e+00
3.185966892309932685e+00
3.185984586074757097e+00
3.186000428110589144e+00
3.186014223919768185e+00
3.186025873484827464e+00
3.186035355371924727e+00
3.186042715526682834e+00
3.186048055764076459e+00
3.186051522338427144e+00
3.186053294920835111e+00
3.186053576247732444e+00
3.186052582646332620e+00
3.186050535585245314e+00
3.186047654345752989e+00
3.186044149862002683e+00
3.186040219735732926e+00
3.186036044397238864e+00
3.186031784352412188e+00
3.186027578434264651e+00
3.186023542959222077e+00
3.186019771677025769e+00
3.186016336395526949e+00
3.186013288161433366e+00
3.186010658877102220e+00
3.186008463240449728e+00
3.186006700901784061e+00
3.186005358741012206e+00
3.186004413179755357e+00
3.186003832454627815e+00
3.186003578790290280e+00
3.186003610423061350e+00
3.186003883437705131e+00
3.186004353391190147e+00
3.186004976707567327e+00
3.186005711836596532e+00
3.186006520178569446e+00
3.186007366782134920e+00
3.186008220828708826e+00
3.186009055922270239e+00
3.186009850204288618e+00
3.186010586316811555e+00
3.186011251238171749e+00
3.186011836015329113e+00
3.186012335415784769e+00
3.186012747521946853e+00
3.186013073288500586e+00
3.186013316081455660e+00
3.186013481215274279e+00
3.186013575502065542e+00
3.186013606824373401e+00
3.186013583740636257e+00
3.186013515130092344e+00
3.186013409881679692e+00
3.186013276629622748e+00
3.186013123535943237e+00
3.186012958120389982e+00
3.186012787134538726e+00
3.186012616477716275e+00
3.186012451150901814e+00
3.186012295243737746e+00
3.186012151951117755e+00
3.186012023613322697e+00
3.186011911775500138e+00
3.186011817261725110e+00
3.186011740259237168e+00
3.186011680408951108e+00
3.186011636898046007e+00
3.186011608552713703e+00
3.186011593927161822e+00
3.186011591387381436e+00
3.186011599187852816e+00
3.186011615540000896e+00
3.186011638671617519e+00
3.186011666876836568e+00
3.186011698556626470e+00
3.186011732250020767e+00
3.186011766656663191e+00
3.186011800650760062e+00
3.186011833288544093e+00
3.186011863808341005e+00
3.186011891626011394e+00
3.186011916325383719e+00
3.186011937645265579e+00
3.186011955463820655e+00
3.186011969781190611e+00
3.186011980701107138e+00
3.186011988412220219e+00
3.186011993169720835e+00
3.186011995277879816e+00
3.186011995073309233e+00
3.186011992910472213e+00
3.186011989148381129e+00
3.186011984139290654e+00
3.186011978219301266e+00
3.186011971700942969e+00
3.186011964867152990e+00
3.186011957967689767e+00
3.186011951216630056e+00
3.186011944791407480e+00
3.186011938833083867e+00
3.186011933447655320e+00
3.186011928708195384e+00
3.186011924657650152e+00
3.186011921312108086e+00
3.186011918664370945e+00
3.186011916687674361e+00
3.186011915339428846e+00
3.186011914564860437e+00
3.186011914300467485e+00
3.186011914477219431e+00
3.186011915023426067e+00
3.186011915867267508e+00
3.186011916938933375e+00
3.186011918172388491e+00
3.186011919506757106e+00
3.186011920887344750e+00
3.186011922266333229e+00
3.186011923603153662e+00
3.186011924864596168e+00
3.186011926024683305e+00
3.186011927064352545e+00
3.186011927970976654e+00
3.186011928737769061e+00
3.186011929363101292e+00
3.186011929849778213e+00
3.186011930204283527e+00
3.186011930436038142e+00
3.186011930556673644e+00
3.186011930579361273e+00
