1.047231777576115991e-01
2.499953082217344358e-01
3.901271231126766104e-01
5.265595839409586976e-01
6.585766529126735325e-01
7.870361026975349894e-01
9.111716259489792691e-01
1.032154934976271976e+00
1.149339324277155461e+00
1.263739531215825052e+00
1.374156479894764527e+00
1.481946428029342178e+00
1.586546294090486420e+00
1.688336063741096238e+00
1.787650431644028703e+00
1.883837943516311508e+00
1.977840374256985445e+00
2.069296365212001998e+00
2.158202767267589195e+00
2.245121166307238791e+00
2.327826977239043860e+00
2.404464611012155029e+00
2.474192824671914259e+00
2.536391544715285828e+00
2.590328405308201187e+00
2.636880924790271141e+00
2.676456331287750068e+00
2.709600570894033833e+00
2.736938733494008957e+00
2.759129633009354432e+00
2.776832101089656835e+00
2.790661238162930768e+00
2.801162393621219771e+00
2.808974035365523036e+00
2.814580847052393420e+00
2.818409135117832864e+00
2.820828020125213165e+00
2.822152364363940791e+00
2.822646836771069090e+00
2.822530634276373629e+00
2.821982509932067451e+00
2.821145836418612607e+00
2.820133500136124738e+00
2.819032512530108114e+00
2.817908240793188135e+00
2.816808216972722878e+00
2.815765506919566619e+00
2.814801642397935399e+00
2.813929134598158299e+00
2.813153597294133057e+00
2.812475514006425037e+00
2.811891686654989009e+00
2.811396404054269382e+00
2.810982368079546045e+00
2.810641412039230680e+00
2.810365046175427040e+00
2.810144858439215021e+00
2.809972799036763558e+00
2.809841368201725587e+00
2.809743732915169101e+00
2.809673784016844422e+00
2.809626151963651619e+00
2.809596189958367685e+00
2.809579937337374655e+00
2.809574067044724899e+00
2.809575824274539446e+00
2.809582966473747501e+00
2.809593694065757763e+00
2.809606594493019305e+00
2.809620576149285842e+00
2.809634821637601476e+00
2.809648737587764344e+00
2.809661912202269463e+00
2.809674078334048364e+00
2.809685081857470568e+00
2.809694854969751354e+00
2.809703391886292145e+00
2.809710737053243701e+00
2.809716964202118472e+00
2.809722166317048409e+00
2.809726447213797940e+00
2.809729914532034911e+00
2.809732674728636859e+00
2.809734829545003532e+00
2.809736473252464783e+00
2.809737692459751468e+00
2.809738563971215353e+00
2.809739155317741766e+00
2.809739525290311235e+00
2.809739723707632031e+00
2.809739792387429436e+00
2.809739765912714127e+00
2.809739672442128633e+00
2.809739534522246007e+00
2.809739369871773640e+00
2.809739192117164830e+00
2.809739011466758640e+00
2.809738835316549554e+00
2.809738668785068505e+00
2.809738515178188845e+00
2.809738376387007186e+00
2.809738253223430071e+00
2.809738145699105960e+00
2.809738053253719503e+00
2.809737974938834260e+00
2.809737909381401000e+00
2.809737855633550385e+00
2.809737812141452906e+00
2.809737777555271876e+00
2.809737750587148142e+00
2.809737730040317238e+00
2.809737714826590071e+00
2.809737703793451224e+00
2.809737696461060086e+00
2.809737691905888290e+00
2.809737689499801849e+00
2.809737688716055004e+00
2.809737689119466530e+00
2.809737690356068018e+00
2.809737692142764143e+00
2.809737694257365082e+00
2.809737696529269524e+00
2.809737698830918617e+00
2.809737700888820910e+00
2.809737703011451870e+00
2.809737704970799665e+00
2.809737706742289287e+00
2.809737708315203086e+00
2.809737709689105856e+00
2.809737710689614421e+00
2.809737711519407988e+00
2.809737712378415964e+00
2.809737713094721201e+00
2.809737713683061688e+00
2.809737714158618171e+00
2.809737714536335584e+00
2.809737714830444322e+00
2.809737715054145379e+00
2.809737715219427390e+00
2.809737715336976915e+00
2.809737715416166015e+00
2.809737715465078001e+00
2.809737715490588261e+00
2.809737715498451749e+00
2.809737715493435761e+00
2.809737715479397213e+00
2.809737715459426077e+00
2.809737715435944416e+00
2.809737715410809855e+00
2.809737715385406620e+00
2.809737715360738353e+00
2.809737715156170879e+00
2.809737715144225767e+00
2.809737715137938796e+00
2.809737715135919078e+00
2.809737715137023528e+00
2.809737715140315562e+00
2.809737715145049108e+00
2.809737715150643744e+00
2.809737715156649607e+00
2.809737715162729188e+00
2.809737715168640459e+00
2.809737715174217332e+00
2.809737714998031599e+00
2.809737714830791599e+00
2.809737714857333479e+00
2.809737714888964621e+00
2.809737714923079999e+00
2.809737714957727839e+00
2.809737714991496826e+00
2.809737715023408633e+00
2.809737715052836649e+00
2.809737715079417164e+00
2.809737715103002298e+00
2.809737715123585833e+00
2.809737715141279235e+00
2.809737714974947842e+00
2.809737714996900060e+00
2.809737715020177884e+00
2.809737715043555184e+00
2.809737715066153108e+00
2.809737715087374355e+00
2.809737715106837008e+00
2.809737715124340784e+00
2.809737715139805747e+00
2.809737715153254545e+00
2.809737715164774663e+00
2.809737715174495776e+00
2.809737715182581752e+00
2.809737715189204010e+00
2.809737715194541074e+00
2.809737715198764807e+00
2.809737715202043518e+00
2.809737715204525088e+00
2.809737715206344522e+00
2.809737715207629716e+00
2.809737715208485032e+00
2.809737715209000175e+00
2.809737715209257303e+00
2.809737715209318143e+00
2.809737715209235986e+00
2.809737715027740723e+00
2.809737715036942252e+00
2.809737714868337566e+00
2.809737714892539540e+00
2.809737714739904746e+00
2.809737714780182305e+00
2.809737714824429133e+00
2.809737714869896763e+00
2.809737714914588569e+00
2.809737714957099008e+00
2.809737714815189857e+00
2.809737714860391478e+00
2.809737714723920643e+00
2.809737714776324502e+00
2.809737714829369182e+00
2.809737714880943038e+00
2.809737714929592567e+00
2.809737714793064889e+00
2.809737714842918344e+00
2.809737714891718863e+00
2.809737714937995623e+00
2.809737714980788059e+00
2.809737715019535731e+00
2.809737715053983287e+00
2.809737715084107634e+00
2.809737715110051770e+00
2.809737715132067049e+00
2.809737715150473658e+00
2.809737715165633087e+00
2.809737715177923700e+00
2.809737715187718088e+00
2.809737715195376850e+00
2.809737715201229058e+00
2.809737715205577135e+00
2.809737715208696862e+00
2.809737715210821385e+00
2.809737715212161202e+00
2.809737715212889508e+00
2.809737715213155518e+00
2.809737715213079134e+00
2.809737715212766052e+00
2.809737715212291764e+00
2.809737715211721554e+00
2.809737715211102493e+00
2.809737715029154703e+00
2.809737715037981420e+00
2.809737715050391049e+00
2.809737714883587145e+00
2.809737714908524531e+00
2.809737714755830673e+00
2.809737714795487395e+00
2.809737714838735023e+00
2.809737714882971193e+00
2.809737714926306307e+00
2.809737714967420086e+00
2.809737715005456327e+00
2.809737715039908768e+00
2.809737715070548703e+00
2.809737715097350375e+00
2.809737715120441681e+00
2.809737714958719490e+00
2.809737714984553936e+00
2.809737715011053627e+00
2.809737715037063488e+00
2.809737715061776608e+00
2.809737714903351335e+00
2.809737714933552510e+00
2.809737714783704376e+00
2.809737714824383836e+00
2.809737714867308167e+00
2.809737714910276019e+00
2.809737714951712650e+00
2.809737714990548696e+00
2.809737715026113580e+00
2.809737715058053809e+00
2.809737714904919414e+00
2.809737714938843833e+00
2.809737714972782019e+00
2.809737715005495406e+00
2.809737715036146000e+00
2.809737715064207997e+00
2.809737715089399845e+00
2.809737715111627399e+00
2.809737715130928404e+00
2.809737715147440529e+00
2.809737715161360061e+00
2.809737715172919703e+00
2.809737715182377027e+00
2.809737715189985607e+00
2.809737715014676951e+00
2.809737714847456935e+00
2.809737714873408176e+00
2.809737714904030792e+00
2.809737714936876518e+00
2.809737714970116151e+00
2.809737715002428526e+00
2.809737715032905481e+00
2.809737715060961261e+00
2.809737715086268572e+00
2.809737715108692413e+00
2.835032323535689791e+00
2.903161644884922676e+00
2.971493017002841075e+00
3.038364872547197226e+00
3.103127741403982842e+00
3.166481378865909857e+00
3.228498303185289409e+00
3.289211625268200212e+00
3.348068878897786593e+00
3.405632598785507170e+00
3.461999365494615066e+00
3.517197798379131157e+00
3.571042144330875523e+00
3.623482897096667266e+00
3.674845965323397134e+00
3.725156421553877717e+00
3.774438638295082526e+00
3.822524044435492208e+00
3.869375116437730799e+00
3.915275871561262999e+00
3.960247886809363571e+00
4.004312272355861957e+00
4.047489674588585551e+00
4.089438213815886236e+00
4.130460529960115146e+00
4.170663483260236504e+00
4.210065298447305260e+00
4.248683646943198333e+00
4.286535672799326235e+00
4.323505342823170672e+00
4.359538805920976756e+00
4.394861278119401859e+00
4.429488080482665069e+00
4.463172777156719562e+00
4.495037465391407139e+00
4.524516005709463329e+00
4.551284515645859230e+00
4.575089504104311366e+00
4.595966519074019097e+00
4.614118614383542649e+00
4.629708148862103911e+00
4.642937763122823469e+00
4.654032089879462930e+00
4.663223929989058547e+00
4.670744063574363558e+00
4.676814048984939909e+00
4.681641371017774667e+00
4.685416443076142023e+00
4.688311041091174580e+00
4.690477808407335303e+00
4.692050547857158804e+00
4.693145061205881596e+00
4.693860364799963492e+00
4.694280118597838225e+00
4.694474173249967741e+00
4.694500137681300700e+00
4.694404911971103544e+00
4.694226157255314114e+00
4.693993644318459779e+00
4.693730495322220975e+00
4.693454294382217284e+00
4.693178066480867550e+00
4.692911136515985682e+00
4.692659865192551294e+00
4.692428278586376678e+00
4.692218588119587253e+00
4.692031644773329901e+00
4.691867288242471012e+00
4.691724641841993559e+00
4.691602345943593377e+00
4.691498740958410352e+00
4.691412007854607324e+00
4.691340276867565606e+00
4.691281702579391144e+00
4.691234521347297459e+00
4.691197086139870187e+00
4.691167891005504131e+00
4.691145575602120310e+00
4.691128939605444081e+00
4.691116929219178999e+00
4.691108634467241245e+00
4.691103278976958890e+00
4.691100207916582221e+00
4.691098873888957854e+00
4.691098829350037747e+00
4.691099709273104601e+00
4.691101221206657179e+00
4.691103134509951644e+00
4.691105270562477614e+00
4.691107494002434208e+00
4.691109704996206275e+00
4.691111832507203872e+00
4.691113828506251693e+00
4.691115663052009666e+00
4.691117320159182924e+00
4.691118794371309519e+00
4.691120087951514250e+00
4.691121208612248239e+00
4.691122167706115675e+00
4.691122978808285993e+00
4.691123656626879246e+00
4.691124216184831219e+00
4.691124672223697445e+00
4.691125038786433166e+00
4.691125328942306716e+00
4.691125554622846749e+00
4.691125726542798802e+00
4.691125854184604371e+00
4.691125945828820143e+00
4.691126008616484100e+00
4.691126048632119350e+00
4.691126070998764774e+00
4.691126079978699792e+00
4.691126079074209976e+00
4.691126071125326646e+00
4.691126058402397270e+00
4.691126042691695197e+00
4.691126025372314601e+00
4.691126007485589611e+00
4.691125989796230300e+00
4.691125972844637282e+00
4.691125956993006163e+00
4.691125942463191478e+00
4.691125929369699854e+00
4.691125917745746499e+00
4.691125907565833586e+00
4.691125898762712687e+00
4.691125891242021950e+00
4.691125884892989539e+00
4.691125879596660830e+00
4.691125875232361686e+00
4.691125871682525705e+00
4.691125868835309909e+00
4.691125866586950188e+00
4.691125864843124660e+00
4.691125863519239658e+00
4.691125862540673097e+00
4.691125861842205147e+00
4.691125861367789085e+00
4.691125861069735947e+00
4.691125860907875200e+00
4.691125860849107987e+00
4.691125860866045549e+00
4.691125860936606884e+00
4.691125861043074607e+00
4.691125861171805411e+00
4.691125861311982170e+00
4.691125861455771151e+00
4.691125861597144286e+00
4.691125861732174052e+00
4.691125861857954327e+00
4.691125861973019617e+00
4.691125862076479969e+00
4.691125862168051164e+00
4.691125862248088474e+00
4.691125862317260697e+00
4.691125862376255284e+00
4.691125862425979953e+00
4.691125862467387719e+00
4.691125862501357879e+00
4.691125862529013979e+00
4.691125862551155379e+00
4.691125862568590321e+00
4.691125862581994710e+00
4.691125862592122608e+00
4.691125862599649921e+00
4.691125862604999419e+00
4.691125862608608088e+00
4.691125862610851627e+00
4.691125862612043562e+00
4.691125862612438802e+00
4.691125862612248731e+00
4.691125862611563946e+00
4.691125862610699748e+00
4.691125862609582420e+00
4.691125862608471309e+00
4.691125862607340657e+00
4.691125862606233987e+00
4.691125862605180608e+00
4.691125862604203611e+00
4.691125862603311880e+00
4.691125862602423702e+00
4.691125862601720264e+00
4.691125862601108309e+00
4.691125862600495466e+00
4.691125862600055818e+00
4.691125862599688112e+00
4.691125862599382579e+00
4.691125862599137442e+00
4.691125862598939378e+00
4.691125862598696017e+00
4.691125862598579666e+00
4.691125862598493512e+00
4.691125862598433116e+00
4.691125862598392260e+00
4.691125862598367391e+00
4.691125862598267915e+00
4.691125862598267027e+00
4.691125862598275909e+00
4.691125862598202190e+00
4.691125862598137353e+00
4.691125862598079621e+00
4.691125862598116036e+00
4.691125862598156004e+00
4.691125862598194196e+00
4.691125862598232388e+00
4.691125862598269691e+00
4.691125862598304330e+00
4.691125862598338081e+00
4.691125862598367391e+00
4.691125862598394036e+00
4.691125862598417129e+00
4.691125862598436669e+00
4.691125862598451768e+00
4.691125862598378049e+00
4.691125862598391372e+00
4.691125862598404694e+00
4.691125862598418017e+00
4.691125862598430452e+00
4.691125862598354956e+00
4.691125862598369167e+00
4.691125862598385154e+00
4.691125862598401142e+00
4.691125862598413576e+00
4.691125862598426011e+00
4.691125862598438445e+00
4.691125862598449103e+00
4.691125862598372720e+00
4.691125862598299001e+00
4.691125862598317653e+00
4.691125862598338081e+00
4.691125862598360285e+00
4.691125862598379825e+00
4.691125862598398477e+00
4.691125862598416241e+00
4.691125862598430452e+00
4.691125862598442886e+00
4.691125862598367391e+00
4.691125862598380714e+00
4.691125862598307883e+00
4.691125862598235052e+00
4.691125862598261698e+00
4.691125862598199525e+00
4.691125862598230611e+00
4.691125862598261698e+00
4.691125862598292784e+00
4.691125862598322094e+00
4.691125862598348739e+00
4.691125862598286567e+00
4.691125862598312324e+00
4.691125862598251928e+00
4.691125862598279461e+00
4.691125862598307883e+00
4.691125862598334528e+00
4.691125862598272356e+00
4.691125862598299001e+00
4.691125862598326535e+00
4.691125862598265250e+00
4.691125862598291896e+00
4.691125862598317653e+00
4.691125862598344298e+00
4.691125862598368279e+00
4.691125862598303442e+00
4.691125862598329199e+00
4.691125862598353180e+00
4.691125862598375384e+00
4.691125862598396701e+00
4.691125862598417129e+00
4.691125862598431340e+00
4.691125862598444662e+00
4.691125862598457097e+00
4.691125862598379825e+00
4.691125862598392260e+00
4.691125862598404694e+00
4.691125862598417129e+00
4.691125862598428675e+00
4.691125862598440222e+00
4.691125862598449103e+00
4.691125862598458873e+00
4.691125862598467755e+00
4.691125862598474860e+00
4.691125862598394924e+00
4.691125862598404694e+00
4.691125862598413576e+00
4.691125862598424234e+00
4.691125862598347851e+00
4.691125862598360285e+00
4.691125862598288343e+00
4.691125862598308771e+00
4.691125862598330976e+00
4.691125862598353180e+00
4.691125862598374496e+00
4.691125862598394036e+00
4.691125862598410912e+00
4.691125862598340746e+00
4.691125862598360285e+00
4.691125862598379825e+00
4.691125862598307883e+00
4.691125862598329199e+00
4.691125862598350515e+00
4.597014523331416136e+00
4.504202609589263773e+00
4.412898177146262313e+00
4.324933281763677861e+00
4.241741468571971652e+00
4.165167406111688564e+00
4.096071976215933219e+00
4.034483097892317183e+00
3.980198324112776298e+00
3.933338119887576312e+00
3.893419942614255280e+00
3.859856730398208757e+00
3.832007164983150638e+00
3.809213495829667284e+00
3.790720402039553072e+00
3.775994095979262610e+00
3.764525423560803219e+00
3.755788804040086415e+00
3.749312470435985034e+00
3.744679712627502433e+00
3.741527822114267376e+00
3.739545446209745716e+00
3.738468896468609692e+00
3.738077821535678247e+00
3.738190597081352262e+00
3.738659668348871978e+00
3.739367020749468917e+00
3.740219907091323126e+00
3.741146902087538084e+00
3.742094334410229539e+00
3.743023111107319334e+00
3.743905938239089792e+00
3.744724906864745684e+00
3.745469460695498132e+00
3.746134662746869459e+00
3.746719769662484545e+00
3.747227062340640291e+00
3.747660904051930864e+00
3.748026991689179077e+00
3.748331782343743424e+00
3.748582041794049857e+00
3.748784522578632039e+00
3.748945731053489272e+00
3.749071768671285110e+00
3.749168235704337437e+00
3.749240167490946352e+00
3.749292032272242281e+00
3.749327727713845704e+00
3.749350608392288731e+00
3.749363522842281693e+00
3.749368857758320850e+00
3.749368585912797869e+00
3.749364315179446905e+00
3.749357334359055383e+00
3.749348661204222388e+00
3.749339082545592117e+00
3.749329192775397779e+00
3.749319427818114114e+00
3.749310094984358521e+00
3.749301398833020826e+00
3.749293463271044402e+00
3.749286350187108763e+00
3.749280074952692221e+00
3.749274619138950104e+00
3.749269940867863138e+00
3.749265982696134980e+00
3.749262679931562037e+00
3.749259960680181525e+00
3.749257753064977550e+00
3.749255989281060408e+00
3.749254604793439416e+00
3.749253540266461293e+00
3.749252742092378021e+00
3.749252162046901482e+00
3.749251758481092267e+00
3.749251495271702872e+00
3.749251341661618664e+00
3.749251271810607911e+00
3.749251264301414199e+00
3.749251301631318700e+00
3.749251369711135151e+00
3.749251457387137609e+00
3.749251555996137686e+00
3.749251658959916966e+00
3.749251761422036200e+00
3.749251859927667407e+00
3.749251952145482125e+00
3.749252036629333595e+00
3.749252112616755284e+00
3.749252179860921075e+00
3.749252238492350564e+00
3.749252288906782749e+00
3.749252331675708927e+00
3.749252367476209713e+00
3.749252397037099449e+00
3.749252421098583810e+00
3.749252440383020968e+00
3.749252455574653364e+00
3.749252467306430692e+00
3.749252476152412861e+00
3.749252482624392258e+00
3.749252487171673476e+00
3.749252490183089481e+00
3.749252491990590741e+00
3.749252492873809572e+00
3.749252493065136083e+00
3.749252492755034361e+00
3.749252492097288947e+00
3.749252491214071448e+00
3.749252490200651433e+00
3.749252489129711208e+00
3.749252488055252019e+00
3.749252487016005553e+00
3.749252486038426646e+00
3.749252485139268121e+00
3.749252484327752821e+00
3.749252483607397490e+00
3.749252482977520007e+00
3.749252482434451750e+00
3.749252481972523032e+00
3.749252481584832708e+00
3.749252481263832149e+00
3.749252481001791537e+00
3.749252480791104070e+00
3.749252480624538642e+00
3.749252480495368633e+00
3.749252480397469167e+00
3.749252480325367731e+00
3.749252480274243737e+00
3.749252480239915197e+00
3.749252480218800088e+00
3.749252480207875493e+00
3.749252480204619875e+00
3.749252480206962446e+00
3.749252480213227656e+00
3.749252480222071693e+00
3.749252480232451834e+00
3.749252480243570051e+00
3.749252480254819719e+00
3.749252480265771403e+00
3.749252480276124455e+00
3.749252480285688804e+00
3.749252480294348100e+00
3.749252480302061485e+00
3.749252480308822744e+00
3.749252480314668734e+00
3.749252480319655412e+00
3.749252480323852499e+00
3.749252480327338155e+00
3.749252480330190540e+00
3.749252480332489146e+00
3.749252480334314797e+00
3.749252480335735438e+00
3.749252480336819460e+00
3.749252480337623705e+00
3.749252480338196580e+00
3.749252480338586047e+00
3.749252480338834737e+00
3.749252480338969296e+00
3.749252480339021254e+00
3.749252480339007487e+00
3.749252480338948423e+00
3.749252480338860938e+00
3.749252480338757021e+00
3.749252480338642002e+00
3.749252480338522986e+00
3.749252480338404858e+00
3.749252480338295612e+00
3.749252480338194360e+00
3.749252480338101989e+00
3.749252480338019389e+00
3.749252480337947446e+00
3.749252480337887050e+00
3.749252480337831983e+00
3.749252480337788018e+00
3.749252480337749827e+00
3.749252480337720073e+00
3.749252480337694760e+00
3.749252480337674776e+00
3.749252480337655680e+00
3.749252480337648574e+00
3.749252480337641025e+00
3.749252480337633919e+00
3.749252480337630367e+00
3.749252480337627702e+00
3.749252480337625926e+00
3.749252480337624149e+00
3.749252480337627702e+00
3.749252480337629478e+00
3.749252480337632143e+00
3.749252480337634807e+00
3.749252480337638360e+00
3.749252480337638804e+00
3.749252480337640137e+00
3.749252480337640581e+00
3.749252480337642801e+00
3.749252480337645022e+00
3.749252480337646798e+00
3.749252480337645466e+00
3.749252480337645022e+00
3.749252480337644577e+00
3.749252480337644577e+00
3.749252480337644577e+00
3.749252480337644577e+00
3.749252480337644577e+00
3.749252480337644577e+00
3.749252480337644577e+00
3.749252480337644577e+00
3.749252480337644577e+00
3.749252480337644577e+00
3.749252480337644577e+00
3.749252480337644577e+00
3.749252480337644577e+00
3.749252480337644577e+00
3.749252480337644577e+00
3.749252480337644577e+00
3.749252480337644577e+00
3.749252480337644577e+00
3.749252480337644577e+00
3.749252480337644577e+00
3.749252480337644577e+00
3.749252480337644577e+00
3.749252480337644577e+00
3.749252480337644577e+00
3.749252480337644577e+00
3.749252480337644577e+00
3.749252480337644577e+00
3.749252480337644577e+00
3.749252480337644577e+00
3.749252480337644577e+00
3.749252480337644577e+00
3.749252480337644577e+00
3.749252480337644577e+00
3.749252480337644577e+00
3.749252480337644577e+00
3.749252480337644577e+00
3.749252480337644577e+00
3.749252480337644577e+00
3.749252480337644577e+00
3.749252480337644577e+00
3.749252480337644577e+00
3.749252480337644577e+00
3.749252480337644577e+00
3.749252480337644577e+00
3.749252480337644577e+00
3.749252480337644577e+00
3.749252480337644577e+00
3.749252480337644577e+00
3.749252480337644577e+00
3.749252480337644577e+00
3.749252480337644577e+00
3.749252480337644577e+00
3.749252480337644577e+00
3.749252480337644577e+00
3.749252480337644577e+00
3.749252480337644577e+00
3.749252480337644577e+00
3.749252480337644577e+00
3.749252480337644577e+00
3.749252480337644577e+00
3.749252480337644577e+00
3.749252480337644577e+00
3.749252480337644577e+00
3.749252480337644577e+00
3.749252480337644577e+00
3.749252480337644577e+00
3.749252480337644577e+00
3.749252480337644577e+00
3.749252480337644577e+00
3.749252480337644577e+00
3.749252480337644577e+00
3.749252480337644577e+00
3.749252480337644577e+00
3.749252480337644577e+00
3.749252480337644577e+00
3.749252480337644577e+00
3.749252480337644577e+00
3.749252480337644577e+00
3.749252480337644577e+00
3.749252480337644577e+00
3.749252480337644577e+00
3.749252480337644577e+00
3.749252480337644577e+00
3.749252480337644577e+00
3.749252480337644577e+00
3.749252480337644577e+00
3.749252480337644577e+00
3.749252480337644577e+00
3.749252480337644577e+00
3.749252480337644577e+00
3.749252480337644577e+00
3.749252480337644577e+00
3.749252480337644577e+00
3.749252480337644577e+00
3.749252480337644577e+00
3.749252480337644577e+00
3.749252480337644577e+00
3.749252480337644577e+00
3.749252480337644577e+00
3.749252480337644577e+00
3.745262120600590272e+00
3.783036261417806134e+00
3.830867437978276335e+00
3.877549106061383810e+00
3.923284301550879150e+00
3.968094518831643214e+00
4.012000785932618996e+00
4.055023667721785685e+00
4.096742653752001750e+00
4.137618930002706641e+00
4.177679103104070535e+00
4.216941298117967918e+00
4.255423091501078225e+00
4.293141536747969056e+00
4.329920798401977855e+00
4.365827578029301215e+00
4.401026100422800624e+00
4.435531618679869226e+00
4.469359007836306574e+00
4.502522776162428464e+00
4.535037076046725346e+00
4.566877533588315607e+00
4.597848302756939454e+00
4.628215411038004490e+00
4.657991487061105218e+00
4.687188924029747739e+00
4.715819879564246975e+00
4.743896276045343363e+00
4.771429801408253013e+00
4.798431910340719142e+00
4.824812900718340458e+00
4.850483977791764545e+00
4.875662302465823217e+00
4.900358137419349447e+00
4.924581466850757039e+00
4.948342008037100115e+00
4.971649222233724963e+00
4.994512324958391147e+00
5.016492264934382384e+00
5.037108397444995056e+00
5.056061982423737611e+00
5.073163220929689743e+00
5.088285481643504582e+00
5.101578587559358446e+00
5.113122914995644308e+00
5.123033767780725611e+00
5.131447650325427823e+00
5.138511743705032053e+00
5.144376002720432162e+00
5.149187425176379840e+00
5.153086041018085872e+00
5.156202264678670488e+00
5.158655320558413138e+00
5.160552477094453749e+00
5.161988903513372584e+00
5.163047970741917680e+00
5.163801836871022566e+00
5.164312255505939753e+00
5.164631483531595180e+00
5.164803252981476689e+00
5.164863757883044748e+00
5.164842586372212274e+00
5.164763624554945309e+00
5.164645885728502250e+00
5.164504265964994900e+00
5.164350221059412327e+00
5.164192363825010013e+00
5.164036989744533734e+00
5.163888524337512109e+00
5.163749912426804478e+00
5.163622930590407556e+00
5.163508468890099401e+00
5.163406751906068237e+00
5.163317524801106728e+00
5.163240181517324778e+00
5.163173905149350595e+00
5.163117742527275844e+00
5.163070680546885782e+00
5.163031686756961669e+00
5.162999758731812605e+00
5.162973940431170305e+00
5.162953352886538561e+00
5.162937195046642280e+00
5.162924735820631383e+00
5.162915339147784444e+00
5.162908447152191549e+00
5.162903579186678193e+00
5.162900315382915828e+00
5.162898314027788871e+00
5.162897276885848541e+00
5.162896970009410502e+00
5.162897190268062708e+00
5.162897784155553893e+00
5.162898624794237890e+00
5.162899618611683117e+00
5.162900686537342132e+00
5.162901769173695143e+00
5.162902828879717632e+00
5.162903837312173394e+00
5.162904778592176669e+00
5.162905638540062014e+00
5.162906411849138344e+00
5.162907094831489907e+00
5.162907692584672859e+00
5.162908209350994149e+00
5.162908651215749600e+00
5.162909027844372112e+00
5.162909343136687923e+00
5.162909604094564564e+00
5.162909817571595283e+00
5.162909989965035251e+00
5.162910127245718961e+00
5.162910234848823166e+00
5.162910317646485225e+00
5.162910379946765715e+00
5.162910425511538115e+00
5.162910457587296165e+00
5.162910479330410141e+00
5.162910492674438245e+00
5.162910499563194477e+00
5.162910501601795765e+00
5.162910500099848754e+00
5.162910496112067094e+00
5.162910490475827174e+00
5.162910483845240428e+00
5.162910476721517483e+00
5.162910469479886189e+00
5.162910462392938271e+00
5.162910455650769670e+00
5.162910449378119715e+00
5.162910443648831560e+00
5.162910438497817722e+00
5.162910433931008569e+00
5.162910429933340595e+00
5.162910426475249004e+00
5.162910423517733882e+00
5.162910421016353446e+00
5.162910418924195000e+00
5.162910417194174428e+00
5.162910415394523334e+00
5.162910413886240057e+00
5.162910412636421142e+00
5.162910411612948280e+00
5.162910410785120696e+00
5.162910410125151728e+00
5.162910409607000872e+00
5.162910409207282392e+00
5.162910408905746706e+00
5.162910408684711960e+00
5.162910408528451178e+00
5.162910408423731390e+00
5.162910408359388192e+00
5.162910408326075284e+00
5.162910408316085942e+00
5.162910408323130085e+00
5.162910408342133550e+00
5.162910408369084436e+00
5.162910408400828821e+00
5.162910408434961518e+00
5.162910408469674195e+00
5.162910408503659454e+00
5.162910408535998918e+00
5.162910408566091292e+00
5.162910408593579525e+00
5.162910408618301084e+00
5.162910408640218662e+00
5.162910408659405981e+00
5.162910408676005147e+00
5.162910408690206232e+00
5.162910408702214404e+00
5.162910408712265919e+00
5.162910408720579269e+00
5.162910408727123368e+00
5.162910408732615863e+00
5.162910408736745005e+00
5.162910408740186696e+00
5.162910408742841462e+00
5.162910408744851409e+00
5.162910408746330226e+00
5.162910408747372948e+00
5.162910408748076385e+00
5.162910408748513369e+00
5.162910408748744295e+00
5.162910408748817126e+00
5.162910408748778046e+00
5.162910408748409452e+00
5.162910408748001778e+00
5.162910408747823254e+00
5.162910408747637625e+00
5.162910408747207747e+00
5.162910408747038105e+00
5.162910408746882673e+00
5.162910408746740565e+00
5.162910408746615332e+00
5.162910408746261837e+00
5.162910408746177460e+00
5.162910408746110846e+00
5.162910408746060220e+00
5.162910408745778668e+00
5.162910408745765345e+00
5.162910408745764457e+00
5.162910408745525537e+00
5.162910408745551294e+00
5.162910408745339019e+00
5.162910408745389645e+00
5.162910408745200463e+00
5.162910408745269741e+00
5.162910408745343460e+00
5.162910408745417179e+00
5.162910408745248425e+00
5.162910408745328361e+00
5.162910408745409185e+00
5.162910408745486457e+00
5.162910408745556623e+00
5.162910408745625013e+00
5.162910408745686297e+00
5.162910408745741364e+00
5.162910408745791990e+00
5.162910408745832846e+00
5.162910408745869262e+00
5.162910408745901236e+00
5.162910408745928770e+00
5.162910408745949198e+00
5.162910408745966073e+00
5.162910408745980284e+00
5.162910408745992719e+00
5.162910408746000712e+00
5.162910408746006929e+00
5.162910408746013147e+00
5.162910408746016699e+00
5.162910408746016699e+00
5.162910408746016699e+00
5.162910408746016699e+00
5.162910408746016699e+00
5.162910408745772450e+00
5.162910408745785773e+00
5.162910408745800872e+00
5.162910408745573498e+00
5.162910408745608137e+00
5.162910408745399415e+00
5.162910408745449153e+00
5.162910408745500668e+00
5.162910408745312374e+00
5.162910408745378099e+00
5.162910408745448265e+00
5.162910408745513990e+00
5.162910408745336355e+00
5.162910408745407409e+00
5.162910408745480240e+00
5.162910408745550406e+00
5.162910408745614355e+00
5.162910408745427837e+00
5.162910408745491786e+00
5.162910408745554847e+00
5.162910408745618795e+00
5.162910408745677415e+00
5.162910408745483792e+00
5.162910408745542412e+00
5.162910408745601032e+00
5.162910408745653434e+00
5.162910408745458923e+00
5.162910408745517543e+00
5.162910408745577051e+00
5.162910408745389645e+00
5.162910408745453594e+00
5.162910408745517543e+00
5.162910408745581492e+00
5.162910408745643664e+00
5.162910408745695179e+00
5.162910408745744917e+00
5.162910408745791102e+00
5.162910408745830182e+00
5.162910408745865709e+00
5.162910408745895019e+00
5.162910408745922552e+00
5.162910408745946533e+00
5.162910408745960744e+00
5.162910408745974955e+00
5.162910408745984725e+00
5.162910408745994495e+00
5.162910408746002489e+00
5.162910408746008706e+00
5.162910408746012259e+00
5.162910408746014035e+00
5.162910408746014923e+00
5.162910408746014923e+00
5.162910408746014035e+00
5.162910408746014035e+00
5.162910408746013147e+00
5.162910408746012259e+00
5.162910408746010482e+00
5.162910408746009594e+00
5.162910408746008706e+00
5.162910408746006929e+00
5.162910408746008706e+00
5.162910408746006929e+00
5.162910408746008706e+00
5.162910408746006929e+00
5.162910408746008706e+00
5.162910408746006929e+00
5.061699222912307228e+00
4.961583523292742548e+00
4.863376670754133713e+00
4.766475662076022246e+00
4.670902011238199592e+00
4.577184158410231518e+00
4.484580513833970272e+00
4.393661441382429089e+00
4.304489152022509479e+00
4.216311153497885655e+00
4.129885916376447419e+00
4.045073207279921590e+00
3.961182385967129349e+00
3.878984481926021299e+00
3.798416579036115515e+00
3.718775166420260625e+00
3.640761979947891192e+00
3.564350471168722834e+00
3.488945757230890621e+00
3.414955629771923906e+00
3.342503163990291348e+00
3.271299821074310721e+00
3.201077299385581831e+00
3.132333275161793829e+00
3.065042660469337488e+00
2.998702777525441565e+00
2.933522755958908323e+00
2.869738105591374211e+00
2.807323661208730226e+00
2.745897185121398465e+00
2.685640145397266476e+00
2.626688545068416314e+00
2.569018390667278329e+00
2.512352227980083619e+00
2.456545301097312617e+00
2.401965108986257036e+00
2.348588685164321177e+00
2.296393093102552463e+00
2.244991719295522437e+00
2.194585591660281665e+00
2.146535214582883544e+00
2.101970540742712501e+00
2.061567298846925134e+00
2.025628710992883441e+00
1.993945056594919940e+00
1.966743379504722888e+00
1.943770516796144099e+00
1.924685483839404299e+00
1.909097581024845613e+00
1.896595451862058024e+00
1.886768612755355568e+00
1.879222779178066904e+00
1.873590180490439128e+00
1.869535916821354116e+00
1.866761242834901635e+00
1.865004527548030921e+00
1.864040543051850518e+00
1.863678577852437401e+00
1.863759763863791941e+00
1.864153977029161524e+00
1.864756529974958221e+00
1.865484849276390467e+00
1.866275264036622472e+00
1.867080004258321102e+00
1.867864451624192679e+00
1.868604681860858374e+00
1.869285306426908821e+00
1.869897607418002927e+00
1.870437957183466393e+00
1.870906498105683102e+00
1.871306048184712578e+00
1.871641237620113030e+00
1.871917810857449238e+00
1.872142085284343116e+00
1.872320549282822100e+00
1.872459573983361603e+00
1.872565192193374140e+00
1.872642974196859766e+00
1.872697952609316596e+00
1.872734580258437198e+00
1.872756729193940206e+00
1.872767710251219242e+00
1.872770311112569752e+00
1.872766830444108521e+00
1.872759147344011277e+00
1.872748756458652686e+00
1.872736831098972710e+00
1.872724258587945112e+00
1.872711702510486687e+00
1.872699635234924109e+00
1.872688373017727281e+00
1.872678115986095682e+00
1.872668962363828404e+00
1.872660940662817852e+00
1.872654031626950433e+00
1.872648179109019928e+00
1.872643301748948108e+00
1.872639303706862268e+00
1.872636085360867453e+00
1.872633545210328432e+00
1.872631585138860633e+00
1.872630113164809318e+00
1.872629045169941886e+00
1.872628305834418416e+00
1.872627828970151231e+00
1.872627557412389399e+00
1.872627442600256042e+00
1.872627443951349502e+00
1.872627528113128381e+00
1.872627668154779101e+00
1.872627842747327520e+00
1.872628035366376675e+00
1.872628233541223208e+00
1.872628428165602710e+00
1.872628612878412646e+00
1.872628783517914952e+00
1.872628937649022163e+00
1.872629074160624185e+00
1.872629192928163322e+00
1.872629294535524513e+00
1.872629380049822823e+00
1.872629450842401733e+00
1.872629508449631830e+00
1.872629554467335034e+00
1.872629590473257721e+00
1.872629617972438432e+00
1.872629638360955084e+00
1.872629652904270747e+00
1.872629662726678967e+00
1.872629668809150605e+00
1.872629671993233824e+00
1.872629672989102767e+00
1.872629672386313837e+00
1.872629670666019264e+00
1.872629668213804832e+00
1.872629665332474547e+00
1.872629662254281513e+00
1.872629659152363679e+00
1.872629656151131083e+00
1.872629653335509126e+00
1.872629650759036757e+00
1.872629648450838902e+00
1.872629646421521299e+00
1.872629644668073690e+00
1.872629643177889935e+00
1.872629641931996325e+00
1.872629640907596205e+00
1.872629640080033742e+00
1.872629639424254089e+00
1.872629638915875638e+00
1.872629638531916552e+00
1.872629638251266382e+00
1.872629638054954082e+00
1.872629637926240376e+00
1.872629637850620643e+00
1.872629637815745207e+00
1.872629637811256575e+00
1.872629637828612692e+00
1.872629637860894647e+00
1.872629637902598843e+00
1.872629637949442483e+00
1.872629637998176833e+00
1.872629638046410694e+00
1.872629638092461857e+00
1.872629638135207220e+00
1.872629638173975319e+00
1.872629638208436420e+00
1.872629638238524130e+00
1.872629638264340368e+00
1.872629638286136489e+00
1.872629638304238675e+00
1.872629638319025291e+00
1.872629638330875812e+00
1.872629638340187253e+00
1.872629638347334202e+00
1.872629638352666381e+00
1.872629638356501092e+00
1.872629638359123661e+00
1.872629638360781223e+00
1.872629638361687388e+00
1.872629638362023119e+00
1.872629638361946292e+00
1.872629638361567705e+00
1.872629638360992166e+00
1.872629638360297166e+00
1.872629638359542881e+00
1.872629638358777271e+00
1.872629638358031201e+00
1.872629638357326876e+00
1.872629638356680282e+00
1.872629638356098303e+00
1.872629638355585602e+00
1.872629638355139958e+00
1.872629638354761594e+00
1.872629638354443182e+00
1.872629638354180948e+00
1.872629638353967341e+00
1.872629638353803250e+00
1.872629638353670689e+00
1.872629638353570769e+00
1.872629638353496162e+00
1.872629638353443982e+00
1.872629638353408232e+00
1.872629638353392467e+00
1.872629638353381587e+00
1.872629638353377368e+00
1.872629638353380477e+00
1.872629638353386472e+00
1.872629638353395798e+00
1.872629638353406678e+00
1.872629638353418446e+00
1.872629638353429771e+00
1.872629638353441539e+00
1.872629638353457304e+00
1.872629638353465742e+00
1.872629638353473069e+00
1.872629638353479287e+00
1.872629638353484616e+00
1.872629638353495052e+00
1.872629638353499049e+00
1.872629638353502379e+00
1.872629638353505266e+00
1.872629638353512593e+00
1.872629638353513704e+00
1.872629638353513704e+00
1.872629638353519033e+00
1.872629638353518367e+00
1.872629638353517700e+00
1.872629638353522363e+00
1.872629638353521031e+00
1.872629638353518811e+00
1.872629638353517034e+00
1.872629638353515702e+00
1.872629638353513926e+00
1.872629638353512815e+00
1.872629638353511927e+00
1.872629638353516590e+00
1.872629638353514814e+00
1.872629638353513482e+00
1.872629638353517922e+00
1.872629638353516590e+00
1.872629638353514814e+00
1.872629638353513482e+00
1.872629638353511927e+00
1.872629638353516590e+00
1.872629638353514814e+00
1.872629638353513482e+00
1.872629638353517922e+00
1.872629638353516590e+00
1.872629638353514814e+00
1.872629638353513482e+00
1.872629638353512593e+00
1.872629638353517034e+00
1.872629638353515702e+00
1.872629638353514148e+00
1.872629638353513037e+00
1.872629638353517700e+00
1.872629638353516146e+00
1.872629638353514592e+00
1.872629638353513482e+00
1.872629638353511927e+00
1.872629638353516590e+00
1.872629638353521253e+00
1.872629638353519033e+00
1.872629638353517700e+00
1.872629638353516146e+00
1.872629638353514592e+00
1.872629638353513037e+00
1.872629638353511927e+00
1.872629638353516590e+00
1.872629638353514814e+00
1.872629638353513482e+00
1.872629638353517922e+00
1.872629638353516590e+00
1.872629638353514814e+00
1.872629638353513482e+00
1.872629638353511927e+00
1.872629638353516590e+00
1.872629638353514814e+00
1.872629638353513482e+00
1.872629638353517922e+00
1.872629638353516590e+00
1.872629638353514814e+00
1.872629638353513482e+00
1.872629638353512593e+00
1.872629638353517034e+00
1.872629638353515702e+00
1.872629638353514148e+00
1.872629638353513037e+00
1.872629638353517700e+00
1.872629638353516146e+00
1.872629638353514592e+00
1.872629638353513482e+00
1.872629638353511927e+00
1.872629638353516590e+00
1.872629638353521253e+00
1.872629638353519033e+00
1.872629638353517700e+00
1.872629638353516146e+00
