1.479155544871898764e-01
2.916826111451478187e-01
4.307392817932574891e-01
5.658025494441154546e-01
6.968565629551356500e-01
8.239305912168927160e-01
9.471763740937089171e-01
1.066979627871197378e+00
1.183334610064787906e+00
1.296579788326175375e+00
1.406183410809998202e+00
1.513227055440467872e+00
1.616787383435326797e+00
1.717880880438577895e+00
1.816224402056837883e+00
1.911761546522696920e+00
2.005131888646324079e+00
2.095703925810725732e+00
2.184018792374826656e+00
2.270361802692287156e+00
2.354052229215688463e+00
2.435784110524969126e+00
2.515717040716318298e+00
2.593232422463283893e+00
2.668847657183878397e+00
2.742823152603080850e+00
2.814974732458843221e+00
2.885198150006092810e+00
2.934737997723131375e+00
2.959791204231338124e+00
2.967135893234037258e+00
2.965292386347083919e+00
2.960581066495685754e+00
2.956364096581585166e+00
2.953751355470367379e+00
2.952625106614731987e+00
2.952441307248347080e+00
2.952676902973112139e+00
2.952992514013446979e+00
2.953232468216475670e+00
2.953363104038789988e+00
2.953408371689206113e+00
2.953406035522424755e+00
2.953386420925798728e+00
2.953366837448312854e+00
2.953353842175745925e+00
2.953347713387032059e+00
2.953346249209047425e+00
2.953347047080849830e+00
2.953348435363090108e+00
2.953349581343562846e+00
2.953350250407731803e+00
2.953350513728965954e+00
2.953350534616582479e+00
2.953350456485242859e+00
2.953350367023038547e+00
2.953350303313469816e+00
2.953350270778555497e+00
2.953350261003570232e+00
2.953350263149523869e+00
2.953350269098530045e+00
2.953350274492349214e+00
2.953350277863558748e+00
2.953350279334721051e+00
2.953350279590627459e+00
2.953350279299382652e+00
2.953350278898335013e+00
2.953350278590339606e+00
2.953350278421122965e+00
2.953350278361414283e+00
2.953350278363319870e+00
2.953350278387971262e+00
2.953350278412971708e+00
2.953350278429703213e+00
2.953350278437679943e+00
2.953350278439655252e+00
2.953350278438689358e+00
2.953350278436931209e+00
2.953350278435462606e+00
2.953350278434596632e+00
2.953350278434249798e+00
2.953350278434216936e+00
2.953350278434317300e+00
2.953350278434430543e+00
2.953350278434510923e+00
2.953350278434553111e+00
2.953350278434565102e+00
2.953350278434563769e+00
2.953350278434554887e+00
2.953350278434549114e+00
2.953350278434544229e+00
2.953350278434545118e+00
2.953350278434544673e+00
2.953350278434546894e+00
2.953350278434545118e+00
2.953350278434547338e+00
2.953350278434545118e+00
2.953350278434544673e+00
2.953350278434544229e+00
2.953350278434544229e+00
2.953350278434543785e+00
2.953350278434544229e+00
2.953350278434547338e+00
2.953350278434546450e+00
2.953350278434545118e+00
2.953350278434546894e+00
2.953350278434545118e+00
2.953350278434547338e+00
2.953350278434545118e+00
2.953350278434544673e+00
2.953350278434544229e+00
2.953350278434544229e+00
2.953350278434543785e+00
2.953350278434544229e+00
2.953350278434545118e+00
2.953350278434544229e+00
2.953350278434544229e+00
2.953350278434543785e+00
2.953350278434544229e+00
2.953350278434547338e+00
2.953350278434546006e+00
2.953350278434544673e+00
2.953350278434546894e+00
2.953350278434545118e+00
2.953350278434544673e+00
2.953350278434544229e+00
2.953350278434544229e+00
2.953350278434543785e+00
2.953350278434546894e+00
2.953350278434546006e+00
2.953350278434545118e+00
2.953350278434546894e+00
2.953350278434545118e+00
2.953350278434544673e+00
2.953350278434544229e+00
2.953350278434544229e+00
2.953350278434546894e+00
2.953350278434546006e+00
2.953350278434544673e+00
2.953350278434546894e+00
2.953350278434545118e+00
2.953350278434544673e+00
2.953350278434546894e+00
2.953350278434545118e+00
2.953350278434547338e+00
2.953350278434545118e+00
2.953350278434544673e+00
2.953350278434544229e+00
2.953350278434544229e+00
2.953350278434543785e+00
2.953350278434544229e+00
2.953350278434547338e+00
2.953350278434546006e+00
2.953350278434544673e+00
2.953350278434546894e+00
2.953350278434545118e+00
2.953350278434544673e+00
2.953350278434544229e+00
2.953350278434544229e+00
2.953350278434543785e+00
2.953350278434546894e+00
2.953350278434546006e+00
2.953350278434545118e+00
2.953350278434546894e+00
2.953350278434545118e+00
2.953350278434544673e+00
2.953350278434546894e+00
2.953350278434545118e+00
2.953350278434544673e+00
2.953350278434546894e+00
2.953350278434545118e+00
2.953350278434544673e+00
2.953350278434546894e+00
2.953350278434545118e+00
2.953350278434544673e+00
2.953350278434546894e+00
2.953350278434545118e+00
2.953350278434544673e+00
2.953350278434546894e+00
2.953350278434545118e+00
2.953350278434544673e+00
2.953350278434546894e+00
2.953350278434545118e+00
2.953350278434544673e+00
2.953350278434546894e+00
2.953350278434545118e+00
2.953350278434544673e+00
2.953350278434544229e+00
2.953350278434544229e+00
2.953350278434543785e+00
2.953350278434544229e+00
2.953350278434544229e+00
2.953350278434546894e+00
2.953350278434546006e+00
2.953350278434545118e+00
2.953350278434544229e+00
2.953350278434544229e+00
2.953350278434543785e+00
2.953350278434544229e+00
2.953350278434547338e+00
2.953350278434546006e+00
2.953350278434544673e+00
2.953350278434546894e+00
2.953350278434545118e+00
2.953350278434544673e+00
2.953350278434546894e+00
2.953350278434545118e+00
2.953350278434544673e+00
2.953350278434544229e+00
2.953350278434544229e+00
2.953350278434543785e+00
2.953350278434546894e+00
2.953350278434546006e+00
2.953350278434545118e+00
2.953350278434546894e+00
2.953350278434545118e+00
2.953350278434544673e+00
2.953350278434546894e+00
2.953350278434545118e+00
2.953350278434547338e+00
2.953350278434545118e+00
2.953350278434544673e+00
2.953350278434544229e+00
2.953350278434544229e+00
2.953350278434543785e+00
2.953350278434546894e+00
2.953350278434546006e+00
2.953350278434545118e+00
2.953350278434546894e+00
2.953350278434545118e+00
2.953350278434544673e+00
2.953350278434546894e+00
2.953350278434545118e+00
2.953350278434544673e+00
2.953350278434544229e+00
2.953350278434544229e+00
2.953350278434543785e+00
2.953350278434546894e+00
2.953350278434546006e+00
2.953350278434544673e+00
2.953350278434546894e+00
2.953350278434545118e+00
2.953350278434544673e+00
2.953350278434544229e+00
2.953350278434544229e+00
2.953350278434543785e+00
2.953350278434544229e+00
2.953350278434544229e+00
2.953350278434546894e+00
2.953350278434546006e+00
2.953350278434545118e+00
2.953350278434546894e+00
2.953350278434545118e+00
2.953350278434544673e+00
2.953350278434544229e+00
2.953350278434544229e+00
2.953350278434543785e+00
2.953350278434546894e+00
2.953350278434546006e+00
2.953350278434545118e+00
2.953350278434544229e+00
2.953350278434544229e+00
2.953350278434543785e+00
2.953350278434544229e+00
2.953350278434547338e+00
2.953350278434546006e+00
2.953350278434544673e+00
2.953350278434546894e+00
2.953350278434545118e+00
2.953350278434544673e+00
2.953350278434546894e+00
2.953350278434545118e+00
2.953350278434547338e+00
2.953350278434545118e+00
2.953350278434544673e+00
2.953350278434544229e+00
2.953350278434544229e+00
2.953350278434543785e+00
2.953350278434546894e+00
2.953350278434546006e+00
2.953350278434545118e+00
2.953350278434546894e+00
2.953350278434545118e+00
2.953350278434544673e+00
2.953350278434544229e+00
2.953350278434544229e+00
2.953350278434543785e+00
2.953350278434544229e+00
2.953350278434547338e+00
2.953350278434546006e+00
2.953350278434544673e+00
2.953350278434546894e+00
2.953350278434545118e+00
2.953350278434544673e+00
2.953350278434544229e+00
2.953350278434544229e+00
2.953350278434543785e+00
2.953350278434544229e+00
2.953350278434547338e+00
2.953350278434546006e+00
2.953350278434544673e+00
3.020609040542366674e+00
3.085941482533397728e+00
3.149658613117934269e+00
3.212029990017185366e+00
3.273089005410338981e+00
3.332456437119408754e+00
3.390345491349844753e+00
3.447029745354597274e+00
3.502538112431224704e+00
3.556821475139843702e+00
3.609554991027792425e+00
3.661203990311391543e+00
3.711793737136960480e+00
3.761348788937895371e+00
3.809821405787286785e+00
3.856930528615980958e+00
3.903083480489797807e+00
3.948301963748824583e+00
3.992607213241139874e+00
4.036019999130110669e+00
4.078318140905818012e+00
4.119562906095570298e+00
4.159983333643518577e+00
4.199597800982541429e+00
4.238424125002967280e+00
4.276479588446953528e+00
4.313739197584846252e+00
4.349965590052688569e+00
4.385476825308406212e+00
4.420288328125619337e+00
4.454415140061228406e+00
4.487871930940772636e+00
4.520673009922997920e+00
4.552832336162114579e+00
4.584165892583894397e+00
4.614799583327948262e+00
4.644836661017478718e+00
4.674289623486899359e+00
4.703170732992307812e+00
4.731492016339084117e+00
4.759265265481795737e+00
4.786502038548298366e+00
4.813213661243673336e+00
4.839141941878299491e+00
4.864537870822779553e+00
4.889446786297193981e+00
4.909787652105024769e+00
4.922099087719133514e+00
4.927547787766416221e+00
4.928700378558690254e+00
4.927862210067558202e+00
4.926526085565289925e+00
4.925413897527696427e+00
4.924730959455230206e+00
4.924422574818389187e+00
4.924352064495733039e+00
4.924393849854441285e+00
4.924465423964444533e+00
4.924526189352460115e+00
4.924564040032231027e+00
4.924581466344398528e+00
4.924585732631143742e+00
4.924583673301535569e+00
4.924579844920737415e+00
4.924576527984783958e+00
4.924574431724268564e+00
4.924573448284899513e+00
4.924573192377319053e+00
4.924573292375080236e+00
4.924573496816250007e+00
4.924573677739161326e+00
4.924573793745635975e+00
4.924573849171335560e+00
4.924573864406829315e+00
4.924573859641468765e+00
4.924573848742550553e+00
4.924573838882144727e+00
4.924573832467232570e+00
4.924573829347522747e+00
4.924573828446241919e+00
4.924573828667742070e+00
4.924573829247766987e+00
4.924573829784726797e+00
4.924573830139106434e+00
4.924573830314525225e+00
4.924573830367568128e+00
4.924573830357566351e+00
4.924573830326801627e+00
4.924573830297617860e+00
4.924573830278069941e+00
4.924573830268227148e+00
4.924573830265123853e+00
4.924573830265545737e+00
4.924573830267091168e+00
4.924573830268617058e+00
4.924573830269668662e+00
4.924573830270293051e+00
4.924573830270532859e+00
4.924573830270548846e+00
4.924573830270480457e+00
4.924573830270394303e+00
4.924573830270331243e+00
4.924573830270213115e+00
4.924573830270226438e+00
4.924573830270166042e+00
4.924573830270133179e+00
4.924573830270202457e+00
4.924573830270257524e+00
4.924573830270291275e+00
4.924573830270220220e+00
4.924573830270248642e+00
4.924573830270272623e+00
4.924573830270290387e+00
4.924573830270300157e+00
4.924573830270305486e+00
4.924573830270302821e+00
4.924573830270300157e+00
4.924573830270299268e+00
4.924573830270299268e+00
4.924573830270212227e+00
4.924573830270236208e+00
4.924573830270263741e+00
4.924573830270282393e+00
4.924573830270295716e+00
4.924573830270302821e+00
4.924573830270215780e+00
4.924573830270152719e+00
4.924573830270207786e+00
4.924573830270173147e+00
4.924573830270228214e+00
4.924573830270274399e+00
4.924573830270294827e+00
4.924573830270222885e+00
4.924573830270162489e+00
4.924573830270214003e+00
4.924573830270177588e+00
4.924573830270232655e+00
4.924573830270276176e+00
4.924573830270297492e+00
4.924573830270223773e+00
4.924573830270248642e+00
4.924573830270270847e+00
4.924573830270288610e+00
4.924573830270215780e+00
4.924573830270157160e+00
4.924573830270212227e+00
4.924573830270259300e+00
4.924573830270202457e+00
4.924573830270245089e+00
4.924573830270188246e+00
4.924573830270236208e+00
4.924573830270273511e+00
4.924573830270292163e+00
4.924573830270301045e+00
4.924573830270306374e+00
4.924573830270305486e+00
4.924573830270300157e+00
4.924573830270297492e+00
4.924573830270210451e+00
4.924573830270236208e+00
4.924573830270261077e+00
4.924573830270280617e+00
4.924573830270293939e+00
4.924573830270300157e+00
4.924573830270215780e+00
4.924573830270155383e+00
4.924573830270208674e+00
4.924573830270257524e+00
4.924573830270285058e+00
4.924573830270215780e+00
4.924573830270243313e+00
4.924573830270271735e+00
4.924573830270288610e+00
4.924573830270215780e+00
4.924573830270243313e+00
4.924573830270270847e+00
4.924573830270288610e+00
4.924573830270215780e+00
4.924573830270243313e+00
4.924573830270270847e+00
4.924573830270287722e+00
4.924573830270297492e+00
4.924573830270303709e+00
4.924573830270307262e+00
4.924573830270302821e+00
4.924573830270297492e+00
4.924573830270298380e+00
4.924573830270211339e+00
4.924573830270236208e+00
4.924573830270263741e+00
4.924573830270283281e+00
4.924573830270295716e+00
4.924573830270302821e+00
4.924573830270215780e+00
4.924573830270152719e+00
4.924573830270207786e+00
4.924573830270255748e+00
4.924573830270285058e+00
4.924573830270299268e+00
4.924573830270307262e+00
4.924573830270308150e+00
4.924573830270303709e+00
4.924573830270299268e+00
4.924573830270209562e+00
4.924573830270235320e+00
4.924573830270262853e+00
4.924573830270196240e+00
4.924573830270150054e+00
4.924573830270209562e+00
4.924573830270258412e+00
4.924573830270202457e+00
4.924573830270247754e+00
4.924573830270277064e+00
4.924573830270208674e+00
4.924573830270157160e+00
4.924573830270212227e+00
4.924573830270260189e+00
4.924573830270288610e+00
4.924573830270302821e+00
4.924573830270308150e+00
4.924573830270306374e+00
4.924573830270301045e+00
4.924573830270299268e+00
4.924573830270297492e+00
4.924573830270210451e+00
4.924573830270236208e+00
4.924573830270263741e+00
4.924573830270283281e+00
4.924573830270295716e+00
4.924573830270302821e+00
4.924573830270215780e+00
4.924573830270152719e+00
4.924573830270207786e+00
4.924573830270255748e+00
4.924573830270199792e+00
4.924573830270160713e+00
4.924573830270217556e+00
4.924573830270265518e+00
4.924573830270205121e+00
4.924573830270245089e+00
4.924573830270274399e+00
4.924573830270291275e+00
4.924573830270301045e+00
4.924573830270219332e+00
4.924573830270243313e+00
4.924573830270268182e+00
4.924573830270287722e+00
4.924573830270299268e+00
4.924573830270306374e+00
4.924573830270303709e+00
4.924573830270301045e+00
4.924573830270299268e+00
4.924573830270299268e+00
4.924573830270212227e+00
4.924573830270236208e+00
4.924573830270263741e+00
4.924573830270282393e+00
4.924573830270295716e+00
4.924573830270302821e+00
4.924573830270215780e+00
4.924573830270240649e+00
4.924573830270268182e+00
4.924573830270285058e+00
4.924573830270213115e+00
4.924573830270241537e+00
4.924573830270268182e+00
4.924573830270285946e+00
4.924573830270297492e+00
4.924573830270305486e+00
4.924573830270305486e+00
4.924573830270300157e+00
4.924573830270211339e+00
4.924573830270235320e+00
4.924573830270260189e+00
4.924573830270195351e+00
4.924573830270237096e+00
4.924573830270271735e+00
4.924573830270205121e+00
4.924573830270243313e+00
4.924573830270270847e+00
4.924573830270288610e+00
4.924573830270300157e+00
4.924573830270220220e+00
4.924573830270243313e+00
4.924573830270182917e+00
4.924573830270147390e+00
4.924573830270123409e+00
4.924573830270205121e+00
4.924573830270260189e+00
4.924573830270293939e+00
4.924573830270308150e+00
4.924573830270312591e+00
4.924573830270308150e+00
4.924573830270300157e+00
4.924573830270297492e+00
4.924573830270298380e+00
4.924573830270211339e+00
4.924573830270236208e+00
4.924573830270261965e+00
4.924573830270281505e+00
4.827075395807890246e+00
4.730455486659824516e+00
4.635580112168045552e+00
4.542364247600934490e+00
4.450311481713719708e+00
4.360066366114028646e+00
4.271251351245523686e+00
4.183733079349836181e+00
4.097957551655841968e+00
4.014097496867625736e+00
3.957739600959880200e+00
3.930173995215541893e+00
3.922432669845277164e+00
3.924717911152680205e+00
3.930075915144621401e+00
3.934874459189364959e+00
3.937913822553143817e+00
3.939305155123280056e+00
3.939621860516815843e+00
3.939428174515777759e+00
3.939102994218266485e+00
3.938832663868222284e+00
3.938670306877908089e+00
3.938601305185363888e+00
3.938590017020247469e+00
3.938604291288039239e+00
3.938623679068157468e+00
3.938638760439641562e+00
3.938647344732153499e+00
3.938650693815836767e+00
3.938650974185979425e+00
3.938649997768560063e+00
3.938648858728671875e+00
3.938648025034228617e+00
3.938647576071558021e+00
3.938647417997267919e+00
3.938647421854592601e+00
3.938647485817137639e+00
3.938647552000394736e+00
3.938647597695295044e+00
3.938647620877296696e+00
3.938647628033502990e+00
3.938647626794112622e+00
3.938647622764287703e+00
3.938647618973122988e+00
3.938647616494597159e+00
3.938647615313684014e+00
3.938647615006428904e+00
3.938647615130161483e+00
3.938647615377763866e+00
3.938647615592624440e+00
3.938647615725789031e+00
3.938647615784991896e+00
3.938647615797008505e+00
3.938647615787226552e+00
3.938647615772317145e+00
3.938647615760262788e+00
3.938647615753180897e+00
3.938647615750264563e+00
3.938647615749877318e+00
3.938647615750574094e+00
3.938647615751458275e+00
3.938647615752127074e+00
3.938647615752501441e+00
3.938647615752640885e+00
3.938647615752648878e+00
3.938647615752602249e+00
3.938647615752551179e+00
3.938647615752514319e+00
3.938647615752493447e+00
3.938647615752488118e+00
3.938647615752488118e+00
3.938647615752492559e+00
3.938647615752495668e+00
3.938647615752498776e+00
3.938647615752498776e+00
3.938647615752495668e+00
3.938647615752494335e+00
3.938647615752494779e+00
3.938647615752495668e+00
3.938647615752496556e+00
3.938647615752496556e+00
3.938647615752496556e+00
3.938647615752494779e+00
3.938647615752494779e+00
3.938647615752495668e+00
3.938647615752494779e+00
3.938647615752495668e+00
3.938647615752494779e+00
3.938647615752495668e+00
3.938647615752494779e+00
3.938647615752495668e+00
3.938647615752494779e+00
3.938647615752495668e+00
3.938647615752494779e+00
3.938647615752495668e+00
3.938647615752494779e+00
3.938647615752495668e+00
3.938647615752494779e+00
3.938647615752495668e+00
3.938647615752494779e+00
3.938647615752495668e+00
3.938647615752496556e+00
3.938647615752496556e+00
3.938647615752496556e+00
3.938647615752496556e+00
3.938647615752496556e+00
3.938647615752494779e+00
3.938647615752495668e+00
3.938647615752494779e+00
3.938647615752495668e+00
3.938647615752494779e+00
3.938647615752495668e+00
3.938647615752494779e+00
3.938647615752495668e+00
3.938647615752494779e+00
3.938647615752495668e+00
3.938647615752496556e+00
3.938647615752496556e+00
3.938647615752494779e+00
3.938647615752495668e+00
3.938647615752494779e+00
3.938647615752495668e+00
3.938647615752494779e+00
3.938647615752495668e+00
3.938647615752494779e+00
3.938647615752495668e+00
3.938647615752494779e+00
3.938647615752495668e+00
3.938647615752494779e+00
3.938647615752495668e+00
3.938647615752494779e+00
3.938647615752495668e+00
3.938647615752494779e+00
3.938647615752495668e+00
3.938647615752494779e+00
3.938647615752495668e+00
3.938647615752496556e+00
3.938647615752496556e+00
3.938647615752496556e+00
3.938647615752494779e+00
3.938647615752494779e+00
3.938647615752495668e+00
3.938647615752494779e+00
3.938647615752495668e+00
3.938647615752494779e+00
3.938647615752495668e+00
3.938647615752494779e+00
3.938647615752495668e+00
3.938647615752494779e+00
3.938647615752495668e+00
3.938647615752496556e+00
3.938647615752496556e+00
3.938647615752496556e+00
3.938647615752494779e+00
3.938647615752494779e+00
3.938647615752495668e+00
3.938647615752494779e+00
3.938647615752495668e+00
3.938647615752496556e+00
3.938647615752496556e+00
3.938647615752496556e+00
3.938647615752494779e+00
3.938647615752495668e+00
3.938647615752494779e+00
3.938647615752495668e+00
3.938647615752494779e+00
3.938647615752495668e+00
3.938647615752494779e+00
3.938647615752495668e+00
3.938647615752494779e+00
3.938647615752495668e+00
3.938647615752494779e+00
3.938647615752495668e+00
3.938647615752494779e+00
3.938647615752495668e+00
3.938647615752496556e+00
3.938647615752496556e+00
3.938647615752496556e+00
3.938647615752496556e+00
3.938647615752494779e+00
3.938647615752494779e+00
3.938647615752495668e+00
3.938647615752496556e+00
3.938647615752496556e+00
3.938647615752496556e+00
3.938647615752496556e+00
3.938647615752494779e+00
3.938647615752495668e+00
3.938647615752494779e+00
3.938647615752495668e+00
3.938647615752494779e+00
3.938647615752495668e+00
3.938647615752494779e+00
3.938647615752495668e+00
3.938647615752494779e+00
3.938647615752495668e+00
3.938647615752494779e+00
3.938647615752495668e+00
3.938647615752494779e+00
3.938647615752495668e+00
3.938647615752494779e+00
3.938647615752495668e+00
3.938647615752494779e+00
3.938647615752495668e+00
3.938647615752496556e+00
3.938647615752496556e+00
3.938647615752494779e+00
3.938647615752495668e+00
3.938647615752494779e+00
3.938647615752495668e+00
3.938647615752494779e+00
3.938647615752495668e+00
3.938647615752494779e+00
3.938647615752495668e+00
3.938647615752494779e+00
3.938647615752495668e+00
3.938647615752494779e+00
3.938647615752495668e+00
3.938647615752494779e+00
3.938647615752495668e+00
3.938647615752494779e+00
3.938647615752495668e+00
3.938647615752494779e+00
3.938647615752495668e+00
3.938647615752494779e+00
3.938647615752495668e+00
3.938647615752494779e+00
3.938647615752495668e+00
3.938647615752496556e+00
3.938647615752496556e+00
3.938647615752496556e+00
3.938647615752494779e+00
3.938647615752494779e+00
3.938647615752495668e+00
3.938647615752494779e+00
3.938647615752495668e+00
3.938647615752496556e+00
3.938647615752496556e+00
3.938647615752496556e+00
3.938647615752494779e+00
3.938647615752494779e+00
3.938647615752495668e+00
3.938647615752494779e+00
3.938647615752495668e+00
3.938647615752494779e+00
3.938647615752495668e+00
3.938647615752494779e+00
3.938647615752495668e+00
3.938647615752494779e+00
3.938647615752495668e+00
3.938647615752494779e+00
3.938647615752495668e+00
3.938647615752494779e+00
3.938647615752495668e+00
3.938647615752494779e+00
3.938647615752495668e+00
3.938647615752494779e+00
3.938647615752495668e+00
3.938647615752494779e+00
3.938647615752495668e+00
3.938647615752494779e+00
3.938647615752495668e+00
3.938647615752496556e+00
3.938647615752496556e+00
3.938647615752496556e+00
3.938647615752494779e+00
3.938647615752494779e+00
3.938647615752495668e+00
3.938647615752496556e+00
3.938647615752496556e+00
3.938647615752496556e+00
3.938647615752494779e+00
3.938647615752495668e+00
3.938647615752494779e+00
3.938647615752495668e+00
3.938647615752496556e+00
3.938647615752496556e+00
3.938647615752496556e+00
3.938647615752494779e+00
3.938647615752494779e+00
3.938647615752495668e+00
3.938647615752494779e+00
3.938647615752495668e+00
3.938647615752496556e+00
3.938647615752496556e+00
3.938647615752496556e+00
3.938647615752494779e+00
3.938647615752494779e+00
3.938647615752495668e+00
3.938647615752494779e+00
3.938647615752495668e+00
3.938647615752494779e+00
3.938647615752495668e+00
3.938647615752496556e+00
3.938647615752496556e+00
3.938647615752496556e+00
3.938647615752494779e+00
3.938647615752494779e+00
3.938647615752495668e+00
3.983147646936458397e+00
4.026750783310737880e+00
4.069331574636897209e+00
4.110756218274758567e+00
4.151352492979916597e+00
4.191138900450181559e+00
4.230133375931088402e+00
4.268353314983420077e+00
4.305815598567138913e+00
4.342229661282845932e+00
4.377893500954858297e+00
4.412854321141097103e+00
4.447127244891926345e+00
4.480727021090583406e+00
4.513668035606746010e+00
4.545964322043833938e+00
4.577493480345327548e+00
4.608257234826216298e+00
4.638421655614291872e+00
4.667999291213641655e+00
4.697002454589256359e+00
4.725443223186363007e+00
4.753333439432862129e+00
4.780684711675961651e+00
4.807508415507958155e+00
4.833611392062167944e+00
4.859113487785060137e+00
4.884126358171147153e+00
4.908660169719480493e+00
4.932724814462117635e+00
4.956329921293532337e+00
4.979484866655841557e+00
5.002198784622705396e+00
5.024480576421200162e+00
5.046338919428533742e+00
5.067782275677515713e+00
5.088647434504030898e+00
5.109099626887616097e+00
5.129163926601041368e+00
5.148848081154042688e+00
5.168159667440813898e+00
5.187106097141924721e+00
5.205694621359027607e+00
5.223932333914304671e+00
5.241826176496939382e+00
5.259382940616106339e+00
5.276609273168419101e+00
5.293511680301704381e+00
5.310096524003635743e+00
5.326341858272764185e+00
5.342168462625249248e+00
5.357698430073694063e+00
5.372937534449966357e+00
5.387891432927520263e+00
5.402565598041046968e+00
5.412760135929695515e+00
5.418152475839469240e+00
5.420078874762746857e+00
5.420100954608172650e+00
5.419391634960629922e+00
5.418619513763769824e+00
5.418058108027229203e+00
5.417747475465507279e+00
5.417626661047394876e+00
5.417614790966829297e+00
5.417647986012766204e+00
5.417688243901274348e+00
5.417718956952936260e+00
5.417736705435914679e+00
5.417744127337891236e+00
5.417745364319801915e+00
5.417743871793624599e+00
5.417741794076897932e+00
5.417740124993903450e+00
5.417739118574406376e+00
5.417738670134559342e+00
5.417738570292144118e+00
5.417738633444780127e+00
5.417738739435050910e+00
5.417738829521447919e+00
5.417738886182415392e+00
5.417738912906748361e+00
5.417738920118500445e+00
5.417738917713491809e+00
5.417738912379639338e+00
5.417738907551830074e+00
5.417738904383712750e+00
5.417738902809671409e+00
5.417738902320692773e+00
5.417738902393161915e+00
5.417738902657272426e+00
5.417738902914054577e+00
5.417738903090024039e+00
5.417738903181774646e+00
5.417738903213594526e+00
5.417738903212939938e+00
5.417738903200010725e+00
5.417738903186500643e+00
5.417738903176711140e+00
5.417738903171470888e+00
5.417738903169513343e+00
5.417738903169396991e+00
5.417738903170016052e+00
5.417738903170729259e+00
5.417738903171258613e+00
5.417738903171559706e+00
5.417738903171681386e+00
5.417738903171696485e+00
5.417738903171669840e+00
5.417738903171631648e+00
5.417738903171488651e+00
5.417738903171508191e+00
5.417738903171539278e+00
5.417738903171564147e+00
5.417738903171578357e+00
5.417738903171472664e+00
5.417738903171395393e+00
5.417738903171350096e+00
5.417738903171449572e+00
5.417738903171413156e+00
5.417738903171497533e+00
5.417738903171555265e+00
5.417738903171584575e+00
5.417738903171597009e+00
5.417738903171597009e+00
5.417738903171593456e+00
5.417738903171472664e+00
5.417738903171505527e+00
5.417738903171426479e+00
5.417738903171488651e+00
5.417738903171541942e+00
5.417738903171573916e+00
5.417738903171589904e+00
5.417738903171594345e+00
5.417738903171592568e+00
5.417738903171589904e+00
5.417738903171588127e+00
5.417738903171585463e+00
5.417738903171467335e+00
5.417738903171500198e+00
5.417738903171539278e+00
5.417738903171567699e+00
5.417738903171581910e+00
5.417738903171589904e+00
5.417738903171589904e+00
5.417738903171588127e+00
5.417738903171585463e+00
5.417738903171468223e+00
5.417738903171501974e+00
5.417738903171539278e+00
5.417738903171567699e+00
5.417738903171581910e+00
5.417738903171589016e+00
5.417738903171589904e+00
5.417738903171588127e+00
5.417738903171585463e+00
5.417738903171584575e+00
5.417738903171581910e+00
5.417738903171581022e+00
5.417738903171582798e+00
5.417738903171582798e+00
5.417738903171582798e+00
5.417738903171582798e+00
5.417738903171582798e+00
5.417738903171582798e+00
5.417738903171582798e+00
5.417738903171582798e+00
5.417738903171582798e+00
5.417738903171582798e+00
5.417738903171581910e+00
5.417738903171467335e+00
5.417738903171503750e+00
5.417738903171540166e+00
5.417738903171568587e+00
5.417738903171467335e+00
5.417738903171512632e+00
5.417738903171549047e+00
5.417738903171573916e+00
5.417738903171586351e+00
5.417738903171590792e+00
5.417738903171475329e+00
5.417738903171391840e+00
5.417738903171346543e+00
5.417738903171446019e+00
5.417738903171526843e+00
5.417738903171575693e+00
5.417738903171595233e+00
5.417738903171603226e+00
5.417738903171597897e+00
5.417738903171594345e+00
5.417738903171590792e+00
5.417738903171588127e+00
5.417738903171584575e+00
5.417738903171581022e+00
5.417738903171580134e+00
5.417738903171580134e+00
5.417738903171467335e+00
5.417738903171388287e+00
5.417738903171462006e+00
5.417738903171526843e+00
5.417738903171569476e+00
5.417738903171589016e+00
5.417738903171479770e+00
5.417738903171513520e+00
5.417738903171548159e+00
5.417738903171458453e+00
5.417738903171505527e+00
5.417738903171548159e+00
5.417738903171462006e+00
5.417738903171391840e+00
5.417738903171354536e+00
5.417738903171454012e+00
5.417738903171533948e+00
5.417738903171578357e+00
5.417738903171597009e+00
5.417738903171601450e+00
5.417738903171597009e+00
5.417738903171592568e+00
5.417738903171469111e+00
5.417738903171503750e+00
5.417738903171539278e+00
5.417738903171565923e+00
5.417738903171581022e+00
5.417738903171589016e+00
5.417738903171589904e+00
5.417738903171588127e+00
5.417738903171585463e+00
5.417738903171466447e+00
5.417738903171501086e+00
5.417738903171424703e+00
5.417738903171488651e+00
5.417738903171426479e+00
5.417738903171496645e+00
5.417738903171548159e+00
5.417738903171578357e+00
5.417738903171592568e+00
5.417738903171479770e+00
5.417738903171513520e+00
5.417738903171549047e+00
5.417738903171459341e+00
5.417738903171390952e+00
5.417738903171469111e+00
5.417738903171533948e+00
5.417738903171457565e+00
5.417738903171513520e+00
5.417738903171441578e+00
5.417738903171501086e+00
5.417738903171549047e+00
5.417738903171578357e+00
5.417738903171589904e+00
5.417738903171480658e+00
5.417738903171512632e+00
5.417738903171547271e+00
5.417738903171573028e+00
5.417738903171469111e+00
5.417738903171510856e+00
5.417738903171547271e+00
5.417738903171457565e+00
5.417738903171389175e+00
5.417738903171467335e+00
5.417738903171533948e+00
5.417738903171575693e+00
5.417738903171593456e+00
5.417738903171598785e+00
5.417738903171595233e+00
5.417738903171592568e+00
5.417738903171588127e+00
5.417738903171468223e+00
5.417738903171501974e+00
5.417738903171539278e+00
5.417738903171567699e+00
5.417738903171581910e+00
5.417738903171589904e+00
5.417738903171589904e+00
5.417738903171470888e+00
5.417738903171504639e+00
5.417738903171425591e+00
5.417738903171488651e+00
5.417738903171426479e+00
5.417738903171493980e+00
5.417738903171548159e+00
5.417738903171580134e+00
5.417738903171592568e+00
5.417738903171597009e+00
5.417738903171593456e+00
5.417738903171589904e+00
5.417738903171588127e+00
5.417738903171585463e+00
5.417738903171467335e+00
5.417738903171500198e+00
5.417738903171539278e+00
5.417738903171567699e+00
5.417738903171581910e+00
5.417738903171589904e+00
5.417738903171589904e+00
5.417738903171470888e+00
5.417738903171504639e+00
5.417738903171425591e+00
5.417738903171488651e+00
5.417738903171426479e+00
5.312628150549744355e+00
5.208659941532064686e+00
5.106653543151173480e+00
5.006011349426036539e+00
4.906956140976585168e+00
4.809719997778129752e+00
4.713310029918487132e+00
4.618767532672828580e+00
4.525727596368196437e+00
4.434000885337537667e+00
4.344076966753872782e+00
4.255432397491105689e+00
4.168228512246207274e+00
4.082762620699109668e+00
3.998398408294650430e+00
3.915448476169437253e+00
3.834176829005234044e+00
3.754103338034411319e+00
3.675367029448125766e+00
3.598244224718610607e+00
3.522458301009001591e+00
3.447773796685006609e+00
3.374638501679570801e+00
3.303026718153419861e+00
3.232221947005304408e+00
3.162821420943946915e+00
3.094885476270336611e+00
3.028238578161029260e+00
2.962428051353155123e+00
2.898023954820731607e+00
2.835001350922382812e+00
2.773207664265494810e+00
2.712360251068127504e+00
2.652829261954258833e+00
2.594590319206164786e+00
2.537619883738530646e+00
2.481289866215738549e+00
2.426165220980332826e+00
2.372254588956358212e+00
2.319535015245306475e+00
2.267848393776333182e+00
2.216933314744644612e+00
2.167152867919785120e+00
2.118484937797456613e+00
2.070907698878128755e+00
2.024364069890809859e+00
1.987093126112996933e+00
1.966539651259117782e+00
1.959510369733381996e+00
1.960064880854226255e+00
1.963299753195987041e+00
1.966419300078307231e+00
1.968404252965477941e+00
1.969265032967957074e+00
1.969398712041363186e+00
1.969210055615630006e+00
1.968965200621060507e+00
1.968784669889002581e+00
1.968691652547342796e+00
1.968664332533312633e+00
1.968671467020304267e+00
1.968689165558098253e+00
1.968704678902047034e+00
1.968713938985134027e+00
1.968717590531670725e+00
1.968717839598229880e+00
1.968716711891633331e+00
1.968715456718576728e+00
1.968714592167926103e+00
1.968714178005428694e+00
1.968714079221190794e+00
1.968714134740801924e+00
1.968714229105758662e+00
1.968714305418260979e+00
1.968714348139421144e+00
1.968714363027832759e+00
1.968714362384401451e+00
1.968714356016532330e+00
1.968714349705826816e+00
1.968714345623646222e+00
1.968714343813663392e+00
1.968714343497846464e+00
1.968714343858789739e+00
1.968714344350016798e+00
1.968714344718843767e+00
1.968714344912298797e+00
1.968714344971634667e+00
1.968714344959384466e+00
1.968714344924286097e+00
1.968714344892801504e+00
1.968714344873697453e+00
1.968714344704664443e+00
1.968714344761769208e+00
1.968714344822064088e+00
1.968714344862483756e+00
1.968714344881234313e+00
1.968714344885216905e+00
1.968714344720905896e+00
1.968714344774120661e+00
1.968714344667321203e+00
1.968714344761070434e+00
1.968714344835499341e+00
1.968714344876578037e+00
1.968714344890649448e+00
1.968714344889564982e+00
1.968714344883115697e+00
1.968714344876886457e+00
1.968714344711618880e+00
1.968714344606417033e+00
1.968714344722071852e+00
1.968714344818439876e+00
1.968714344873799593e+00
1.968714344894256341e+00
1.968714344894330281e+00
1.968714344886652867e+00
1.968714344878721878e+00
1.968714344873468969e+00
1.968714344871067112e+00
1.968714344709286745e+00
1.968714344767524382e+00
1.968714344826235196e+00
1.968714344864595844e+00
1.968714344881826950e+00
1.968714344885025724e+00
1.968714344881786094e+00
1.968714344877239508e+00
1.968714344873787159e+00
1.968714344871957067e+00
1.968714344871382416e+00
1.968714344710183139e+00
1.968714344768326185e+00
1.968714344826721252e+00
1.968714344864793020e+00
1.968714344881845602e+00
1.968714344884970435e+00
1.968714344881722589e+00
1.968714344877194877e+00
1.968714344873765842e+00
1.968714344871951960e+00
1.968714344871383748e+00
1.968714344871487665e+00
1.968714344710509323e+00
1.968714344768620172e+00
1.968714344826901330e+00
1.968714344864866073e+00
1.968714344881853373e+00
1.968714344884950229e+00
1.968714344881698386e+00
1.968714344877176003e+00
1.968714344712454434e+00
1.968714344768467184e+00
1.968714344826006268e+00
1.968714344864002763e+00
1.968714344881305145e+00
1.968714344884712641e+00
1.968714344881661749e+00
1.968714344877230626e+00
1.968714344873824240e+00
1.968714344871999478e+00
1.968714344871411281e+00
1.968714344871497435e+00
1.968714344871808963e+00
1.968714344710796871e+00
1.968714344768795366e+00
1.968714344665672300e+00
1.968714344761392621e+00
1.968714344675154049e+00
1.968714344773957459e+00
1.968714344845795106e+00
1.968714344882291023e+00
1.968714344892626977e+00
1.968714344889435752e+00
1.968714344882232403e+00
1.968714344876027145e+00
1.968714344872369626e+00
1.968714344870957644e+00
1.968714344870890365e+00
1.968714344871355770e+00
1.968714344871862032e+00
1.968714344710904562e+00
1.968714344607585875e+00
1.968714344723543785e+00
1.968714344819513462e+00
1.968714344874345823e+00
1.968714344894411994e+00
1.968714344894283208e+00
1.968714344725244869e+00
1.968714344775149394e+00
1.968714344828035756e+00
1.968714344863559340e+00
1.968714344880078126e+00
1.968714344883618184e+00
1.968714344880999612e+00
1.968714344876964395e+00
1.968714344712500397e+00
1.968714344768596858e+00
1.968714344826122398e+00
1.968714344864072929e+00
1.968714344881331346e+00
1.968714344884713308e+00
1.968714344720352116e+00
1.968714344773741631e+00
1.968714344828441654e+00
1.968714344864509913e+00
1.968714344880903244e+00
1.968714344884107126e+00
1.968714344881190570e+00
1.968714344876974609e+00
1.968714344873740751e+00
1.968714344872009692e+00
1.968714344871452804e+00
1.968714344871535848e+00
1.968714344871832722e+00
1.968714344872107169e+00
1.968714344872277033e+00
1.968714344872347866e+00
1.968714344872356081e+00
1.968714344711037567e+00
1.968714344768837110e+00
1.968714344826924423e+00
1.968714344864807675e+00
1.968714344720482901e+00
1.968714344781419712e+00
1.968714344836296037e+00
1.968714344869685773e+00
1.968714344883253586e+00
1.968714344884563205e+00
1.968714344880770239e+00
1.968714344715067233e+00
1.968714344769796343e+00
1.968714344665083216e+00
1.968714344599104882e+00
1.968714344732183763e+00
1.968714344831620000e+00
1.968714344883532030e+00
1.968714344899278323e+00
1.968714344895810209e+00
1.968714344886273171e+00
1.968714344877770195e+00
1.968714344872633637e+00
1.968714344870568178e+00
1.968714344870391209e+00
1.968714344870988509e+00
1.968714344871672850e+00
1.968714344872150468e+00
1.968714344872382505e+00
1.968714344872440902e+00
1.968714344872412036e+00
1.968714344872361188e+00
1.968714344872318334e+00
1.968714344872294131e+00
1.968714344872285249e+00
1.968714344872285249e+00
1.968714344872288802e+00
1.968714344872292354e+00
1.968714344872295019e+00
1.968714344872296795e+00
1.968714344872295907e+00
1.968714344872295019e+00
1.968714344872295019e+00
1.968714344872295019e+00
1.968714344872295019e+00
1.968714344872295019e+00
1.968714344872295019e+00
1.968714344872295019e+00
1.968714344872295019e+00
1.968714344872295019e+00
1.968714344872295019e+00
1.968714344872295019e+00
1.968714344872295019e+00
1.968714344872295019e+00
1.968714344872295019e+00
1.968714344872295019e+00
1.968714344872295019e+00
1.968714344872295019e+00
1.968714344872295019e+00
1.968714344872295019e+00
1.968714344872295019e+00
1.968714344872295019e+00
1.968714344872295019e+00
1.968714344872295019e+00
1.968714344872295019e+00
1.968714344872295019e+00
1.968714344872295019e+00
1.968714344872295019e+00
1.968714344872295019e+00
1.968714344872295019e+00
1.968714344872295019e+00
1.968714344872295019e+00
1.968714344872295019e+00
1.968714344872295019e+00
1.968714344872295019e+00
1.968714344872295019e+00
1.968714344872295019e+00
1.968714344872295019e+00
1.968714344872295019e+00
1.968714344872295019e+00
1.968714344872295019e+00
1.968714344872295019e+00
