1.046934479318034211e-01
2.499663264358794879e-01
3.900991711516100802e-01
5.265325750518171644e-01
6.585503075754433056e-01
7.870107117220026538e-01
9.111468480113429358e-01
1.032130969634395434e+00
1.149315930242460704e+00
1.263716690963061495e+00
1.374134441589948796e+00
1.481924903748805589e+00
1.586525485552413350e+00
1.688315734718725425e+00
1.787630771027653553e+00
1.883818730757934157e+00
1.977821596753242650e+00
2.069278196222499311e+00
2.158185005572394122e+00
2.245103800775355651e+00
2.328028072483190325e+00
2.404987484951636834e+00
2.475064019555804684e+00
2.537575374922223403e+00
2.591785806606125231e+00
2.638550683956748966e+00
2.678274878050806329e+00
2.711508407903133300e+00
2.738884224774671416e+00
2.761070826962220170e+00
2.778737197971313133e+00
2.792492613668445145e+00
2.802923233765650224e+00
2.810658670518795255e+00
2.816189338107680573e+00
2.819945877623994512e+00
2.822300459933858807e+00
2.823569878137286882e+00
2.824019786794632836e+00
2.823869612733814538e+00
2.823297764809185484e+00
2.822446847641480350e+00
2.821428707413649928e+00
2.820329155128445286e+00
2.819212293772074052e+00
2.818124401298415016e+00
2.817097354136924192e+00
2.816151597019149744e+00
2.815298680010954513e+00
2.814543393616142808e+00
2.813885538784035578e+00
2.813321371541988469e+00
2.812844762562676681e+00
2.812448111404326934e+00
2.812123049927729657e+00
2.811860973805073272e+00
2.811653429268440529e+00
2.811492380834103688e+00
2.811370389179519425e+00
2.811280713682509091e+00
2.811217360634261642e+00
2.811175090084173878e+00
2.811149391884097515e+00
2.811136443985902122e+00
2.811133050811500222e+00
2.811136585443051228e+00
2.811144921546007147e+00
2.811156367784676924e+00
2.811169605047345144e+00
2.811183627992550171e+00
2.811197691832976187e+00
2.811211264815682398e+00
2.811223986514708173e+00
2.811235631804565482e+00
2.811246080205265674e+00
2.811255290196600143e+00
2.811263278005030841e+00
2.811270100369661407e+00
2.811275840774242862e+00
2.811280598656409779e+00
2.811284481135509328e+00
2.811287596840205349e+00
2.811290051455084704e+00
2.811291944662600351e+00
2.811293368188300335e+00
2.811294404699509641e+00
2.811295127358896639e+00
2.811295599857433380e+00
2.811295876788054926e+00
2.811296004248039271e+00
2.811296020581973032e+00
2.811295957197346151e+00
2.811295839401664054e+00
2.811295687223956286e+00
2.811295516194798338e+00
2.811295338067948624e+00
2.811295161473752913e+00
2.811294992499805634e+00
2.811294835198336006e+00
2.811294692022722419e+00
2.811294564197345469e+00
2.811294452026357860e+00
2.811294355147514246e+00
2.811294272737531852e+00
2.811294203675343883e+00
2.811294146669317762e+00
2.811294100354158054e+00
2.811294063362586026e+00
2.811294034376479178e+00
2.811294012161435152e+00
2.811293995588299399e+00
2.811293983644582717e+00
2.811293975438308390e+00
2.811293970196258929e+00
2.811293967258359672e+00
2.811293966070349093e+00
2.811293966171445113e+00
2.811293967185705789e+00
2.811293968813206146e+00
2.811293970817121846e+00
2.811293973014928671e+00
2.811293975270381829e+00
2.811293977481997164e+00
2.811293979581261482e+00
2.811293981522922980e+00
2.811293983280595210e+00
2.811293984842290872e+00
2.811293986206727435e+00
2.811293987380280690e+00
2.811293988374548913e+00
2.811293989204415311e+00
2.811293989886558098e+00
2.811293990438309631e+00
2.811293990876831739e+00
2.811293991218528188e+00
2.811293991478659215e+00
2.811293991671102166e+00
2.811293991808241355e+00
2.811293991900934763e+00
2.811293991958559779e+00
2.811293991989087804e+00
2.811293991999193498e+00
2.811293991995249542e+00
2.811293991979962659e+00
2.811293991957790173e+00
2.811293991931536063e+00
2.811293991903347500e+00
2.811293991874824538e+00
2.811293991847114260e+00
2.811293991821010252e+00
2.811293991797014780e+00
2.811293991775407175e+00
2.811293991756298016e+00
2.811293991740533293e+00
2.811293991726248276e+00
2.811293991714168161e+00
2.811293991704109096e+00
2.811293991696715455e+00
2.811293991690012817e+00
2.811293991684672200e+00
2.811293991680497317e+00
2.811293991677308313e+00
2.811293991675799298e+00
2.811293991674915560e+00
2.811293991673651682e+00
2.811293991672787485e+00
2.811293991672242143e+00
2.811293991671942827e+00
2.811293991672686232e+00
2.811293991672662695e+00
2.811293991672717762e+00
2.811293991672830117e+00
2.811293991672976222e+00
2.811293991673141424e+00
2.811293991673315062e+00
2.811293991673487813e+00
2.811293991673652126e+00
2.811293991673805781e+00
2.811293991673945225e+00
2.811293991674070458e+00
2.811293991674181481e+00
2.811293991674276072e+00
2.811293991674355564e+00
2.811293991674425286e+00
2.811293991674480353e+00
2.811293991674526538e+00
2.811293991674561621e+00
2.811293991675448467e+00
2.811293991675424930e+00
2.811293991675376969e+00
2.811293991675317461e+00
2.811293991675249959e+00
2.811293991675178905e+00
2.811293991675109183e+00
2.811293991675041237e+00
2.811293991674976400e+00
2.811293991674918669e+00
2.811293991674868487e+00
2.811293991674822301e+00
2.811293991674782777e+00
2.811293991674750803e+00
2.811293991674723713e+00
2.811293991674699733e+00
2.811293991674680193e+00
2.811293991674666426e+00
2.811293991674655768e+00
2.811293991674647774e+00
2.811293991674641113e+00
2.811293991674635340e+00
2.811293991674630899e+00
2.811293991674628234e+00
2.811293991674625570e+00
2.811293991675485771e+00
2.811293991675439141e+00
2.811293991675376525e+00
2.811293991675305914e+00
2.811293991675231307e+00
2.811293991675157145e+00
2.811293991675084314e+00
2.811293991675015480e+00
2.811293991674951087e+00
2.811293991674894688e+00
2.811293991674845394e+00
2.811293991674800985e+00
2.811293991674763681e+00
2.811293991674733483e+00
2.811293991674706838e+00
2.811293991674684190e+00
2.811293991674666870e+00
2.811293991674654880e+00
2.811293991674645998e+00
2.811293991674638892e+00
2.811293991674631787e+00
2.811293991674628234e+00
2.811293991674624682e+00
2.811293991674622461e+00
2.811293991674620685e+00
2.811293991674622017e+00
2.811293991674622905e+00
2.811293991674624237e+00
2.811293991674625126e+00
2.811293991674626902e+00
2.811293991674628678e+00
2.811293991674630455e+00
2.811293991674631343e+00
2.811293991674631787e+00
2.811293991674633119e+00
2.811293991674633563e+00
2.811293991674634896e+00
2.811293991674635784e+00
2.811293991674635784e+00
2.811293991674635784e+00
2.811293991674635784e+00
2.811293991674635784e+00
2.811293991674635784e+00
2.811293991674635784e+00
2.811293991674635784e+00
2.811293991674635784e+00
2.811293991674635784e+00
2.811293991674635784e+00
2.811293991674635784e+00
2.811293991674635784e+00
2.811293991674635784e+00
2.811293991674635784e+00
2.811293991674635784e+00
2.811293991674635784e+00
2.811293991674635784e+00
2.811293991674635784e+00
2.811293991674635784e+00
2.811293991674635784e+00
2.811293991674635784e+00
2.811293991674635784e+00
2.811293991674635784e+00
2.811293991674635784e+00
2.811293991674635784e+00
2.811293991674635784e+00
2.811293991674635784e+00
2.811293991674635784e+00
2.811293991674635784e+00
2.811293991674635784e+00
2.811293991674635784e+00
2.811293991674635784e+00
2.811293991674635784e+00
2.811293991674635784e+00
2.811293991674635784e+00
2.811293991674635784e+00
2.811293991674635784e+00
2.811293991674635784e+00
2.811293991674635784e+00
2.811293991674635784e+00
2.811293991674635784e+00
2.811293991674635784e+00
2.811293991674635784e+00
2.811293991674635784e+00
2.811293991674635784e+00
2.811293991674635784e+00
2.811293991674635784e+00
2.811293991674635784e+00
2.811293991674635784e+00
2.811293991674635784e+00
2.811293991674635784e+00
2.836702711732272508e+00
2.904870246164591663e+00
2.973165049600345000e+00
3.040001271142472650e+00
3.104711667724091129e+00
3.168031823644171130e+00
3.230016098361942589e+00
3.290697576933813817e+00
3.349507826396084020e+00
3.407041576550235540e+00
3.463379094911858580e+00
3.518548973906867161e+00
3.572352867181552760e+00
3.624766647089752158e+00
3.676103371462270619e+00
3.726388095219932861e+00
3.775645173861057913e+00
3.823694898467707048e+00
3.870522193172282410e+00
3.916399710519074429e+00
3.961349015931192596e+00
4.005391208066935604e+00
4.048546921884666361e+00
4.090463243688930994e+00
4.131465062280912370e+00
4.171647975846779488e+00
4.211030195100715190e+00
4.249629378110113542e+00
4.287462656192586152e+00
4.324405604153502836e+00
4.360421287596669693e+00
4.395726363901223621e+00
4.430336144586126679e+00
4.464139494860067892e+00
4.496198276780760672e+00
4.525903813710407064e+00
4.552903398082239761e+00
4.576908352488401555e+00
4.597975874287656417e+00
4.616289128249956519e+00
4.632009170935071474e+00
4.645339864707247024e+00
4.656508609530304987e+00
4.665751800915884928e+00
4.673304125954389932e+00
4.679391025301479878e+00
4.684223601909922152e+00
4.687995485898632353e+00
4.690881209853007938e+00
4.693035691318200087e+00
4.694594540892542689e+00
4.695674945169913350e+00
4.696376922331024772e+00
4.696784815767385268e+00
4.696968890899245963e+00
4.696986958097012277e+00
4.696885958758099555e+00
4.696703469898338312e+00
4.696469097436535733e+00
4.696205744198727494e+00
4.695930745346048596e+00
4.695656868461137279e+00
4.695393186768248128e+00
4.695145822154169757e+00
4.694918584233979786e+00
4.694713500399955386e+00
4.694531257481850517e+00
4.694371562107512830e+00
4.694233430873386403e+00
4.694115423229765049e+00
4.694015821589144544e+00
4.693932770393098863e+00
4.693864374135156226e+00
4.693808781873147318e+00
4.693764229517793041e+00
4.693729083373728628e+00
4.693701855301446457e+00
4.693681209624783968e+00
4.693665968616002715e+00
4.693655106951300837e+00
4.693647741948093532e+00
4.693643124837937997e+00
4.693640626132146387e+00
4.693639724531680102e+00
4.693639994000814220e+00
4.693641089610362194e+00
4.693642737028731915e+00
4.693644721658037255e+00
4.693646878817438584e+00
4.693649085090076056e+00
4.693651250733794633e+00
4.693653313111274095e+00
4.693655231072765943e+00
4.693656980211219576e+00
4.693658548902575944e+00
4.693659935042116871e+00
4.693661143389298296e+00
4.693662183437939284e+00
4.693663067734200389e+00
4.693663810571741202e+00
4.693664427000853401e+00
4.693664932095430231e+00
4.693665340429257427e+00
4.693665665719410462e+00
4.693665920601233665e+00
4.693666116504890518e+00
4.693666263608624156e+00
4.693666370759784101e+00
4.693666446024164607e+00
4.693666495560537832e+00
4.693666525207008888e+00
4.693666539645256819e+00
4.693666542737270575e+00
4.693666537627714241e+00
4.693666526841613340e+00
4.693666512375243016e+00
4.693666495779189596e+00
4.693666478232821682e+00
4.693666460610215196e+00
4.693666443537627408e+00
4.693666427443044853e+00
4.693666412598277660e+00
4.693666399154396096e+00
4.693666387171148813e+00
4.693666376641064453e+00
4.693666367508972037e+00
4.693666359687554746e+00
4.693666353069559705e+00
4.693666347537194028e+00
4.693666342969173400e+00
4.693666339245875285e+00
4.693666336252993787e+00
4.693666333883913744e+00
4.693666332041169120e+00
4.693666330637166872e+00
4.693666329594358366e+00
4.693666328845029767e+00
4.693666328330801996e+00
4.693666328001945942e+00
4.693666327816635508e+00
4.693666327740102950e+00
4.693666327743803102e+00
4.693666327804629113e+00
4.693666327904125524e+00
4.693666328027800816e+00
4.693666328164485257e+00
4.693666328305762470e+00
4.693666328445467606e+00
4.693666328579268132e+00
4.693666328704260593e+00
4.693666328818687283e+00
4.693666328921642261e+00
4.693666329012883942e+00
4.693666329092642364e+00
4.693666329161466422e+00
4.693666329220134159e+00
4.693666329269540860e+00
4.693666329310646645e+00
4.693666329344417854e+00
4.693666329371799506e+00
4.693666329393678005e+00
4.693666329410883797e+00
4.693666329424164729e+00
4.693666329434189599e+00
4.693666329441545493e+00
4.693666329446747554e+00
4.693666329450236319e+00
4.693666329452376829e+00
4.693666329453491493e+00
4.693666329453828112e+00
4.693666329453600738e+00
4.693666329452979902e+00
4.693666329452092612e+00
4.693666329451051666e+00
4.693666329449934338e+00
4.693666329448801022e+00
4.693666329447697017e+00
4.693666329446651631e+00
4.693666329445682628e+00
4.693666329444804219e+00
4.693666329444016405e+00
4.693666329443325402e+00
4.693666329442724106e+00
4.693666329442205409e+00
4.693666329441765761e+00
4.693666329441396279e+00
4.693666329441096963e+00
4.693666329440848273e+00
4.693666329440646656e+00
4.693666329440488560e+00
4.693666329440365992e+00
4.693666329440267404e+00
4.693666329440199902e+00
4.693666329440144835e+00
4.693666329440110196e+00
4.693666329440084439e+00
4.693666329440068452e+00
4.693666329440063123e+00
4.693666329440065788e+00
4.693666329440071117e+00
4.693666329440078222e+00
4.693666329440086216e+00
4.693666329440095097e+00
4.693666329440106644e+00
4.693666329440115526e+00
4.693666329440126184e+00
4.693666329440133289e+00
4.693666329440141283e+00
4.693666329440150164e+00
4.693666329440158158e+00
4.693666329440164375e+00
4.693666329440170593e+00
4.693666329440176810e+00
4.693666329440181251e+00
4.693666329440186580e+00
4.693666329440192797e+00
4.693666329440195462e+00
4.693666329440199902e+00
4.693666329440199902e+00
4.693666329440199902e+00
4.693666329440198126e+00
4.693666329440198126e+00
4.693666329440199902e+00
4.693666329440202567e+00
4.693666329440199902e+00
4.693666329440198126e+00
4.693666329440196350e+00
4.693666329440193685e+00
4.693666329440192797e+00
4.693666329440194573e+00
4.693666329440197238e+00
4.693666329440199902e+00
4.693666329440197238e+00
4.693666329440194573e+00
4.693666329440197238e+00
4.693666329440199902e+00
4.693666329440197238e+00
4.693666329440194573e+00
4.693666329440193685e+00
4.693666329440195462e+00
4.693666329440198126e+00
4.693666329440199902e+00
4.693666329440198126e+00
4.693666329440196350e+00
4.693666329440193685e+00
4.693666329440196350e+00
4.693666329440198126e+00
4.693666329440196350e+00
4.693666329440193685e+00
4.693666329440196350e+00
4.693666329440198126e+00
4.693666329440196350e+00
4.693666329440193685e+00
4.693666329440196350e+00
4.693666329440198126e+00
4.693666329440196350e+00
4.693666329440193685e+00
4.693666329440196350e+00
4.693666329440198126e+00
4.693666329440196350e+00
4.693666329440193685e+00
4.693666329440196350e+00
4.693666329440198126e+00
4.693666329440196350e+00
4.693666329440193685e+00
4.693666329440196350e+00
4.693666329440198126e+00
4.693666329440196350e+00
4.693666329440193685e+00
4.693666329440196350e+00
4.693666329440198126e+00
4.693666329440196350e+00
4.693666329440193685e+00
4.693666329440196350e+00
4.693666329440198126e+00
4.693666329440196350e+00
4.693666329440193685e+00
4.693666329440196350e+00
4.693666329440198126e+00
4.693666329440196350e+00
4.693666329440193685e+00
4.693666329440196350e+00
4.693666329440198126e+00
4.693666329440200791e+00
4.693666329440198126e+00
4.693666329440196350e+00
4.693666329440193685e+00
4.693666329440196350e+00
4.693666329440198126e+00
4.693666329440196350e+00
4.693666329440193685e+00
4.693666329440196350e+00
4.693666329440198126e+00
4.693666329440196350e+00
4.693666329440193685e+00
4.693666329440196350e+00
4.693666329440198126e+00
4.693666329440196350e+00
4.693666329440193685e+00
4.693666329440196350e+00
4.599505589880608980e+00
4.506667540880900269e+00
4.415314727263679018e+00
4.327126903102470834e+00
4.243656154172061434e+00
4.166775613694710501e+00
4.097408567395529388e+00
4.035617786998457746e+00
3.981184021557563124e+00
3.934242469861314095e+00
3.894304797595836032e+00
3.860774636453732978e+00
3.832999766592388724e+00
3.810311283844115327e+00
3.791954967861868919e+00
3.777365465862563720e+00
3.766036229510565381e+00
3.757435385294109143e+00
3.751086376560598179e+00
3.746569104200192957e+00
3.743518719451754517e+00
3.741622787780599868e+00
3.740617393541322500e+00
3.740282629408695048e+00
3.740437809860908569e+00
3.740936658934872927e+00
3.741662640650589289e+00
3.742524589471040386e+00
3.743452671421778621e+00
3.744394752855744635e+00
3.745313171278581432e+00
3.746181931274684018e+00
3.746984277053440504e+00
3.747710637154114455e+00
3.748356902629025100e+00
3.748923005177778212e+00
3.749411757520469290e+00
3.749827926147933699e+00
3.750177501118161505e+00
3.750467129133998156e+00
3.750703687668975661e+00
3.750893974121692676e+00
3.751044485562602393e+00
3.751161272838614558e+00
3.751249855537362787e+00
3.751315167696810615e+00
3.751361566184603813e+00
3.751392822988781628e+00
3.751412172501171316e+00
3.751422344316977409e+00
3.751425611575200936e+00
3.751423840833594259e+00
3.751418542429890035e+00
3.751410918877292833e+00
3.751401910221923153e+00
3.751392235979757128e+00
3.751382432758132435e+00
3.751372887634564002e+00
3.751363867286858778e+00
3.751355543054861741e+00
3.751348012207563976e+00
3.751341315746143934e+00
3.751335453057404568e+00
3.751330394248548306e+00
3.751326088630467570e+00
3.751322473764801213e+00
3.751319480309994958e+00
3.751317036727376042e+00
3.751315072193975197e+00
3.751313519545673270e+00
3.751312315498998462e+00
3.751311403084081508e+00
3.751310731113627561e+00
3.751310254514232501e+00
3.751309934184722916e+00
3.751309736675665363e+00
3.751309633758689976e+00
3.751309601939006200e+00
3.751309621932323868e+00
3.751309678140855031e+00
3.751309758155173757e+00
3.751309852280346746e+00
3.751309953102379691e+00
3.751310055097758944e+00
3.751310154287650800e+00
3.751310247936271214e+00
3.751310334291513726e+00
3.751310412364972091e+00
3.751310481747852865e+00
3.751310542459081354e+00
3.751310594821779976e+00
3.751310639364334953e+00
3.751310676742597217e+00
3.751310707679815781e+00
3.751310732921497859e+00
3.751310753202354853e+00
3.751310769223200392e+00
3.751310781635646130e+00
3.751310791032973491e+00
3.751310797945709208e+00
3.751310802840705172e+00
3.751310806122763797e+00
3.751310808137994890e+00
3.751310809178324046e+00
3.751310809486639641e+00
3.751310809262194734e+00
3.751310808666033836e+00
3.751310807826215399e+00
3.751310806842716783e+00
3.751310805791921776e+00
3.751310804730679571e+00
3.751310803699883678e+00
3.751310802727598759e+00
3.751310801831726494e+00
3.751310801022310848e+00
3.751310800303416126e+00
3.751310799674715035e+00
3.751310799132745011e+00
3.751310798671938951e+00
3.751310798285440562e+00
3.751310797965706989e+00
3.751310797704978661e+00
3.751310797495613247e+00
3.751310797330334346e+00
3.751310797202378478e+00
3.751310797105595007e+00
3.751310797034483446e+00
3.751310796984210771e+00
3.751310796950587889e+00
3.751310796930031000e+00
3.751310796919518964e+00
3.751310796916546231e+00
3.751310796919050894e+00
3.751310796925373836e+00
3.751310796934185898e+00
3.751310796944464343e+00
3.751310796955413807e+00
3.751310796966454753e+00
3.751310796977168849e+00
3.751310796987264773e+00
3.751310796996559560e+00
3.751310797004950626e+00
3.751310797012398002e+00
3.751310797018910126e+00
3.751310797024517196e+00
3.751310797029283162e+00
3.751310797033279520e+00
3.751310797036585765e+00
3.751310797039282274e+00
3.751310797041443656e+00
3.751310797043147627e+00
3.751310797044465684e+00
3.751310797045460443e+00
3.751310797046191858e+00
3.751310797046706558e+00
3.751310797047048506e+00
3.751310797047256340e+00
3.751310797047360257e+00
3.751310797047388679e+00
3.751310797047360257e+00
3.751310797047294088e+00
3.751310797047200385e+00
3.751310797047092915e+00
3.751310797046978784e+00
3.751310797046864653e+00
3.751310797046753187e+00
3.751310797046650602e+00
3.751310797046554235e+00
3.751310797046468526e+00
3.751310797046392143e+00
3.751310797046324641e+00
3.751310797046267798e+00
3.751310797046218948e+00
3.751310797046178536e+00
3.751310797046143453e+00
3.751310797046115475e+00
3.751310797046091938e+00
3.751310797046077283e+00
3.751310797046062628e+00
3.751310797046051970e+00
3.751310797046043533e+00
3.751310797046038203e+00
3.751310797046033763e+00
3.751310797046029766e+00
3.751310797046028878e+00
3.751310797046028878e+00
3.751310797046029766e+00
3.751310797046030210e+00
3.751310797046031986e+00
3.751310797046032874e+00
3.751310797046033763e+00
3.751310797046034207e+00
3.751310797046035095e+00
3.751310797046035983e+00
3.751310797046037759e+00
3.751310797046038203e+00
3.751310797046038648e+00
3.751310797046039980e+00
3.751310797046040424e+00
3.751310797046040424e+00
3.751310797046040424e+00
3.751310797046040424e+00
3.751310797046040424e+00
3.751310797046040424e+00
3.751310797046040424e+00
3.751310797046040424e+00
3.751310797046040424e+00
3.751310797046040424e+00
3.751310797046040424e+00
3.751310797046040424e+00
3.751310797046040424e+00
3.751310797046040424e+00
3.751310797046040424e+00
3.751310797046040424e+00
3.751310797046040424e+00
3.751310797046040424e+00
3.751310797046040424e+00
3.751310797046040424e+00
3.751310797046040424e+00
3.751310797046040424e+00
3.751310797046040424e+00
3.751310797046040424e+00
3.751310797046040424e+00
3.751310797046040424e+00
3.751310797046040424e+00
3.751310797046040424e+00
3.751310797046040424e+00
3.751310797046040424e+00
3.751310797046040424e+00
3.751310797046040424e+00
3.751310797046040424e+00
3.751310797046040424e+00
3.751310797046040424e+00
3.751310797046040424e+00
3.751310797046040424e+00
3.751310797046040424e+00
3.751310797046040424e+00
3.751310797046040424e+00
3.751310797046040424e+00
3.751310797046040424e+00
3.751310797046040424e+00
3.751310797046040424e+00
3.751310797046040424e+00
3.751310797046040424e+00
3.751310797046040424e+00
3.751310797046040424e+00
3.751310797046040424e+00
3.751310797046040424e+00
3.751310797046040424e+00
3.751310797046040424e+00
3.751310797046040424e+00
3.751310797046040424e+00
3.751310797046040424e+00
3.751310797046040424e+00
3.751310797046040424e+00
3.751310797046040424e+00
3.751310797046040424e+00
3.751310797046040424e+00
3.751310797046040424e+00
3.751310797046040424e+00
3.751310797046040424e+00
3.751310797046040424e+00
3.751310797046040424e+00
3.751310797046040424e+00
3.751310797046040424e+00
3.751310797046040424e+00
3.751310797046040424e+00
3.751310797046040424e+00
3.751310797046040424e+00
3.751310797046040424e+00
3.751310797046040424e+00
3.751310797046040424e+00
3.751310797046040424e+00
3.751310797046040424e+00
3.751310797046040424e+00
3.751310797046040424e+00
3.751310797046040424e+00
3.751310797046040424e+00
3.751310797046040424e+00
3.751310797046040424e+00
3.751310797046040424e+00
3.751310797046040424e+00
3.751310797046040424e+00
3.751310797046040424e+00
3.751310797046040424e+00
3.751310797046040424e+00
3.751310797046040424e+00
3.751310797046040424e+00
3.751310797046040424e+00
3.751310797046040424e+00
3.751310797046040424e+00
3.751310797046040424e+00
3.751310797046040424e+00
3.751310797046040424e+00
3.751310797046040424e+00
3.751310797046040424e+00
3.751310797046040424e+00
3.751310797046040424e+00
3.751310797046040424e+00
3.751310797046040424e+00
3.747186945605306185e+00
3.784828498435001354e+00
3.832606688492984137e+00
3.879253051968205135e+00
3.924953744136162381e+00
3.969730242130326658e+00
4.013603556830723562e+00
4.056585433508339555e+00
4.098265377137772170e+00
4.139111217066131054e+00
4.179141632574680187e+00
4.218374728010880759e+00
4.256828060092915145e+00
4.294518663491495580e+00
4.331258236013431073e+00
4.367138611111176516e+00
4.402311298544463014e+00
4.436791537257566809e+00
4.470594188557470261e+00
4.503733747394432996e+00
4.536224353230702278e+00
4.568030981667663859e+00
4.598979253467917694e+00
4.629324334452493694e+00
4.659078844574722211e+00
4.688255168346509905e+00
4.716865454700687188e+00
4.744921617352112264e+00
4.772435335607379869e+00
4.799418055577016062e+00
4.825768834944111241e+00
4.851421547712134519e+00
4.876581891779683708e+00
4.901260119338471277e+00
4.925466204538459181e+00
4.949209855021814874e+00
4.972500522799074396e+00
4.995347414511341455e+00
5.017424634171917752e+00
5.038205387173745109e+00
5.057357574460938920e+00
5.074654554176752264e+00
5.089979557187122694e+00
5.103461101836734848e+00
5.115174055264387398e+00
5.125231237540931239e+00
5.133768788092603508e+00
5.140934911738215263e+00
5.146881442230915482e+00
5.151757709626537007e+00
5.155706256143679056e+00
5.158859968514850181e+00
5.161340403645220398e+00
5.163256940918066640e+00
5.164706586539397293e+00
5.165774266975881268e+00
5.166533429792502297e+00
5.167046867815972888e+00
5.167367659611964648e+00
5.167540156879383950e+00
5.167601001835177676e+00
5.167580099223459733e+00
5.167501545512793726e+00
5.167384474157613816e+00
5.167243833556595334e+00
5.167091093341360519e+00
5.166934848134909330e+00
5.166781341035942887e+00
5.166634948942966155e+00
5.166498544884428945e+00
5.166373857570831341e+00
5.166261718109264933e+00
5.166162301528121503e+00
5.166075301339425607e+00
5.166000087863439560e+00
5.165935818645468025e+00
5.165881513332568176e+00
5.165836146381395544e+00
5.165798687519008503e+00
5.165768124921337190e+00
5.165743514951700810e+00
5.165723980097027379e+00
5.165708724259326701e+00
5.165697037835052186e+00
5.165688289973993541e+00
5.165681933759085354e+00
5.165677493891646321e+00
5.165674574084525794e+00
5.165672837411442231e+00
5.165672003632465703e+00
5.165671842379379264e+00
5.165672166623122230e+00
5.165672826551327645e+00
5.165673703949080320e+00
5.165674707126626686e+00
5.165675766407908043e+00
5.165676830169755540e+00
5.165677861412484972e+00
5.165678834814888987e+00
5.165679734243788346e+00
5.165680550666167825e+00
5.165681280421006605e+00
5.165681923804958942e+00
5.165682483929908031e+00
5.165682965812889549e+00
5.165683375662482923e+00
5.165683720329280249e+00
5.165684006892409919e+00
5.165684242356286759e+00
5.165684433436553924e+00
5.165684586417769175e+00
5.165684707065205217e+00
5.165684800580164548e+00
5.165684871586613269e+00
5.165684924141157097e+00
5.165684961759168914e+00
5.165684987451629517e+00
5.165685003768347272e+00
5.165685012844327240e+00
5.165685016446675881e+00
5.165685016020775677e+00
5.165685012733695736e+00
5.165685007514394300e+00
5.165685001091085304e+00
5.165684994023973076e+00
5.165684986734667028e+00
5.165684979531443233e+00
5.165684972631527927e+00
5.165684966179815873e+00
5.165684960264685266e+00
5.165684954931118789e+00
5.165684950191939073e+00
5.165684946036131819e+00
5.165684942436302940e+00
5.165684939354146188e+00
5.165684936745170042e+00
5.165684934561514119e+00
5.165684932754794900e+00
5.165684931277814584e+00
5.165684930085816973e+00
5.165684929137269954e+00
5.165684928394274955e+00
5.165684927823110506e+00
5.165684927393729531e+00
5.165684927079976063e+00
5.165684926859294812e+00
5.165684926712473590e+00
5.165684926623293372e+00
5.165684926578258285e+00
5.165684926566245672e+00
5.165684926578217429e+00
5.165684926606899374e+00
5.165684926646552100e+00
5.165684926692703627e+00
5.165684926741859861e+00
5.165684926791572096e+00
5.165684926840099500e+00
5.165684926886091155e+00
5.165684926928723719e+00
5.165684926967443857e+00
5.165684927002135218e+00
5.165684927032870633e+00
5.165684927059685627e+00
5.165684927082800471e+00
5.165684927102414115e+00
5.165684927118932457e+00
5.165684927132768500e+00
5.165684927144170047e+00
5.165684927153446182e+00
5.165684927160895334e+00
5.165684927166701357e+00
5.165684927171204421e+00
5.165684927174710950e+00
5.165684927177325747e+00
5.165684927179218455e+00
5.165684927180529407e+00
5.165684927181382946e+00
5.165684927181795061e+00
5.165684927182025987e+00
5.165684927182056185e+00
5.165684927181945163e+00
5.165684927181735553e+00
5.165684927181462882e+00
5.165684927181155572e+00
5.165684927180831387e+00
5.165684927180508090e+00
5.165684927180192787e+00
5.165684927179897024e+00
5.165684927179624353e+00
5.165684927179377439e+00
5.165684927179155395e+00
5.165684927178961772e+00
5.165684927178708641e+00
5.165684927178563868e+00
5.165684927178448405e+00
5.165684927178352481e+00
5.165684927178273433e+00
5.165684927178211261e+00
5.165684927178161523e+00
5.165684927178121555e+00
5.165684927178090469e+00
5.165684927178069152e+00
5.165684927178051389e+00
5.165684927178040731e+00
5.165684927178034513e+00
5.165684927178028296e+00
5.165684927178026520e+00
5.165684927178023855e+00
5.165684927177938590e+00
5.165684927177943031e+00
5.165684927177948360e+00
5.165684927177871089e+00
5.165684927177886188e+00
5.165684927177903951e+00
5.165684927177835561e+00
5.165684927177852437e+00
5.165684927177872865e+00
5.165684927177893293e+00
5.165684927177829344e+00
5.165684927177765395e+00
5.165684927177792929e+00
5.165684927177821351e+00
5.165684927177850660e+00
5.165684927177879082e+00
5.165684927177816910e+00
5.165684927177847108e+00
5.165684927177875529e+00
5.165684927177902175e+00
5.165684927177838226e+00
5.165684927177866648e+00
5.165684927177801811e+00
5.165684927177742303e+00
5.165684927177776053e+00
5.165684927177809804e+00
5.165684927177842667e+00
5.165684927177871977e+00
5.165684927177898622e+00
5.165684927177925267e+00
5.165684927177944807e+00
5.165684927177963459e+00
5.165684927177896846e+00
5.165684927177914609e+00
5.165684927177849772e+00
5.165684927177869312e+00
5.165684927177888852e+00
5.165684927177910168e+00
5.165684927177846220e+00
5.165684927177866648e+00
5.165684927177803587e+00
5.165684927177832897e+00
5.165684927177770724e+00
5.165684927177800034e+00
5.165684927177742303e+00
5.165684927177777830e+00
5.165684927177812469e+00
5.165684927177845331e+00
5.165684927177874641e+00
5.165684927177813357e+00
5.165684927177845331e+00
5.165684927177872865e+00
5.165684927177901287e+00
5.165684927177925267e+00
5.165684927177946584e+00
5.165684927177963459e+00
5.165684927177895958e+00
5.165684927177912833e+00
5.165684927177927932e+00
5.165684927177943919e+00
5.165684927177959906e+00
5.165684927177974117e+00
5.165684927177900398e+00
5.165684927177915498e+00
5.165684927177930597e+00
5.165684927177946584e+00
5.165684927177874641e+00
5.165684927177891517e+00
5.165684927177909280e+00
5.165684927177926156e+00
5.165684927177943031e+00
5.165684927177872865e+00
5.165684927177891517e+00
5.165684927177908392e+00
5.165684927177925267e+00
5.165684927177942143e+00
5.165684927177959018e+00
5.165684927177973229e+00
5.165684927177901287e+00
5.165684927177917274e+00
5.165684927177847996e+00
5.165684927177864871e+00
5.165684927177884411e+00
5.165684927177904839e+00
5.165684927177922603e+00
5.165684927177939478e+00
5.165684927177956354e+00
5.165684927177884411e+00
5.165684927177902175e+00
5.165684927177919050e+00
5.165684927177935037e+00
5.165684927177951913e+00
5.064445477693906739e+00
4.964277556358827503e+00
4.866019198677858704e+00
4.769097796552776991e+00
4.673473371536638332e+00
4.579705466923225110e+00
4.487075320560627745e+00
4.396107230549772815e+00
4.306908976061631478e+00
4.218682990902634877e+00
4.132210498393948939e+00
4.047375736761061660e+00
3.963438567504096177e+00
3.881195028021062754e+00
3.800602787915720704e+00
3.720916777238449491e+00
3.642859715827210021e+00
3.566405051271504423e+00
3.490977193765700815e+00
3.416944939275594173e+00
3.344451045636054776e+00
3.273228088904053479e+00
3.202965056290673740e+00
3.134181204906014262e+00
3.066851442257024996e+00
3.000492915695633034e+00
2.935274646428431833e+00
2.871452424869626263e+00
2.809001098997662815e+00
2.747552348092916041e+00
2.687259506781104701e+00
2.628272768539816617e+00
2.570568116980594287e+00
2.513885401827295585e+00
2.458044833640953719e+00
2.403431624074988449e+00
2.350022806408539111e+00
2.297795442770476537e+00
2.246376764903923462e+00
2.195939777578631791e+00
2.147765614618678320e+00
2.103040810166907360e+00
2.062477999774660287e+00
2.026410379055239019e+00
1.994622430107767297e+00
1.967354524426759843e+00
1.944352313065032423e+00
1.925270417418230906e+00
1.909712048782921112e+00
1.897259151891355966e+00
1.887494678141940385e+00
1.880018385923471813e+00
1.874457427878106763e+00
1.870472816973914432e+00
1.867762725731305862e+00
1.866063388490554864e+00
1.865148279207971438e+00
1.864826084785142557e+00
1.864937911006378624e+00
1.865354040549237036e+00
1.865970505120120526e+00
1.866705653657894981e+00
1.867496851174701433e+00
1.868297400027126187e+00
1.869073736662971497e+00
1.869802925970389662e+00
1.870470478961085536e+00
1.871068469392762834e+00
1.871593942100858499e+00
1.872047590494457125e+00
1.872432678876826850e+00
1.872754171742629259e+00
1.873018048785220602e+00
1.873230784043939945e+00
1.873398952717012511e+00
1.873528950381543323e+00
1.873626792512092187e+00
1.873697997806486271e+00
1.873747515125316676e+00
1.873779702888923371e+00
1.873798327955837451e+00
1.873806590807646222e+00
1.873807166663063128e+00
1.873802256682591594e+00
1.873793631142376848e+00
1.873782696818784066e+00
1.873770544038482644e+00
1.873757991681473278e+00
1.873745639804092367e+00
1.873733906666828375e+00
1.873723066782419622e+00
1.873713278271917027e+00
1.873704615449302224e+00
1.873697087036755748e+00
1.873690656496691087e+00
1.873685253806256279e+00
1.873680790272939323e+00
1.873677168974506424e+00
1.873674284460721040e+00
1.873672035056406004e+00
1.873670323978285701e+00
1.873669061653757462e+00
1.873668167089217684e+00
1.873667565594406836e+00
1.873667197930073858e+00
1.873667009997638688e+00
1.873666957565415458e+00
1.873667003504825068e+00
1.873667117622427991e+00
1.873667275920739339e+00
1.873667459458828066e+00
1.873667653868499539e+00
1.873667848513830281e+00
1.873668035822837696e+00
1.873668210694131808e+00
1.873668369979754056e+00
1.873668512042133916e+00
1.873668636380830588e+00
1.873668743323266606e+00
1.873668833672331724e+00
1.873668908812409661e+00
1.873668970241046505e+00
1.873669019551701620e+00
1.873669058344604510e+00
1.873669088163107288e+00
1.873669110450622899e+00
1.873669126523847428e+00
1.873669137558624520e+00
1.873669144585294433e+00
1.873669148491028835e+00
1.873669150026982200e+00
1.873669149818644186e+00
1.873669148378014793e+00
1.873669146116680340e+00
1.873669143358944522e+00
1.873669140354546014e+00
1.873669137290584708e+00
1.873669134302379913e+00
1.873669131483248984e+00
1.873669128893022728e+00
1.873669126565420839e+00
1.873669124514297124e+00
1.873669122738842896e+00
1.873669121227856227e+00
1.873669119963175866e+00
1.873669118922391963e+00
1.873669118080938611e+00
1.873669117413663487e+00
1.873669116895965381e+00
1.873669116504584897e+00
1.873669116218113162e+00
1.873669116017289804e+00
1.873669115885100434e+00
1.873669115806813945e+00
1.873669115769880600e+00
1.873669115763766602e+00
1.873669115779807326e+00
1.873669115810989050e+00
1.873669115851723355e+00
1.873669115897685922e+00
1.873669115945594044e+00
1.873669115993038981e+00
1.873669116038323867e+00
1.873669116080326491e+00
1.873669116118378275e+00
1.873669116152153702e+00
1.873669116181584160e+00
1.873669116206798213e+00
1.873669116228036780e+00
1.873669116245624267e+00
1.873669116259941481e+00
1.873669116271381441e+00
1.873669116280334723e+00
1.873669116287179692e+00
1.873669116292252745e+00
1.873669116295872517e+00
1.873669116298321224e+00
1.873669116299843340e+00
1.873669116300646031e+00
1.873669116300907378e+00
1.873669116300772153e+00
1.873669116300361814e+00
1.873669116299772508e+00
1.873669116299082615e+00
1.873669116298338544e+00
1.873669116297588699e+00
1.873669116296862835e+00
1.873669116296183379e+00
1.873669116295562542e+00
1.873669116295014092e+00
1.873669116294525594e+00
1.873669116294105708e+00
1.873669116293748882e+00
1.873669116293457781e+00
1.873669116293213532e+00
1.873669116293017689e+00
1.873669116292867143e+00
1.873669116292747239e+00
1.873669116292657089e+00
1.873669116292591807e+00
1.873669116292545400e+00
1.873669116292514314e+00
1.873669116292495662e+00
1.873669116292493220e+00
1.873669116292492332e+00
1.873669116292501657e+00
1.873669116292509207e+00
1.873669116292518533e+00
1.873669116292528747e+00
1.873669116292539183e+00
1.873669116292549619e+00
1.873669116292559611e+00
1.873669116292575598e+00
1.873669116292589365e+00
1.873669116292595360e+00
1.873669116292600689e+00
1.873669116292609571e+00
1.873669116292617121e+00
1.873669116292618675e+00
1.873669116292618675e+00
1.873669116292624448e+00
1.873669116292630221e+00
1.873669116292635328e+00
1.873669116292634884e+00
1.873669116292633552e+00
1.873669116292632220e+00
1.873669116292630665e+00
1.873669116292628667e+00
1.873669116292627557e+00
1.873669116292627113e+00
1.873669116292626224e+00
1.873669116292624892e+00
1.873669116292623782e+00
1.873669116292622228e+00
1.873669116292621117e+00
1.873669116292620007e+00
1.873669116292618675e+00
1.873669116292618453e+00
1.873669116292617787e+00
1.873669116292617787e+00
1.873669116292617121e+00
1.873669116292616899e+00
1.873669116292616454e+00
1.873669116292615788e+00
1.873669116292621339e+00
1.873669116292620895e+00
1.873669116292620229e+00
1.873669116292619563e+00
1.873669116292618897e+00
1.873669116292618453e+00
1.873669116292617787e+00
1.873669116292617121e+00
1.873669116292616899e+00
1.873669116292616676e+00
1.873669116292616454e+00
1.873669116292616454e+00
1.873669116292615788e+00
1.873669116292621339e+00
1.873669116292620895e+00
1.873669116292620229e+00
1.873669116292619563e+00
1.873669116292618897e+00
1.873669116292618453e+00
1.873669116292617787e+00
1.873669116292617121e+00
1.873669116292616899e+00
1.873669116292616676e+00
1.873669116292616454e+00
1.873669116292616454e+00
1.873669116292615788e+00
1.873669116292621339e+00
1.873669116292620895e+00
1.873669116292620229e+00
1.873669116292619563e+00
1.873669116292618897e+00
1.873669116292618453e+00
1.873669116292617787e+00
1.873669116292617121e+00
1.873669116292616899e+00
1.873669116292616676e+00
1.873669116292616454e+00
1.873669116292616454e+00
1.873669116292615788e+00
1.873669116292621339e+00
1.873669116292620895e+00
1.873669116292620229e+00
1.873669116292619563e+00
1.873669116292618897e+00
1.873669116292618453e+00
1.873669116292617787e+00
1.873669116292617121e+00
1.873669116292616899e+00
1.873669116292616676e+00
1.873669116292616454e+00
1.873669116292616454e+00
1.873669116292615788e+00
1.873669116292621339e+00
1.873669116292620895e+00
1.873669116292620229e+00
