1.479155544871898764e-01
2.916826111451478187e-01
4.307392817932574891e-01
5.658025494441154546e-01
6.968565629551356500e-01
8.239305912168927160e-01
9.471763740937089171e-01
1.066979627871197378e+00
1.183334610064787906e+00
1.296579788326175375e+00
1.406183410809998202e+00
1.513227055440467872e+00
1.616787383435326797e+00
1.717880880438577895e+00
1.816224402056837883e+00
1.911761546522696920e+00
2.005131888646324079e+00
2.095703925810725732e+00
2.184018792374826656e+00
2.270361802692287156e+00
2.354052229215688463e+00
2.435784110524969126e+00
2.515717040716318298e+00
2.593232422463283893e+00
2.668847657183878397e+00
2.742823152603080850e+00
2.814974732458843221e+00
2.873369274110170402e+00
2.913171483058550226e+00
2.936022393493132210e+00
2.946307111587123106e+00
2.948707322932514252e+00
2.947032128150666175e+00
2.943877566103108911e+00
2.940733707119569385e+00
2.938270866520050983e+00
2.936645142194259428e+00
2.935746943611500015e+00
2.935370325226382970e+00
2.935310144457405457e+00
2.935405741882235464e+00
2.935551095446575776e+00
2.935687647021795854e+00
2.935790854645840220e+00
2.935856815262433361e+00
2.935891775477628585e+00
2.935905223277576859e+00
2.935906068413320913e+00
2.935901042941670536e+00
2.935894448455943273e+00
2.935888564066348572e+00
2.935884265811513849e+00
2.935881608073910964e+00
2.935880262427197795e+00
2.935879798463266521e+00
2.935879832269757461e+00
2.935880083493217718e+00
2.935880378823530368e+00
2.935880630544006831e+00
2.935880808439846668e+00
2.935880914750511383e+00
2.935880965883296945e+00
2.935880981111843369e+00
2.935880976858279645e+00
2.935880964725564812e+00
2.935880951645771120e+00
2.935880940951655749e+00
2.935880933634484879e+00
2.935880929415390472e+00
2.935880927502173776e+00
2.935880927041297106e+00
2.935880927335110080e+00
2.935880927906391324e+00
2.935880928480047114e+00
2.935880928931393630e+00
2.935880929230458847e+00
2.935880929396461614e+00
2.935880929466701428e+00
2.935880929478604795e+00
2.935880929461614830e+00
2.935880929435237707e+00
2.935880929410298545e+00
2.935880929391369687e+00
2.935880929379228732e+00
2.935880929372761461e+00
2.935880929370243475e+00
2.935880929370052517e+00
2.935880929370952686e+00
2.935880929372151282e+00
2.935880929373227310e+00
2.935880929374017345e+00
2.935880929374506287e+00
2.935880929374755866e+00
2.935880929374842907e+00
2.935880929374838022e+00
2.935880929374794501e+00
2.935880929374736326e+00
2.935880929374692805e+00
2.935880929374659054e+00
2.935880929374638626e+00
2.935880929374626191e+00
2.935880929374626191e+00
2.935880929374625747e+00
2.935880929374626636e+00
2.935880929374628412e+00
2.935880929374630632e+00
2.935880929374631965e+00
2.935880929374632853e+00
2.935880929374632409e+00
2.935880929374631965e+00
2.935880929374631076e+00
2.935880929374632409e+00
2.935880929374631965e+00
2.935880929374631076e+00
2.935880929374632409e+00
2.935880929374631965e+00
2.935880929374631076e+00
2.935880929374632409e+00
2.935880929374631965e+00
2.935880929374631076e+00
2.935880929374632409e+00
2.935880929374631965e+00
2.935880929374631076e+00
2.935880929374632409e+00
2.935880929374631965e+00
2.935880929374631076e+00
2.935880929374632409e+00
2.935880929374631965e+00
2.935880929374631076e+00
2.935880929374632409e+00
2.935880929374631965e+00
2.935880929374631076e+00
2.935880929374632409e+00
2.935880929374631965e+00
2.935880929374631076e+00
2.935880929374632409e+00
2.935880929374631965e+00
2.935880929374631076e+00
2.935880929374632409e+00
2.935880929374631965e+00
2.935880929374631076e+00
2.935880929374632409e+00
2.935880929374631965e+00
2.935880929374631076e+00
2.935880929374632409e+00
2.935880929374631965e+00
2.935880929374631076e+00
2.935880929374632409e+00
2.935880929374631965e+00
2.935880929374631076e+00
2.935880929374632409e+00
2.935880929374631965e+00
2.935880929374631076e+00
2.935880929374632409e+00
2.935880929374631965e+00
2.935880929374631076e+00
2.935880929374632409e+00
2.935880929374631965e+00
2.935880929374631076e+00
2.935880929374632409e+00
2.935880929374631965e+00
2.935880929374631076e+00
2.935880929374632409e+00
2.935880929374631965e+00
2.935880929374631076e+00
2.935880929374632409e+00
2.935880929374631965e+00
2.935880929374631076e+00
2.935880929374632409e+00
2.935880929374631965e+00
2.935880929374631076e+00
2.935880929374632409e+00
2.935880929374631965e+00
2.935880929374631076e+00
2.935880929374632409e+00
2.935880929374631965e+00
2.935880929374631076e+00
2.935880929374632409e+00
2.935880929374631965e+00
2.935880929374631076e+00
2.935880929374632409e+00
2.935880929374631965e+00
2.935880929374631076e+00
2.935880929374632409e+00
2.935880929374631965e+00
2.935880929374631076e+00
2.935880929374632409e+00
2.935880929374631965e+00
2.935880929374631076e+00
2.935880929374632409e+00
2.935880929374631965e+00
2.935880929374631076e+00
2.935880929374632409e+00
2.935880929374631965e+00
2.935880929374631076e+00
2.935880929374632409e+00
2.935880929374631965e+00
2.935880929374631076e+00
2.935880929374632409e+00
2.935880929374631965e+00
2.935880929374631076e+00
2.935880929374632409e+00
2.935880929374631965e+00
2.935880929374631076e+00
2.935880929374632409e+00
2.935880929374631965e+00
2.935880929374631076e+00
2.935880929374632409e+00
2.935880929374631965e+00
2.935880929374631076e+00
2.935880929374632409e+00
2.935880929374631965e+00
2.935880929374632853e+00
2.935880929374632409e+00
2.935880929374631965e+00
2.935880929374631076e+00
2.935880929374632409e+00
2.935880929374631965e+00
2.935880929374631076e+00
2.935880929374632409e+00
2.935880929374631965e+00
2.935880929374631076e+00
2.935880929374632409e+00
2.935880929374631965e+00
2.935880929374631076e+00
2.935880929374632409e+00
2.935880929374631965e+00
2.935880929374631076e+00
2.935880929374632409e+00
2.935880929374631965e+00
2.935880929374631076e+00
2.935880929374632409e+00
2.935880929374631965e+00
2.935880929374631076e+00
2.935880929374632409e+00
2.935880929374631965e+00
2.935880929374632853e+00
2.935880929374632409e+00
2.935880929374631965e+00
2.935880929374631076e+00
2.935880929374632409e+00
2.935880929374631965e+00
2.935880929374631076e+00
2.935880929374632409e+00
2.935880929374631965e+00
2.935880929374631076e+00
2.935880929374632409e+00
2.935880929374631965e+00
2.935880929374631076e+00
2.935880929374632409e+00
2.935880929374631965e+00
2.935880929374631076e+00
2.935880929374632409e+00
2.935880929374631965e+00
2.935880929374631076e+00
2.935880929374632409e+00
2.935880929374631965e+00
2.935880929374631076e+00
2.935880929374632409e+00
2.935880929374631965e+00
2.935880929374631076e+00
2.935880929374632409e+00
2.935880929374631965e+00
2.935880929374631076e+00
2.935880929374632409e+00
2.935880929374631965e+00
2.935880929374631076e+00
2.935880929374632409e+00
2.935880929374631965e+00
2.935880929374631076e+00
2.935880929374632409e+00
2.935880929374631965e+00
2.935880929374631076e+00
2.935880929374632409e+00
2.935880929374631965e+00
2.935880929374631076e+00
2.935880929374632409e+00
2.935880929374631965e+00
2.935880929374631076e+00
2.935880929374632409e+00
2.935880929374631965e+00
2.935880929374631076e+00
2.935880929374632409e+00
2.935880929374631965e+00
2.935880929374631076e+00
2.935880929374632409e+00
2.935880929374631965e+00
2.935880929374631076e+00
2.935880929374632409e+00
2.935880929374631965e+00
2.935880929374631076e+00
2.935880929374632409e+00
2.935880929374631965e+00
2.935880929374631076e+00
2.935880929374632409e+00
2.935880929374631965e+00
2.935880929374631076e+00
2.935880929374632409e+00
2.935880929374631965e+00
2.935880929374631076e+00
2.935880929374632409e+00
3.003512664140441046e+00
3.069393917389274584e+00
3.133461386679759819e+00
3.196174374065010149e+00
3.257566543921344593e+00
3.317425475506130539e+00
3.375628036954394950e+00
3.432618208360507683e+00
3.488425189114858771e+00
3.543077087588448748e+00
3.596146970772267082e+00
3.648071429416055889e+00
3.698930230286828991e+00
3.748748109522645144e+00
3.797549114912064816e+00
3.844951319818462832e+00
3.891347193349064870e+00
3.936803081915735802e+00
3.981340339924841043e+00
4.024979856294097047e+00
4.067614661220035899e+00
4.109073682370273595e+00
4.149703563274260709e+00
4.189522829459101594e+00
4.228549438863979937e+00
4.266800808679495738e+00
4.304293840498156776e+00
4.340751743750787206e+00
4.376444744858027036e+00
4.411434098081564059e+00
4.445734942061741357e+00
4.479362040805393796e+00
4.512329794856457355e+00
4.544652252059592890e+00
4.576218783141674962e+00
4.607007389473170456e+00
4.637196142435673352e+00
4.666797600186296968e+00
4.695824085353327071e+00
4.724287685034653350e+00
4.752200251281345267e+00
4.779573402017435413e+00
4.806418522350564437e+00
4.832554876585134274e+00
4.856944197217641701e+00
4.875766531543966664e+00
4.888344035819663702e+00
4.895606135423365757e+00
4.899025573115228127e+00
4.900029424155732727e+00
4.899741612553339287e+00
4.898926383003263219e+00
4.898033932706306715e+00
4.897283241129387399e+00
4.896745313347978801e+00
4.896410150701971276e+00
4.896233082326028274e+00
4.896162599284206607e+00
4.896154293812938540e+00
4.896175765413088854e+00
4.896206456815106023e+00
4.896235243399067905e+00
4.896257468812118319e+00
4.896272326057521163e+00
4.896280906635383623e+00
4.896284948989556796e+00
4.896286137826806772e+00
4.896285800258148413e+00
4.896284838923734561e+00
4.896283785707247205e+00
4.896282899443074044e+00
4.896282264182580946e+00
4.896281868258357761e+00
4.896281659006048947e+00
4.896281575639913619e+00
4.896281565734520669e+00
4.896281591026410140e+00
4.896281627235458345e+00
4.896281661214857195e+00
4.896281687458015064e+00
4.896281705005220530e+00
4.896281715143961044e+00
4.896281719923504028e+00
4.896281721332075065e+00
4.896281720936525694e+00
4.896281719803179833e+00
4.896281718560369534e+00
4.896281717514096243e+00
4.896281716763895453e+00
4.896281716296172704e+00
4.896281716048857646e+00
4.896281715950225433e+00
4.896281715938391343e+00
4.896281715968169301e+00
4.896281716010878249e+00
4.896281716050894239e+00
4.896281716081902324e+00
4.896281716102566683e+00
4.896281716114589067e+00
4.896281716120276961e+00
4.896281716121974270e+00
4.896281716121440475e+00
4.896281716120132188e+00
4.896281716118604521e+00
4.896281716117409033e+00
4.896281716116556382e+00
4.896281716116035909e+00
4.896281716115759686e+00
4.896281716115566063e+00
4.896281716115575833e+00
4.896281716115634453e+00
4.896281716115617577e+00
4.896281716115699290e+00
4.896281716115677085e+00
4.896281716115737481e+00
4.896281716115789884e+00
4.896281716115827187e+00
4.896281716115848504e+00
4.896281716115859162e+00
4.896281716115863603e+00
4.896281716115863603e+00
4.896281716115861826e+00
4.896281716115859162e+00
4.896281716115853833e+00
4.896281716115854721e+00
4.896281716115853833e+00
4.896281716115856497e+00
4.896281716115856497e+00
4.896281716115854721e+00
4.896281716115853833e+00
4.896281716115856497e+00
4.896281716115856497e+00
4.896281716115854721e+00
4.896281716115853833e+00
4.896281716115856497e+00
4.896281716115856497e+00
4.896281716115854721e+00
4.896281716115853833e+00
4.896281716115856497e+00
4.896281716115856497e+00
4.896281716115854721e+00
4.896281716115853833e+00
4.896281716115856497e+00
4.896281716115856497e+00
4.896281716115854721e+00
4.896281716115853833e+00
4.896281716115856497e+00
4.896281716115856497e+00
4.896281716115854721e+00
4.896281716115853833e+00
4.896281716115856497e+00
4.896281716115856497e+00
4.896281716115854721e+00
4.896281716115853833e+00
4.896281716115856497e+00
4.896281716115856497e+00
4.896281716115854721e+00
4.896281716115853833e+00
4.896281716115856497e+00
4.896281716115856497e+00
4.896281716115854721e+00
4.896281716115853833e+00
4.896281716115853833e+00
4.896281716115853833e+00
4.896281716115853833e+00
4.896281716115853833e+00
4.896281716115853833e+00
4.896281716115853833e+00
4.896281716115853833e+00
4.896281716115853833e+00
4.896281716115853833e+00
4.896281716115853833e+00
4.896281716115853833e+00
4.896281716115853833e+00
4.896281716115853833e+00
4.896281716115853833e+00
4.896281716115853833e+00
4.896281716115853833e+00
4.896281716115853833e+00
4.896281716115853833e+00
4.896281716115853833e+00
4.896281716115853833e+00
4.896281716115853833e+00
4.896281716115853833e+00
4.896281716115853833e+00
4.896281716115853833e+00
4.896281716115853833e+00
4.896281716115853833e+00
4.896281716115853833e+00
4.896281716115853833e+00
4.896281716115853833e+00
4.896281716115853833e+00
4.896281716115853833e+00
4.896281716115853833e+00
4.896281716115853833e+00
4.896281716115853833e+00
4.896281716115853833e+00
4.896281716115853833e+00
4.896281716115853833e+00
4.896281716115853833e+00
4.896281716115853833e+00
4.896281716115853833e+00
4.896281716115853833e+00
4.896281716115853833e+00
4.896281716115853833e+00
4.896281716115853833e+00
4.896281716115853833e+00
4.896281716115853833e+00
4.896281716115853833e+00
4.896281716115853833e+00
4.896281716115853833e+00
4.896281716115853833e+00
4.896281716115853833e+00
4.896281716115853833e+00
4.896281716115853833e+00
4.896281716115853833e+00
4.896281716115853833e+00
4.896281716115853833e+00
4.896281716115853833e+00
4.896281716115853833e+00
4.896281716115853833e+00
4.896281716115853833e+00
4.896281716115853833e+00
4.896281716115853833e+00
4.896281716115853833e+00
4.896281716115853833e+00
4.896281716115853833e+00
4.896281716115853833e+00
4.896281716115853833e+00
4.896281716115853833e+00
4.896281716115853833e+00
4.896281716115853833e+00
4.896281716115853833e+00
4.896281716115853833e+00
4.896281716115853833e+00
4.896281716115853833e+00
4.896281716115853833e+00
4.896281716115853833e+00
4.896281716115853833e+00
4.896281716115853833e+00
4.896281716115853833e+00
4.896281716115853833e+00
4.896281716115853833e+00
4.896281716115853833e+00
4.896281716115853833e+00
4.896281716115853833e+00
4.896281716115853833e+00
4.896281716115853833e+00
4.896281716115853833e+00
4.896281716115853833e+00
4.896281716115853833e+00
4.896281716115853833e+00
4.896281716115853833e+00
4.896281716115853833e+00
4.896281716115853833e+00
4.896281716115853833e+00
4.896281716115853833e+00
4.896281716115853833e+00
4.896281716115853833e+00
4.896281716115853833e+00
4.896281716115853833e+00
4.896281716115853833e+00
4.896281716115853833e+00
4.896281716115853833e+00
4.896281716115853833e+00
4.896281716115853833e+00
4.896281716115853833e+00
4.896281716115853833e+00
4.896281716115853833e+00
4.896281716115853833e+00
4.896281716115853833e+00
4.896281716115853833e+00
4.896281716115853833e+00
4.896281716115853833e+00
4.896281716115853833e+00
4.896281716115853833e+00
4.896281716115853833e+00
4.896281716115853833e+00
4.896281716115853833e+00
4.896281716115853833e+00
4.896281716115853833e+00
4.896281716115853833e+00
4.896281716115853833e+00
4.896281716115853833e+00
4.896281716115853833e+00
4.896281716115853833e+00
4.896281716115853833e+00
4.896281716115853833e+00
4.896281716115853833e+00
4.896281716115853833e+00
4.896281716115853833e+00
4.896281716115853833e+00
4.896281716115853833e+00
4.896281716115853833e+00
4.896281716115853833e+00
4.896281716115853833e+00
4.896281716115853833e+00
4.896281716115853833e+00
4.896281716115853833e+00
4.896281716115853833e+00
4.799127430090517343e+00
4.702922104451467966e+00
4.608581437998791053e+00
4.515648219518899609e+00
4.424119187451880819e+00
4.334389997179673770e+00
4.245848815712537139e+00
4.158835523867455919e+00
4.073557352995530678e+00
4.002203963747721360e+00
3.952010763445674701e+00
3.921825775918157841e+00
3.906911399131325346e+00
3.901975155110838589e+00
3.902566508683548818e+00
3.905533818184526940e+00
3.908962649909357268e+00
3.911892624736671209e+00
3.913992647673320668e+00
3.915284311829775099e+00
3.915944160913062078e+00
3.916182328740659635e+00
3.916180787702540744e+00
3.916071232660576218e+00
3.915935466444695479e+00
3.915815866128323997e+00
3.915728250497661822e+00
3.915673165469423456e+00
3.915644147226338578e+00
3.915632896433022037e+00
3.915631994258171655e+00
3.915635955892789344e+00
3.915641300999613605e+00
3.915646165131603240e+00
3.915649808880433458e+00
3.915652149765545431e+00
3.915653418443229228e+00
3.915653940949312961e+00
3.915654018433836647e+00
3.915653878813083910e+00
3.915653669882733556e+00
3.915653472736142504e+00
3.915653321590579328e+00
3.915653222418855162e+00
3.915653167196927686e+00
3.915653143230708455e+00
3.915653138334626693e+00
3.915653143067069131e+00
3.915653151174535829e+00
3.915653159134526273e+00
3.915653165385548640e+00
3.915653169574517367e+00
3.915653171967308666e+00
3.915653173054666425e+00
3.915653173327715564e+00
3.915653173176420587e+00
3.915653172864566045e+00
3.915653172544490079e+00
3.915653172286739370e+00
3.915653172110336477e+00
3.915653172007089289e+00
3.915653171958206169e+00
3.915653171943981992e+00
3.915653171948352718e+00
3.915653171960228107e+00
3.915653171973038749e+00
3.915653171983634273e+00
3.915653171991036796e+00
3.915653171995473691e+00
3.915653171997657278e+00
3.915653171998369153e+00
3.915653171998263904e+00
3.915653171997819815e+00
3.915653171997313553e+00
3.915653171996879234e+00
3.915653171996570592e+00
3.915653171996380966e+00
3.915653171996280157e+00
3.915653171996247739e+00
3.915653171996245963e+00
3.915653171996260618e+00
3.915653171996279269e+00
3.915653171996295701e+00
3.915653171996308579e+00
3.915653171996317905e+00
3.915653171996325010e+00
3.915653171996328563e+00
3.915653171996330340e+00
3.915653171996330340e+00
3.915653171996329451e+00
3.915653171996327675e+00
3.915653171996327231e+00
3.915653171996327231e+00
3.915653171996327231e+00
3.915653171996327231e+00
3.915653171996327231e+00
3.915653171996327231e+00
3.915653171996327231e+00
3.915653171996327231e+00
3.915653171996327231e+00
3.915653171996327231e+00
3.915653171996327231e+00
3.915653171996327231e+00
3.915653171996327231e+00
3.915653171996327231e+00
3.915653171996327231e+00
3.915653171996327231e+00
3.915653171996327231e+00
3.915653171996327231e+00
3.915653171996327231e+00
3.915653171996327231e+00
3.915653171996327231e+00
3.915653171996327231e+00
3.915653171996327231e+00
3.915653171996327231e+00
3.915653171996327231e+00
3.915653171996327231e+00
3.915653171996327231e+00
3.915653171996327231e+00
3.915653171996327231e+00
3.915653171996327231e+00
3.915653171996327231e+00
3.915653171996327231e+00
3.915653171996327231e+00
3.915653171996327231e+00
3.915653171996327231e+00
3.915653171996327231e+00
3.915653171996327231e+00
3.915653171996327231e+00
3.915653171996327231e+00
3.915653171996327231e+00
3.915653171996327231e+00
3.915653171996327231e+00
3.915653171996327231e+00
3.915653171996327231e+00
3.915653171996327231e+00
3.915653171996327231e+00
3.915653171996327231e+00
3.915653171996327231e+00
3.915653171996327231e+00
3.915653171996327231e+00
3.915653171996327231e+00
3.915653171996327231e+00
3.915653171996327231e+00
3.915653171996327231e+00
3.915653171996327231e+00
3.915653171996327231e+00
3.915653171996327231e+00
3.915653171996327231e+00
3.915653171996327231e+00
3.915653171996327231e+00
3.915653171996327231e+00
3.915653171996327231e+00
3.915653171996327231e+00
3.915653171996327231e+00
3.915653171996327231e+00
3.915653171996327231e+00
3.915653171996327231e+00
3.915653171996327231e+00
3.915653171996327231e+00
3.915653171996327231e+00
3.915653171996327231e+00
3.915653171996327231e+00
3.915653171996327231e+00
3.915653171996327231e+00
3.915653171996327231e+00
3.915653171996327231e+00
3.915653171996327231e+00
3.915653171996327231e+00
3.915653171996327231e+00
3.915653171996327231e+00
3.915653171996327231e+00
3.915653171996327231e+00
3.915653171996327231e+00
3.915653171996327231e+00
3.915653171996327231e+00
3.915653171996327231e+00
3.915653171996327231e+00
3.915653171996327231e+00
3.915653171996327231e+00
3.915653171996327231e+00
3.915653171996327231e+00
3.915653171996327231e+00
3.915653171996327231e+00
3.915653171996327231e+00
3.915653171996327231e+00
3.915653171996327231e+00
3.915653171996327231e+00
3.915653171996327231e+00
3.915653171996327231e+00
3.915653171996327231e+00
3.915653171996327231e+00
3.915653171996327231e+00
3.915653171996327231e+00
3.915653171996327231e+00
3.915653171996327231e+00
3.915653171996327231e+00
3.915653171996327231e+00
3.915653171996327231e+00
3.915653171996327231e+00
3.915653171996327231e+00
3.915653171996327231e+00
3.915653171996327231e+00
3.915653171996327231e+00
3.915653171996327231e+00
3.915653171996327231e+00
3.915653171996327231e+00
3.915653171996327231e+00
3.915653171996327231e+00
3.915653171996327231e+00
3.915653171996327231e+00
3.915653171996327231e+00
3.915653171996327231e+00
3.915653171996327231e+00
3.915653171996327231e+00
3.915653171996327231e+00
3.915653171996327231e+00
3.915653171996327231e+00
3.915653171996327231e+00
3.915653171996327231e+00
3.915653171996327231e+00
3.915653171996327231e+00
3.915653171996327231e+00
3.915653171996327231e+00
3.915653171996327231e+00
3.915653171996327231e+00
3.915653171996327231e+00
3.915653171996327231e+00
3.915653171996327231e+00
3.915653171996327231e+00
3.915653171996327231e+00
3.915653171996327231e+00
3.915653171996327231e+00
3.915653171996327231e+00
3.915653171996327231e+00
3.915653171996327231e+00
3.915653171996327231e+00
3.915653171996327231e+00
3.915653171996327231e+00
3.915653171996327231e+00
3.915653171996327231e+00
3.915653171996327231e+00
3.915653171996327231e+00
3.915653171996327231e+00
3.915653171996327231e+00
3.915653171996327231e+00
3.915653171996327231e+00
3.915653171996327231e+00
3.915653171996327231e+00
3.915653171996327231e+00
3.915653171996327231e+00
3.915653171996327231e+00
3.915653171996327231e+00
3.915653171996327231e+00
3.915653171996327231e+00
3.915653171996327231e+00
3.915653171996327231e+00
3.915653171996327231e+00
3.915653171996327231e+00
3.915653171996327231e+00
3.915653171996327231e+00
3.915653171996327231e+00
3.915653171996327231e+00
3.915653171996327231e+00
3.915653171996327231e+00
3.915653171996327231e+00
3.915653171996327231e+00
3.915653171996327231e+00
3.915653171996327231e+00
3.915653171996327231e+00
3.915653171996327231e+00
3.915653171996327231e+00
3.915653171996327231e+00
3.915653171996327231e+00
3.915653171996327231e+00
3.915653171996327231e+00
3.915653171996327231e+00
3.915653171996327231e+00
3.915653171996327231e+00
3.915653171996327231e+00
3.915653171996327231e+00
3.915653171996327231e+00
3.915653171996327231e+00
3.915653171996327231e+00
3.915653171996327231e+00
3.915653171996327231e+00
3.915653171996327231e+00
3.915653171996327231e+00
3.915653171996327231e+00
3.915653171996327231e+00
3.915653171996327231e+00
3.915653171996327231e+00
3.915653171996327231e+00
3.915653171996327231e+00
3.915653171996327231e+00
3.915653171996327231e+00
3.915653171996327231e+00
3.915653171996327231e+00
3.915653171996327231e+00
3.915653171996327231e+00
3.960617562832883909e+00
4.004674497347050277e+00
4.047844618089883717e+00
4.089782340996719334e+00
4.130797775480360201e+00
4.170994000834494564e+00
4.210389237083257186e+00
4.249001151164085499e+00
4.286846882852391794e+00
4.323807581560432212e+00
4.359835075520456016e+00
4.395151707424140852e+00
4.429772795130874741e+00
4.463713276495642646e+00
4.496987720736370875e+00
4.529610339385716777e+00
4.561594996845383498e+00
4.592679051716134886e+00
4.623146855484658424e+00
4.653021518278986690e+00
4.682315472946166679e+00
4.711040916740042661e+00
4.739209811584216503e+00
4.766833884793625131e+00
4.793924630207738069e+00
4.820443719759364143e+00
4.846198747824940867e+00
4.871459268224670680e+00
4.896235591686556532e+00
4.920537748444857584e+00
4.944375499914688277e+00
4.967758349699472831e+00
4.990695553975694310e+00
5.013196131296014713e+00
5.035268871848786354e+00
5.056922346209384855e+00
5.078089072130871351e+00
5.098741666766416714e+00
5.119002362698985564e+00
5.138878996986266934e+00
5.158379225678326740e+00
5.177510546011634851e+00
5.196280290995590967e+00
5.214695634149173920e+00
5.232763595570746773e+00
5.250491039682491312e+00
5.267884689496836081e+00
5.284951120107897360e+00
5.301696766787847181e+00
5.318127928970004525e+00
5.334152674118436188e+00
5.349832852077433643e+00
5.364132574375766183e+00
5.375027151138755954e+00
5.382262150467131079e+00
5.386433905639351316e+00
5.388407941179907290e+00
5.389003354426312065e+00
5.388858971404456355e+00
5.388407806065296235e+00
5.387905502633567600e+00
5.387477725720830612e+00
5.387166862552708047e+00
5.386969365431485635e+00
5.386861584681473580e+00
5.386815370885591037e+00
5.386806010073057038e+00
5.386815150609572278e+00
5.386830888166032949e+00
5.386846551642737069e+00
5.386859135864839665e+00
5.386867879314074514e+00
5.386873184168008422e+00
5.386875904492132605e+00
5.386876921000793850e+00
5.386876973650819522e+00
5.386876578205232136e+00
5.386876056829221326e+00
5.386875576405966370e+00
5.386875209517122620e+00
5.386874965358643408e+00
5.386874824228335079e+00
5.386874757174713757e+00
5.386874736689275522e+00
5.386874744691923844e+00
5.386874762452775300e+00
5.386874781176993920e+00
5.386874796696382361e+00
5.386874804321128529e+00
5.386874808470297538e+00
5.386874810239495659e+00
5.386874810587428897e+00
5.386874810224385079e+00
5.386874809610121773e+00
5.386874809001588993e+00
5.386874808513980817e+00
5.386874808175914353e+00
5.386874807971271828e+00
5.386874807866822934e+00
5.386874807828029965e+00
5.386874807826502298e+00
5.386874807842133350e+00
5.386874807862492176e+00
5.386874807881038230e+00
5.386874807895150497e+00
5.386874807904514562e+00
5.386874807909910245e+00
5.386874807912454877e+00
5.386874807913218710e+00
5.386874807913031304e+00
5.386874807912444219e+00
5.386874807911788743e+00
5.386874807911238072e+00
5.386874807910830398e+00
5.386874807910572827e+00
5.386874807910429830e+00
5.386874807910366769e+00
5.386874807910361440e+00
5.386874807910377427e+00
5.386874807910396079e+00
5.386874807910413843e+00
5.386874807910433383e+00
5.386874807910442264e+00
5.386874807910449370e+00
5.386874807910452922e+00
5.386874807910454699e+00
5.386874807910462692e+00
5.386874807910467133e+00
5.386874807910460028e+00
5.386874807910458252e+00
5.386874807910462692e+00
5.386874807910459140e+00
5.386874807910457363e+00
5.386874807910454699e+00
5.386874807910452922e+00
5.386874807910451146e+00
5.386874807910452922e+00
5.386874807910459140e+00
5.386874807910458252e+00
5.386874807910457363e+00
5.386874807910454699e+00
5.386874807910452922e+00
5.386874807910451146e+00
5.386874807910451146e+00
5.386874807910452922e+00
5.386874807910459140e+00
5.386874807910458252e+00
5.386874807910457363e+00
5.386874807910454699e+00
5.386874807910452922e+00
5.386874807910451146e+00
5.386874807910451146e+00
5.386874807910459140e+00
5.386874807910459140e+00
5.386874807910457363e+00
5.386874807910454699e+00
5.386874807910452922e+00
5.386874807910452922e+00
5.386874807910452922e+00
5.386874807910459140e+00
5.386874807910458252e+00
5.386874807910455587e+00
5.386874807910454699e+00
5.386874807910459140e+00
5.386874807910457363e+00
5.386874807910460028e+00
5.386874807910459140e+00
5.386874807910457363e+00
5.386874807910454699e+00
5.386874807910452922e+00
5.386874807910451146e+00
5.386874807910451146e+00
5.386874807910459140e+00
5.386874807910459140e+00
5.386874807910457363e+00
5.386874807910454699e+00
5.386874807910459140e+00
5.386874807910457363e+00
5.386874807910454699e+00
5.386874807910452922e+00
5.386874807910452922e+00
5.386874807910452922e+00
5.386874807910459140e+00
5.386874807910458252e+00
5.386874807910457363e+00
5.386874807910454699e+00
5.386874807910452922e+00
5.386874807910451146e+00
5.386874807910451146e+00
5.386874807910459140e+00
5.386874807910459140e+00
5.386874807910457363e+00
5.386874807910454699e+00
5.386874807910454699e+00
5.386874807910459140e+00
5.386874807910457363e+00
5.386874807910460028e+00
5.386874807910459140e+00
5.386874807910457363e+00
5.386874807910454699e+00
5.386874807910452922e+00
5.386874807910451146e+00
5.386874807910452922e+00
5.386874807910459140e+00
5.386874807910458252e+00
5.386874807910455587e+00
5.386874807910454699e+00
5.386874807910459140e+00
5.386874807910457363e+00
5.386874807910460028e+00
5.386874807910459140e+00
5.386874807910457363e+00
5.386874807910454699e+00
5.386874807910452922e+00
5.386874807910451146e+00
5.386874807910451146e+00
5.386874807910452922e+00
5.386874807910454699e+00
5.386874807910454699e+00
5.386874807910453811e+00
5.386874807910452922e+00
5.386874807910459140e+00
5.386874807910458252e+00
5.386874807910457363e+00
5.386874807910454699e+00
5.386874807910452922e+00
5.386874807910451146e+00
5.386874807910452922e+00
5.386874807910459140e+00
5.386874807910458252e+00
5.386874807910457363e+00
5.386874807910454699e+00
5.386874807910452922e+00
5.386874807910451146e+00
5.386874807910452922e+00
5.386874807910459140e+00
5.386874807910458252e+00
5.386874807910455587e+00
5.386874807910454699e+00
5.386874807910459140e+00
5.386874807910457363e+00
5.386874807910460028e+00
5.386874807910459140e+00
5.386874807910457363e+00
5.386874807910454699e+00
5.386874807910452922e+00
5.386874807910451146e+00
5.386874807910451146e+00
5.386874807910452922e+00
5.386874807910459140e+00
5.386874807910458252e+00
5.386874807910457363e+00
5.386874807910454699e+00
5.386874807910452922e+00
5.386874807910451146e+00
5.386874807910452922e+00
5.386874807910459140e+00
5.386874807910458252e+00
5.386874807910455587e+00
5.386874807910454699e+00
5.386874807910459140e+00
5.386874807910457363e+00
5.386874807910460028e+00
5.386874807910459140e+00
5.386874807910457363e+00
5.386874807910454699e+00
5.386874807910452922e+00
5.386874807910451146e+00
5.386874807910452922e+00
5.386874807910459140e+00
5.386874807910458252e+00
5.386874807910455587e+00
5.386874807910454699e+00
5.386874807910459140e+00
5.386874807910457363e+00
5.386874807910460028e+00
5.386874807910457363e+00
5.386874807910454699e+00
5.386874807910452922e+00
5.386874807910452922e+00
5.386874807910452922e+00
5.386874807910459140e+00
5.386874807910458252e+00
5.386874807910457363e+00
5.386874807910460028e+00
5.386874807910459140e+00
5.386874807910457363e+00
5.386874807910454699e+00
5.386874807910452922e+00
5.386874807910451146e+00
5.386874807910451146e+00
5.386874807910459140e+00
5.386874807910459140e+00
5.386874807910457363e+00
5.386874807910454699e+00
5.386874807910452922e+00
5.386874807910452922e+00
5.386874807910452922e+00
5.386874807910459140e+00
5.386874807910458252e+00
5.282071229087145880e+00
5.178678538251218377e+00
5.077239786800080701e+00
4.976895410423650468e+00
4.878395930708548711e+00
4.781379136863814772e+00
4.685517007627289843e+00
4.591514757288261528e+00
4.498760566230787461e+00
4.407562971099981297e+00
4.318160261323066962e+00
4.229792509872267736e+00
4.143098759082283422e+00
4.058135324260477184e+00
3.974006615103855999e+00
3.891549393217823560e+00
3.810762667962662054e+00
3.730948379625098621e+00
3.652685868815470638e+00
3.576029119640546927e+00
3.500492913525195426e+00
3.426263388384143571e+00
3.353575500536284171e+00
3.282260733333296709e+00
3.211807996463855286e+00
3.142837640158465451e+00
3.075324550704293003e+00
3.008878750918198453e+00
2.943481368298699774e+00
2.879483191826063493e+00
2.816859132307453883e+00
2.755306067802320236e+00
2.694845549591328826e+00
2.635694246963472764e+00
2.577828035528537232e+00
2.521067826494362674e+00
2.465069703688536951e+00
2.410301856901396089e+00
2.356741318715854128e+00
2.304365145365540268e+00
2.252865434139947887e+00
2.202283907422153408e+00
2.152830526610520323e+00
2.104483260568006830e+00
2.057220369007601857e+00
2.013545117732988388e+00
1.981057402756929875e+00
1.961025234113277893e+00
1.951094870283180294e+00
1.947942487310066584e+00
1.948551662598319023e+00
1.950720178584968600e+00
1.953106045631051613e+00
1.955055598919871018e+00
1.956371858610215675e+00
1.957107843059289420e+00
1.957417396592907144e+00
1.957465381779738056e+00
1.957384696493160492e+00
1.957264073427333440e+00
1.957152457990856353e+00
1.957069901791681943e+00
1.957018931218511337e+00
1.956993615972286715e+00
1.956985535108467511e+00
1.956987035318606516e+00
1.956992518468528175e+00
1.956998569307386360e+00
1.957003521009480274e+00
1.957006868270128042e+00
1.957008742593275619e+00
1.957009533124647316e+00
1.957009658014282838e+00
1.957009454844772289e+00
1.957009149275947157e+00
1.957008865973784983e+00
1.957008656154750836e+00
1.957008526452379771e+00
1.957008461915369368e+00
1.957008441209654004e+00
1.957008444901332078e+00
1.957008458765318260e+00
1.957008474110476737e+00
1.957008486686887094e+00
1.957008495198616194e+00
1.957008499971694127e+00
1.957008501990364469e+00
1.957008502315191745e+00
1.957008501803642275e+00
1.957008501029589898e+00
1.957008500310540189e+00
1.957008499777317834e+00
1.957008499447284944e+00
1.957008499282764991e+00
1.957008499229706988e+00
1.957008499238779731e+00
1.957008499273833246e+00
1.957008499312748340e+00
1.957008499344689234e+00
1.957008499366332810e+00
1.957008499378487754e+00
1.957008499383642963e+00
1.957008499384487399e+00
1.957008499383200206e+00
1.957008499381240219e+00
1.957008499379415678e+00
1.957008499378059430e+00
1.957008499377219657e+00
1.957008499376800437e+00
1.957008499376664101e+00
1.957008499376687194e+00
1.957008499376775346e+00
1.957008499376874378e+00
1.957008499376953647e+00
1.957008499377009159e+00
1.957008499377040467e+00
1.957008499377054234e+00
1.957008499377057342e+00
1.957008499377053123e+00
1.957008499377047350e+00
1.957008499377042465e+00
1.957008499377037802e+00
1.957008499377036026e+00
1.957008499377034472e+00
1.957008499377035138e+00
1.957008499377036026e+00
1.957008499377036026e+00
1.957008499377036026e+00
1.957008499377036026e+00
1.957008499377036026e+00
1.957008499377036026e+00
1.957008499377036026e+00
1.957008499377036026e+00
1.957008499377036026e+00
1.957008499377036026e+00
1.957008499377036026e+00
1.957008499377036026e+00
1.957008499377036026e+00
1.957008499377036026e+00
1.957008499377036026e+00
1.957008499377036026e+00
1.957008499377036026e+00
1.957008499377036026e+00
1.957008499377036026e+00
1.957008499377036026e+00
1.957008499377036026e+00
1.957008499377036026e+00
1.957008499377036026e+00
1.957008499377036026e+00
1.957008499377036026e+00
1.957008499377036026e+00
1.957008499377036026e+00
1.957008499377036026e+00
1.957008499377036026e+00
1.957008499377036026e+00
1.957008499377036026e+00
1.957008499377036026e+00
1.957008499377036026e+00
1.957008499377036026e+00
1.957008499377036026e+00
1.957008499377036026e+00
1.957008499377036026e+00
1.957008499377036026e+00
1.957008499377036026e+00
1.957008499377036026e+00
1.957008499377036026e+00
1.957008499377036026e+00
1.957008499377036026e+00
1.957008499377036026e+00
1.957008499377036026e+00
1.957008499377036026e+00
1.957008499377036026e+00
1.957008499377036026e+00
1.957008499377036026e+00
1.957008499377036026e+00
1.957008499377036026e+00
1.957008499377036026e+00
1.957008499377036026e+00
1.957008499377036026e+00
1.957008499377036026e+00
1.957008499377036026e+00
1.957008499377036026e+00
1.957008499377036026e+00
1.957008499377036026e+00
1.957008499377036026e+00
1.957008499377036026e+00
1.957008499377036026e+00
1.957008499377036026e+00
1.957008499377036026e+00
1.957008499377036026e+00
1.957008499377036026e+00
1.957008499377036026e+00
1.957008499377036026e+00
1.957008499377036026e+00
1.957008499377036026e+00
1.957008499377036026e+00
1.957008499377036026e+00
1.957008499377036026e+00
1.957008499377036026e+00
1.957008499377036026e+00
1.957008499377036026e+00
1.957008499377036026e+00
1.957008499377036026e+00
1.957008499377036026e+00
1.957008499377036026e+00
1.957008499377036026e+00
1.957008499377036026e+00
1.957008499377036026e+00
1.957008499377036026e+00
1.957008499377036026e+00
1.957008499377036026e+00
1.957008499377036026e+00
1.957008499377036026e+00
1.957008499377036026e+00
1.957008499377036026e+00
1.957008499377036026e+00
1.957008499377036026e+00
1.957008499377036026e+00
1.957008499377036026e+00
1.957008499377036026e+00
1.957008499377036026e+00
1.957008499377036026e+00
1.957008499377036026e+00
1.957008499377036026e+00
1.957008499377036026e+00
1.957008499377036026e+00
1.957008499377036026e+00
1.957008499377036026e+00
1.957008499377036026e+00
1.957008499377036026e+00
1.957008499377036026e+00
1.957008499377036026e+00
1.957008499377036026e+00
1.957008499377036026e+00
1.957008499377036026e+00
1.957008499377036026e+00
1.957008499377036026e+00
1.957008499377036026e+00
1.957008499377036026e+00
1.957008499377036026e+00
1.957008499377036026e+00
1.957008499377036026e+00
1.957008499377036026e+00
1.957008499377036026e+00
1.957008499377036026e+00
1.957008499377036026e+00
1.957008499377036026e+00
1.957008499377036026e+00
1.957008499377036026e+00
1.957008499377036026e+00
1.957008499377036026e+00
1.957008499377036026e+00
1.957008499377036026e+00
1.957008499377036026e+00
1.957008499377036026e+00
1.957008499377036026e+00
1.957008499377036026e+00
1.957008499377036026e+00
1.957008499377036026e+00
1.957008499377036026e+00
1.957008499377036026e+00
1.957008499377036026e+00
1.957008499377036026e+00
1.957008499377036026e+00
1.957008499377036026e+00
1.957008499377036026e+00
1.957008499377036026e+00
1.957008499377036026e+00
1.957008499377036026e+00
1.957008499377036026e+00
1.957008499377036026e+00
1.957008499377036026e+00
1.957008499377036026e+00
1.957008499377036026e+00
1.957008499377036026e+00
1.957008499377036026e+00
1.957008499377036026e+00
1.957008499377036026e+00
1.957008499377036026e+00
1.957008499377036026e+00
1.957008499377036026e+00
1.957008499377036026e+00
1.957008499377036026e+00
1.957008499377036026e+00
1.957008499377036026e+00
1.957008499377036026e+00
1.957008499377036026e+00
1.957008499377036026e+00
1.957008499377036026e+00
1.957008499377036026e+00
1.957008499377036026e+00
1.957008499377036026e+00
1.957008499377036026e+00
1.957008499377036026e+00
1.957008499377036026e+00
1.957008499377036026e+00
1.957008499377036026e+00
1.957008499377036026e+00
1.957008499377036026e+00
