1.047585359941133054e-01
2.500297768021422229e-01
3.901603669048369638e-01
5.265917061212546102e-01
6.586079859194572395e-01
7.870663006654939897e-01
9.112010948206744620e-01
1.032183437413314531e+00
1.149367147248626875e+00
1.263766695565036846e+00
1.374182690472987911e+00
1.481972027269507830e+00
1.586571042085169081e+00
1.688360241439280651e+00
1.787673814394783012e+00
1.883860793621556118e+00
1.977862706706097207e+00
2.069317973943915145e+00
2.158223891597021105e+00
2.245141819472459943e+00
2.328058958546718848e+00
2.405007853281599495e+00
2.475071832024042795e+00
2.537570008465914739e+00
2.591767672021721314e+00
2.638520804385776408e+00
2.678234728412703713e+00
2.711459712501202990e+00
2.738828796552637890e+00
2.761010449442124148e+00
2.778673537433934193e+00
2.792427714406833683e+00
2.802857820664852007e+00
2.810593793896730475e+00
2.816125834720279109e+00
2.819884381954956165e+00
2.822241421336393330e+00
2.823513582310195336e+00
2.823966379418092476e+00
2.823819124056431207e+00
2.823250131494521309e+00
2.822401936183161819e+00
2.821386332992656065e+00
2.820289098768101521e+00
2.819174316825034943e+00
2.818088257372317607e+00
2.817062798595574513e+00
2.816118394265575642e+00
2.815266608800257586e+00
2.814512250665437865e+00
2.813855140949483413e+00
2.813291556823140471e+00
2.812815390176174546e+00
2.812419061145414734e+00
2.812094220899011177e+00
2.811832283245063735e+00
2.811624810471367475e+00
2.811463781424893060e+00
2.811341769255164547e+00
2.811252044076149037e+00
2.811188620975989760e+00
2.811146267532403709e+00
2.811120479363584668e+00
2.811107439178623491e+00
2.811103954967756113e+00
2.811107402434962488e+00
2.811115657078752328e+00
2.811127028741526424e+00
2.811140198963897774e+00
2.811154162644826204e+00
2.811168174920361196e+00
2.811181703728948378e+00
2.811194388171265324e+00
2.811206002542158799e+00
2.811216425727161017e+00
2.811225615545256851e+00
2.811233587567995684e+00
2.811240397905053534e+00
2.811246129450543307e+00
2.811250881101565735e+00
2.811254759491278232e+00
2.811257872817634063e+00
2.811260326392297504e+00
2.811262219578589683e+00
2.811263643831574122e+00
2.811264681596038706e+00
2.811265405851895771e+00
2.811265880144084406e+00
2.811266158953148686e+00
2.811266288290366511e+00
2.811266306437280260e+00
2.811266244757296029e+00
2.811266128529271491e+00
2.811265977765882162e+00
2.811265807991778942e+00
2.811265630959424389e+00
2.811265455305813621e+00
2.811265287127996171e+00
2.811265130490895103e+00
2.811264987859292130e+00
2.811264860472157512e+00
2.811264748648119483e+00
2.811264652036267631e+00
2.811264569826471771e+00
2.811264500908909891e+00
2.811264444002056884e+00
2.811264397749548838e+00
2.811264360791870143e+00
2.811264331818411399e+00
2.811264309598612954e+00
2.811264293008852277e+00
2.811264281041311541e+00
2.811264272805289899e+00
2.811264267530849015e+00
2.811264264559758530e+00
2.811264263338258740e+00
2.811264263407449171e+00
2.811264264392916878e+00
2.811264265994245726e+00
2.811264267974800557e+00
2.811264270152954214e+00
2.811264272389768060e+00
2.811264274586265710e+00
2.811264276672853057e+00
2.811264278604051370e+00
2.811264280354088374e+00
2.811264281908967266e+00
2.811264283268056552e+00
2.811264284437512639e+00
2.811264285429592391e+00
2.811264286257235678e+00
2.811264286937840140e+00
2.811264287488608460e+00
2.811264287926580785e+00
2.811264288268063183e+00
2.811264288528227073e+00
2.811264288720885851e+00
2.811264288858362992e+00
2.811264288951470736e+00
2.811264289009555828e+00
2.811264289040555031e+00
2.811264289051129239e+00
2.811264289046769171e+00
2.811264289031942809e+00
2.811264289010210415e+00
2.811264288984366644e+00
2.811264288956549784e+00
2.811264288928359001e+00
2.811264288900942709e+00
2.811264288875090944e+00
2.811264288851312187e+00
2.811264288829884883e+00
2.811264288810925827e+00
2.811264288794421251e+00
2.811264288780277898e+00
2.811264288768335895e+00
2.811264288758406060e+00
2.811264288750271678e+00
2.811264288743718698e+00
2.811264288738534844e+00
2.811264288734514949e+00
2.811264288731472494e+00
2.811264288729240501e+00
2.811264288727664873e+00
2.811264288726618599e+00
2.811264288725985327e+00
2.811264288725669580e+00
2.811264288725590532e+00
2.811264288725684235e+00
2.811264288725898286e+00
2.811264288726188720e+00
2.811264288726523120e+00
2.811264288726876615e+00
2.811264288727230110e+00
2.811264288727572058e+00
2.811264288727891358e+00
2.811264288728184013e+00
2.811264288728446914e+00
2.811264288728677396e+00
2.811264288728877236e+00
2.811264288729049099e+00
2.811264288729192096e+00
2.811264288729312444e+00
2.811264288729407479e+00
2.811264288729486971e+00
2.811264288729547811e+00
2.811264288729594885e+00
2.811264288729629968e+00
2.811264288729655725e+00
2.811264288729674377e+00
2.811264288729685479e+00
2.811264288729691252e+00
2.811264288729692584e+00
2.811264288729693028e+00
2.811264288730550120e+00
2.811264288730501715e+00
2.811264288731294414e+00
2.811264288731173178e+00
2.811264288731029293e+00
2.811264288730876082e+00
2.811264288730722871e+00
2.811264288731431193e+00
2.811264288731245120e+00
2.811264288731052385e+00
2.811264288730863647e+00
2.811264288731544880e+00
2.811264288731334382e+00
2.811264288731120775e+00
2.811264288730914274e+00
2.811264288730720651e+00
2.811264288730543459e+00
2.811264288730383143e+00
2.811264288730241034e+00
2.811264288730118022e+00
2.811264288730013217e+00
2.811264288729924399e+00
2.811264288729851124e+00
2.811264288729790728e+00
2.811264288729742322e+00
2.811264288729703242e+00
2.811264288730534577e+00
2.811264288730466188e+00
2.811264288731248673e+00
2.811264288731120775e+00
2.811264288730975558e+00
2.811264288730822791e+00
2.811264288730670025e+00
2.811264288730524363e+00
2.811264288730388028e+00
2.811264288730264127e+00
2.811264288730152661e+00
2.811264288730053185e+00
2.811264288729969252e+00
2.811264288729897309e+00
2.811264288729835137e+00
2.811264288729784511e+00
2.811264288729742322e+00
2.811264288730568328e+00
2.811264288730496830e+00
2.811264288730413785e+00
2.811264288730326744e+00
2.811264288730239258e+00
2.811264288731014638e+00
2.811264288730890293e+00
2.811264288730756178e+00
2.811264288730621619e+00
2.811264288730488392e+00
2.811264288730362271e+00
2.811264288730246363e+00
2.811264288730141114e+00
2.811264288730907612e+00
2.811264288730781491e+00
2.811264288730648708e+00
2.811264288730517702e+00
2.811264288730392469e+00
2.811264288730276562e+00
2.811264288730170868e+00
2.811264288730076277e+00
2.811264288729992344e+00
2.811264288730778826e+00
2.811264288731531114e+00
2.811264288731370797e+00
2.811264288731193606e+00
2.811264288731008865e+00
2.811264288730827676e+00
2.811264288730655370e+00
2.811264288730495053e+00
2.811264288731208261e+00
2.811264288731033734e+00
2.811264288730857430e+00
2.811264288730688676e+00
2.811264288730528804e+00
2.811264288730383143e+00
2.811264288730251248e+00
2.811264288730135785e+00
2.811264288730034533e+00
2.811264288729949268e+00
2.811264288729876437e+00
2.811264288729815153e+00
2.811264288729766303e+00
2.811264288729726335e+00
2.811264288729696137e+00
2.811264288729672600e+00
2.811264288729653504e+00
2.811264288729640182e+00
2.811264288729629968e+00
2.811264288729622418e+00
2.811264288729619309e+00
2.811264288729617533e+00
2.811264288730476846e+00
2.811264288730433769e+00
2.811264288730372485e+00
2.811264288730301875e+00
2.811264288730227712e+00
2.811264288730153993e+00
2.811264288730083383e+00
2.811264288730015881e+00
2.811264288729954153e+00
2.811264288729898198e+00
2.811264288729849348e+00
2.811264288730665584e+00
2.836800623482600425e+00
2.905079358389109689e+00
2.973369686507444598e+00
3.040201547144427252e+00
3.104905521965233284e+00
3.168221580350642164e+00
3.230201859339028481e+00
3.290879440823947455e+00
3.349683937695102642e+00
3.407214020060356230e+00
3.463547958901429080e+00
3.518714343350415330e+00
3.572513285780837489e+00
3.624923764626628575e+00
3.676257264911865885e+00
3.726538839401071446e+00
3.775792841511305120e+00
3.823838199165175311e+00
3.870662583865621453e+00
3.916537257239297798e+00
3.961483783291709138e+00
4.005523259271498659e+00
4.048676318737934210e+00
4.090588697534460749e+00
4.131588007508028682e+00
4.171768468479349679e+00
4.211148289447767645e+00
4.249745126846820042e+00
4.287576110436233989e+00
4.324515787919625431e+00
4.360529295352592705e+00
4.395832242612303098e+00
4.430439940049651248e+00
4.464235074083660493e+00
4.496281592983296882e+00
4.525972483675802849e+00
4.552956331110475041e+00
4.576945090235230218e+00
4.597997491470332321e+00
4.616296684227024549e+00
4.632004018861843875e+00
4.645323513915665892e+00
4.656482620127322392e+00
4.665717702209819961e+00
4.673263373429525913e+00
4.679344952479466357e+00
4.684173402976195888e+00
4.687942205889515712e+00
4.690825743518407087e+00
4.692978788273724611e+00
4.694536815098334870e+00
4.695616887153645891e+00
4.696318913657465011e+00
4.696727141028802954e+00
4.696911754116876558e+00
4.696930495392023452e+00
4.696830250778747384e+00
4.696648553036406604e+00
4.696414973733600284e+00
4.696152389919079795e+00
4.695878118252027278e+00
4.695604913866167074e+00
4.695341842468782723e+00
4.695095022356787773e+00
4.694868262600111031e+00
4.694663592330536872e+00
4.694481701759571912e+00
4.694322302006352921e+00
4.694184414835322450e+00
4.694066605197702913e+00
4.693967161073576477e+00
4.693884232339393670e+00
4.693815929353331029e+00
4.693760404513350970e+00
4.693715898810386200e+00
4.693680782446054245e+00
4.693653570707731149e+00
4.693632930886471932e+00
4.693617687789255477e+00
4.693606818217928023e+00
4.693599441495814872e+00
4.693594809534530121e+00
4.693592294748603955e+00
4.693591377097439121e+00
4.693591630214537069e+00
4.693592710279947511e+00
4.693594342536126618e+00
4.693596313147783583e+00
4.693598457573960658e+00
4.693600652460171219e+00
4.693602808067543819e+00
4.693604861718362109e+00
4.693606772191611931e+00
4.693608514988526714e+00
4.693610078381227346e+00
4.693611460155539206e+00
4.693612664960883585e+00
4.693613702097366058e+00
4.693614584100704867e+00
4.693615325772499958e+00
4.693615941449174045e+00
4.693616446117257368e+00
4.693616854276350558e+00
4.693617179581361043e+00
4.693617434616217388e+00
4.693617630769133520e+00
4.693617778184639988e+00
4.693617885436121462e+00
4.693617960598167826e+00
4.693618010287855746e+00
4.693618040099840627e+00
4.693618054707429543e+00
4.693618058301035845e+00
4.693618053669853296e+00
4.693618043329470524e+00
4.693618029270468561e+00
4.693618013040577353e+00
4.693617995818499367e+00
4.693617978479219133e+00
4.693617961651023407e+00
4.693617945764632537e+00
4.693617931095059426e+00
4.693617917796760963e+00
4.693617905932913281e+00
4.693617895499389014e+00
4.693617886444195086e+00
4.693617878682946554e+00
4.693617872111074618e+00
4.693617866613168488e+00
4.693617862070066593e+00
4.693617858363988482e+00
4.693617855382202109e+00
4.693617853019437014e+00
4.693617851179355149e+00
4.693617849775294282e+00
4.693617848730473163e+00
4.693617847977794355e+00
4.693617847459357506e+00
4.693617847125828746e+00
4.693617846935658200e+00
4.693617846854294839e+00
4.693617846853348929e+00
4.693617846909802438e+00
4.693617847005280730e+00
4.693617847125324261e+00
4.693617847258780174e+00
4.693617847397222320e+00
4.693617847534477860e+00
4.693617847666175180e+00
4.693617847789393949e+00
4.693617847902337381e+00
4.693617848004072890e+00
4.693617848094324252e+00
4.693617848173283313e+00
4.693617848241482982e+00
4.693617848299668438e+00
4.693617848348704769e+00
4.693617848389541436e+00
4.693617848423120797e+00
4.693617848450374552e+00
4.693617848472181997e+00
4.693617848489354927e+00
4.693617848502631418e+00
4.693617848512666946e+00
4.693617848520052149e+00
4.693617848525289737e+00
4.693617848528821135e+00
4.693617848531010495e+00
4.693617848532169567e+00
4.693617848532551484e+00
4.693617848532366743e+00
4.693617848531778769e+00
4.693617848530928782e+00
4.693617848529920700e+00
4.693617848528830905e+00
4.693617848527726899e+00
4.693617848526644210e+00
4.693617848525618363e+00
4.693617848524667124e+00
4.693617848523803815e+00
4.693617848523023994e+00
4.693617848522340985e+00
4.693617848521746794e+00
4.693617848521230762e+00
4.693617848520790226e+00
4.693617848520426072e+00
4.693617848520125868e+00
4.693617848519873625e+00
4.693617848519667568e+00
4.693617848519506808e+00
4.693617848519380686e+00
4.693617848519284763e+00
4.693617848519218150e+00
4.693617848519163971e+00
4.693617848519132885e+00
4.693617848519110680e+00
4.693617848519092028e+00
4.693617848519085811e+00
4.693617848519090252e+00
4.693617848519097357e+00
4.693617848519106239e+00
4.693617848519115121e+00
4.693617848519124003e+00
4.693617848519138214e+00
4.693617848519151536e+00
4.693617848519159530e+00
4.693617848519167524e+00
4.693617848519174629e+00
4.693617848519182623e+00
4.693617848519187952e+00
4.693617848519193281e+00
4.693617848519197722e+00
4.693617848519204827e+00
4.693617848519207492e+00
4.693617848519208380e+00
4.693617848519210156e+00
4.693617848519210156e+00
4.693617848519209268e+00
4.693617848519211933e+00
4.693617848519214597e+00
4.693617848519214597e+00
4.693617848519214597e+00
4.693617848519214597e+00
4.693617848519214597e+00
4.693617848519214597e+00
4.693617848519216373e+00
4.693617848519216373e+00
4.693617848519214597e+00
4.693617848519216373e+00
4.693617848519214597e+00
4.693617848519214597e+00
4.693617848519212821e+00
4.693617848519213709e+00
4.693617848519214597e+00
4.693617848519214597e+00
4.693617848519216373e+00
4.693617848519214597e+00
4.693617848519214597e+00
4.693617848519212821e+00
4.693617848519213709e+00
4.693617848519214597e+00
4.693617848519214597e+00
4.693617848519216373e+00
4.693617848519214597e+00
4.693617848519214597e+00
4.693617848519212821e+00
4.693617848519213709e+00
4.693617848519214597e+00
4.693617848519214597e+00
4.693617848519216373e+00
4.693617848519214597e+00
4.693617848519212821e+00
4.693617848519213709e+00
4.693617848519214597e+00
4.693617848519214597e+00
4.693617848519216373e+00
4.693617848519214597e+00
4.693617848519214597e+00
4.693617848519212821e+00
4.693617848519213709e+00
4.693617848519214597e+00
4.693617848519214597e+00
4.693617848519216373e+00
4.693617848519214597e+00
4.693617848519214597e+00
4.693617848519212821e+00
4.693617848519213709e+00
4.693617848519214597e+00
4.693617848519214597e+00
4.693617848519216373e+00
4.693617848519214597e+00
4.693617848519214597e+00
4.693617848519212821e+00
4.693617848519213709e+00
4.693617848519214597e+00
4.693617848519214597e+00
4.693617848519216373e+00
4.693617848519214597e+00
4.693617848519214597e+00
4.693617848519212821e+00
4.693617848519213709e+00
4.693617848519214597e+00
4.693617848519214597e+00
4.693617848519216373e+00
4.693617848519214597e+00
4.693617848519214597e+00
4.693617848519212821e+00
4.693617848519213709e+00
4.693617848519214597e+00
4.693617848519214597e+00
4.693617848519216373e+00
4.693617848519214597e+00
4.693617848519214597e+00
4.693617848519212821e+00
4.693617848519213709e+00
4.693617848519214597e+00
4.693617848519214597e+00
4.693617848519216373e+00
4.693617848519214597e+00
4.693617848519212821e+00
4.599458051628171340e+00
4.506620501324216654e+00
4.415268610931827986e+00
4.327085528992264507e+00
4.243621610426826507e+00
4.166749536196022952e+00
4.097391260951177117e+00
4.035608740877730582e+00
3.981182497514133889e+00
3.934247215008381371e+00
3.894314381443964912e+00
3.860787577053940378e+00
3.833014622780783753e+00
3.810326722605382077e+00
3.791969949690881858e+00
3.777378827729353183e+00
3.766047147348027924e+00
3.757443225398402475e+00
3.751090685717413997e+00
3.746569593864438108e+00
3.743515245533640901e+00
3.741615329589392136e+00
3.740606032235953560e+00
3.740267526567880640e+00
3.740419187153445346e+00
3.740914780505025572e+00
3.741637797057443482e+00
3.742497085483765584e+00
3.743422813718301878e+00
3.744362840536450854e+00
3.745279492906553376e+00
3.746146755411277063e+00
3.746947851024648113e+00
3.747673184753471887e+00
3.748318623248415360e+00
3.748884073713110610e+00
3.749372325488934177e+00
3.749788122551299008e+00
3.750137434183979934e+00
3.750426888161735306e+00
3.750663344996526316e+00
3.750853587125340116e+00
3.751004098771282269e+00
3.751120919355912520e+00
3.751209559257531190e+00
3.751274944759966257e+00
3.751321426423983141e+00
3.751352771212201009e+00
3.751372209731191454e+00
3.751382468372592704e+00
3.751385818265156047e+00
3.751384124490552363e+00
3.751378896470130897e+00
3.751371336234894827e+00
3.751362383690867830e+00
3.751352758473499804e+00
3.751342997499359289e+00
3.751333488286844098e+00
3.751324498038849597e+00
3.751316198666449164e+00
3.751308688026187887e+00
3.751302007700487273e+00
3.751296157679362420e+00
3.751291108309442013e+00
3.751286810060570520e+00
3.751283200481196456e+00
3.751280210374194901e+00
3.751277768712562466e+00
3.751275805356355963e+00
3.751274252662631703e+00
3.751273048142736766e+00
3.751272135071515024e+00
3.751271462150143066e+00
3.751270984178027845e+00
3.751270662389020405e+00
3.751270463403467925e+00
3.751270359046181113e+00
3.751270325859591637e+00
3.751270344584335614e+00
3.751270399637562480e+00
3.751270478617131143e+00
3.751270571829489420e+00
3.751270671857668937e+00
3.751270773172080020e+00
3.751270871785759908e+00
3.751270964953548503e+00
3.751271050913353111e+00
3.751271128666671562e+00
3.751271197794860512e+00
3.751271258307502965e+00
3.751271310519058044e+00
3.751271354950030279e+00
3.751271392249213132e+00
3.751271423133647698e+00
3.751271448343424186e+00
3.751271468608634585e+00
3.751271484626182318e+00
3.751271497044423864e+00
3.751271506453975668e+00
3.751271513383199530e+00
3.751271518297236707e+00
3.751271521599552905e+00
3.751271523635252958e+00
3.751271524695526605e+00
3.751271525022738196e+00
3.751271524815793068e+00
3.751271524235540333e+00
3.751271523409935416e+00
3.751271522438945460e+00
3.751271521399004882e+00
3.751271520347053912e+00
3.751271519324103298e+00
3.751271518358344270e+00
3.751271517467831274e+00
3.751271516662746830e+00
3.751271515947289803e+00
3.751271515321257688e+00
3.751271514781317595e+00
3.751271514322010781e+00
3.751271513936572433e+00
3.751271513617548514e+00
3.751271513357246956e+00
3.751271513148092041e+00
3.751271512982858436e+00
3.751271512854831514e+00
3.751271512757891280e+00
3.751271512686567888e+00
3.751271512636046079e+00
3.751271512602158964e+00
3.751271512581336509e+00
3.751271512570565569e+00
3.751271512567348587e+00
3.751271512569624100e+00
3.751271512575736988e+00
3.751271512584369194e+00
3.751271512594482438e+00
3.751271512605292902e+00
3.751271512616216164e+00
3.751271512626827231e+00
3.751271512636837446e+00
3.751271512646059847e+00
3.751271512654397178e+00
3.751271512661801921e+00
3.751271512668278074e+00
3.751271512673861608e+00
3.751271512678608921e+00
3.751271512682595954e+00
3.751271512685889764e+00
3.751271512688579168e+00
3.751271512690734777e+00
3.751271512692437859e+00
3.751271512693756804e+00
3.751271512694756005e+00
3.751271512695488308e+00
3.751271512696009669e+00
3.751271512696356947e+00
3.751271512696570998e+00
3.751271512696682464e+00
3.751271512696713550e+00
3.751271512696686905e+00
3.751271512696623844e+00
3.751271512696535915e+00
3.751271512696431554e+00
3.751271512696318755e+00
3.751271512696205068e+00
3.751271512696094490e+00
3.751271512695992794e+00
3.751271512695898203e+00
3.751271512695811605e+00
3.751271512695735666e+00
3.751271512695671717e+00
3.751271512695613985e+00
3.751271512695564692e+00
3.751271512695524724e+00
3.751271512695490529e+00
3.751271512695461663e+00
3.751271512695436794e+00
3.751271512695417698e+00
3.751271512695403043e+00
3.751271512695391941e+00
3.751271512695387500e+00
3.751271512695384391e+00
3.751271512695379506e+00
3.751271512695378174e+00
3.751271512695374177e+00
3.751271512695371957e+00
3.751271512695370625e+00
3.751271512695372845e+00
3.751271512695372845e+00
3.751271512695371957e+00
3.751271512695376842e+00
3.751271512695375954e+00
3.751271512695375066e+00
3.751271512695375066e+00
3.751271512695375066e+00
3.751271512695376842e+00
3.751271512695375954e+00
3.751271512695375066e+00
3.751271512695376842e+00
3.751271512695375954e+00
3.751271512695375066e+00
3.751271512695375066e+00
3.751271512695376842e+00
3.751271512695375954e+00
3.751271512695375066e+00
3.751271512695375066e+00
3.751271512695376842e+00
3.751271512695375954e+00
3.751271512695375066e+00
3.751271512695375066e+00
3.751271512695376842e+00
3.751271512695375954e+00
3.751271512695375066e+00
3.751271512695375066e+00
3.751271512695376842e+00
3.751271512695375954e+00
3.751271512695375066e+00
3.751271512695375066e+00
3.751271512695376842e+00
3.751271512695375954e+00
3.751271512695375066e+00
3.751271512695375066e+00
3.751271512695376842e+00
3.751271512695375954e+00
3.751271512695375066e+00
3.751271512695375066e+00
3.751271512695376842e+00
3.751271512695375954e+00
3.751271512695375066e+00
3.751271512695375066e+00
3.751271512695376842e+00
3.751271512695375954e+00
3.751271512695375066e+00
3.751271512695375066e+00
3.751271512695376842e+00
3.751271512695375954e+00
3.751271512695375066e+00
3.751271512695375066e+00
3.751271512695376842e+00
3.751271512695375954e+00
3.751271512695375066e+00
3.751271512695375066e+00
3.751271512695376842e+00
3.751271512695375954e+00
3.751271512695375066e+00
3.751271512695375066e+00
3.751271512695376842e+00
3.751271512695375954e+00
3.751271512695375066e+00
3.751271512695376842e+00
3.751271512695375954e+00
3.751271512695375066e+00
3.751271512695375066e+00
3.751271512695376842e+00
3.751271512695375954e+00
3.751271512695375066e+00
3.751271512695375066e+00
3.751271512695376842e+00
3.751271512695375954e+00
3.751271512695375066e+00
3.751271512695375066e+00
3.751271512695376842e+00
3.751271512695375954e+00
3.751271512695375066e+00
3.751271512695375066e+00
3.751271512695376842e+00
3.751271512695375954e+00
3.751271512695375066e+00
3.751271512695375066e+00
3.751271512695376842e+00
3.751271512695375954e+00
3.751271512695375066e+00
3.751271512695375066e+00
3.751271512695376842e+00
3.751271512695375954e+00
3.751271512695375066e+00
3.751271512695375066e+00
3.751271512695376842e+00
3.751271512695375954e+00
3.751271512695375066e+00
3.751271512695376842e+00
3.751271512695375954e+00
3.751271512695375066e+00
3.751271512695375066e+00
3.751271512695376842e+00
3.751271512695375954e+00
3.751271512695375066e+00
3.751271512695375066e+00
3.751271512695376842e+00
3.751271512695375954e+00
3.751271512695375066e+00
3.751271512695375066e+00
3.751271512695376842e+00
3.751271512695375954e+00
3.751271512695375066e+00
3.751271512695375066e+00
3.751271512695376842e+00
3.751271512695375954e+00
3.751271512695375066e+00
3.751271512695375066e+00
3.747215838240733898e+00
3.784913936012666014e+00
3.832689600236947935e+00
3.879334280785954103e+00
3.925033328225016493e+00
3.969808218864956828e+00
4.013679962768091691e+00
4.056659507895281180e+00
4.098337967269823245e+00
4.139182356328840129e+00
4.179211353317020539e+00
4.218443061594880916e+00
4.256895036940159471e+00
4.294584313126676101e+00
4.331321993656382929e+00
4.367201110056741165e+00
4.402372565942083149e+00
4.436851599582142036e+00
4.470653071629554276e+00
4.503791476399699789e+00
4.536280952738749761e+00
4.568085968519540963e+00
4.599033167860122617e+00
4.629377198794722759e+00
4.659130680862869411e+00
4.688305998161959920e+00
4.716915299210545420e+00
4.744970497310220026e+00
4.772483271356138701e+00
4.799465067049816902e+00
4.825814406231445197e+00
4.851466243566444625e+00
4.876625730489658750e+00
4.901303118693074445e+00
4.925508381847845563e+00
4.949251227137017040e+00
4.972541106130599964e+00
4.995387225046682644e+00
5.017459787156022699e+00
5.038233306477883922e+00
5.057376723790683926e+00
5.074664115497802719e+00
5.089979586059104832e+00
5.103451914685067869e+00
5.115156262176463464e+00
5.125205638124584517e+00
5.133736284209563294e+00
5.140896438860689699e+00
5.146837927584289041e+00
5.151710038493032329e+00
5.155655240898173730e+00
5.158806340848451910e+00
5.161284806382375301e+00
5.163199925156249037e+00
5.164648617046759149e+00
5.165715727576550620e+00
5.166474628105014233e+00
5.166988045132697494e+00
5.167308999322485441e+00
5.167481789932110381e+00
5.167543017058619625e+00
5.167522558846287417e+00
5.167444472807755318e+00
5.167327876058630309e+00
5.167187708355430509e+00
5.167035416515887825e+00
5.166879588572012239e+00
5.166726463070068220e+00
5.166580414491637185e+00
5.166444314995855436e+00
5.166319892017791737e+00
5.166207981849114894e+00
5.166108759277954654e+00
5.166021921470421496e+00
5.165946846356169964e+00
5.165882685799869201e+00
5.165828470311387477e+00
5.165783170686474968e+00
5.165745762240643302e+00
5.165715240171368627e+00
5.165690655304004508e+00
5.165671139494127040e+00
5.165655890861962085e+00
5.165644203185490113e+00
5.165635453910518038e+00
5.165629092873585293e+00
5.165624646744946702e+00
5.165621722270584470e+00
5.165619980166223257e+00
5.165619140659829966e+00
5.165618973444292550e+00
5.165619291730963347e+00
5.165619945886614772e+00
5.165620817824069455e+00
5.165621815939076988e+00
5.165622870358362206e+00
5.165623926174800040e+00
5.165624953679516018e+00
5.165625923920401874e+00
5.165626819066584829e+00
5.165627633174886491e+00
5.165628361053856921e+00
5.165629002941227732e+00
5.165629562001787356e+00
5.165630043165969632e+00
5.165630452515454607e+00
5.165630796858130758e+00
5.165631083160143078e+00
5.165631318550477857e+00
5.165631509640449259e+00
5.165631662692136139e+00
5.165631783452688808e+00
5.165631877108721071e+00
5.165631948272593199e+00
5.165632000991854156e+00
5.165632038698890760e+00
5.165632064555484071e+00
5.165632081029532863e+00
5.165632090253079234e+00
5.165632093991447071e+00
5.165632093688918403e+00
5.165632090435989809e+00
5.165632085317780842e+00
5.165632078984579323e+00
5.165632071996757446e+00
5.165632064776287002e+00
5.165632057632198126e+00
5.165632050782509310e+00
5.165632044372951093e+00
5.165632038492782740e+00
5.165632033187940841e+00
5.165632028395768849e+00
5.165632024261958222e+00
5.165632020681507619e+00
5.165632017616277771e+00
5.165632015021733636e+00
5.165632012774166171e+00
5.165632010981251909e+00
5.165632009517691969e+00
5.165632008262238450e+00
5.165632007252877855e+00
5.165632006529197184e+00
5.165632005978350705e+00
5.165632005569370300e+00
5.165632005199256582e+00
5.165632005000828642e+00
5.165632004876230532e+00
5.165632004732391813e+00
5.165632004635027918e+00
5.165632004574117531e+00
5.165632004617393136e+00
5.165632004678198719e+00
5.165632004749476813e+00
5.165632004749708628e+00
5.165632004754609596e+00
5.165632004762675145e+00
5.165632004848857761e+00
5.165632004932517951e+00
5.165632004935442723e+00
5.165632005012151140e+00
5.165632005083566902e+00
5.165632005148803607e+00
5.165632005207441146e+00
5.165632005259404025e+00
5.165632005228728119e+00
5.165632005271604044e+00
5.165632005310158981e+00
5.165632005268206761e+00
5.165632005301710628e+00
5.165632005332565946e+00
5.165632005360491164e+00
5.165632005385388581e+00
5.165632005331162624e+00
5.165632005353788081e+00
5.165632005375130120e+00
5.165632005394834358e+00
5.165632005412710726e+00
5.165632005428684614e+00
5.165632005442760466e+00
5.165632005455010223e+00
5.165632005389419135e+00
5.165632005401974425e+00
5.165632005338383514e+00
5.165632005354090950e+00
5.165632005370476953e+00
5.165632005386802561e+00
5.165632005402536642e+00
5.165632005341194599e+00
5.165632005282280836e+00
5.165632005227078771e+00
5.165632005252505543e+00
5.165632005203119270e+00
5.165632005233500301e+00
5.165632005264415127e+00
5.165632005294672702e+00
5.165632005323444353e+00
5.165632005350192735e+00
5.165632005374591884e+00
5.165632005396501469e+00
5.165632005339767296e+00
5.165632005360317081e+00
5.165632005303830709e+00
5.165632005325760723e+00
5.165632005347545963e+00
5.165632005368492763e+00
5.165632005388141046e+00
5.165632005406203930e+00
5.165632005346400213e+00
5.165632005364537704e+00
5.165632005382306602e+00
5.165632005323098852e+00
5.165632005342442490e+00
5.165632005361816326e+00
5.165632005380564884e+00
5.165632005322112974e+00
5.165632005342024158e+00
5.165632005361822543e+00
5.165632005380874858e+00
5.165632005398753002e+00
5.165632005415197625e+00
5.165632005430062179e+00
5.165632005443302255e+00
5.165632005454938280e+00
5.165632005465035093e+00
5.165632005473696609e+00
5.165632005481038291e+00
5.165632005487199585e+00
5.165632005492305723e+00
5.165632005496485490e+00
5.165632005499872115e+00
5.165632005502569513e+00
5.165632005504690483e+00
5.165632005506324731e+00
5.165632005507561963e+00
5.165632005508468794e+00
5.165632005509110058e+00
5.165632005433417717e+00
5.165632005437293728e+00
5.165632005442441610e+00
5.165632005448327568e+00
5.165632005454544817e+00
5.165632005460786935e+00
5.165632005390715875e+00
5.165632005323907094e+00
5.165632005337799981e+00
5.165632005353439027e+00
5.165632005369804602e+00
5.165632005386138204e+00
5.165632005401897153e+00
5.165632005340600408e+00
5.165632005357862155e+00
5.165632005375239366e+00
5.165632005392107651e+00
5.165632005408054006e+00
5.165632005422801321e+00
5.165632005436200380e+00
5.165632005372066793e+00
5.165632005310121677e+00
5.165632005327947418e+00
5.165632005270602178e+00
5.165632005293039342e+00
5.165632005316281194e+00
5.165632005339317878e+00
5.165632005285313078e+00
5.165632005309636732e+00
5.165632005333675281e+00
5.165632005356696865e+00
5.165632005302096097e+00
5.165632005325428544e+00
5.165632005348228972e+00
5.165632005369880098e+00
5.165632005389979575e+00
5.165632005408302696e+00
5.165632005348613554e+00
5.165632005366756374e+00
5.165632005384457770e+00
5.165632005401253224e+00
5.165632005416840755e+00
5.165632005431037399e+00
5.165632005443764996e+00
5.165632005455020881e+00
5.165632005388721915e+00
5.165632005400795812e+00
5.165632005413024253e+00
5.165632005348829381e+00
5.165632005363750778e+00
5.165632005379253933e+00
5.165632005394656723e+00
5.165632005409470651e+00
5.165632005423364426e+00
5.165632005436133767e+00
5.165632005371548985e+00
5.165632005385425884e+00
5.165632005399460880e+00
5.165632005413131722e+00
5.165632005426091133e+00
5.165632005438101970e+00
5.165632005449032782e+00
5.165632005458824061e+00
5.165632005391350035e+00
5.064393102051858442e+00
4.964226176607485108e+00
4.865968801139127997e+00
4.769047787864417742e+00
4.673424331125482389e+00
4.579657381029509366e+00
4.487027740044065460e+00
4.396060584827980122e+00
4.306862825485022306e+00
4.218637755466364325e+00
4.132166164149213117e+00
4.047331823038320842e+00
3.963395537666758894e+00
3.881152868488592755e+00
3.800561092495366111e+00
3.720875932344394954e+00
3.642819707670868379e+00
3.566365866139704188e+00
3.490938449987535108e+00
3.416906998904920556e+00
3.344413895337230880e+00
3.273191312636267281e+00
3.202929052610668403e+00
3.134145960775486905e+00
3.066816944724532146e+00
3.000458773695418468e+00
2.935241233859208876e+00
2.871419728836281937e+00
2.808969106352753542e+00
2.747520780256833106e+00
2.687228621738305900e+00
2.628242553630034450e+00
2.570538559981148996e+00
2.513856160488982638e+00
2.458016233892908797e+00
2.403403654022508551e+00
2.349995454161165842e+00
2.297768696463074800e+00
2.246350348605257619e+00
2.195913949829110923e+00
2.147742539067197143e+00
2.103021815428026020e+00
2.062463718815291891e+00
2.026400815546949730e+00
1.994617420773693306e+00
1.967353485543871239e+00
1.944354486116617542e+00
1.925274962868642747e+00
1.909718115751209533e+00
1.897265932081846795e+00
1.887501442011553232e+00
1.880024505534128920e+00
1.874462387252493478e+00
1.870476217759652338e+00
1.867764283432067796e+00
1.866062918005703564e+00
1.865145683078853089e+00
1.864821346671013957e+00
1.864931080179082157e+00
1.865345211710164985e+00
1.865959812239237570e+00
1.866693255583910194e+00
1.867482922860667749e+00
1.868282123612571510e+00
1.869057291578739566e+00
1.869785486829913523e+00
1.870452210323095832e+00
1.871049522883278193e+00
1.871574454601696136e+00
1.872027683224649630e+00
1.872412457198048052e+00
1.872733724454130888e+00
1.872997452207490365e+00
1.873210098588857120e+00
1.873378228929668099e+00
1.873508226631675821e+00
1.873606097638064405e+00
1.873677352509001581e+00
1.873726933293543562e+00
1.873759195554880019e+00
1.873777896083914651e+00
1.873786234702757847e+00
1.873786884036455103e+00
1.873782043380774587e+00
1.873773481756943138e+00
1.873762605185746999e+00
1.873750502684419228e+00
1.873737995046104388e+00
1.873725681528837894e+00
1.873713980740289164e+00
1.873703167655288659e+00
1.873693400926740305e+00
1.873684755434126048e+00
1.873677241464775767e+00
1.873670820994271846e+00
1.873665425552491826e+00
1.873660966940432715e+00
1.873657346329108186e+00
1.873654463492814504e+00
1.873652214663830362e+00
1.873650503329703731e+00
1.873649240145458084e+00
1.873648344307240476e+00
1.873647744199835818e+00
1.873647374080535499e+00
1.873647184870016913e+00
1.873647131132376797e+00
1.873647175791845365e+00
1.873647291490388334e+00
1.873647451204341730e+00
1.873647636057439891e+00
1.873647831658914908e+00
1.873648027362124546e+00
1.873648215592999211e+00
1.873648391254290058e+00
1.873648551206282598e+00
1.873648693822068667e+00
1.873648818613197875e+00
1.873648925919651598e+00
1.873649016657111810e+00
1.873649092115447612e+00
1.873649150880149827e+00
1.873649197634694286e+00
1.873649234170525757e+00
1.873649261942290645e+00
1.873649282411893768e+00
1.873649296900300909e+00
1.873649306577340301e+00
1.873649312336949313e+00
1.873649315302173823e+00
1.873649316076455795e+00
1.873649315139721550e+00
1.873649313112250026e+00
1.873649310510727695e+00
1.873649307511594087e+00
1.873649304345368360e+00
1.873649301059057581e+00
1.873649298027129095e+00
1.873649295203223097e+00
1.873649292636094144e+00
1.873649290350505314e+00
1.873649288353216535e+00
1.873649286514576850e+00
1.873649285072696014e+00
1.873649283755437489e+00
1.873649282790645687e+00
1.873649282023926554e+00
1.873649281427600011e+00
1.873649280975417941e+00
1.873649280643158610e+00
1.873649280285640817e+00
1.873649280137020146e+00
1.873649280052923194e+00
1.873649280017948282e+00
1.873649279895912123e+00
1.873649279929748834e+00
1.873649279860039485e+00
1.873649279932467104e+00
1.873649280013428786e+00
1.873649279974000326e+00
1.873649279940228451e+00
1.873649280035115661e+00
1.873649280128090400e+00
1.873649280216120872e+00
1.873649280297241759e+00
1.873649280370323966e+00
1.873649280434871445e+00
1.873649280367523984e+00
1.873649280422067021e+00
1.873649280471438194e+00
1.873649280515228277e+00
1.873649280553362217e+00
1.873649280586004107e+00
1.873649280613483681e+00
1.873649280636231262e+00
1.873649280654739124e+00
1.873649280546181073e+00
1.873649280564533726e+00
1.873649280582679433e+00
1.873649280599978040e+00
1.873649280616008328e+00
1.873649280630520497e+00
1.873649280643392201e+00
1.873649280654601235e+00
1.873649280664195560e+00
1.873649280548935314e+00
1.873649280562416086e+00
1.873649280577180942e+00
1.873649280592288191e+00
1.873649280607057266e+00
1.873649280621015212e+00
1.873649280633860048e+00
1.873649280645417914e+00
1.873649280532276418e+00
1.873649280547906359e+00
1.873649280564757325e+00
1.873649280581828114e+00
1.873649280475058854e+00
1.873649280497425185e+00
1.873649280521013205e+00
1.873649280544558815e+00
1.873649280567168063e+00
1.873649280588238097e+00
1.873649280607404100e+00
1.873649280624475333e+00
1.873649280639400727e+00
1.873649280528886019e+00
1.873649280546513918e+00
1.873649280564839481e+00
1.873649280582954546e+00
1.873649280600221179e+00
1.873649280616218826e+00
1.873649280630699243e+00
1.873649280643541637e+00
1.873649280654723137e+00
1.873649280664294148e+00
1.873649280672350148e+00
1.873649280679018814e+00
1.873649280684445362e+00
1.873649280688777896e+00
1.873649280568826958e+00
1.873649280578206788e+00
1.873649280466108458e+00
1.873649280485030877e+00
1.873649280506647585e+00
1.873649280406007644e+00
1.873649280435395248e+00
1.873649280466364253e+00
1.873649280497266867e+00
1.873649280403593131e+00
1.873649280438025810e+00
1.873649280472483136e+00
1.873649280505628401e+00
1.873649280536563433e+00
1.873649280564735120e+00
1.873649280589854804e+00
1.873649280611836110e+00
1.873649280630739433e+00
1.873649280646724868e+00
1.873649280660019567e+00
1.873649280670887984e+00
1.873649280679612783e+00
1.873649280686476626e+00
1.873649280568416398e+00
1.873649280455818245e+00
1.873649280351443736e+00
1.873649280380278226e+00
1.873649280289644281e+00
1.873649280330631273e+00
1.873649280373888892e+00
1.873649280417093443e+00
1.873649280458594690e+00
1.873649280497284852e+00
1.873649280532484918e+00
1.873649280563845165e+00
1.873649280591265898e+00
1.873649280614828605e+00
1.873649280634741121e+00
1.873649280651290105e+00
1.873649280664809069e+00
1.873649280675653284e+00
1.873649280560840680e+00
1.873649280450842891e+00
1.873649280471847645e+00
1.873649280495452540e+00
1.873649280396659789e+00
1.873649280427720498e+00
1.873649280460176536e+00
1.873649280492374780e+00
1.873649280523147498e+00
1.873649280551720642e+00
1.873649280577627030e+00
1.873649280600639733e+00
1.873649280620707902e+00
1.873649280637907477e+00
1.873649280652406768e+00
1.873649280664424266e+00
1.873649280674216655e+00
1.873649280558709496e+00
1.873649280571638709e+00
1.873649280462317712e+00
1.873649280483361101e+00
1.873649280506549886e+00
1.873649280530369055e+00
1.873649280553719487e+00
1.873649280575836462e+00
1.873649280596224154e+00
1.873649280614595458e+00
1.873649280507487580e+00
1.873649280405026429e+00
1.873649280433155928e+00
1.873649280463318467e+00
1.873649280370426773e+00
1.873649280406694873e+00
1.873649280443664633e+00
1.873649280479708468e+00
1.873649280513704829e+00
1.873649280544932072e+00
1.873649280572988740e+00
