1.237566185476894794e-02
3.607825658128484270e-02
7.053081762453165815e-02
1.151377084352231683e-01
1.692883183108389034e-01
2.323605734996592453e-01
3.031782113710466131e-01
3.813413195864254757e-01
4.664516091037311241e-01
5.574106455662848347e-01
6.536366666429691552e-01
7.548923696874501044e-01
8.593595911037251733e-01
9.675539760215177143e-01
1.078382648074020622e+00
1.190818739063324250e+00
1.302947087052074515e+00
1.412401517380158955e+00
1.519300424309445674e+00
1.622659065005769730e+00
1.723617512973527832e+00
1.821772659686460738e+00
1.917183644353246619e+00
2.010431367006015435e+00
2.100831866261408276e+00
2.189031968344901991e+00
2.275263342349822526e+00
2.358797203513771201e+00
2.440424405130936947e+00
2.520255472278325914e+00
2.597621407871426591e+00
2.672882730004524365e+00
2.746007204913592403e+00
2.816572298634091531e+00
2.884314433954776380e+00
2.949439358315230741e+00
3.011812767451983230e+00
3.070988951425333013e+00
3.126891735839065767e+00
3.179766234796422619e+00
3.229538763000531443e+00
3.276149156429379428e+00
3.319284852963546584e+00
3.359003973196081461e+00
3.395496761010165176e+00
3.428755320224942338e+00
3.458783229655158387e+00
3.485595183030080868e+00
3.509216553038897235e+00
3.529682956744072175e+00
3.547039793804424246e+00
3.561222592034217982e+00
3.572426108424944236e+00
3.580738408821634522e+00
3.586238416323631384e+00
3.589012058921912995e+00
3.589151724582343661e+00
3.586755712073846247e+00
3.581927689308185503e+00
3.574776137054161751e+00
3.565413800490218499e+00
3.553957141913807849e+00
3.540446494883185746e+00
3.525016432684426881e+00
3.507842466449413887e+00
3.489052263942417298e+00
3.468774619101818946e+00
3.447138945992652026e+00
3.424274795332657995e+00
3.400311384217080235e+00
3.375377137172455022e+00
3.349599254167455964e+00
3.323103282972289296e+00
3.296012734206352324e+00
3.268151048341725762e+00
3.239923362017847808e+00
3.211454792531319491e+00
3.182859159015909434e+00
3.154246444256882498e+00
3.125722546613164621e+00
3.097389018572873631e+00
3.069342852881223660e+00
3.041674620731019907e+00
3.014170250339578860e+00
2.987222374108968292e+00
2.960909962495862580e+00
2.935306522327479684e+00
2.910480026458694969e+00
2.886492881057262760e+00
2.863401902094381501e+00
2.841258330922587838e+00
2.820107854977604411e+00
2.799990664612657998e+00
2.780878823514432163e+00
2.762775220864120307e+00
2.745803502248102212e+00
2.729983381714780943e+00
2.715329490894522468e+00
2.701851528041518069e+00
2.689554409557673775e+00
2.678438429251507102e+00
2.668499444788295705e+00
2.659729061364422442e+00
2.652114829590500378e+00
2.645640453527598357e+00
2.640286003028989636e+00
2.636028132716599082e+00
2.632840304542231280e+00
2.630693017297483394e+00
2.629554028454549552e+00
2.629388587362684770e+00
2.630159673693153177e+00
2.631828214622736972e+00
2.634353318111906983e+00
2.637692497188137253e+00
2.641801892201717461e+00
2.646636487166616369e+00
2.652150324687013949e+00
2.658296712487295821e+00
2.665028426852501298e+00
2.672297907049123289e+00
2.680057445273676286e+00
2.688259368354812384e+00
2.696856214682877617e+00
2.705800891396100916e+00
2.715046847386479723e+00
2.724548214025004800e+00
2.734259951674221423e+00
2.744137976831079406e+00
2.754139295701828249e+00
2.764222114306022160e+00
2.774345947509504029e+00
2.784471716413923215e+00
2.794509551317335028e+00
2.804444005568414333e+00
2.814273790055624946e+00
2.823966801251523329e+00
2.833492672330617967e+00
2.842822820302335352e+00
2.851930480563788173e+00
2.860790734326563278e+00
2.869380530748562474e+00
2.877678689575277282e+00
2.885665920598897483e+00
2.893324811392776308e+00
2.900639821352719583e+00
2.907597266295555372e+00
2.914185297579169998e+00
2.920393874286076663e+00
2.926214730937949149e+00
2.931641339624204701e+00
2.936668868601331361e+00
2.941294132905234893e+00
2.945515544935338070e+00
2.949333058893821580e+00
2.952748112337038933e+00
2.955763565769624179e+00
2.958383632806478758e+00
2.960613821650650124e+00
2.962460859552969339e+00
2.963932624496485424e+00
2.965038072096787491e+00
2.965787161339763056e+00
2.966190781428221346e+00
2.966260675424899684e+00
2.966009365188188696e+00
2.965450075869404678e+00
2.964596663110941943e+00
2.963463529141293851e+00
2.962065562127154106e+00
2.960418054403463284e+00
2.958536633584059938e+00
2.956437189732946003e+00
2.954135813163831781e+00
2.951648719321932290e+00
2.948992189765168970e+00
2.946182506371980203e+00
2.943235896621377634e+00
2.940168468721824802e+00
2.936996161427496865e+00
2.933734688934372503e+00
2.930399494267546423e+00
2.927005700425327372e+00
2.923568067312702023e+00
2.920100951063267836e+00
2.916618266408371518e+00
2.913133452119251121e+00
2.909659439535260628e+00
2.906208624178808986e+00
2.902792840446009492e+00
2.899423339350389206e+00
2.896110769286435627e+00
2.892865159769279160e+00
2.889695908097190902e+00
2.886611768874515871e+00
2.883620846323999398e+00
2.880730589309742573e+00
2.877947788984711153e+00
2.875278578970061893e+00
2.872728437967657200e+00
2.870302194701692233e+00
2.868004035080663261e+00
2.865837511466784004e+00
2.863805553936449755e+00
2.861910483412381634e+00
2.860154026545810524e+00
2.858537332225191019e+00
2.857060989586800215e+00
2.855725047861346511e+00
2.854529035411055737e+00
2.853471983707124071e+00
2.852552450615569946e+00
2.851768536019755107e+00
2.851117918143629471e+00
2.850597874437525103e+00
2.850205302059616752e+00
2.849936748985450130e+00
2.849788438636399412e+00
2.849756296467077288e+00
2.849835978733393116e+00
2.850022890042028134e+00
2.850312223188512295e+00
2.850698976283396746e+00
2.851177982930185983e+00
2.851743928439829379e+00
2.852391389763174079e+00
2.853114850289350635e+00
2.853908726506336535e+00
2.854767386137694984e+00
2.855685174943610960e+00
2.856656442670909790e+00
2.857675557174362169e+00
2.858736926583363314e+00
2.859835017161901582e+00
2.860964376468853043e+00
2.862119642363667893e+00
2.863295565486855487e+00
2.864487021032784408e+00
2.865689024114038030e+00
2.866896744039569178e+00
2.868105513274717744e+00
2.869310840016441322e+00
2.870508417462532158e+00
2.871694133368630553e+00
2.872864078894620032e+00
2.874014546032735762e+00
2.875142049408964340e+00
2.876243318344803068e+00
2.877315305703989523e+00
2.878355187698502959e+00
2.879360367425944478e+00
2.880328475874338157e+00
2.881257371391076738e+00
2.882145138598803058e+00
2.882990086921617401e+00
2.883790751964961707e+00
2.884545880265356299e+00
2.885254441597043584e+00
2.885915613768156085e+00
2.886528781355128803e+00
2.887093531417111336e+00
2.887609638235046461e+00
2.888077069670512032e+00
2.888495974415878020e+00
2.888866671714460654e+00
2.889189646819671164e+00
2.889465542089019401e+00
2.889695148608217856e+00
2.889879397563831720e+00
2.890019351442635553e+00
2.890116195096803065e+00
2.890171228819427007e+00
2.890185852688991197e+00
2.890161564028906671e+00
2.890099942550126588e+00
2.890002652922829984e+00
2.889871421633738002e+00
2.889708034123682712e+00
2.889514327581144126e+00
2.889292179323949661e+00
2.889043499509483581e+00
2.888770222585649972e+00
2.888474299777318954e+00
2.888157693227719758e+00
2.887822358590860450e+00
2.887470252132210202e+00
2.887103314871834137e+00
2.886723467659178421e+00
2.886332605785905780e+00
2.885932592073423564e+00
2.885525251620554510e+00
2.885112366374331661e+00
2.884695670276828494e+00
2.884276844720887745e+00
2.883857514693719981e+00
2.883439244163838566e+00
2.883023533539968319e+00
2.882611816199635690e+00
2.882205455332112809e+00
2.881805742561785344e+00
2.881413894128862285e+00
2.827117252693321703e+00
2.782133172995675974e+00
2.746069768517048537e+00
2.719034115571367316e+00
2.700778947400804597e+00
2.691033338038003375e+00
2.689504828986012175e+00
2.695881583441541718e+00
2.709834500634609622e+00
2.731019316353427318e+00
2.759078598295980012e+00
2.793599099848538714e+00
2.833950062397030401e+00
2.879996180895608493e+00
2.931350932512875040e+00
2.987624351112997623e+00
3.048239680366506388e+00
3.110811190757018618e+00
3.174002442696544080e+00
3.235861015162443621e+00
3.296407736257700005e+00
3.355049159215739429e+00
3.412467520920084763e+00
3.468692425962679682e+00
3.523752363326934756e+00
3.577400490814932610e+00
3.629710415280129610e+00
3.680945705397691281e+00
3.731131348285832594e+00
3.780291633998937417e+00
3.828203960290449626e+00
3.874939699709397001e+00
3.920727739390335920e+00
3.965589600117591651e+00
4.009546336165133340e+00
4.052618538443447882e+00
4.094410798862989864e+00
4.135333689731271356e+00
4.175439437526286213e+00
4.214746199073549526e+00
4.253271581095765086e+00
4.291032665949932934e+00
4.327872709377028393e+00
4.363819927218014705e+00
4.399058015398745525e+00
4.433602248700715620e+00
4.467467523193597856e+00
4.500668367555137550e+00
4.533218953977618426e+00
4.565111217980448721e+00
4.596116440369699241e+00
4.626517282077286630e+00
4.656326385005031376e+00
4.685556155653501698e+00
4.714132766984040046e+00
4.741983029587158782e+00
4.769038896673310823e+00
4.795237489893478866e+00
4.820471206026630817e+00
4.844505119760191825e+00
4.867536929101330401e+00
4.889525567968994402e+00
4.910434885787442916e+00
4.930233590707273628e+00
4.948895187920511418e+00
4.966397902714607682e+00
4.982724591051925778e+00
4.997862637026017296e+00
5.011803839909493519e+00
5.024544286931235781e+00
5.036084221731487176e+00
5.046427898464030726e+00
5.055583432660591292e+00
5.063562624139439805e+00
5.070374774269597928e+00
5.075999732808523568e+00
5.080514262895297506e+00
5.083943163696829082e+00
5.086313972510189352e+00
5.087656778412777747e+00
5.088004033525893810e+00
5.087390361632937008e+00
5.085852358542386042e+00
5.083428418807339533e+00
5.080158536034497629e+00
5.076084102604067283e+00
5.071247732207956993e+00
5.065656760335738973e+00
5.059371908405323914e+00
5.052452799371607739e+00
5.044945674755215492e+00
5.036897110672359013e+00
5.028353859400016113e+00
5.019362675400094176e+00
5.009970159246775800e+00
5.000222610675246315e+00
4.990165875283670616e+00
4.979845207797576556e+00
4.969305139312758968e+00
4.958589351742500817e+00
4.947740557254299176e+00
4.936800393159695766e+00
4.925809309461525842e+00
4.914806479139183004e+00
4.903829706958596546e+00
4.892915352507365867e+00
4.882098252867282717e+00
4.871411659733544397e+00
4.860887185353175433e+00
4.850554744377912897e+00
4.840442515817279912e+00
4.830576919460717100e+00
4.820982572161733870e+00
4.811628925093979881e+00
4.802538248795040765e+00
4.793786148719583196e+00
4.785390422742430871e+00
4.777366992699547232e+00
4.769729916495733413e+00
4.762491407860935055e+00
4.755661861949203484e+00
4.749249883805390482e+00
4.743262329213697726e+00
4.737704342601590568e+00
4.732579397829561607e+00
4.727889351339225499e+00
4.723634500344539688e+00
4.719813629427504154e+00
4.716424078889183136e+00
4.713461795692099443e+00
4.710921412105410155e+00
4.708796305286629291e+00
4.707078666857101190e+00
4.705759579130490700e+00
4.704829069785975371e+00
4.704276205433448155e+00
4.704089154840191078e+00
4.704255261515005948e+00
4.704761120311915512e+00
4.705592649360193391e+00
4.706735164562264373e+00
4.708173451337699156e+00
4.709891836662611908e+00
4.711874257732322491e+00
4.714104339775182062e+00
4.716565444339363644e+00
4.719240758098834476e+00
4.722113346741814155e+00
4.725166214762669625e+00
4.728382367725584956e+00
4.731744875117550819e+00
4.735236920488960166e+00
4.738841856817845866e+00
4.742543257154077985e+00
4.746324961024274813e+00
4.750171120874144393e+00
4.754066247554757929e+00
4.757995245668138473e+00
4.761943452940678334e+00
4.765896676753019534e+00
4.769841213612762587e+00
4.773763897634372810e+00
4.777652115468319138e+00
4.781493821315007331e+00
4.785277565978139691e+00
4.788992522232716986e+00
4.792628478489811883e+00
4.796175874668385575e+00
4.799625790451120366e+00
4.802969960666598759e+00
4.806200787992149337e+00
4.809311334388293169e+00
4.812295324173619271e+00
4.815147133323624651e+00
4.817842769714638429e+00
4.820386155702760966e+00
4.822786238902788014e+00
4.825040087735343874e+00
4.827145366803036630e+00
4.829100331817572922e+00
4.830903804579456562e+00
4.832555165145410392e+00
4.834054328563873071e+00
4.835401729253609560e+00
4.836598295674304104e+00
4.837645434655922116e+00
4.838545008058658503e+00
4.839299308847968994e+00
4.839911039722239572e+00
4.840383285738151464e+00
4.840719493528236939e+00
4.840923444191899350e+00
4.840999234093818160e+00
4.840951238953426383e+00
4.840784104466322013e+00
4.840502699239888962e+00
4.840112112781715048e+00
4.839617615862744415e+00
4.839024643244247414e+00
4.838338765625335824e+00
4.837565667050522045e+00
4.836711122857002110e+00
4.835780971769417569e+00
4.834781101337478404e+00
4.833717422491335292e+00
4.832595846433651587e+00
4.831422267760655309e+00
4.830202543512799984e+00
4.828942477606252837e+00
4.827647798973763393e+00
4.826324145104895713e+00
4.824977051845213971e+00
4.823611932321072437e+00
4.822234064047375313e+00
4.820848577531502421e+00
4.819460443785521520e+00
4.818074462305154348e+00
4.816695251857192162e+00
4.815316715774720535e+00
4.813948275041510350e+00
4.812599599116566651e+00
4.811274590412840446e+00
4.809976929671868184e+00
4.808710070627101985e+00
4.807477236376447749e+00
4.806281416688746866e+00
4.805125365890811295e+00
4.804011603162536836e+00
4.802942410462639700e+00
4.801919834780267848e+00
4.800945689403988581e+00
4.800021555803335893e+00
4.799148786054864502e+00
4.798328508153407945e+00
4.797561629751681878e+00
4.796848843354964309e+00
4.796190627378567051e+00
4.795587260894517811e+00
4.795038820943386071e+00
4.794545195671337190e+00
4.794106089019502193e+00
4.793721027250484212e+00
4.793389373155545030e+00
4.793110325455456788e+00
4.792882932155400511e+00
4.792706101151417819e+00
4.792578605598465380e+00
4.792499094180730168e+00
4.792466101483261021e+00
4.792478053591405995e+00
4.792533280787917960e+00
4.792630025903471314e+00
4.792766452036744340e+00
4.792940655470327549e+00
4.793150670967317062e+00
4.793394481940565832e+00
4.793670029219895490e+00
4.793975219646478436e+00
4.794307934471165211e+00
4.794666037535228575e+00
4.795047383213415948e+00
4.795449824100753489e+00
4.795871218426286831e+00
4.796309437178130963e+00
4.796762372270947594e+00
4.797227938845012751e+00
4.797704086065313511e+00
4.798188801032991613e+00
4.798680114038925915e+00
4.799176107482738374e+00
4.799674908703366327e+00
4.800174710717444171e+00
4.800673771756019725e+00
4.801170403215851756e+00
4.801662997166119773e+00
4.802150013537507256e+00
4.802629991466448089e+00
4.803101539703478196e+00
4.803563349823493311e+00
4.804014192679666451e+00
4.804452922017626193e+00
4.804878477864941821e+00
4.805289879535743935e+00
4.805686233828963871e+00
4.806066726169150982e+00
4.806430630392834580e+00
4.806777304788803384e+00
4.807106184025524698e+00
4.807416784327974923e+00
4.807708707475753407e+00
4.807981630595440592e+00
4.808235307673750292e+00
4.808469567866157313e+00
4.808684310857815447e+00
4.808879509941212049e+00
4.809055204811066631e+00
4.809211500470786937e+00
4.809348564509678070e+00
4.809466624264199908e+00
4.809565963877584061e+00
4.713158970856048846e+00
4.618619407789287479e+00
4.525581022656683494e+00
4.433857185518855992e+00
4.343936097960438225e+00
4.255293031494201905e+00
4.168155575904527232e+00
4.083091738378508140e+00
3.999734648945946436e+00
3.918628117201542249e+00
3.840265623916835569e+00
3.764472791070785807e+00
3.691438601928541008e+00
3.621673497499076078e+00
3.555309237714529225e+00
3.491919592784221482e+00
3.432115098507068307e+00
3.376040168642153283e+00
3.323759803208793606e+00
3.275100902510029499e+00
3.230045438944722402e+00
3.188926574299730810e+00
3.151746615973725518e+00
3.118492881930550187e+00
3.089138366967478344e+00
3.063642433999874015e+00
3.041951548692376495e+00
3.023800312193082096e+00
3.009351681608827267e+00
2.998518897165949326e+00
2.991203639880321674e+00
2.987298268836810600e+00
2.986686620652282631e+00
2.989244828406736776e+00
2.994842108655513258e+00
3.003341550144051464e+00
3.014600889135492512e+00
3.028473269489926345e+00
3.044774940056536927e+00
3.063211697936488509e+00
3.083777562267348671e+00
3.106316896327321775e+00
3.130672990377266984e+00
3.156688670299055754e+00
3.184206884644838809e+00
3.213071260443152166e+00
3.243126635153851467e+00
3.274219560567625642e+00
3.306079454302147891e+00
3.338438218129397672e+00
3.371384208586572395e+00
3.404777992812550114e+00
3.438483827113401059e+00
3.472369980891482300e+00
3.506309035668950358e+00
3.540178155621736877e+00
3.573621298990425021e+00
3.606685437159387053e+00
3.639346898768652139e+00
3.671505546926734365e+00
3.703066742959284952e+00
3.733941479547747910e+00
3.764046466674987990e+00
3.793304216933575557e+00
3.821460913103358781e+00
3.848558264748592972e+00
3.874622146088777974e+00
3.899599732591902512e+00
3.923443954858954807e+00
3.946113427224674730e+00
3.967572380953140243e+00
3.987790576922308983e+00
4.006743201119728148e+00
4.024410755198344347e+00
4.040778923839595471e+00
4.055837670074978085e+00
4.069437896071329774e+00
4.081739839647307022e+00
4.092748737225611499e+00
4.102474092088674418e+00
4.110929487817745809e+00
4.118132400011738525e+00
4.124104000036835416e+00
4.128868945658556555e+00
4.132455176423455612e+00
4.134893697155297865e+00
4.136218368057344996e+00
4.136465676852610684e+00
4.135674526705475529e+00
4.133886011162267948e+00
4.131143193688312287e+00
4.127490892033577552e+00
4.122975448323363601e+00
4.117644528201265253e+00
4.111546898308617415e+00
4.104732219156473683e+00
4.097250838259666850e+00
4.089153592170855944e+00
4.080491608223349331e+00
4.071316116815015818e+00
4.061678269564045429e+00
4.051584461772214318e+00
4.041062354243641686e+00
4.030226274418694743e+00
4.019126228649920307e+00
4.007811315460482859e+00
3.996329582735156816e+00
3.984727893087316009e+00
3.973051800930483601e+00
3.961345440699048481e+00
3.949651409612471742e+00
3.938010688324955932e+00
3.926462546755262739e+00
3.915044461386051111e+00
3.903792054609714679e+00
3.892739033439870600e+00
3.881917140892846785e+00
3.871356115317317492e+00
3.861083658819277620e+00
3.851125413905027717e+00
3.841504947518975754e+00
3.832243752009384608e+00
3.823361232765503548e+00
3.814874729399763797e+00
3.806799523332028645e+00
3.799119113343095044e+00
3.791835823430953489e+00
3.785002156262582407e+00
3.778625732202527399e+00
3.772712249133774343e+00
3.767265533679873712e+00
3.762287598723832893e+00
3.757778703736518899e+00
3.753737420385976797e+00
3.750160700808786718e+00
3.747043951961174013e+00
3.744381103618201756e+00
3.742164695466907443e+00
3.740385948526557147e+00
3.739034852238650064e+00
3.738100241283919711e+00
3.737569886048307310e+00
3.737430564017982793e+00
3.737668161122515986e+00
3.738267744571737161e+00
3.739213650013371470e+00
3.740489566495157181e+00
3.742078619501516101e+00
3.743963443481194808e+00
3.746126275191387300e+00
3.748549028663931360e+00
3.751213366135804250e+00
3.754100775973964410e+00
3.757192647188690504e+00
3.760470336791926993e+00
3.763915238317739220e+00
3.767508846288988522e+00
3.771232818655163133e+00
3.775069036422821878e+00
3.778999656857678691e+00
3.783007170626916160e+00
3.787074447876999095e+00
3.791184786974901133e+00
3.795321957032506965e+00
3.799470237820707474e+00
3.803601913531434064e+00
3.807688700669043858e+00
3.811743317911581386e+00
3.815752660953678266e+00
3.819704273484314960e+00
3.823586367687780374e+00
3.827387839878533260e+00
3.831098284404466536e+00
3.834708007122230367e+00
3.838208021993012142e+00
3.841590072243286969e+00
3.844846621580877866e+00
3.847970857102290587e+00
3.850956685401212276e+00
3.853798727970779936e+00
3.856492315461702791e+00
3.859033468083342022e+00
3.861418899284402073e+00
3.863645989766442579e+00
3.865712778817909090e+00
3.867617940999008574e+00
3.869360770791633986e+00
3.870941161517015061e+00
3.872359582843085679e+00
3.873617057689992205e+00
3.874715142952408264e+00
3.875655890195178088e+00
3.876441840463046073e+00
3.877075976480082620e+00
3.877561715088343242e+00
3.877902859743590724e+00
3.878103590332560469e+00
3.878168428210042595e+00
3.878102197021528585e+00
3.877910010936461926e+00
3.877597236548896653e+00
3.877169467133378067e+00
3.876632492068136759e+00
3.875992275053117275e+00
3.875254917957119627e+00
3.874426642327276404e+00
3.873513757253706391e+00
3.872522636072019964e+00
3.871459694177287858e+00
3.870331355038513443e+00
3.869144043706873592e+00
3.867904145036169972e+00
3.866617998120942534e+00
3.865291871332855678e+00
3.863931932647114653e+00
3.862544249998005164e+00
3.861134753734746461e+00
3.859709238073643522e+00
3.858273334793750564e+00
3.856832503586004268e+00
3.855392018202942417e+00
3.853956954803531065e+00
3.852532181103106357e+00
3.851122347097332366e+00
3.849731877012030790e+00
3.848364961852417387e+00
3.847025553190329017e+00
3.845717358170995581e+00
3.844443835572744383e+00
3.843208195241536451e+00
3.842013386010711073e+00
3.840862109603063512e+00
3.839756811595691488e+00
3.838699682993617301e+00
3.837692663721713249e+00
3.836737443655724000e+00
3.835835467200499949e+00
3.834987936757729088e+00
3.834195816317545802e+00
3.833459839645589451e+00
3.832780514038717445e+00
3.832158127623431110e+00
3.831592756979246506e+00
3.831084274369914056e+00
3.830632355329204319e+00
3.830236490646008019e+00
3.829895984300737855e+00
3.829609978241526935e+00
3.829377453648661778e+00
3.829197236063227816e+00
3.829068010240917364e+00
3.828988334138075267e+00
3.828956642307734359e+00
3.828971258427797952e+00
3.829030404675673349e+00
3.829132212154750192e+00
3.829274731503755635e+00
3.829455940854879614e+00
3.829673760727651644e+00
3.829926056053297945e+00
3.830210650643154580e+00
3.830525335863267600e+00
3.830867879231553808e+00
3.831236032382370205e+00
3.831627540759918293e+00
3.832040151845344411e+00
3.832471622214765450e+00
3.832919727890321315e+00
3.833382261132155744e+00
3.833857054073685156e+00
3.834341975467571828e+00
3.834834931030883798e+00
3.835333882323127330e+00
3.835836844516208100e+00
3.836341892287944866e+00
3.836847164466092863e+00
3.837350868683006677e+00
3.837851284430686238e+00
3.838346767514326796e+00
3.838835752113110455e+00
3.839316753848558417e+00
3.839788371761533980e+00
3.840249290223935130e+00
3.840698280402734532e+00
3.841134201439965867e+00
3.841556000973071150e+00
3.841962716188484617e+00
3.842353472299281147e+00
3.842727484427829854e+00
3.843084055648780861e+00
3.843422576938760216e+00
3.843742525205450900e+00
3.844043462780831089e+00
3.844325035155710335e+00
3.844586969874777882e+00
3.844829073448741141e+00
3.845051229467005172e+00
3.845253397031266118e+00
3.845435609606810967e+00
3.845597961829757772e+00
3.772198033419156715e+00
3.706539738715076027e+00
3.648968308920843118e+00
3.599389633080506190e+00
3.557683242720832251e+00
3.523463325080203212e+00
3.496790223175251899e+00
3.477558456889236815e+00
3.465557195374929567e+00
3.460557155642085991e+00
3.462312300645325358e+00
3.470561522278184263e+00
3.485030297726355641e+00
3.505432313202015315e+00
3.531471039470536422e+00
3.562707863958467946e+00
3.598752005123083020e+00
3.639454055014966993e+00
3.684495884200209126e+00
3.732361617482386595e+00
3.781295208171262079e+00
3.829177861139271943e+00
3.875893828518421458e+00
3.921662544873257161e+00
3.966505521337860163e+00
4.010443802592043916e+00
4.053497970025889074e+00
4.095263436973386462e+00
4.136169282553820992e+00
4.176258365382521376e+00
4.215548830664776148e+00
4.254058274051085498e+00
4.291803767339890996e+00
4.328621585615669787e+00
4.364554016872683739e+00
4.399777637499104443e+00
4.434307714346199525e+00
4.468159135791255565e+00
4.501346423048769196e+00
4.533883741068533091e+00
4.565757061923598314e+00
4.596749686365892984e+00
4.627138193309278336e+00
4.656935219804624992e+00
4.686153167492276950e+00
4.714804202426081225e+00
4.742900255399939091e+00
4.770453022726536041e+00
4.797473967421709951e+00
4.823884306066024585e+00
4.849573223379129772e+00
4.874769015452280918e+00
4.899481955160276847e+00
4.923722036470746133e+00
4.947498986027652812e+00
4.970822274073822378e+00
4.993701124756321441e+00
5.016144525855473546e+00
5.038161237975050000e+00
5.059759803228791597e+00
5.080847796002736061e+00
5.101448019256744182e+00
5.121657392150732235e+00
5.141483723023823948e+00
5.160934654977915592e+00
5.180017659854189382e+00
5.198740047215225424e+00
5.217088842969135776e+00
5.235016240052112302e+00
5.252477536507968559e+00
5.269431177270772260e+00
5.285838777410842404e+00
5.301665132860341245e+00
5.316878224725619440e+00
5.331375967844564023e+00
5.345156017389126824e+00
5.358252395776644583e+00
5.370646134454077014e+00
5.382321257354536037e+00
5.393264725316440078e+00
5.403466380822734116e+00
5.412918868778243464e+00
5.421617571855319895e+00
5.429560520785757127e+00
5.436748317854910972e+00
5.443184029870815621e+00
5.448873108977680957e+00
5.453823268993457596e+00
5.458044406639514179e+00
5.461548465383161854e+00
5.464349347856173544e+00
5.466462788836604858e+00
5.467906241526576672e+00
5.468698760036405204e+00
5.468860881315181111e+00
5.468414505190742680e+00
5.467382773432347243e+00
5.465789950608376913e+00
5.463661303884947529e+00
5.461022985257814710e+00
5.457901912343062989e+00
5.454325653047471079e+00
5.450322311271131426e+00
5.445920414135489551e+00
5.441148806399489501e+00
5.436036528772453913e+00
5.430612735303821381e+00
5.424906579685260688e+00
5.418947116585338009e+00
5.412763215418740614e+00
5.406383465182867276e+00
5.399836092292641609e+00
5.393148876552478654e+00
5.386349074061228315e+00
5.379463345479131853e+00
5.372517689757352777e+00
5.365537378160615489e+00
5.358546899885024750e+00
5.351569894267002248e+00
5.344629122133548904e+00
5.337746407792575809e+00
5.330942602228429195e+00
5.324237548323890401e+00
5.317600428933894285e+00
5.311090625466715842e+00
5.304734463817377232e+00
5.298547789513051498e+00
5.292545326221788748e+00
5.286740639439436507e+00
5.281146144238091367e+00
5.275773110156623424e+00
5.270631655914909786e+00
5.265730757292402586e+00
5.261078260441736987e+00
5.256680897820076304e+00
5.252544292586376784e+00
5.248672999798158045e+00
5.245070514320481436e+00
5.241739302597034467e+00
5.238680834507272621e+00
5.235895599731023253e+00
5.233383163259409443e+00
5.231142184344681922e+00
5.229170457798026028e+00
5.227464953529643132e+00
5.226021860353911030e+00
5.224836613023722265e+00
5.223903953050234250e+00
5.223217954087616910e+00
5.222772083912333940e+00
5.222559234613882495e+00
5.222571766286803197e+00
5.222801567665657174e+00
5.223240080609804714e+00
5.223878353524690432e+00
5.224707092501683192e+00
5.225716699723629510e+00
5.226897303663678329e+00
5.228238826785249316e+00
5.229731001160534021e+00
5.231363435971302600e+00
5.233125630307112530e+00
5.235007030353255431e+00
5.236997066932077338e+00
5.239085177071755695e+00
5.241260847050946303e+00
5.243513658031974778e+00
5.245833292349237453e+00
5.248209592171882321e+00
5.250632559145218536e+00
5.253092408219859344e+00
5.255579581384549392e+00
5.258084760619122555e+00
5.260598915211784465e+00
5.263113293505504053e+00
5.265619468723529373e+00
5.268109338698119259e+00
5.270575143519050876e+00
5.273009488150084856e+00
5.275405336490766928e+00
5.277756043349138615e+00
5.280055347898179541e+00
5.282297386829460706e+00
5.284476696749314861e+00
5.286588224698892446e+00
5.288627317945617357e+00
5.290589731255947115e+00
5.292471636480856390e+00
5.294269611550526555e+00
5.295980626956229287e+00
5.297602062912743826e+00
5.299131689935479450e+00
5.300567666086068108e+00
5.301908530923263640e+00
5.303153185825783211e+00
5.304300903220777741e+00
5.305351303250312789e+00
5.306304344096444581e+00
5.307160313424637899e+00
5.307919816022638848e+00
5.308583748299952276e+00
5.309153306864369704e+00
5.309629952829885369e+00
5.310015411014582298e+00
5.310311652880236544e+00
5.310520867709571213e+00
5.310645470086679865e+00
5.310688066677139219e+00
5.310651440832091730e+00
5.310538550353908427e+00
5.310352499657475356e+00
5.310096530843666507e+00
5.309773994298807587e+00
5.309388354420546463e+00
5.308943159167282211e+00
5.308442029821591746e+00
5.307888645322538679e+00
5.307286729421311300e+00
5.306640037762069717e+00
5.305952333307892843e+00
5.305227390088371742e+00
5.304468969676396028e+00
5.303680815407631144e+00
5.302866625786001542e+00
5.302030065214250243e+00
5.301174737478167032e+00
5.300304183269990865e+00
5.299421863178007008e+00
5.298531158596575530e+00
5.297635354727648682e+00
5.296737636411570804e+00
5.295841083810636007e+00
5.294948660713065358e+00
5.294063211776389721e+00
5.293187456479923725e+00
5.292323984575333817e+00
5.291475252009233188e+00
5.290643577466926040e+00
5.289831139089168133e+00
5.289039973664066530e+00
5.288271972878792582e+00
5.287528883333284746e+00
5.286812305982479643e+00
5.286123695084756768e+00
5.285464361637465913e+00
5.284835462770931080e+00
5.284238023378459381e+00
5.283672919326505735e+00
5.283140889494487347e+00
5.282642534589082395e+00
5.282178320934066917e+00
5.281748583649494400e+00
5.281353533655670951e+00
5.280993248768295345e+00
5.280667695173710818e+00
5.280376725459725584e+00
5.280120073393607782e+00
5.279897375447987429e+00
5.279708157403731228e+00
5.279551860017284604e+00
5.279427829571790909e+00
5.279335327519271814e+00
5.279273536184501125e+00
5.279241563989075736e+00
5.279238451434050461e+00
5.279263175762324067e+00
5.279314659549886990e+00
5.279391772269643290e+00
5.279493342003133804e+00
5.279618146418941116e+00
5.279764939440842575e+00
5.279932442212267318e+00
5.280119352530904031e+00
5.280324349533970896e+00
5.280546099012653372e+00
5.280783262507678266e+00
5.281034485748016927e+00
5.281298430781843578e+00
5.281573754454369940e+00
5.281859123812155943e+00
5.282153225555132003e+00
5.282454762214961796e+00
5.282762459701166868e+00
5.283075063698476903e+00
5.283391346623494300e+00
5.283710120448918524e+00
5.284030230928020266e+00
5.284350550577527450e+00
5.284670004891205863e+00
5.284987550789620236e+00
5.285302188624269704e+00
5.285612974510531359e+00
5.285918998205889174e+00
5.286219406586671887e+00
5.286513394006789213e+00
5.286800204702156947e+00
5.287079134238608980e+00
5.287349530081544735e+00
5.287610793902800310e+00
5.287862369731160861e+00
5.184360538430293985e+00
5.082814142484390452e+00
4.982413577687264450e+00
4.883808703716017163e+00
4.786750255997206160e+00
4.690784225766585713e+00
4.596679530242305134e+00
4.503871131570742925e+00
4.412573205784955377e+00
4.323071666961038062e+00
4.234651404471269309e+00
4.147860925957813194e+00
4.062802216347490614e+00
3.978628820524516385e+00
3.896078178740857378e+00
3.815199516845208638e+00
3.735336065362098168e+00
3.656983728449744842e+00
3.580238622873045173e+00
3.504655057193555301e+00
3.430339278528860447e+00
3.357566570979205078e+00
3.286211679975832300e+00
3.215675997315185608e+00
3.146624092747103418e+00
3.079030843348511848e+00
3.012546900242857539e+00
2.947071199071741532e+00
2.882996080081587920e+00
2.820296482096313451e+00
2.758697804997181979e+00
2.698163958742887836e+00
2.638940691412374751e+00
2.581003831045757035e+00
2.524209748059028868e+00
2.468142726547644106e+00
2.413307254592772289e+00
2.359680364690776244e+00
2.307239110700111340e+00
2.255703967495838125e+00
2.205059227283296064e+00
2.155543863199267385e+00
2.107135828061137861e+00
2.059918740139063953e+00
2.013886687502658202e+00
1.968994385535143499e+00
1.925685742604634321e+00
1.884066845642307086e+00
1.844232863809528000e+00
1.806268095257875128e+00
1.770203262269439692e+00
1.735836324479015147e+00
1.703550055298909571e+00
1.673388190474754289e+00
1.645384236410172951e+00
1.619561755226156974e+00
1.595934682444853481e+00
1.574507670609817778e+00
1.555276455046014972e+00
1.538228246878958760e+00
1.523342139989969146e+00
1.510482008625488870e+00
1.499716439395070600e+00
1.491028012999796593e+00
1.484367499997639728e+00
1.479679636809666299e+00
1.476903608119261913e+00
1.475973518521239702e+00
1.476818870621675384e+00
1.479365040485453253e+00
1.483533744147840672e+00
1.489243507001805078e+00
1.496410116979882021e+00
1.504947071317835672e+00
1.514766005690326267e+00
1.525726983071846066e+00
1.537714798515512182e+00
1.550702766334289828e+00
1.564600621047653961e+00
1.579318234943729804e+00
1.594765962795120950e+00
1.610854963627329717e+00
1.627497512588067963e+00
1.644607282269893611e+00
1.662099627816957081e+00
1.679891833348725161e+00
1.697903350610579398e+00
1.716056017783220700e+00
1.734274259837719212e+00
1.752485271570542125e+00
1.770619182206837561e+00
1.788464188926811360e+00
1.806065776710793047e+00
1.823403459225066525e+00
1.840421537054460766e+00
1.857067738287693892e+00
1.873293271728396547e+00
1.889052869913596666e+00
1.904304830735459086e+00
1.919011024202887494e+00
1.933136899635666373e+00
1.946651465452345020e+00
1.959527279277294642e+00
1.971740402543973758e+00
1.983270356781340116e+00
1.994100063846750315e+00
2.004215778689097505e+00
2.013607010809956854e+00
2.022266436658683997e+00
2.030166507378915686e+00
2.037280026566020918e+00
2.043665532495230419e+00
2.049327505477588129e+00
2.054272981174489754e+00
2.058511427406105376e+00
2.062054613564024752e+00
2.064916477643545356e+00
2.067112988676860663e+00
2.068662010490455394e+00
2.069583157570067833e+00
2.069897655800684078e+00
2.069628198989729384e+00
2.068798805961106879e+00
2.067434680082441467e+00
2.065562064316088353e+00
2.063208106027335731e+00
2.060400717605134879e+00
2.057168436516559229e+00
2.053540298090819505e+00
2.049545705348371438e+00
2.045214298961071986e+00
2.040575840928226636e+00
2.035660085391997942e+00
2.030496682019953703e+00
2.025086810754785027e+00
2.019459314524923776e+00
2.013670021974306668e+00
2.007747572377713396e+00
2.001719979399875449e+00
1.995614568986473047e+00
1.989457883502794067e+00
1.983275619540041834e+00
1.977092558842448611e+00
1.970932508661116023e+00
1.964818241044642422e+00
1.958771461665817615e+00
1.952812756246451453e+00
1.946961554678412032e+00
1.941236107495811103e+00
1.935653458994472276e+00
1.930229429276842934e+00
1.924978594238994090e+00
1.919914294202215377e+00
1.915048622860300309e+00
1.910392420451884510e+00
1.905955298406248000e+00
1.901745640459849618e+00
1.897770623758211039e+00
1.894036234192412183e+00
1.890547296865455307e+00
1.887307497953926383e+00
1.884319420986114713e+00
1.881584570098256970e+00
1.879103424431891822e+00
1.876875463759950069e+00
1.874899213660800035e+00
1.873172290674541607e+00
1.871691448680333769e+00
1.870452616154200776e+00
1.869450962943141947e+00
1.868680935251892494e+00
1.868136303658155528e+00
1.867810226371173998e+00
1.867695290181467849e+00
1.867783567400330691e+00
1.868066662788123944e+00
1.868535767793028324e+00
1.869181706685860256e+00
1.869994992277350443e+00
1.870965864759752462e+00
1.872084356029381169e+00
1.873340317750081807e+00
1.874723485874230766e+00
1.876223506703406319e+00
1.877829997407396201e+00
1.879532570270152858e+00
1.881320887480721016e+00
1.883184689987484450e+00
1.885113836744311211e+00
1.887098338463090164e+00
1.889128387871325865e+00
1.891194396275877487e+00
1.893287008648797398e+00
1.895397150327998936e+00
1.897516029477508859e+00
1.899635172463208121e+00
1.901746440333538901e+00
1.903842044350075424e+00
1.905914568344768245e+00
1.907956978506055945e+00
1.909962630713105680e+00
1.911925288531130862e+00
1.913839127572089627e+00
1.915698734843781281e+00
1.917499126089812433e+00
1.919235739893575543e+00
1.920904440686144632e+00
1.922501512775625976e+00
1.924023664350395180e+00
1.925468021001135233e+00
1.926832116845209608e+00
1.928113897871631011e+00
1.929311706640986834e+00
1.930424264596431350e+00
1.931450678612158800e+00
1.932390419224092604e+00
1.933243309007074417e+00
1.934009510940607246e+00
1.934689514728578086e+00
1.935284119984253426e+00
1.935794425170528354e+00
1.936221805477409186e+00
1.936567899422382055e+00
1.936834596587039270e+00
1.937024012660792938e+00
1.937138477399996672e+00
1.937180516059302082e+00
1.937152831793291341e+00
1.937058290779044345e+00
1.936899895550945550e+00
1.936680781999182699e+00
1.936404192618137232e+00
1.936073461781798288e+00
1.935692001300467036e+00
1.935263280909767181e+00
1.934790816530314039e+00
1.934278151454527306e+00
1.933728843697027910e+00
1.933146451249406761e+00
1.932534517911803862e+00
1.931896561177836924e+00
1.931236060964309553e+00
1.930556443248489407e+00
1.929861073624775436e+00
1.929153245171727926e+00
1.928436166228983728e+00
1.927712958211733385e+00
1.926986637454780160e+00
1.926260117784731607e+00
1.925536194986717575e+00
1.924817545436132260e+00
1.924106719370507035e+00
1.923406135995948674e+00
1.922718079636011046e+00
1.922044696122580776e+00
1.921387989858956757e+00
1.920749821973322335e+00
1.920131908753919037e+00
1.919535820701560036e+00
1.918962982612048007e+00
1.918414673355656630e+00
1.917892025981405846e+00
1.917396033450541770e+00
1.916927543672376499e+00
1.916487265448506117e+00
1.916075774896803807e+00
1.915693510431113022e+00
1.915340783194448893e+00
1.915017778112173774e+00
1.914724558671970556e+00
1.914461071877275433e+00
1.914227150823342161e+00
1.914022524356089106e+00
1.913846818864089361e+00
1.913699562879608296e+00
1.913580199428779993e+00
1.913488076010590344e+00
1.913422472394999074e+00
1.913382589437484294e+00
1.913367562248009968e+00
1.913376464638254726e+00
1.913408315232980828e+00
1.913462083423666860e+00
1.913536695273189814e+00
1.913631039485328866e+00
1.913743972636638757e+00
1.913874325628621031e+00
1.914020908735461823e+00
1.914182515441434473e+00
1.914357933680514545e+00
1.914545940765550736e+00
1.914745319191357709e+00
1.914954852431869803e+00
1.915173336870324095e+00
1.915399574969089969e+00
1.915632394012198425e+00
1.915870639856192215e+00
1.916113183343488124e+00
1.916358923492307742e+00
