5.256000177479616328e-03
1.484521249974757838e-02
2.858601199895273101e-02
4.629710216777626480e-02
6.779786162322107290e-02
9.290867948118880504e-02
1.214512566418964740e-01
1.532488886647047077e-01
1.881267272368575827e-01
2.259120232031176512e-01
2.662935861502072066e-01
3.089168353505487574e-01
3.539186879129676000e-01
4.011390189885903346e-01
4.504204589309437901e-01
5.016084731274833564e-01
5.541121891001264954e-01
6.081583844495164204e-01
6.636535542571646573e-01
7.204586724124167896e-01
7.782201762884127794e-01
8.365270444137301586e-01
8.957402878531445234e-01
9.557374560862854640e-01
1.016376706377057459e+00
1.077032609439453115e+00
1.138119634522066992e+00
1.199530552908274483e+00
1.261162453527143734e+00
1.322256034448138884e+00
1.383302430717422427e+00
1.444285863748411725e+00
1.505119029512869355e+00
1.565255784742781042e+00
1.624918195995354031e+00
1.684193248274527654e+00
1.743008386266791332e+00
1.801019852424460277e+00
1.858122078152363965e+00
1.914573710638687976e+00
1.970316194874365934e+00
2.025294005724564972e+00
2.078933709425762721e+00
2.131689845928971483e+00
2.183542982578277503e+00
2.234450350823892872e+00
2.284341926533048017e+00
2.332751503212500133e+00
2.380114422313760691e+00
2.426399536058279960e+00
2.471578379172608475e+00
2.515625094675502549e+00
2.558248987939052199e+00
2.599492895727475439e+00
2.639556188600318265e+00
2.678422951958907117e+00
2.716079248148327352e+00
2.752513102615349982e+00
2.787714472531489740e+00
2.821395110727762834e+00
2.853834557130406235e+00
2.885034295431931461e+00
2.914992473216173607e+00
2.943709077395403551e+00
2.971185855613093896e+00
2.997426243617975050e+00
3.022435291680004799e+00
3.046170900882190669e+00
3.068488485761609486e+00
3.089612419948239541e+00
3.109553521334660342e+00
3.128323859513838734e+00
3.145936696497359630e+00
3.162406435101470237e+00
3.177748565301630634e+00
3.191979610055673433e+00
3.205117073396195781e+00
3.217179378510683918e+00
3.228185828841207972e+00
3.238156548427883141e+00
3.247112423276485860e+00
3.255075064251523820e+00
3.262066747472904815e+00
3.268110360155913163e+00
3.273229360789813303e+00
3.277447723073728891e+00
3.280789889716475116e+00
3.283280726108576353e+00
3.284945465618671179e+00
3.285809675988025980e+00
3.285899206207481438e+00
3.285240143348234110e+00
3.283858770119840287e+00
3.281781524210716228e+00
3.279034947544801071e+00
3.275645660499470591e+00
3.271640312266034467e+00
3.267045547933590033e+00
3.261887961023483218e+00
3.256194075592871329e+00
3.249990295307176869e+00
3.243302876842970139e+00
3.236157896273271106e+00
3.228581216522117714e+00
3.220598460701720622e+00
3.212234977767319144e+00
3.203515822351379772e+00
3.194465720624352745e+00
3.185109050422278543e+00
3.175469815602703694e+00
3.165571623743992813e+00
3.155437664854953361e+00
3.145090691344400557e+00
3.134552999862090239e+00
3.123846411668079970e+00
3.112992258967412607e+00
3.102011368577644035e+00
3.090924047861889346e+00
3.079750073007232025e+00
3.068508676833425319e+00
3.057218538676980568e+00
3.045897775474556646e+00
3.034482577539621140e+00
3.023025798159509669e+00
3.011589814016228939e+00
3.000190764261572607e+00
2.988844179334296136e+00
2.977564977799030288e+00
2.966367464571129542e+00
2.955265330808559909e+00
2.944271653238260456e+00
2.933398896622489094e+00
2.922658913864799146e+00
2.912062956671469305e+00
2.901621666104041708e+00
2.891345086414751631e+00
2.881242673044932978e+00
2.871323293503097673e+00
2.861595236051709623e+00
2.852066217977971441e+00
2.842743393317410661e+00
2.833633362215845164e+00
2.824742180308610795e+00
2.816075368711374427e+00
2.807637924599329704e+00
2.799434331918446706e+00
2.791468574726945207e+00
2.783705196207079346e+00
2.776161757798082608e+00
2.768867424736645599e+00
2.761824380346542096e+00
2.755034364999740415e+00
2.748498680138508732e+00
2.742218205887118287e+00
2.736193412235413014e+00
2.730424376739412740e+00
2.724910791359629325e+00
2.719651980622007859e+00
2.714646914361624308e+00
2.709894219879688482e+00
2.705392201230447657e+00
2.701138844216240287e+00
2.697131840291494331e+00
2.693368590108046856e+00
2.689846227952539692e+00
2.686561626364448507e+00
2.683511414716860610e+00
2.680691991642309535e+00
2.678099538910256872e+00
2.675730033822547593e+00
2.673579263180796417e+00
2.671642835816905315e+00
2.669916195472076481e+00
2.668394632229282415e+00
2.667073299778291329e+00
2.665947218891216774e+00
2.665011299248267740e+00
2.664260342112162672e+00
2.663689057294096774e+00
2.663292072759419149e+00
2.663063944896068680e+00
2.662999170095868617e+00
2.663092194821091052e+00
2.663337425144855608e+00
2.663729236705404180e+00
2.664261984112343384e+00
2.664930010049013198e+00
2.665727654068304808e+00
2.666649261079736100e+00
2.667689189526333937e+00
2.668841819250340031e+00
2.670101559047314499e+00
2.671462853908738388e+00
2.672920191953686242e+00
2.674468111050605224e+00
2.676101205130716476e+00
2.677814130194864362e+00
2.679601610016203228e+00
2.681458441541261450e+00
2.683379499992482042e+00
2.685359743675557631e+00
2.687394218495148923e+00
2.689478062182990570e+00
2.691606508242520679e+00
2.693774889866230371e+00
2.695978642775638257e+00
2.698213308262821020e+00
2.700474539401102270e+00
2.702758093602141809e+00
2.705059848833842651e+00
2.707375798637761566e+00
2.709702047957619264e+00
2.712034827402830306e+00
2.714370488794580538e+00
2.716705498453223733e+00
2.719036452865785325e+00
2.721360069603744769e+00
2.723673192249845165e+00
2.725972784738874388e+00
2.728255935419849898e+00
2.730519861583545094e+00
2.732761902695186151e+00
2.734979520717583767e+00
2.737170304616196592e+00
2.739331962456220015e+00
2.741462325021724045e+00
2.743559343783211091e+00
2.745621089774979762e+00
2.747645752545827769e+00
2.749631637918690696e+00
2.751577167199699137e+00
2.753480875300336805e+00
2.755341408940007231e+00
2.757157524776379542e+00
2.758928087227720649e+00
2.760652066936465587e+00
2.762328538180613080e+00
2.763956676872378893e+00
2.765535757982244824e+00
2.767065153609608696e+00
2.768544330414648869e+00
2.769972846845684344e+00
2.771350352996642119e+00
2.772676579640539263e+00
2.773951348176801002e+00
2.775174559555719345e+00
2.776346196393503885e+00
2.777466310623104562e+00
2.778535034364074008e+00
2.779552568630221820e+00
2.780519182799802369e+00
2.781435211311950262e+00
2.782301051542478199e+00
2.783117160935531853e+00
2.783884054011392717e+00
2.784602299075678911e+00
2.785272517138686066e+00
2.785895379898114310e+00
2.786471605081024538e+00
2.787001950518138482e+00
2.787487215412313368e+00
2.787928242068186790e+00
2.788325906408460231e+00
2.788678249014719057e+00
2.788989318276263951e+00
2.789260189737546192e+00
2.789491854470598664e+00
2.789685325555044226e+00
2.789841636382841106e+00
2.789961838779595915e+00
2.790047000780711883e+00
2.790098206645019285e+00
2.790116550046291888e+00
2.790103136956310070e+00
2.790059081007938868e+00
2.789985502205938772e+00
2.789883525074583481e+00
2.789754276862207671e+00
2.789598885803401096e+00
2.789418479439373488e+00
2.789214182996943681e+00
2.788987117826546402e+00
2.788738399899474807e+00
2.788469138364524369e+00
2.788179084703978017e+00
2.787869428686097439e+00
2.787542360299978039e+00
2.787198960308716167e+00
2.786840296260916006e+00
2.786467421376392029e+00
2.786081373491188007e+00
2.785683174061452494e+00
2.785273827225576593e+00
2.784854318924062433e+00
2.784425616076315890e+00
2.783988665813771579e+00
2.783544394768378005e+00
2.783093708415769640e+00
2.782637490472072539e+00
2.782176602343467753e+00
2.781711882627499133e+00
2.724260414658518314e+00
2.671579986071603408e+00
2.623586308543223389e+00
2.580190678223762468e+00
2.541300170136951753e+00
2.506497447842490178e+00
2.475978114657352958e+00
2.449710794669710090e+00
2.427587240663918955e+00
2.409496386850131788e+00
2.395324702649862303e+00
2.384956535238420550e+00
2.378274423088589717e+00
2.375159402325141667e+00
2.375491281640992991e+00
2.379148926257077079e+00
2.386010507597907448e+00
2.395953752483290788e+00
2.408856177426211609e+00
2.424595304040224608e+00
2.443048885685322968e+00
2.464095101396520882e+00
2.487612751632514829e+00
2.513481441920889292e+00
2.541505739842490286e+00
2.571378113135831533e+00
2.603224794718842716e+00
2.636931822370419454e+00
2.672386619723039924e+00
2.709478073955494892e+00
2.748096603238049163e+00
2.788134220979112676e+00
2.829138846457211365e+00
2.871340327489564803e+00
2.914639382404019763e+00
2.958937279453022651e+00
3.004137631641956574e+00
3.050054279817451697e+00
3.096262353282873470e+00
3.143091400685134928e+00
3.190455571553534764e+00
3.238271308463666731e+00
3.286457349964109653e+00
3.334500526825233901e+00
3.382659685728045318e+00
3.430959004691505498e+00
3.479327809363197410e+00
3.527697601842116448e+00
3.575743673397262068e+00
3.623461577953305923e+00
3.670991225375007438e+00
3.718274417662223108e+00
3.765255247380129511e+00
3.811789758937662587e+00
3.857572388059307578e+00
3.902891449628831833e+00
3.947656296950420973e+00
3.991775761180090587e+00
4.035158364420030175e+00
4.077482775863826348e+00
4.118744257918456775e+00
4.159181028008755554e+00
4.198811475086360545e+00
4.237653427013461815e+00
4.275724176991625214e+00
4.312994311900566480e+00
4.349171816087431530e+00
4.384543407519260860e+00
4.419088359707608049e+00
4.452787676441169573e+00
4.485624059796498031e+00
4.517581876797884810e+00
4.548647126960731590e+00
4.578660550215327696e+00
4.607637837217922083e+00
4.635698699353339336e+00
4.662835599383390317e+00
4.689042480955627035e+00
4.714314714280578578e+00
4.738649051060319195e+00
4.762043579039644037e+00
4.784497674664802247e+00
4.806011958553262353e+00
4.826467880835370927e+00
4.845881180917874786e+00
4.864374677585098006e+00
4.881953623655673091e+00
4.898624254941428724e+00
4.914393755621882853e+00
4.929270225392045290e+00
4.943262645836369096e+00
4.956380845163458559e+00
4.968635461568029044e+00
4.980037909636878091e+00
4.990600343249218973e+00
5.000335620602290199e+00
5.009257269192490369e+00
5.017379439455059043e+00
5.024716885154828283e+00
5.031284922186761932e+00
5.037099376525233652e+00
5.042176574349773510e+00
5.046533291603347848e+00
5.050186721137544410e+00
5.053154434462705069e+00
5.055454351078175534e+00
5.057104712843057293e+00
5.058124043145891591e+00
5.058531103433360876e+00
5.058344883741405340e+00
5.057584556539556075e+00
5.056269446624744646e+00
5.054419009437231658e+00
5.052052791174821422e+00
5.049190406643455198e+00
5.045851513530017485e+00
5.042055778040676728e+00
5.037822858838524986e+00
5.033172365396314518e+00
5.028123851007491929e+00
5.022696783888253691e+00
5.016910515505002444e+00
5.010784271686544500e+00
5.004337118697904430e+00
4.997587952274287204e+00
4.990555475439691691e+00
4.983258177286822743e+00
4.975714315972861179e+00
4.967941904300196221e+00
4.959958690085175981e+00
4.951782141970566542e+00
4.943429436897379681e+00
4.934917444204936388e+00
4.926262711461319554e+00
4.917481454258320284e+00
4.908589545305546586e+00
4.899602501876501925e+00
4.890535477517273577e+00
4.881403252451254282e+00
4.872220224669345789e+00
4.863000405467650111e+00
4.853757407453685779e+00
4.844504443115903669e+00
4.835254316705061228e+00
4.826019421635640683e+00
4.816811734499651720e+00
4.807542001537036924e+00
4.798315952454057509e+00
4.789151453942529280e+00
4.780059017914108033e+00
4.771048717973016551e+00
4.762130188673727282e+00
4.753312625829337890e+00
4.744604792292061113e+00
4.736015011251023310e+00
4.727551178770087681e+00
4.719220756751081325e+00
4.711030786921930336e+00
4.702987884333685642e+00
4.695098251170310988e+00
4.687367674393008166e+00
4.679801540262680248e+00
4.672404822585291662e+00
4.665182112250072066e+00
4.658137609555171643e+00
4.651275130615733389e+00
4.644598119591376140e+00
4.638109654073438115e+00
4.631812453249482431e+00
4.625708884955269440e+00
4.619800976166353657e+00
4.614090418889245093e+00
4.608578579985530332e+00
4.603266510087034469e+00
4.598154952251430672e+00
4.593244350721332303e+00
4.588534862560331717e+00
4.584026362488862638e+00
4.579718455872618499e+00
4.575610487536933668e+00
4.571701548798386305e+00
4.567990489287190314e+00
4.564475930052843466e+00
4.561141679626537382e+00
4.557986270799611717e+00
4.555023727382058851e+00
4.552251841779614949e+00
4.549668215552133077e+00
4.547270273458293488e+00
4.545055263927293865e+00
4.543020277776169458e+00
4.541162252200498628e+00
4.539477982958787017e+00
4.537964128428416899e+00
4.536617226848113305e+00
4.535433692221005231e+00
4.534409839531357456e+00
4.533541879789323659e+00
4.532825939359521605e+00
4.532258056857826567e+00
4.531834202940252965e+00
4.531550275923322602e+00
4.531402121719141363e+00
4.531385531326051819e+00
4.531496256894760322e+00
4.531730015716463278e+00
4.532082487650183289e+00
4.532549339946389644e+00
4.533126221399934153e+00
4.533808771741976607e+00
4.534592629178321843e+00
4.535473435461063296e+00
4.536446841294876187e+00
4.537508511804720257e+00
4.538654136905327263e+00
4.539879425333706031e+00
4.541180124050421263e+00
4.542552009998259699e+00
4.543990902628902262e+00
4.545492664487851719e+00
4.547053210864089756e+00
4.548668505625555802e+00
4.550334570988408878e+00
4.552047488849868095e+00
4.553803404866523685e+00
4.555598530041140570e+00
4.557429147672602987e+00
4.559291613545298993e+00
4.561182355690232448e+00
4.563094589468960294e+00
4.565013788522256810e+00
4.566950882011767909e+00
4.568902672235180873e+00
4.570866042067536661e+00
4.572837960422869941e+00
4.574815483902302304e+00
4.576795756555362971e+00
4.578776011343817842e+00
4.580753571596947182e+00
4.582725850712070503e+00
4.584690353041525057e+00
4.586644674283718359e+00
4.588586502490421992e+00
4.590513616523498541e+00
4.592423888066333504e+00
4.594315282615296425e+00
4.596185853302607427e+00
4.598033744484102847e+00
4.599857194573299779e+00
4.601654531783652580e+00
4.603424171123519315e+00
4.605164618368077001e+00
4.606874465683377551e+00
4.608552393191534868e+00
4.610197166671476943e+00
4.611807636657271559e+00
4.613382736854135580e+00
4.614921484037416199e+00
4.616422975581501831e+00
4.617886386990494252e+00
4.619310974545483006e+00
4.620696071386187320e+00
4.622041080629676557e+00
4.623345483822737023e+00
4.624608832427433924e+00
4.625830748463794606e+00
4.627010921748934358e+00
4.628149107594771827e+00
4.629245126672161703e+00
4.630298862439640395e+00
4.631310258986827577e+00
4.632279320252504107e+00
4.633206108524749567e+00
4.634090734063772032e+00
4.634933368524048802e+00
4.635734231888074319e+00
4.636493592408681863e+00
4.637211768656010591e+00
4.637889121441894247e+00
4.638526055332365949e+00
4.639123018509591745e+00
4.639680498766436401e+00
4.640199018999116909e+00
4.640679137656235298e+00
4.641121450972334195e+00
4.641526583750107626e+00
4.641895190307419483e+00
4.642227954943104251e+00
4.642525587665500275e+00
4.642788823013066946e+00
4.643018417651161300e+00
4.643215151114036487e+00
4.643379820247299783e+00
4.643513238725579306e+00
4.643616238997629431e+00
4.643689667478701821e+00
4.643734380714528598e+00
4.643751246361388141e+00
4.643741145461709685e+00
4.643704963910483485e+00
4.550457113181043844e+00
4.458343174390939190e+00
4.368183171084067951e+00
4.279773220768995579e+00
4.192918802544061130e+00
4.108227245411112172e+00
4.025429935502253365e+00
3.944359604478469006e+00
3.865625625070270299e+00
3.789143770462698679e+00
3.714492957501378090e+00
3.642305089369055615e+00
3.572605499086504377e+00
3.504998668004093876e+00
3.439712586873558298e+00
3.376987625278284000e+00
3.316831620017559157e+00
3.258848675893024627e+00
3.203228296901186933e+00
3.150204792204636117e+00
3.099769921379165627e+00
3.051911534710059382e+00
3.006219253763079635e+00
2.962984333373749113e+00
2.922297377296624532e+00
2.884132431713239519e+00
2.848460250293797902e+00
2.815248528130006367e+00
2.784429263319742276e+00
2.755789793277498401e+00
2.729517997312367772e+00
2.705571497975460371e+00
2.683905835589863287e+00
2.664474598159451979e+00
2.647229566016332303e+00
2.632120843837082447e+00
2.619097004873555790e+00
2.608105230139019959e+00
2.599091447116026021e+00
2.592000468057259255e+00
2.586776123695167851e+00
2.583361398115332275e+00
2.581698548752165312e+00
2.581729241091458960e+00
2.583394665532217083e+00
2.586635648374072449e+00
2.591392766221532362e+00
2.597606449488325531e+00
2.605217085962465262e+00
2.614165111954578791e+00
2.624391105562108528e+00
2.635835873090345949e+00
2.648440527568114877e+00
2.662146565643287666e+00
2.676895939063336449e+00
2.692631122103135599e+00
2.709295174066499889e+00
2.726831800213489032e+00
2.745185403738480190e+00
2.764301140356645092e+00
2.784124965082295677e+00
2.804467008721437171e+00
2.825371319520493252e+00
2.846822627358108093e+00
2.868771253416777522e+00
2.891168570132136129e+00
2.913967036497184360e+00
2.937120229662179227e+00
2.960582874892755623e+00
2.984310869936138033e+00
3.008261307530124995e+00
3.032392495356529771e+00
3.056499546262293698e+00
3.080602115922579820e+00
3.104767292830208802e+00
3.128958844400203443e+00
3.153141752054742231e+00
3.177282204246777653e+00
3.201347611741564236e+00
3.225306601473553858e+00
3.249129011124945787e+00
3.272785902340447972e+00
3.296239256972655518e+00
3.319228428671685549e+00
3.341975540078997220e+00
3.364457032702083961e+00
3.386650485644490782e+00
3.408534618795752813e+00
3.430089276388336383e+00
3.451295416139131600e+00
3.472135105678346711e+00
3.492591500690056971e+00
3.512648837427952309e+00
3.532292418399131328e+00
3.551482831331706613e+00
3.570080696984323065e+00
3.588231513677816675e+00
3.605925022927418677e+00
3.623151927873859979e+00
3.639903878503852219e+00
3.656173453231006398e+00
3.671954132191762366e+00
3.687240283421358455e+00
3.702027137987689454e+00
3.716310764403251810e+00
3.730088052177435554e+00
3.743356688846288360e+00
3.756115132054464567e+00
3.768362590446464822e+00
3.780098999552797157e+00
3.791325000373952037e+00
3.802041910760059373e+00
3.812157897114680782e+00
3.821771963131314731e+00
3.830889636560408373e+00
3.839514766674629431e+00
3.847651748659954851e+00
3.855305503490916941e+00
3.862481453464325920e+00
3.869185495697896382e+00
3.875423984226429752e+00
3.881203701223622016e+00
3.886531839516583986e+00
3.891415967923057551e+00
3.895864025817109333e+00
3.899884287815211348e+00
3.903485344762571252e+00
3.906676086337573128e+00
3.909465672476674758e+00
3.911863515590384033e+00
3.913879262144488003e+00
3.915522766697953738e+00
3.916804075396089324e+00
3.917733404757137716e+00
3.918321123362549674e+00
3.918577731493141592e+00
3.918513842989816531e+00
3.918140167575836941e+00
3.917467492047939537e+00
3.916506664226001799e+00
3.915268573211796888e+00
3.913764140531239111e+00
3.912004293387540965e+00
3.909999955508541181e+00
3.907762034403875262e+00
3.905301400936541434e+00
3.902628879289976371e+00
3.899755232230674107e+00
3.896691147774646424e+00
3.893447231027737931e+00
3.890033980207655784e+00
3.886461791479385308e+00
3.882740937797905190e+00
3.878881559730238404e+00
3.874893660196697454e+00
3.870787083444634291e+00
3.866571522370239933e+00
3.862256498954239170e+00
3.857851359649214551e+00
3.853365268620531303e+00
3.848807198481193126e+00
3.844185927253022772e+00
3.839510032449069854e+00
3.834787876725879396e+00
3.830027616558218106e+00
3.825237193809992053e+00
3.820424322898315683e+00
3.815596494776251735e+00
3.810760975607744072e+00
3.805924799925971769e+00
3.801083498356196078e+00
3.796220438024802135e+00
3.791376668509700565e+00
3.786558393502791997e+00
3.781771575525653351e+00
3.777021933581466762e+00
3.772314945462499569e+00
3.767655839221060621e+00
3.763049609104252902e+00
3.758501004047368088e+00
3.754014534603683728e+00
3.749594472453559035e+00
3.745244853258955509e+00
3.740969477210720928e+00
3.736771913094608433e+00
3.732655499885698891e+00
3.728623350840657658e+00
3.724678355829265985e+00
3.720823183900586084e+00
3.717060288037306481e+00
3.713391907845718265e+00
3.709820075255957139e+00
3.706346616565576291e+00
3.702973156192604698e+00
3.699701127434372960e+00
3.696531766446968348e+00
3.693466127837717217e+00
3.690505077678795764e+00
3.687649305189566462e+00
3.684899331676497081e+00
3.682255510696097911e+00
3.679718031095168929e+00
3.677286925922050642e+00
3.674962076286966361e+00
3.672743215894882063e+00
3.670629937249259900e+00
3.668621699545449477e+00
3.666717828530468459e+00
3.664917525241167429e+00
3.663219871307562769e+00
3.661623835013327000e+00
3.660128272392078497e+00
3.658731937062029260e+00
3.657433483946705088e+00
3.656231471423253332e+00
3.655124376531859731e+00
3.654110591964420784e+00
3.653188423881326141e+00
3.652356115995484487e+00
3.651611834265444667e+00
3.650953688995907331e+00
3.650379729282915875e+00
3.649887950564533856e+00
3.649476299754671249e+00
3.649142678876500678e+00
3.648884950463564980e+00
3.648700940067874932e+00
3.648588443537419401e+00
3.648545228935109019e+00
3.648569040963463461e+00
3.648657605620154065e+00
3.648808633645758359e+00
3.649019823525022854e+00
3.649288866802310682e+00
3.649613449992163083e+00
3.649991259614393968e+00
3.650419983167855431e+00
3.650897314636425861e+00
3.651420956623032676e+00
3.651988625797164101e+00
3.652598047918920621e+00
3.653246966084376268e+00
3.653933148131275566e+00
3.654654381720488843e+00
3.655408479142127742e+00
3.656193279264562168e+00
3.657006650691211558e+00
3.657846492132122762e+00
3.658710736088293558e+00
3.659597348453569765e+00
3.660504333728438198e+00
3.661429733354271132e+00
3.662371627430021093e+00
3.663328138825327596e+00
3.664297431384811787e+00
3.665277715135711656e+00
3.666267236834590104e+00
3.667264296654802802e+00
3.668267238238733352e+00
3.669274452579689427e+00
3.670284377840575818e+00
3.671295501266055084e+00
3.672306358610729404e+00
3.673315534831962381e+00
3.674321664535903587e+00
3.675323432392321621e+00
3.676319573598342938e+00
3.677308872143959739e+00
3.678290163643767041e+00
3.679262333449112798e+00
3.680224319470306149e+00
3.681175101745161715e+00
3.682113717896070337e+00
3.683039251507949086e+00
3.683950836660552675e+00
3.684847654889108703e+00
3.685728936110486131e+00
3.686593957817875467e+00
3.687442044507993177e+00
3.688272567061511520e+00
3.689084942079139839e+00
3.689878631175737222e+00
3.690653140234824381e+00
3.691408018625955911e+00
3.692142858111112425e+00
3.692857293375427563e+00
3.693550998458146495e+00
3.694223688505748893e+00
3.694875119807909059e+00
3.695505079254911784e+00
3.696113398666229344e+00
3.696699943475055150e+00
3.697264614204224031e+00
3.697807345621424879e+00
3.698328105192557835e+00
3.698826892766575725e+00
3.699303738757225624e+00
3.699758703965541962e+00
3.700191877768888915e+00
3.700603376679164835e+00
3.626033227379127588e+00
3.556017954817032312e+00
3.489950278898433567e+00
3.428309074064176620e+00
3.371104421428238851e+00
3.318272232266563204e+00
3.269460422975094982e+00
3.224671687754358196e+00
3.184082444127191547e+00
3.147610628810321831e+00
3.115170452363956510e+00
3.086672716767193236e+00
3.062025131427748903e+00
3.041124857447652374e+00
3.023696751277795691e+00
3.009866515633467188e+00
2.999531481272473599e+00
2.992587212468492019e+00
2.988927782129671140e+00
2.988446029346634170e+00
2.991033804871980006e+00
2.996582205025702272e+00
3.004981793300765425e+00
3.016122813079634035e+00
3.029895392622611539e+00
3.046141377650346094e+00
3.064640718808755881e+00
3.085417863747037526e+00
3.108365643849702487e+00
3.133377608083852905e+00
3.160348158366344418e+00
3.189172684179590433e+00
3.219747661982338194e+00
3.251970787620122483e+00
3.285741070911784689e+00
3.320677856796821814e+00
3.356844853305871013e+00
3.394251966107516783e+00
3.432805805150508149e+00
3.472414604087071588e+00
3.512988279818235249e+00
3.554384871590709594e+00
3.596223885369449924e+00
3.638762099770592062e+00
3.681918133797455361e+00
3.725612571714834509e+00
3.769767994538406608e+00
3.814195845130748719e+00
3.858578892429098239e+00
3.903022841464317327e+00
3.947320424145526641e+00
3.991256370071218473e+00
4.034615931030327118e+00
4.076956880746561040e+00
4.118228887155645168e+00
4.158675945906180615e+00
4.198316453204726351e+00
4.237168243823833613e+00
4.275248617552610320e+00
4.312543724973277648e+00
4.348793740632117988e+00
4.384328088674658730e+00
4.419162206589866138e+00
4.453311148267543373e+00
4.486789595497741701e+00
4.519611869048787867e+00
4.551791939342394677e+00
4.583155123681645904e+00
4.613808514555174156e+00
4.643864880198007583e+00
4.673336726135366881e+00
4.702236322318529282e+00
4.730575703236174157e+00
4.758366668499617980e+00
4.785620783853753224e+00
4.812349382569309775e+00
4.838304124852377264e+00
4.863716134357504828e+00
4.888614336565461294e+00
4.912982709801714698e+00
4.936806384320936658e+00
4.960071624146255687e+00
4.982765813208602346e+00
5.004877439357486857e+00
5.026396077632478310e+00
5.047312372724513274e+00
5.067507120482496852e+00
5.086691727565103349e+00
5.104920038579640718e+00
5.122159889985733017e+00
5.138386775977745735e+00
5.153597374482504989e+00
5.167804532163247089e+00
5.181033205924493679e+00
5.193317185791068269e+00
5.204696474198143186e+00
5.215215200362870895e+00
5.224919956290918321e+00
5.233858514226951364e+00
5.242078814776476747e+00
5.249628197538407370e+00
5.256552839807866029e+00
5.262897329214532682e+00
5.268704374859924933e+00
5.274014596928581433e+00
5.278866426016610269e+00
5.283296044270036518e+00
5.287329082177241624e+00
5.290972803471937880e+00
5.294234748370810983e+00
5.297122725622127604e+00
5.299644784476432946e+00
5.301809199711937204e+00
5.303624454215694506e+00
5.305099221586737634e+00
5.306242352365812209e+00
5.307062846833296099e+00
5.307569848796184431e+00
5.307772624235884251e+00
5.307680554171733789e+00
5.307303104547020034e+00
5.306649821138739398e+00
5.305730309375088716e+00
5.304554228147458694e+00
5.303131269202467024e+00
5.301471144051840945e+00
5.299583567121159966e+00
5.297478249431755160e+00
5.295164879142144621e+00
5.292653122350101214e+00
5.289952597179432559e+00
5.287072868325050301e+00
5.284023435885627507e+00
5.280813727034542993e+00
5.277453077787763291e+00
5.273950729499216727e+00
5.270315823758502383e+00
5.266557391072709038e+00
5.262684332728567504e+00
5.258705424191041367e+00
5.254629299947894516e+00
5.250464457399349527e+00
5.246219238651163685e+00
5.241901833452891069e+00
5.237520256617818504e+00
5.233082368138068041e+00
5.228595843464474591e+00
5.224068180534643169e+00
5.219506701948576577e+00
5.214918531959734871e+00
5.210310616751300472e+00
5.205689698647031349e+00
5.201062322775673152e+00
5.196434845783586276e+00
5.191813409066488028e+00
5.187203960885236498e+00
5.182612242586498219e+00
5.178043785630492835e+00
5.173503916773054101e+00
5.168997752042426619e+00
5.164530205829955811e+00
5.160105986613446660e+00
5.155729584042807900e+00
5.151405290350695054e+00
5.147137189109950661e+00
5.142929162171345325e+00
5.138784881679721472e+00
5.134707816581583373e+00
5.130701247775319551e+00
5.126768243282180393e+00
5.122911686411785404e+00
5.119134259673239207e+00
5.115438456658591093e+00
5.111826580281300103e+00
5.108300753369850788e+00
5.104862912608748360e+00
5.101514821350299655e+00
5.098258055158387592e+00
5.095094028177048706e+00
5.092023982991568332e+00
5.089049000875688122e+00
5.086169990015697806e+00
5.083387715337456925e+00
5.080702779831515414e+00
5.078115644670853079e+00
5.075626617160293286e+00
5.073235871477547398e+00
5.070943445074078682e+00
5.068740565285378530e+00
5.066625356196737151e+00
5.064608629548534857e+00
5.062689938226498931e+00
5.060868715366740211e+00
5.059144286194573681e+00
5.057515867363595596e+00
5.055982571877398968e+00
5.054543411072046410e+00
5.053197304161845871e+00
5.051943080350453918e+00
5.050779487031705095e+00
5.049705178670369499e+00
5.048718744493917221e+00
5.047818697816454758e+00
5.047003483332754392e+00
5.046271481537513814e+00
5.045621015711264867e+00
5.045050351256104904e+00
5.044557704510482132e+00
5.044141242464305286e+00
5.043799089763871812e+00
5.043529331770170820e+00
5.043330018345049126e+00
5.043199165449843591e+00
5.043134768189626804e+00
5.043134784875789478e+00
5.043197162680564283e+00
5.043319827556683066e+00
5.043500692172878885e+00
5.043737658036286930e+00
5.044028619385709789e+00
5.044371463805275013e+00
5.044764078759300219e+00
5.045204354341246145e+00
5.045690175873452255e+00
5.046219445502692302e+00
5.046790071450413251e+00
5.047399971351654635e+00
5.048047078783782560e+00
5.048729343589904772e+00
5.049444733809526298e+00
5.050191237859195326e+00
5.050966868055357217e+00
5.051769660174004528e+00
5.052597676869273968e+00
5.053449008556746058e+00
5.054321776412750822e+00
5.055214132569760821e+00
5.056124266322547633e+00
5.057050392533069427e+00
5.057990763033185289e+00
5.058943672265650449e+00
5.059907449600785867e+00
5.060880462862626494e+00
5.061861120739407305e+00
5.062847873402867016e+00
5.063839205421364120e+00
5.064833651737859377e+00
5.065829787151651331e+00
5.066826228342918625e+00
5.067821637897772291e+00
5.068814721813003743e+00
5.069803369898734147e+00
5.070779264273460818e+00
5.071749242087173037e+00
5.072712207779468407e+00
5.073667115590350107e+00
5.074612951386089144e+00
5.075548756305233944e+00
5.076473611077706671e+00
5.077386645517823816e+00
5.078287023861661531e+00
5.079173954267657720e+00
5.080046695498655396e+00
5.080904546066603800e+00
5.081746847010513157e+00
5.082572972811850498e+00
5.083382350405069694e+00
5.084174442380981596e+00
5.084948751655240962e+00
5.085704820575709384e+00
5.086442234101376414e+00
5.087160604710241785e+00
5.087859590446635494e+00
5.088538887835933444e+00
5.089198223395142939e+00
5.089837361461172272e+00
5.090456097900337262e+00
5.091054266688646912e+00
5.091631732968309620e+00
5.092188392868103541e+00
5.092724171304235270e+00
5.093239024303231943e+00
5.093732939783619074e+00
5.094205933591095636e+00
5.094658042977791013e+00
5.095089340771514763e+00
5.095499916209008440e+00
5.095889887010702779e+00
5.096259394083103800e+00
5.096608597383704087e+00
5.096937687018123775e+00
5.097246866448149838e+00
5.097536363886935540e+00
5.097806423625783623e+00
5.098057304972040349e+00
5.098289293254077315e+00
5.098502680494113370e+00
5.098697773754066631e+00
5.098874905464145790e+00
5.099034410787839811e+00
4.998469408916577983e+00
4.899558064697515647e+00
4.802378638173160574e+00
4.706110486209783339e+00
4.611707859669168741e+00
4.518741875759774373e+00
4.427152159191150460e+00
4.337363190662351542e+00
4.248790266613601929e+00
4.161718466258640170e+00
4.076382668078229798e+00
3.992079391828445178e+00
3.909257037388959688e+00
3.828110959486817233e+00
3.748104562870389955e+00
3.669490945148049743e+00
3.592488828758427566e+00
3.516767549512465507e+00
3.442200869190215506e+00
3.369181435202520003e+00
3.297683600097045975e+00
3.226932931272483263e+00
3.157643806645619833e+00
3.089817371259242051e+00
3.023222526332607352e+00
2.957518994142875890e+00
2.893220029591015319e+00
2.830300654895417267e+00
2.768569285704852057e+00
2.707822087972602709e+00
2.648389443519637343e+00
2.590247040801735068e+00
2.533354453961907282e+00
2.477086979445122239e+00
2.422054751902304126e+00
2.368234804334980126e+00
2.315604184396048648e+00
2.263965968631618253e+00
2.213176273590909293e+00
2.163618667151783193e+00
2.115327542472947631e+00
2.068333998011738117e+00
2.022612635552536897e+00
1.977842454354251878e+00
1.934458599644423682e+00
1.892480355933227720e+00
1.851923980506325007e+00
1.812802789400870251e+00
1.775127246550305404e+00
1.738539139834743841e+00
1.703417393315242334e+00
1.669772438968156303e+00
1.637604631045259884e+00
1.606911861411554954e+00
1.577689658424513919e+00
1.549931284902663853e+00
1.523627835293504207e+00
1.498537661383249509e+00
1.474865363032793919e+00
1.452624530078579834e+00
1.431798673289548463e+00
1.412369602009684089e+00
1.394317505488310571e+00
1.377621062588215928e+00
1.362257524011460275e+00
1.348202805781654190e+00
1.335431584994309695e+00
1.323917385888738085e+00
1.313632674370706965e+00
1.304548934385620251e+00
1.296636774179586560e+00
1.289865990184982936e+00
1.284205667587430710e+00
1.279624251055877737e+00
1.276089625436872543e+00
1.273569192371666770e+00
1.272029945775573490e+00
1.271438543206949268e+00
1.271761373434802334e+00
1.272964624298009273e+00
1.275014346283538824e+00
1.277876515053514073e+00
1.281517087441945035e+00
1.285902059267046926e+00
1.290997521850482110e+00
1.296769709885836397e+00
1.303185051297753860e+00
1.310210211804982539e+00
1.317812139998985499e+00
1.325958111104017734e+00
1.334615763237173347e+00
1.343753128916059358e+00
1.353338680685606032e+00
1.363341359081406745e+00
1.373730601994936462e+00
1.384476367983647371e+00
1.395549166893311099e+00
1.406920092261962241e+00
1.418560829915672894e+00
1.430443691183350241e+00
1.442541615350932283e+00
1.454828204980957551e+00
1.467277733511690663e+00
1.479865152004701701e+00
1.492566115601239973e+00
1.505356988445760269e+00
1.518214844030967736e+00
1.531012286546589829e+00
1.543805152006370696e+00
1.556600915798982188e+00
1.569379984470117284e+00
1.582123492115311114e+00
1.594813311098914888e+00
1.607432042914870962e+00
1.619963028664769045e+00
1.632390343367877472e+00
1.644698790430264124e+00
1.656873892261135461e+00
1.668901901085273698e+00
1.680769780443236439e+00
1.692465203015806274e+00
1.703976543433336266e+00
1.715292869634175599e+00
1.726403934084403069e+00
1.737300166313404004e+00
1.747972659733498801e+00
1.758413163587743133e+00
1.768614070677248851e+00
1.778525850597019842e+00
1.788128316205737978e+00
1.797474914080557928e+00
1.806560653850474818e+00
1.815381110933411479e+00
1.823932415650997951e+00
1.832211238614189552e+00
1.840214777570725602e+00
1.847940736815308238e+00
1.855387323195804683e+00
1.862553222212918858e+00
1.869437590355249812e+00
1.876040031985914514e+00
1.882360589608030432e+00
1.888399726628602338e+00
1.894158312508394504e+00
1.899637606662647249e+00
1.904839244983882462e+00
1.909765217165651841e+00
1.914417862108474200e+00
1.918799844793827702e+00
1.922914141808361510e+00
1.926764033328422832e+00
1.930353070563660900e+00
1.933685081846278075e+00
1.936764139792670036e+00
1.939594558283325387e+00
1.942180877623927548e+00
1.944527834317519188e+00
1.946640369306688045e+00
1.948523598484048325e+00
1.950182805270998410e+00
1.951623419112484603e+00
1.952851015012707192e+00
1.953871292016092998e+00
1.954690057434316008e+00
1.955313216415346833e+00
1.955746771622304925e+00
1.955996789275286085e+00
1.956069407099662927e+00
1.955970810405951221e+00
1.955707229512885448e+00
1.955284920063401488e+00
1.954710163851514526e+00
1.953989241901079810e+00
1.953128445419948678e+00
1.952134046133585210e+00
1.951012304017307963e+00
1.949769450805668214e+00
1.948411675223443273e+00
1.946945130636766441e+00
1.945375911419654935e+00
1.943710052285594125e+00
1.941953528346987756e+00
1.940112230614852384e+00
1.938191981255391161e+00
1.936198510116829308e+00
1.934137456775822494e+00
1.932014365046776039e+00
1.929834677673847088e+00
1.927603726762048941e+00
1.925326733375225974e+00
1.923008807909640128e+00
1.920654940803854016e+00
1.918269998816366284e+00
1.915858724166097371e+00
1.913425733040754473e+00
1.910975502815706717e+00
1.908512388693367923e+00
1.906040604980904440e+00
1.903564230819440262e+00
1.901087206195850143e+00
1.898613334084574777e+00
1.896146276648990492e+00
1.893689556322210477e+00
1.891246554909468136e+00
1.888820506633240637e+00
1.886414512375907293e+00
1.884031529889809820e+00
1.881674375467788485e+00
1.879345726298809582e+00
1.877048119762220857e+00
1.874783958341138090e+00
1.872555504327775289e+00
1.870364886865796494e+00
1.868214100949117551e+00
1.866105009611827681e+00
1.864039345770889033e+00
1.862018714204015879e+00
1.860044593654853529e+00
1.858118339057641677e+00
1.856241183873618361e+00
1.854414242531553070e+00
1.852638512964862816e+00
1.850914879237918642e+00
1.849244114254215532e+00
1.847626882027793682e+00
1.846063745277324308e+00
1.844555154905075600e+00
1.843101469901024858e+00
1.841702950274515693e+00
1.840359762227864460e+00
1.839071982184353748e+00
1.837839598785520279e+00
1.836662515924077033e+00
1.835540557363468217e+00
1.834473468618968317e+00
1.833460921336564242e+00
1.832502515993924996e+00
1.831597780964085098e+00
1.830746181781158777e+00
1.829947119628018370e+00
1.829199940147501424e+00
1.828503934638329387e+00
1.827858337618882389e+00
1.827262335511881997e+00
1.826715067965755335e+00
1.826215631074847634e+00
1.825763079490807073e+00
1.825356431621137032e+00
1.824994669328743768e+00
1.824676743018450731e+00
1.824401573631148521e+00
1.824168055418827761e+00
1.823975058317499398e+00
1.823821429914305403e+00
1.823706002402486259e+00
1.823627586848154181e+00
1.823584986587937884e+00
1.823576983073537550e+00
1.823602359745788659e+00
1.823659882187420145e+00
1.823748318386401612e+00
1.823866430963660745e+00
1.824012983533254584e+00
1.824186736124824293e+00
1.824386451571730294e+00
1.824610903919474669e+00
1.824858863419087429e+00
1.825129120371190572e+00
1.825420464521928965e+00
1.825731697593949043e+00
1.826061638513169383e+00
1.826409117245218150e+00
1.826772981374668925e+00
1.827152087704815964e+00
1.827545317534559732e+00
1.827951567640247577e+00
1.828369755394178897e+00
1.828798818131421200e+00
1.829237714540419724e+00
1.829685425890879902e+00
1.830140955544413472e+00
1.830603330962915054e+00
1.831071603852967966e+00
1.831544850770359112e+00
1.832022175980625001e+00
1.832502701578939019e+00
1.832985585797951789e+00
1.833470010617333168e+00
1.833955178749061554e+00
1.834440329521326518e+00
1.834924720231722262e+00
1.835407642408502626e+00
1.835888415492707315e+00
1.836366379465610876e+00
1.836840908707213504e+00
1.837311403202753546e+00
1.837777290346451542e+00
1.838238024047844643e+00
1.838693088392194586e+00
