8.121493939708528398e-01
9.301295594162307667e-01
1.045489829004777604e+00
1.158288380772391823e+00
1.268582100839550586e+00
1.376426612099893143e+00
1.481876302271738277e+00
1.584984351326685026e+00
1.685802758309124627e+00
1.784382367560195526e+00
1.880772894359398650e+00
1.975022949996811716e+00
2.067180066288544005e+00
2.157290719547792612e+00
2.245400354023595391e+00
2.331553404819092901e+00
2.415793320300867020e+00
2.498162584010647613e+00
2.578702736090444425e+00
2.657454394231909323e+00
2.734457274160489781e+00
2.809750209664705345e+00
2.883371172180651865e+00
2.955357289941606069e+00
3.025744866702389846e+00
3.094569400047937346e+00
3.161865599295293539e+00
3.227667402998085411e+00
3.265534562787328898e+00
3.270772180827611564e+00
3.259966669503101766e+00
3.245231978961629959e+00
3.232475279555902858e+00
3.223124706770598813e+00
3.216450966149235757e+00
3.211222572192462099e+00
3.206493013080323529e+00
3.201776442927684929e+00
3.196936332887818644e+00
3.192012883735914297e+00
3.187093812944133742e+00
3.182249777943580327e+00
3.177517586873338740e+00
3.172907003858785657e+00
3.168413477124973010e+00
3.164028175558076139e+00
3.159743248495843648e+00
3.155553368123619418e+00
3.151455346814434400e+00
3.147447204861814285e+00
3.143527393666286418e+00
3.139694368951885917e+00
3.135946451574471716e+00
3.132281844766675150e+00
3.128698700457152260e+00
3.125195177999420704e+00
3.121769477514189983e+00
3.118419851103189977e+00
3.115144601508074818e+00
3.111942076433912074e+00
3.108810663151428066e+00
3.105748784942491625e+00
3.102754899260552257e+00
3.099827496916050418e+00
3.096965101655813513e+00
3.094166269765881161e+00
3.091429589561510038e+00
3.088753680764014131e+00
3.086137193813177859e+00
3.083578809162986989e+00
3.081077236589879309e+00
3.078631214524810034e+00
3.076239509409551598e+00
3.073900915073498386e+00
3.071614252126981803e+00
3.069378367368459593e+00
3.067192133204298621e+00
3.065054447080733713e+00
3.062964230927952780e+00
3.060920430616296262e+00
3.058922015424501595e+00
3.056967977519783997e+00
3.055057331449517299e+00
3.053189113644249275e+00
3.051362381931756573e+00
3.049576215061907902e+00
3.047829712242073885e+00
3.046121992682837121e+00
3.044452195153806162e+00
3.042819477549280727e+00
3.041223016463562523e+00
3.039662006775697645e+00
3.038135661243442698e+00
3.036643210106241941e+00
3.035183900697025816e+00
3.033756997062632355e+00
3.032361779592652962e+00
3.030997544656518272e+00
3.029663604248650000e+00
3.028359285641486043e+00
3.027083931046213205e+00
3.025836897281033888e+00
3.024617555446803330e+00
3.023425290609859317e+00
3.022259501491903144e+00
3.021119600166769281e+00
3.020005011763917668e+00
3.018915174178525618e+00
3.017849537788003023e+00
3.016807565174809191e+00
3.015788730855427868e+00
3.014792521015357885e+00
3.013818433249983109e+00
3.012865976311206229e+00
3.011934669859701597e+00
3.011024044222676110e+00
3.010133640157000912e+00
3.009263008617613089e+00
3.008411710531050609e+00
3.007579316574020556e+00
3.006765406956886988e+00
3.005969571211966063e+00
3.005191407986514296e+00
3.004430524840325578e+00
3.003686538047813048e+00
3.002959072404494556e+00
3.002247761037767582e+00
3.001552245221891457e+00
3.000872174197074749e+00
3.000207204992579868e+00
2.999557002253762761e+00
2.998921238072945972e+00
2.998299591824044708e+00
2.997691750000877953e+00
2.997097406059054059e+00
2.996516260261383291e+00
2.995948019526711192e+00
2.995392397282111041e+00
2.994849113318364786e+00
2.994317893648650308e+00
2.993798470370358622e+00
2.993290581529992611e+00
2.992793970991054930e+00
2.992308388304880662e+00
2.991833588584325021e+00
2.991369332380266588e+00
2.990915385560847017e+00
2.990471519193400152e+00
2.990037509428991491e+00
2.989613137389527608e+00
2.989198189057377775e+00
2.988792455167435413e+00
2.988395731101587849e+00
2.988007816785517523e+00
2.987628516587809813e+00
2.987257639221284844e+00
2.986894997646531991e+00
2.986540408977585770e+00
2.986193694389685849e+00
2.985854679029100289e+00
2.985523191924940090e+00
2.985199065902938820e+00
2.984882137501137400e+00
2.984572246887454927e+00
2.984269237779082928e+00
2.983972957363662637e+00
2.983683256222222635e+00
2.983399988253826685e+00
2.983123010601891334e+00
2.982852183582141770e+00
2.982587370612163280e+00
2.982328438142524352e+00
2.982075255589422547e+00
2.981827695268830958e+00
2.981585632332107938e+00
2.981348944703028359e+00
2.981117513016219522e+00
2.980891220556968424e+00
2.980669953202353728e+00
2.980453599363696693e+00
2.980242049930283077e+00
2.980035198214337822e+00
2.979832939897220534e+00
2.979635172976813351e+00
2.979441797716083418e+00
2.979252716592784012e+00
2.979067834250268110e+00
2.978887057449403297e+00
2.978710295021545384e+00
2.978537457822565404e+00
2.978368458687888243e+00
2.978203212388538468e+00
2.978041635588154268e+00
2.977883646800960626e+00
2.977729166350675971e+00
2.977578116330329649e+00
2.977430420562971580e+00
2.977286004563256316e+00
2.977144795499874430e+00
2.977006722158828111e+00
2.976871714907517674e+00
2.976739705659617208e+00
2.976610627840744705e+00
2.976484416354881812e+00
2.976361007551552973e+00
2.976240339193716444e+00
2.976122350426381402e+00
2.976006981745917823e+00
2.975894174970049377e+00
2.975783873208508012e+00
2.975676020834344904e+00
2.975570563455874673e+00
2.975467447889250217e+00
2.975366622131635275e+00
2.975268035334982741e+00
2.975171637780386291e+00
2.975077380853011544e+00
2.974985217017579675e+00
2.974895099794385711e+00
2.974806983735869714e+00
2.974720824403687125e+00
2.974636578346304461e+00
2.974554203077082182e+00
2.974473657052850051e+00
2.974394899652955893e+00
2.974317891158776206e+00
2.974242592733690849e+00
2.974168966403498260e+00
2.974096975037256119e+00
2.974026582328563872e+00
2.973957752777247165e+00
2.973890451671459267e+00
2.973824645070171524e+00
2.973760299786058603e+00
2.973697383368760772e+00
2.973635864088518765e+00
2.973575710920173698e+00
2.973516893527513805e+00
2.973459382247984895e+00
2.973403148077726765e+00
2.973348162656943128e+00
2.973294398255605042e+00
2.973241827759460332e+00
2.973190424656364961e+00
2.973140163022907956e+00
2.973091017511340972e+00
2.973042963336794742e+00
2.972995976264775742e+00
2.972950032598948411e+00
2.972905109169187821e+00
2.972861183319885026e+00
2.972818232898529978e+00
2.972776236244533798e+00
2.972735172178312624e+00
2.972695019990595711e+00
2.972655759431992450e+00
2.972617370702772543e+00
2.972579834442881985e+00
2.972543131722183762e+00
2.972507244030907270e+00
2.972472153270311335e+00
2.972437841743562181e+00
2.972404292146808569e+00
2.972371487560448777e+00
2.972339411440603651e+00
2.972308047610769499e+00
2.972277380253665946e+00
2.972247393903250323e+00
2.972218073436926122e+00
2.972189404067911322e+00
2.972161371337782132e+00
2.972133961109183264e+00
2.972107159558695866e+00
2.972080953169868422e+00
2.972055328726399104e+00
2.972030273305467762e+00
2.972005774271223366e+00
2.971981819268411762e+00
2.971958396216138443e+00
2.971935493301784081e+00
2.971913098975039524e+00
2.971891201942086891e+00
2.971869791159902352e+00
2.971848855830681924e+00
2.971828385396404038e+00
2.971808369533501359e+00
2.971788798147651622e+00
2.971769661368691917e+00
2.971750949545636011e+00
2.971732653241812461e+00
2.971714763230099532e+00
2.971697270488280029e+00
2.971680166194480499e+00
2.971663441722732557e+00
2.971647088638617262e+00
2.971631098695009854e+00
2.971615463827926629e+00
2.971600176152453532e+00
2.971585227958768449e+00
2.971570611708257648e+00
2.971556320029713039e+00
3.082388192263581850e+00
3.149954890333218849e+00
3.216021186096551077e+00
3.280620397847133773e+00
3.343785104004500575e+00
3.405547159543985902e+00
3.465937712061700982e+00
3.524987217482765001e+00
3.582725455420718408e+00
3.639181544195858375e+00
3.694383955520076590e+00
3.748360528855599672e+00
3.801138485454878424e+00
3.852744442088701593e+00
3.903204424469458811e+00
3.952543880376329977e+00
4.000787692489002012e+00
4.047960190936409575e+00
4.094085165566808904e+00
4.139185877945375402e+00
4.183285073085389882e+00
4.226404990918910975e+00
4.268567377512732186e+00
4.309793496035270621e+00
4.350104137479921640e+00
4.389519631150298196e+00
4.428059854912617332e+00
4.465744245220431452e+00
4.502591806916740325e+00
4.538621122818445208e+00
4.573850363087952786e+00
4.608297294396687782e+00
4.641979288885105248e+00
4.674913332923742892e+00
4.707116035679717925e+00
4.738603637492999177e+00
4.769392018066669792e+00
4.799496704475317621e+00
4.828932878995584765e+00
4.857715386762839316e+00
4.885858743257810666e+00
4.913377141626979139e+00
4.940284459840412978e+00
4.966594267690646269e+00
4.992319833636143400e+00
5.017474131492797973e+00
5.039590432430406608e+00
5.047326882059643971e+00
5.046255754991963549e+00
5.041486718012936130e+00
5.036177383613828162e+00
5.031676726373152775e+00
5.028208599042897298e+00
5.025511709479090428e+00
5.023240328833278312e+00
5.021138574944673749e+00
5.019072008057652745e+00
5.016996646497667633e+00
5.014916176292877559e+00
5.012849852550417040e+00
5.010815472977870222e+00
5.008823741515684880e+00
5.006878716322103351e+00
5.004980305734862966e+00
5.003126618329602593e+00
5.001315455758890138e+00
4.999544962731350850e+00
4.997813749651113469e+00
4.996120781074190553e+00
4.994465218358513425e+00
4.992846300574535157e+00
4.991263280691036641e+00
4.989715403879941391e+00
4.988201908479444668e+00
4.986722034672588677e+00
4.985275032790391414e+00
4.983860168450149786e+00
4.982476724629358422e+00
4.981124001784674071e+00
4.979801317102269032e+00
4.978508003578245855e+00
4.977243409243460093e+00
4.976006896598508256e+00
4.974797842211682308e+00
4.973615636408437624e+00
4.972459682996904995e+00
4.971329398999235316e+00
4.970224214378053063e+00
4.969143571758130484e+00
4.968086926147150528e+00
4.967053744659603254e+00
4.966043506245410910e+00
4.965055701426104307e+00
4.964089832036822969e+00
4.963145410974894034e+00
4.962221961953685145e+00
4.961319019263091157e+00
4.960436127534594952e+00
4.959572841511682206e+00
4.958728725825464423e+00
4.957903354774621185e+00
4.957096312111277214e+00
4.956307190830882448e+00
4.955535592966926473e+00
4.954781129390232408e+00
4.954043419612715660e+00
4.953322091595497412e+00
4.952616781561276937e+00
4.951927133810878345e+00
4.951252800543868737e+00
4.950593441683157181e+00
4.949948724703483016e+00
4.949318324463724217e+00
4.948701923042920114e+00
4.948099209579939206e+00
4.947509880116704117e+00
4.946933637444908882e+00
4.946370190956121071e+00
4.945819256495231464e+00
4.945280556217147350e+00
4.944753818446670834e+00
4.944238777541487551e+00
4.943735173758200929e+00
4.943242753121338318e+00
4.942761267295267658e+00
4.942290473458957223e+00
4.941830134183516243e+00
4.941380017312459572e+00
4.940939895844624452e+00
4.940509547819686986e+00
4.940088756206228560e+00
4.939677308792285615e+00
4.939274998078321488e+00
4.938881621172583003e+00
4.938496979688783206e+00
4.938120879646047179e+00
4.937753131371085402e+00
4.937393549402537829e+00
4.937041952397446032e+00
4.936698163039798359e+00
4.936362007951097475e+00
4.936033317602939618e+00
4.935711926231505231e+00
4.935397671753963600e+00
4.935090395686740017e+00
4.934789943065578832e+00
4.934496162367399741e+00
4.934208905433881576e+00
4.933928027396740745e+00
4.933653386604674118e+00
4.933384844551921056e+00
4.933122265808414397e+00
4.932865517951476875e+00
4.932614471499043418e+00
4.932368999844357838e+00
4.932128979192124341e+00
4.931894288496074807e+00
4.931664809397922511e+00
4.931440426167673863e+00
4.931221025645266209e+00
4.931006497183490822e+00
4.930796732592202858e+00
4.930591626083750789e+00
4.930391074219629743e+00
4.930194975858314343e+00
4.930003232104254174e+00
4.929815746257995457e+00
4.929632423767415617e+00
4.929453172180039644e+00
4.929277901096414283e+00
4.929106522124519607e+00
4.928938948835187794e+00
4.928775096718518434e+00
4.928614883141259284e+00
4.928458227305132056e+00
4.928305050206082782e+00
4.928155274594439916e+00
4.928008824935960597e+00
4.927865627373730462e+00
4.927725609690921438e+00
4.927588701274363991e+00
4.927454833078948049e+00
4.927323937592795744e+00
4.927195948803209546e+00
4.927070802163388663e+00
4.926948434559873746e+00
4.926828784280719020e+00
4.926711790984366068e+00
4.926597395669217505e+00
4.926485540643880334e+00
4.926376169498070112e+00
4.926269227074160817e+00
4.926164659439372429e+00
4.926062413858566025e+00
4.925962438767656160e+00
4.925864683747598782e+00
4.925769099498969794e+00
4.925675637817093389e+00
4.925584251567746819e+00
4.925494894663376755e+00
4.925407522039860986e+00
4.925322089633782596e+00
4.925238554360208632e+00
4.925156874090960812e+00
4.925077007633365866e+00
4.924998914709488140e+00
4.924922555935811630e+00
4.924847892803382088e+00
4.924774887658382561e+00
4.924703503683145911e+00
4.924633704877588336e+00
4.924565456041051448e+00
4.924498722754551139e+00
4.924433471363420800e+00
4.924369668960334678e+00
4.924307283368717592e+00
4.924246283126514356e+00
4.924186637470323369e+00
4.924128316319881904e+00
4.924071290262896916e+00
4.924015530540215124e+00
4.923961009031311953e+00
4.923907698240116204e+00
4.923855571281136712e+00
4.923804601865914066e+00
4.923754764289752117e+00
4.923706033418763006e+00
4.923658384677184863e+00
4.923611794034993494e+00
4.923566237995780526e+00
4.923521693584901548e+00
4.923478138337896937e+00
4.923435550289156026e+00
4.923393907960843308e+00
4.923353190352061759e+00
4.923313376928268426e+00
4.923274447610915594e+00
4.923236382767322894e+00
4.923199163200779438e+00
4.923162770140858235e+00
4.923127185233956205e+00
4.923092390534033136e+00
4.923058368493564707e+00
4.923025101954690008e+00
4.922992574140556243e+00
4.922960768646866825e+00
4.922929669433599997e+00
4.922899260816924638e+00
4.922869527461284811e+00
4.922840454371673502e+00
4.922812026886063563e+00
4.922784230668019845e+00
4.922757051699462316e+00
4.922730476273600608e+00
4.922704490988020432e+00
4.922679082737925427e+00
4.922654238709528229e+00
4.922629946373585419e+00
4.922606193479082570e+00
4.922582968047052532e+00
4.922560258364538477e+00
4.922538052978682188e+00
4.922516340690950898e+00
4.922495110551489361e+00
4.922474351853597163e+00
4.922454054128330370e+00
4.922434207139221307e+00
4.922414800877114693e+00
4.922395825555117455e+00
4.922377271603673776e+00
4.922359129665727195e+00
4.922341390592006150e+00
4.922324045436412554e+00
4.922307085451503639e+00
4.922290502084088359e+00
4.922274286970909074e+00
4.922258431934421807e+00
4.922242928978679544e+00
4.922227770285291015e+00
4.922212948209484296e+00
4.922198455276250328e+00
4.922184284176567282e+00
4.922170427763723488e+00
4.922156879049707889e+00
4.922143631201685743e+00
4.922130677538555155e+00
4.922118011527574666e+00
4.922105626781072552e+00
4.922093517053221845e+00
4.922081676236894410e+00
4.922070098360573631e+00
4.922058777585353262e+00
4.922047708201982452e+00
4.922036884627993381e+00
4.922026301404886617e+00
4.922015953195369775e+00
4.922005834780676103e+00
4.921995941057925705e+00
4.921986267037556928e+00
