-6.642338394836629911e-01
-6.384469482710829480e-01
-6.147505472115201153e-01
-5.924858313282763689e-01
-5.717255378844149361e-01
-5.524960208830004271e-01
-5.346999281780293600e-01
-5.180047234554876479e-01
-5.024681482443367209e-01
-4.878025792340201505e-01
-4.745894835494004482e-01
-4.617958945563438444e-01
-4.503926828532172078e-01
-4.394098391092147171e-01
-4.291759519667575073e-01
-4.197918582963959810e-01
-4.106614316545429411e-01
-4.024586581999218815e-01
-3.946839437156177688e-01
-3.870925915396221662e-01
-3.804050449448013183e-01
-3.739660991397362189e-01
-3.676541314643335667e-01
-3.621248674783221766e-01
-3.557707526063307313e-01
-3.457517999645061124e-01
-3.339826647061849840e-01
-3.220724494973699059e-01
-3.104687674952950616e-01
-2.995900112059097786e-01
-2.896367080538038152e-01
-2.806477526768520470e-01
-2.725643486587747688e-01
-2.652765162258319265e-01
-2.586549961791377861e-01
-2.525716037230272271e-01
-2.469109224560357418e-01
-2.415758481590182249e-01
-2.364890341022376496e-01
-2.315918216913295247e-01
-2.268418187390772722e-01
-2.222099311342078387e-01
-2.176773610046689456e-01
-2.132328792168802778e-01
-2.088705203732099669e-01
-2.045877393043671333e-01
-2.003840246726165120e-01
-1.962598942881177422e-01
-1.922162319999731750e-01
-1.882538587799422736e-01
-1.843733016729331986e-01
-1.805746909603125339e-01
-1.768577428617503777e-01
-1.732217933540280974e-01
-1.696658582354002576e-01
-1.661887025031441034e-01
-1.627889083303237783e-01
-1.594649355817061576e-01
-1.562151720956346246e-01
-1.530379730802455818e-01
-1.499316903445593319e-01
-1.468946927418790516e-01
-1.439253794675847686e-01
-1.410221878793143091e-01
-1.381835973111469329e-01
-1.354081301422107586e-01
-1.326943510950040483e-01
-1.300408655276519276e-01
-1.274463172371809172e-01
-1.249093861350032419e-01
-1.224287860124282368e-01
-1.200032625218705462e-01
-1.176315914095096282e-01
-1.153125770225789104e-01
-1.130450510614720017e-01
-1.108278715329147346e-01
-1.086599218829569224e-01
-1.065401102576339909e-01
-1.044673688621551300e-01
-1.024406533945576570e-01
-1.004589425223558763e-01
-9.852123739524154544e-02
-9.662656117859302896e-02
-9.477395859617399054e-02
-9.296249548685064923e-02
-9.119125836329544654e-02
-8.945935397520354826e-02
-8.776590888178770200e-02
-8.611006901852968909e-02
-8.449099928359826706e-02
-8.290788311524499576e-02
-8.135992209110032292e-02
-7.984633552061515260e-02
-7.836636005552533035e-02
-7.691924930273019712e-02
-7.550427345005283897e-02
-7.412071889545535086e-02
-7.276788788429477961e-02
-7.144509815946786802e-02
-7.015168261573334618e-02
-6.888698896273481864e-02
-6.765037939563267599e-02
-6.644123027314075003e-02
-6.525893180281983064e-02
-6.410288773342065483e-02
-6.297251505410983441e-02
-6.186724370041751797e-02
-6.078651626674647090e-02
-5.972978772526360558e-02
-5.869652515105494572e-02
-5.768620745338548517e-02
-5.669832511194972113e-02
-5.573237992378743400e-02
-5.478788474634077588e-02
-5.386436325552335092e-02
-5.296134970459664970e-02
-5.207838868930725340e-02
-5.121503491822165799e-02
-5.037085298814547585e-02
-4.954541716456395406e-02
-4.873831116595495061e-02
-4.794912795770311931e-02
-4.717746954112600477e-02
-4.642294675648628299e-02
-4.568517908582014897e-02
-4.496379446104237232e-02
-4.425842907532828718e-02
-4.356872720349658223e-02
-4.289434101690892120e-02
-4.223493041177750484e-02
-4.159016283673944159e-02
-4.095971312515489515e-02
-4.034326333110804796e-02
-3.974050256907091239e-02
-3.915112685711452656e-02
-3.857483896263236289e-02
-3.801134825532548334e-02
-3.746037055781181735e-02
-3.692162800418108404e-02
-3.639484889699540204e-02
-3.587976757209743184e-02
-3.537612426759872974e-02
-3.488366498718198372e-02
-3.440214137570629660e-02
-3.393131059307430419e-02
-3.347093519175592391e-02
-3.302078299703969932e-02
-3.258062698994557138e-02
-3.215024519176301609e-02
-3.172942055594907274e-02
-3.131794085297023855e-02
-3.091559856603209866e-02
-3.052219078936024843e-02
-3.013751912018447499e-02
-2.976138956239360311e-02
-2.939361242780913486e-02
-2.903400224050844969e-02
-2.868237764329917283e-02
-2.833856130624701208e-02
-2.800237983725439861e-02
-2.767366369460688702e-02
-2.735224710050765395e-02
-2.703796796131641145e-02
-2.673066777913568615e-02
-2.643019157945314390e-02
-2.613638782637428548e-02
-2.584910834994724738e-02
-2.556820827050287903e-02
-2.529354592561938730e-02
-2.502498279865861264e-02
-2.476238344892323084e-02
-2.450561544334206587e-02
-2.425454928968884261e-02
-2.400905837126998676e-02
-2.376901888307481059e-02
-2.353430976933656993e-02
-2.330481266248085603e-02
-2.308041182343378850e-02
-2.286099408325137361e-02
-2.264644878604382683e-02
-2.243666773220143185e-02
-2.223154512768266144e-02
-2.203097752398086584e-02
-2.183486377353549557e-02
-2.164310497211641149e-02
-2.145560441169536148e-02
-2.127226753462974074e-02
-2.109300187930118753e-02
-2.091771704105704899e-02
-2.074632462001702038e-02
-2.057873818021827006e-02
-2.041487320414425710e-02
-2.025464705396196052e-02
-2.009797892413400788e-02
-1.994478980439584603e-02
-1.979500243900700340e-02
-1.964854128681903234e-02
-1.950533248702956968e-02
-1.936530381622603159e-02
-1.922838465569043365e-02
-1.909450595488859648e-02
-1.896360019663889673e-02
-1.883560136305995059e-02
-1.871044490228523927e-02
-1.858806769590248820e-02
-1.846840802711868790e-02
-1.835140554964365123e-02
-1.823700125725080667e-02
-1.812513745401744814e-02
-1.801575772426167177e-02
-1.790880690793716923e-02
-1.780423106712181180e-02
-1.770197746253288074e-02
-1.760199452602773107e-02
-1.750423183363425395e-02
-1.740864008395615059e-02
-1.731517106763247327e-02
-1.722377764672478051e-02
-1.713441373005641921e-02
-1.704703424899500774e-02
-1.696159513856931866e-02
-1.687805330954983418e-02
-1.679636663044670186e-02
-1.671649390534257762e-02
-1.663839485313944877e-02
-1.656203008722600956e-02
-1.648736109465032129e-02
-1.641435022055093285e-02
-1.634296064345930333e-02
-1.627315636046011704e-02
-1.620490216715131382e-02
-1.613816364375608714e-02
-1.607290713107634161e-02
-1.600909972110242663e-02
-1.594670923381924510e-02
-1.588570420468649047e-02
-1.582605386787605539e-02
-1.576772813979188115e-02
-1.571069760773324830e-02
-1.565493350840485576e-02
-1.560040772097615047e-02
-1.554709274532184438e-02
-1.549496169574560156e-02
-1.544398828079840413e-02
-1.539414679375772366e-02
-1.534541209874662471e-02
-1.529775961806967288e-02
-1.525116531980952317e-02
-1.520560570474094320e-02
-1.516105779832566114e-02
-1.511749913342885776e-02
-1.507490774173714243e-02
-1.503326214562994423e-02
-1.499254134164962338e-02
-1.495272479265574717e-02
-1.491379241945711698e-02
-1.487572458882402415e-02
-1.483850210161241634e-02
-1.480210618591204508e-02
-1.476651848666410416e-02
-1.473172105640907503e-02
-1.469769634624062959e-02
-1.466442719694693864e-02
-1.463189683036070221e-02
-1.460008884089525338e-02
-1.456898718727073216e-02
-1.453857618345200109e-02
-1.450884049459233438e-02
-1.447976512359350210e-02
-1.445133540727461252e-02
-1.442353700806764394e-02
-1.439635590678811639e-02
-1.436977839556563552e-02
-1.434379107093475270e-02
-1.431838082707015403e-02
-1.429353484917417205e-02
-1.426924060604939370e-02
-1.424548584763174475e-02
-1.422225859212922217e-02
-1.419954712756554827e-02
-1.417733999926751309e-02
-1.415562600781417046e-02
-1.413439420247852851e-02
-1.411363387571240580e-02
-1.409333455774852695e-02
-1.407348601130742338e-02
-1.405407822644644256e-02
-1.403510141551134183e-02
-1.401654600818869056e-02
-1.399840264571938775e-02
-1.398066218002114169e-02
-1.396331566338382402e-02
-1.394635434767188542e-02
-1.392976967901793373e-02
-1.391355329350041359e-02
-1.389769701293275261e-02
-1.388219284073644033e-02
-1.386703295790558954e-02
-1.385220971906919729e-02
-1.383771564862845693e-02
-1.382354343699132571e-02
-5.839691677979086393e-02
-6.026733881321177932e-02
-6.260367357008123079e-02
-6.497709996614542405e-02
-6.722827695493105438e-02
-6.935644273949570504e-02
-7.184027903025969053e-02
-7.436123938931116228e-02
-7.674527396188013384e-02
-7.899331117543040293e-02
-8.123689744202966523e-02
-8.372176882568371781e-02
-8.606483373996542952e-02
-8.826807569412853383e-02
-9.033357889342141789e-02
-9.238225018886936368e-02
-9.462544286365837110e-02
-9.672882907924273965e-02
-9.869504214417723631e-02
-1.005266432909581731e-01
-1.022261307519247708e-01
-1.040851337199928395e-01
-1.059703231585453764e-01
-1.077220810481831492e-01
-1.093433150003679799e-01
-1.108370190004164257e-01
-1.122062576584932359e-01
-1.135314194591519055e-01
-1.149976061227198088e-01
-1.163419851493419088e-01
-1.175677219974682330e-01
-1.186779522046039759e-01
-1.196757790939395605e-01
-1.205642716966366379e-01
-1.213464628759837183e-01
-1.222527292643018626e-01
-1.231133630992182759e-01
-1.238713199123475661e-01
-1.245296258418200352e-01
-1.250911984309288627e-01
-1.245737392232895147e-01
-1.225338481472100227e-01
-1.195852652679567640e-01
-1.161652756076287929e-01
-1.125708042418134269e-01
-1.089917108805549262e-01
-1.055466528477531085e-01
-1.023224096702861630e-01
-9.928724876215433426e-02
-9.644134040272334119e-02
-9.377200743962177398e-02
-9.126029811315294893e-02
-8.888531162494839322e-02
-8.662680960318436263e-02
-8.446667325855283792e-02
-8.238953298756257482e-02
-8.038288361543166616e-02
-7.843689418432742144e-02
-7.654406083077347489e-02
-7.469880147412499838e-02
-7.289705378743871478e-02
-7.113591117398865293e-02
-6.941331310676357447e-02
-6.772779280075802433e-02
-6.607828693039774492e-02
-6.446398492195193342e-02
-6.288422505039203969e-02
-6.133843239932357250e-02
-5.982605682381958445e-02
-5.834655598875482241e-02
-5.689937714425141735e-02
-5.548395175458598061e-02
-5.409969426719474228e-02
-5.274600401087337076e-02
-5.142226989297515871e-02
-5.012787463675483224e-02
-4.886219910755773554e-02
-4.762462619415686049e-02
-4.641454391129951063e-02
-4.523134778047488425e-02
-4.407444288944351030e-02
-4.294324509931257694e-02
-4.183718179461415332e-02
-4.075569262203959653e-02
-3.969822929855748583e-02
-3.866425627343961224e-02
-3.765324976012163205e-02
-3.666469807888983468e-02
-3.569810125950656499e-02
-3.475297075174665906e-02
-3.382882898053907184e-02
-3.292520962320555356e-02
-3.204165647606593836e-02
-3.117772372541249837e-02
-3.033297555117275834e-02
-2.950698587585254273e-02
-2.869933812578917554e-02
-2.790962500352733855e-02
-2.713744827008923721e-02
-2.638241853587874886e-02
-2.564415505909689585e-02
-2.492228555074493812e-02
-2.421644598540417803e-02
-2.352628041720983276e-02
-2.285144080048162607e-02
-2.219158681468602623e-02
-2.154638569346811749e-02
-2.091551205745467712e-02
-2.029864775080802985e-02
-1.969548168130774712e-02
-1.910570966388380754e-02
-1.852903426758967242e-02
-1.796516466584030525e-02
-1.741381648995243836e-02
-1.687471168586629489e-02
-1.634757837399725133e-02
-1.583215071217924930e-02
-1.532816876163600739e-02
-1.483537835589832099e-02
-1.435353097262215272e-02
-1.388238360825866380e-02
-1.342169865550157937e-02
-1.297124378343728068e-02
-1.253079182038163708e-02
-1.210012063929877257e-02
-1.167901304576801635e-02
-1.126725666846173368e-02
-1.086464385201946214e-02
-1.047097155233345234e-02
-1.008604123415324239e-02
-9.709658770938212058e-03
-9.341634346974991843e-03
-8.981782361646040158e-03
-8.629921335818302452e-03
-8.285873820328859551e-03
-7.949466306498287338e-03
-7.620529138625542487e-03
-7.298896428407530834e-03
-6.984405971309115557e-03
-6.676899164749450222e-03
-6.376220928102860341e-03
-6.082219624508056199e-03
-5.794746984395970912e-03
-5.513658030690926637e-03
-5.238811005725985126e-03
-4.970067299735703159e-03
-4.707291380948497306e-03
-4.450350727250196314e-03
-4.199115759348615029e-03
-3.953459775416945376e-03
-3.713258887193759961e-03
-3.478391957519200162e-03
-3.248740539227412683e-03
-3.024188815422768073e-03
-2.804623541064366066e-03
-2.589933985859715904e-03
-2.380011878423182736e-03
-2.174751351666337484e-03
-1.974048889409552032e-03
-1.777803274171319003e-03
-1.585915536147730620e-03
-1.398288903262212557e-03
-1.214828752401864165e-03
-1.035442561662769378e-03
-8.600398637090833631e-04
-6.885322001455307372e-04
-5.208330769015390160e-04
-3.568579206190136688e-04
-1.965240359913522639e-04
-3.975056406879673432e-05
1.135415585213905842e-04
2.634296394665724961e-04
4.099892697260187902e-04
5.532943616790575447e-04
6.934171863814952985e-04
8.304284100262293578e-04
9.643971295716369241e-04
1.095390907589255391e-03
1.223475806344964667e-03
1.348716421111006980e-03
1.471175912746147674e-03
1.590916039528877945e-03
1.707997188332477378e-03
1.822478405057559314e-03
1.934417424423351406e-03
2.043870699072414254e-03
2.150893428043865185e-03
2.255539584620436244e-03
2.357861943539596439e-03
2.457912107611370800e-03
2.555740533736639009e-03
2.651396558367657974e-03
2.744928422364623088e-03
2.836383295350408673e-03
2.925807299488880631e-03
3.013245532737407473e-03
3.098742091605544147e-03
3.182340093379032453e-03
3.264081697863296938e-03
3.344008128672193436e-03
3.422159693982962381e-03
3.498575806887949113e-03
3.573295005256937884e-03
3.646354971185594707e-03
3.717792549981169259e-03
3.787643768763615526e-03
3.855943854625287770e-03
3.922727252395397102e-03
3.988027642016334084e-03
4.051877955521199226e-03
4.114310393643627606e-03
4.175356442065236706e-03
4.235046887290927486e-03
4.293411832175131337e-03
4.350480711088344776e-03
4.406282304787012549e-03
4.460844754908599441e-03
4.514195578177115920e-03
4.566361680265806910e-03
4.617369369373847121e-03
4.667244369499279344e-03
4.716011833407307563e-03
4.763696355314372965e-03
4.810321983288012859e-03
4.855912231383818778e-03
4.900490091491960243e-03
4.944078044943012173e-03
4.986698073844664236e-03
5.028371672163522987e-03
5.069119856555559522e-03
5.108963176992276090e-03
5.147921727094662003e-03
5.186015154289513873e-03
5.223262669700190486e-03
5.259683057851738397e-03
5.295294686124663031e-03
5.330115514034616808e-03
5.364163102288266316e-03
5.397454621633102079e-03
5.430006861509184546e-03
5.461836238537465249e-03
5.492958804782510640e-03
5.523390255857130171e-03
5.553145938827164230e-03
5.582240859967058100e-03
5.610689692308490351e-03
5.638506783048669035e-03
5.665706160801420310e-03
5.692301542644884194e-03
5.718306341064405274e-03
5.743733670686701487e-03
5.768596354928767767e-03
5.792906932440722301e-03
5.816677663434077772e-03
5.839920535875009477e-03
5.862647271513310443e-03
5.884869331810982374e-03
5.906597923706513598e-03
5.927844005277016493e-03
5.948618291259144542e-03
5.968931258462539802e-03
5.988793151050053609e-03
6.008213985681187808e-03
6.027203556600468914e-03
6.045771440555292031e-03
6.063927001622282376e-03
6.081679395943950794e-03
6.099037576338339761e-03
6.116010296815410641e-03
6.132606116989514078e-03
6.148833406403042545e-03
6.164700348731955160e-03
6.180214945931794546e-03
6.195385022265575969e-03
6.210218228248187700e-03
6.224722044495756279e-03
6.238903785522609269e-03
6.252770603404123051e-03
6.266329491402267138e-03
6.279587287483678892e-03
6.292550677761354905e-03
6.305226199886604377e-03
6.317620246323762956e-03
6.329739067593820323e-03
6.341588775411466372e-03
6.353175345777728467e-03
6.364504621982902677e-03
6.375582317557970669e-03
6.386414019170061351e-03
6.397005189415772008e-03
6.407361169595837680e-03
6.417487182394765455e-03
6.427388334527606162e-03
6.437069619301460932e-03
6.446535919140572446e-03
6.455792008052796405e-03
6.464842554032124156e-03
6.473692121423013646e-03
6.482345173192349819e-03
6.490806073223609474e-03
8.078105088862663763e-02
9.017782424270137653e-02
9.887760520628585681e-02
1.065195621242223112e-01
1.137559787255906230e-01
1.202184120965563707e-01
1.259023474680018850e-01
1.272310406302876729e-01
1.242691750058702027e-01
1.186809566796434012e-01
1.121379762347576303e-01
1.054553047710382607e-01
9.912219391951948566e-02
9.339378566154321604e-02
8.836591616556788154e-02
8.403318404535919939e-02
8.033195355030020579e-02
7.717065665158040488e-02
7.444993636107577473e-02
7.207504386742691338e-02
6.996259762714451824e-02
6.804345113664922451e-02
6.626303965790913963e-02
6.458023321024608521e-02
6.296541873355510077e-02
6.139834230368323986e-02
5.986597788531167197e-02
5.836061944718329286e-02
5.687830256547599106e-02
5.541752586041370776e-02
5.397829233862960763e-02
5.256141215284104717e-02
5.116802553826094169e-02
4.979929893217693859e-02
4.845624535891079887e-02
4.713963699493772808e-02
4.584997788713840450e-02
4.458751425150309089e-02
4.335226557531601799e-02
4.214406486934452190e-02
4.096260046711641678e-02
3.980745482081093911e-02
3.867813793489016660e-02
3.757411456750991974e-02
3.649482527344716232e-02
3.543970190266554354e-02
3.440817842490417888e-02
3.339969801858089227e-02
3.241371979644425139e-02
3.144971363920490148e-02
3.050716813807730077e-02
2.958558813680811639e-02
2.868449155453367538e-02
2.780341576937050974e-02
2.694190938760288034e-02
2.609953352733018761e-02
2.527586089520061918e-02
2.447047498418042366e-02
2.368296939781888710e-02
2.291294729304471645e-02
2.216002092614255403e-02
2.142381128386361411e-02
2.070394778171369410e-02
2.000006801312492755e-02
1.931181753571120652e-02
1.863884968352769178e-02
1.798082539681500336e-02
1.733741306300062845e-02
1.670828836472626477e-02
1.609313413194346509e-02
1.549164019642113033e-02
1.490350324778555446e-02
1.432842669064982033e-02
1.376612050287162603e-02
1.321630109505100847e-02
1.267869117154729608e-02
1.215301959332304449e-02
1.163902124282767403e-02
1.113643689115040303e-02
1.064501306765164301e-02
1.016450193214968323e-02
9.694661149738603712e-03
9.235253768338225200e-03
8.786048098846865884e-03
8.346817598037237218e-03
7.917340754019619453e-03
7.497400974331824841e-03
7.086786476542705770e-03
6.685290181281278166e-03
6.292709607751412193e-03
5.908846771526476971e-03
5.533508084677674077e-03
5.166504258115711679e-03
4.807650206118729841e-03
4.456764952986524975e-03
4.113671541773999962e-03
3.778196945045220190e-03
3.450171977647187305e-03
3.129431211357669440e-03
2.815812891485691694e-03
2.509158855283910583e-03
2.209314452208399615e-03
1.916128465910826861e-03
1.629453037988781716e-03
1.349143593406321173e-03
1.075058767615377775e-03
8.070603352363647787e-04
5.450131403437197264e-04
2.887850283355142267e-04
3.824677925168273873e-05
-2.067279573649827284e-04
-4.462627262085128166e-04
-6.804783285141446925e-04
-9.094928829695980710e-04
-1.133421885284757735e-03
-1.352378266459286493e-03
-1.566472449700206937e-03
-1.775812406152432743e-03
-1.980503709314351823e-03
-2.180649588294780727e-03
-2.376350979872210445e-03
-2.567706579401196620e-03
-2.754812890582325480e-03
-2.937764274130394426e-03
-3.116652995366120393e-03
-3.291569270743810449e-03
-3.462601313348745435e-03
-3.629835377386481099e-03
-3.793355801676057126e-03
-3.953245052195519804e-03
-4.109583763663771094e-03
-4.262450780200932599e-03
-4.411923195096534300e-03
-4.558076389685528085e-03
-4.700984071377423135e-03
-4.840718310807901048e-03
-4.977349578194623092e-03
-5.110946778877245578e-03
-5.241577288075838226e-03
-5.369306984849497866e-03
-5.494200285331096723e-03
-5.616320175224398525e-03
-5.735728241547111139e-03
-5.852484703702920399e-03
-5.966648443846978012e-03
-6.078277036593249250e-03
-6.187426778030413743e-03
-6.294152714121370451e-03
-6.398508668475244576e-03
-6.500547269473244683e-03
-6.600319976817647927e-03
-6.697877107484817572e-03
-6.793267861107565864e-03
-6.886540344772651423e-03
-6.977741597288478204e-03
-7.066917612909673352e-03
-7.154113364538083886e-03
-7.239372826388201787e-03
-7.322738996172528658e-03
-7.404253916793557266e-03
-7.483958697532600013e-03
-7.561893534789199123e-03
-7.638097732349802271e-03
-7.712609721222118964e-03
-7.785467078995189638e-03
-7.856706548802439016e-03
-7.926364057849966116e-03
-7.994474735544709887e-03
-8.061072931191404223e-03
-8.126192231328044357e-03
-8.189865476660784793e-03
-8.252124778635572255e-03
-8.313001535616315607e-03
-8.372526448726436143e-03
-8.430729537332926071e-03
-8.487640154195119635e-03
-8.543287000246646556e-03
-8.597698139082066149e-03
-8.650901011118428130e-03
-8.702922447415772922e-03
-8.753788683218299838e-03
-8.803525371182896464e-03
-8.852157594325671397e-03
-8.899709878655848172e-03
-8.946206205551643365e-03
-8.991670023855036220e-03
-9.036124261705413829e-03
-9.079591338086778762e-03
-9.122093174141809868e-03
-9.163651204226130886e-03
-9.204286386727655866e-03
-9.244019214619036973e-03
-9.282869725799614002e-03
-9.320857513211322498e-03
-9.358001734703691454e-03
-9.394321122701221327e-03
-9.429833993654046509e-03
-9.464558257277655429e-03
-9.498511425574118761e-03
-9.531710621669464700e-03
-9.564172588448549561e-03
-9.595913697008739973e-03
-9.626949954898211814e-03
-9.657297014199262009e-03
-9.686970179417553339e-03
-9.715984415214151682e-03
-9.744354353931061752e-03
-9.772094302982203828e-03
-9.799218252067198875e-03
-9.825739880235051515e-03
-9.851672562766200514e-03
-9.877029377924007036e-03
-9.901823113564578449e-03
-9.926066273564071452e-03
-9.949771084135861088e-03
-9.972949499994054889e-03
-9.995613210392217951e-03
-1.001777364500133771e-02
-1.003944197968253960e-02
-1.006062914212302317e-02
-1.008134581735431468e-02
-1.010160245312663463e-02
-1.012140926518156903e-02
-1.014077624242037956e-02
-1.015971315191643853e-02
-1.017822954385660950e-02
-1.019633475635250974e-02
-1.021403792015984635e-02
-1.023134796326496954e-02
-1.024827361539903947e-02
-1.026482341243895036e-02
-1.028100570071854847e-02
-1.029682864122349883e-02
-1.031230021371465355e-02
-1.032742822075194411e-02
-1.034222029163922585e-02
-1.035668388625321512e-02
-1.037082629881425078e-02
-1.038465466156601735e-02
-1.039817594838066128e-02
-1.041139697825688160e-02
-1.042432441877183535e-02
-1.043696478943800798e-02
-1.044932446500368428e-02
-1.046140967864994664e-02
-1.047322652514193209e-02
-1.048478096390237368e-02
-1.049607882202785447e-02
-1.050712579720602946e-02
-1.051792746060176142e-02
-1.052848925966598514e-02
-1.053881652088950460e-02
-1.054891445247374548e-02
-1.055878814696598056e-02
-1.056844258382660939e-02
-1.057788263194847644e-02
-1.058711305209891762e-02
-1.059613849932450336e-02
-1.060496352530027053e-02
-1.061359258063498956e-02
-1.062203001709827177e-02
-1.063028008982191963e-02
-1.063834695944887443e-02
-1.064623469423731095e-02
-1.065394727209456605e-02
-1.066148858259774457e-02
-1.066886242894726777e-02
-1.067607252989910549e-02
-1.068312252162018083e-02
-1.069001595953045225e-02
-1.069675632010680388e-02
-1.070334700262076666e-02
-1.070979133085714352e-02
-1.071609255479089029e-02
-1.072225385223823935e-02
-1.072827833043721313e-02
-1.073416902762636127e-02
-1.073992891457820065e-02
-1.074556089610156917e-02
-1.075106781249290933e-02
-1.075645244097378495e-02
-1.076171749710619352e-02
-1.076686563613948877e-02
-1.077189945436218821e-02
-1.077682149040581905e-02
-1.078163422654032644e-02
-1.078634008990198012e-02
-1.079094145373193925e-02
-1.079544063856996416e-02
-1.079983991343302918e-02
-1.080414149694464143e-02
-1.080834755845883066e-02
-1.081246021916015820e-02
-1.081648155313397197e-02
-1.082041358840202250e-02
-1.082425830794742083e-02
-1.082801765073160283e-02
-1.083169351264823277e-02
-1.083528774749265011e-02
-1.083880216789312456e-02
-4.400111984439369905e-02
-4.714624270193867872e-02
-5.013061774877547450e-02
-5.295732386130236335e-02
-5.587895654677943469e-02
-5.884271970843535371e-02
-6.164911292088248729e-02
-6.430156131494779714e-02
-6.680356618131799706e-02
-6.915868935012348118e-02
-7.141770029616800741e-02
-7.382699368867484679e-02
-7.609349787744612570e-02
-7.822084052144262500e-02
-8.021260936496865668e-02
-8.207235015118818922e-02
-8.380356474752215235e-02
-8.540970946921166984e-02
-8.709634965026413767e-02
-8.874510757771680858e-02
-9.027361900673902539e-02
-9.168530415120379473e-02
-9.298346540805457749e-02
-9.417129506944021955e-02
-9.525188238911219685e-02
-9.622822005491205033e-02
-9.710321011549805092e-02
-9.815372821711498830e-02
-9.913275297065382574e-02
-1.000131134663000410e-01
-9.783104398050124217e-02
-9.369758006834771891e-02
-8.775278173585654429e-02
-8.253053503500495935e-02
-7.870870459648227069e-02
-7.605744132285785497e-02
-7.409919670225040278e-02
-7.243370339578447670e-02
-7.082829404345947211e-02
-6.919188732218017890e-02
-6.751608023048127905e-02
-6.582495911305397129e-02
-6.414561814397057304e-02
-6.249647257191526251e-02
-6.088607517078248321e-02
-5.931615403920353913e-02
-5.778509517782826066e-02
-5.629037806918457676e-02
-5.482977770602559531e-02
-5.340170100505048367e-02
-5.200509563516320100e-02
-5.063922573719104037e-02
-4.930349301916336913e-02
-4.799732640198683953e-02
-4.672013818216580461e-02
-4.547131904150525372e-02
-4.425024871799720927e-02
-4.305630848983632575e-02
-4.188888984061556187e-02
-4.074739861014009534e-02
-3.963125596125038896e-02
-3.853989775906274673e-02
-3.747277349658961754e-02
-3.642934533707453681e-02
-3.540908744026260990e-02
-3.441148553572226376e-02
-3.343603664550887089e-02
-3.248224887065287447e-02
-3.154964119014902479e-02
-3.063774325150170341e-02
-2.974609515000103954e-02
-2.887424720149400770e-02
-2.802175971445297620e-02
-2.718820276529587687e-02
-2.637315597908251874e-02
-2.557620831602402944e-02
-2.479695786358071530e-02
-2.403501163372556704e-02
-2.328998536486803772e-02
-2.256150332826489802e-02
-2.184919813864460991e-02
-2.115271056899281632e-02
-2.047168936940479966e-02
-1.980579108993651971e-02
-1.915467990739205817e-02
-1.851802745595509947e-02
-1.789551266158007081e-02
-1.728682158006300540e-02
-1.669164723872818001e-02
-1.610968948160085290e-02
-1.554065481803856841e-02
-1.498425627472244059e-02
-1.444021325093736152e-02
-1.390825137705142822e-02
-1.338810237615284393e-02
-1.287950392875014671e-02
-1.238219954048158655e-02
-1.189593841275993213e-02
-1.142047531629142298e-02
-1.095557046740580631e-02
-1.050098940712373974e-02
-1.005650288291715100e-02
-9.621886733099493938e-03
-9.196921773765076580e-03
-8.781393688265914932e-03
-8.375092919115978418e-03
-7.977814562316609681e-03
-7.589358264013412736e-03
-7.209528119458852302e-03
-6.838132574214839110e-03
-6.474984327543786833e-03
-6.119900237957054401e-03
-5.772701230846166709e-03
-5.433212208179938330e-03
-5.101261960192005063e-03
-4.776683079044552471e-03
-4.459311874396298947e-03
-4.148988290855193384e-03
-3.845555827255431325e-03
-3.548861457734808766e-03
-3.258755554560011092e-03
-2.975091812665198177e-03
-2.697727175872799421e-03
-2.426521764744116183e-03
-2.161338806036638971e-03
-1.902044563725446835e-03
-1.648508271562043603e-03
-1.400602067125333861e-03
-1.158200927336316965e-03
-9.211826054080773929e-04
-6.894275691973206222e-04
-4.628189409174865432e-04
-2.412424381992295253e-04
-2.458631645563258417e-05
1.872586874736015261e-04
3.943994104247394716e-04
5.969403167895848128e-04
7.949835511995573256e-04
9.886289900356004523e-04
1.177974291802996731e-03
1.363114946375532099e-03
1.544144323158747056e-03
1.721153718172274694e-03
1.894232400096562685e-03
2.063467655289308311e-03
2.228944831807133653e-03
2.390747382444935454e-03
2.548956906828436786e-03
2.703653192558164164e-03
2.854914255457252636e-03
3.002816378907091632e-03
3.147434152321437750e-03
3.288840508766988080e-03
3.427106761737519491e-03
3.562302641126002811e-03
3.694496328383145567e-03
3.823754490908548576e-03
3.950142315668259130e-03
4.073723542071583381e-03
4.194560494115151528e-03
4.312714111812887552e-03
4.428243981931423434e-03
4.541208368039839627e-03
4.651664239889718999e-03
4.759667302151271429e-03
4.865272022503752680e-03
4.968531659101493858e-03
5.069498287437745887e-03
5.168222826603674491e-03
5.264755064968262843e-03
5.359143685289780024e-03
5.451436289265920720e-03
5.541679421537715200e-03
5.629918593164973117e-03
5.716198304579478418e-03
5.800562068023040752e-03
5.883052429497936942e-03
5.963710990217307994e-03
6.042578427586597911e-03
6.119694515722251538e-03
6.195098145505006926e-03
6.268827344196203910e-03
6.340919294612668011e-03
6.411410353884150481e-03
6.480336071783554530e-03
6.547731208655704904e-03
6.613629752949989893e-03
6.678064938362204828e-03
6.741069260587373435e-03
6.802674493720850535e-03
6.862911706267738055e-03
6.921811276821898673e-03
6.979402909383480846e-03
7.035715648335383321e-03
7.090777893097310880e-03
7.144617412443210469e-03
7.197261358506956697e-03
7.248736280474510352e-03
7.299068137976760795e-03
7.348282314176834973e-03
7.396403628574077516e-03
7.443456349519372850e-03
7.489464206455132000e-03
7.534450401883496795e-03
7.578437623063649653e-03
7.621448053457768879e-03
7.663503383916747680e-03
7.704624823618999585e-03
7.744833110765902973e-03
7.784148523043654677e-03
7.822590887842650886e-03
7.860179592268146109e-03
7.896933592905774901e-03
7.932871425388121622e-03
7.968011213741021947e-03
8.002370679523806984e-03
8.035967150767042710e-03
8.068817570709541087e-03
8.100938506347077350e-03
8.132346156781267155e-03
8.163056361395248928e-03
8.193084607838407862e-03
8.222446039837905118e-03
8.251155464834347697e-03
8.279227361451368949e-03
8.306675886799119723e-03
8.333514883607229251e-03
8.359757887214769312e-03
8.385418132387911783e-03
8.410508560000806710e-03
8.435041823559252805e-03
8.459030295582259384e-03
8.482486073840611596e-03
8.505420987459544335e-03
8.527846602884636695e-03
8.549774229714479645e-03
8.571214926401893308e-03
8.592179505835240150e-03
8.612678540788287762e-03
8.632722369252832095e-03
8.652321099654969316e-03
8.671484615948799046e-03
8.690222582600881651e-03
8.708544449471666837e-03
8.726459456571689088e-03
8.743976638724504369e-03
8.761104830129262666e-03
8.777852668806040981e-03
8.794228600959463904e-03
8.810240885235742780e-03
8.825897596886456142e-03
8.841206631840847763e-03
8.856175710693747760e-03
8.870812382589576828e-03
8.885124029038848903e-03
8.899117867633421497e-03
8.912800955691579929e-03
8.926180193813415542e-03
8.939262329364261461e-03
8.952053959873751410e-03
8.964561536368265138e-03
8.976791366618108725e-03
8.988749618323410573e-03
9.000442322223634051e-03
9.011875375135147692e-03
9.023054542931063793e-03
9.033985463445581843e-03
9.044673649316159469e-03
9.055124490767063605e-03
9.065343258327196452e-03
9.075335105482196241e-03
9.085105071282129074e-03
9.094658082879014671e-03
9.103998958007508691e-03
9.113132407422952497e-03
9.122063037269256824e-03
9.130795351405929239e-03
9.139333753680922712e-03
9.147682550145752600e-03
9.155845951234198310e-03
9.163828073879720648e-03
9.171632943595575682e-03
9.179264496501637893e-03
9.186726581312143480e-03
9.194022961278136563e-03
9.201157316080177395e-03
9.208133243687299796e-03
9.214954262172447841e-03
9.221623811484391808e-03
9.228145255185893348e-03
9.234521882142132654e-03
9.240756908192260255e-03
9.246853477757888129e-03
9.252814665436481789e-03
9.258643477552119805e-03
9.264342853668061650e-03
9.269915668069117487e-03
9.275364731218260772e-03
9.280692791162614697e-03
9.285902534930556840e-03
8.626246236110191035e-02
9.604488056632298765e-02
1.051338078753785155e-01
1.136294164687914332e-01
1.209719871450980477e-01
1.279141194583663932e-01
1.341818112270445340e-01
1.395796584884170244e-01
1.446561035894142755e-01
1.490404007773040718e-01
1.526457642302951889e-01
1.560046093831228831e-01
1.588644325159300763e-01
1.610330653933265133e-01
1.630162360675835309e-01
1.647541977322313222e-01
1.656933973991279174e-01
1.665003624776830726e-01
1.671867096757120308e-01
1.672620978232282063e-01
1.669763552397527384e-01
1.666185026960262938e-01
1.661977657442363920e-01
1.650211398870480295e-01
1.637833506070758283e-01
1.625229189060553026e-01
1.612458538377334882e-01
1.594434286651660315e-01
1.576447579318212000e-01
1.558548912926394081e-01
1.540787182194067739e-01
1.518713898666184114e-01
1.495110426638870393e-01
1.471919521091860084e-01
1.449173245998269799e-01
1.426816626843963043e-01
1.399915758844900715e-01
1.373644357222549850e-01
1.348019757116925010e-01
1.323056872657155658e-01
1.276857730914036093e-01
1.214336230714876397e-01
1.147250711657719080e-01
1.082882800069711049e-01
1.024596230495027349e-01
9.737662080557440980e-02
9.304791707902571041e-02
8.940670876131839862e-02
8.634921961436337057e-02
8.376066675164883790e-02
8.153136778311376176e-02
7.956555619424321435e-02
7.778506766019877006e-02
7.612969618766096680e-02
7.455561266097476825e-02
7.303278639762789126e-02
7.154211440509228304e-02
7.007265852131205897e-02
6.861923510096090695e-02
6.718043149181096574e-02
6.575709061747381234e-02
6.435120696707286037e-02
6.296516436362731284e-02
6.160127478167831683e-02
6.026150593714874049e-02
5.894736549191770258e-02
5.765988109086550573e-02
5.639963881532095158e-02
5.516685056941095233e-02
5.396143262694108600e-02
5.278308187583813371e-02
5.163134322411644384e-02
5.050566728443595110e-02
4.940544576351668660e-02
4.833005418388003349e-02
4.727886540525538805e-02
4.625126586089778336e-02
4.524666290425005677e-02
4.426448819808692647e-02
4.330419828065434906e-02
4.236527341883467024e-02
4.144721556325636769e-02
4.054954596758064689e-02
3.967180283145377295e-02
3.881353917302687861e-02
3.797432102764197737e-02
3.715372599603061765e-02
3.635134212083701577e-02
3.556676704659356147e-02
3.479960740912635409e-02
3.404947840033267781e-02
3.331600346004393032e-02
3.259881405444553515e-02
3.189754950942380596e-02
3.121185687539185238e-02
3.054139080712303667e-02
2.988581344814655871e-02
2.924479431335402779e-02
2.861801016681342347e-02
2.800514489380856453e-02
2.740588936751664484e-02
2.681994131137210857e-02
2.624700515854394567e-02
2.568679190990597050e-02
2.513901899179549204e-02
2.460341011462174876e-02
2.407969513313146237e-02
2.356760990896655805e-02
2.306689617588464358e-02
2.257730140789671047e-02
2.209857869042353151e-02
2.163048659454980260e-02
2.117278905422015356e-02
2.072525524649782014e-02
2.028765947457866758e-02
1.985978105364538671e-02
1.944140419937157027e-02
1.903231791896642378e-02
1.863231590477298916e-02
1.824119643017851899e-02
1.785876224794491485e-02
1.748482049076516276e-02
1.711918257403732824e-02
1.676166410082924330e-02
1.641208476886690804e-02
1.607026827969315619e-02
1.573604224972258159e-02
1.540923812335148746e-02
1.508969108797764136e-02
1.477723999085078788e-02
1.447172725781964431e-02
1.417299881389122440e-02
1.388090400548547265e-02
1.359529552448335288e-02
1.331602933393249977e-02
1.304296459540088549e-02
1.277596359794830327e-02
1.251489168869568402e-02
1.225961720488411011e-02
1.201001140748481077e-02
1.176594841629596822e-02
1.152730514644173532e-02
1.129396124628478937e-02
1.106579903675020127e-02
1.084270345197579921e-02
1.062456198127348372e-02
1.041126461240149403e-02
1.020270377607102041e-02
9.998774291705814221e-03
9.799373314391068845e-03
9.604400283014458140e-03
9.413756869546929806e-03
9.227346929453483781e-03
9.045076453208844569e-03
8.866853518877171325e-03
8.692588245780452638e-03
8.522192749150558910e-03
8.355581095795594493e-03
8.192669260785656604e-03
8.033375085065186383e-03
7.877618234025884902e-03
7.725320156986237308e-03
7.576404047572538047e-03
7.430794805016294191e-03
7.288418996232559621e-03
7.149204818813092999e-03
7.013082064814213368e-03
6.879982085346680876e-03
6.749837755953835838e-03
6.622583442752683069e-03
6.498154969365455003e-03
6.376489584508204800e-03
6.257525930374097101e-03
6.141204011682388497e-03
6.027465165414858106e-03
5.916252031261226563e-03
5.807508522643667348e-03
5.701179798466071702e-03
5.597212235445292450e-03
5.495553401062558407e-03
5.396152027150824537e-03
5.298957983994601051e-03
5.203922255077042536e-03
5.110996912354393018e-03
5.020135092076882799e-03
4.931290971186053085e-03
4.844419744156613916e-03
4.759477600434713906e-03
4.676421702333621866e-03
4.595210163422569494e-03
4.515802027435400490e-03
4.438157247564689101e-03
4.362236666302532484e-03
4.288001995681689493e-03
4.215415797956811872e-03
4.144441466759962722e-03
4.075043208578987830e-03
4.007186024775677424e-03
3.940835693873934176e-03
3.875958754338215684e-03
3.812522487685932049e-03
3.750494901988199459e-03
3.689844715739853953e-03
3.630541342076520905e-03
3.572554873348510185e-03
3.515856066062639229e-03
3.460416326092952133e-03
3.406207694289120624e-03
3.353202832367729869e-03
3.301375009117757386e-03
3.250698086952663601e-03
3.201146508677643610e-03
3.152695284637685447e-03
3.105319980101883814e-03
3.058996702935967704e-03
3.013702091582803888e-03
2.969413303235635126e-03
2.926108002347049819e-03
2.883764349358441947e-03
2.842360989678383021e-03
2.801877042944544982e-03
2.762292092443052738e-03
2.723586174848691144e-03
2.685739770146300387e-03
2.648733791777768687e-03
2.612549577051037630e-03
2.577168877676117020e-03
2.542573850598861540e-03
2.508747048992843176e-03
2.475671413449731517e-03
2.443330263413034942e-03
2.411707288711761876e-03
2.380786541372970078e-03
2.350552427567542679e-03
2.320989699738262857e-03
2.292083448943493806e-03
2.263819097278796377e-03
2.236182390596308522e-03
2.209159391251658278e-03
2.182736471114221644e-03
2.156900304680187119e-03
2.131637862355262314e-03
2.106936403886372489e-03
2.082783471929250396e-03
2.059166885766572364e-03
2.036074735188408980e-03
2.013495374445728459e-03
1.991417416404406282e-03
1.969829726796268332e-03
1.948721418594479005e-03
1.928081846556350953e-03
1.907900601805900820e-03
1.888167506617577374e-03
1.868872609275262775e-03
1.850006179043850452e-03
1.831558701296920333e-03
1.813520872665508321e-03
1.795883596383829328e-03
1.778637977690733507e-03
1.761775319335301404e-03
1.745287117224991746e-03
1.729165056085557595e-03
1.713401005304149294e-03
1.697987014816160212e-03
1.682915311090660282e-03
1.668178293241062704e-03
1.653768529145338562e-03
1.639678751727657868e-03
1.625901855287548159e-03
1.612430891907212782e-03
1.599259067979419413e-03
1.586379740732946075e-03
1.573786414917233145e-03
1.561472739516123198e-03
1.549432504536429889e-03
1.537659637911747978e-03
1.526148202386945485e-03
1.514892392560973633e-03
1.503886531948328553e-03
1.493125070108680674e-03
1.482602579880865079e-03
1.472313754594667401e-03
1.462253405431157560e-03
1.452416458794791865e-03
1.442797953747021467e-03
1.433393039538488622e-03
1.424196973110358755e-03
1.415205116739315372e-03
1.406412935688550192e-03
1.397815995911155795e-03
1.389409961849441544e-03
1.381190594195835786e-03
1.373153747791899804e-03
1.365295369528007896e-03
1.357611496288546604e-03
1.350098252989928582e-03
1.342751850574197547e-03
1.335568584133417502e-03
1.328544831030287199e-03
