-6.642338394836629911e-01
-6.384469482710829480e-01
-6.147505472115201153e-01
-5.924858313282763689e-01
-5.717255378844149361e-01
-5.524960208830004271e-01
-5.346999281780293600e-01
-5.180047234554876479e-01
-5.024681482443367209e-01
-4.878025792340201505e-01
-4.745894835494004482e-01
-4.617958945563438444e-01
-4.503926828532172078e-01
-4.394098391092147171e-01
-4.291759519667575073e-01
-4.197918582963959810e-01
-4.106614316545429411e-01
-4.024586581999218815e-01
-3.946839437156177688e-01
-3.870925915396221662e-01
-3.804050449448013183e-01
-3.739660991397362189e-01
-3.676541314643335667e-01
-3.621248674783221766e-01
-3.568972095185114490e-01
-3.517462474448564969e-01
-3.468908668364503178e-01
-3.424692529919926010e-01
-3.276593774887777144e-01
-3.065158505694456359e-01
-2.888126784992293139e-01
-2.768202737481018083e-01
-2.692411164413934799e-01
-2.639824223088647059e-01
-2.594574017110029551e-01
-2.548623979206832146e-01
-2.499797880987468801e-01
-2.448847142495709228e-01
-2.397283688600020390e-01
-2.346310561159783425e-01
-2.296553783336832133e-01
-2.248184716586467680e-01
-2.201136811808690474e-01
-2.155274153189314923e-01
-2.110478722713233779e-01
-2.066675264236623732e-01
-2.023824213295646324e-01
-1.981905799970866688e-01
-1.940906986106338827e-01
-1.900814383431370658e-01
-1.861612003207988586e-01
-1.823281597438524138e-01
-1.785803807255814668e-01
-1.749159154008070871e-01
-1.713328600458687845e-01
-1.678293738730940454e-01
-1.644036769261751907e-01
-1.610540409071687940e-01
-1.577787806087060929e-01
-1.545762484953727700e-01
-1.514448321640422535e-01
-1.483829535008975853e-01
-1.453890684723142535e-01
-1.424616669326552731e-01
-1.395992722266417019e-01
-1.368004405904152954e-01
-1.340637604352035162e-01
-1.313878515944932879e-01
-1.287713645835308895e-01
-1.262129798899178645e-01
-1.237114072958784838e-01
-1.212653852259202303e-01
-1.188736801134102627e-01
-1.165350857818188146e-01
-1.142484228386888567e-01
-1.120125380818781657e-01
-1.098263039181786027e-01
-1.076886177944507139e-01
-1.055984016413402671e-01
-1.035546013294221801e-01
-1.015561861374889574e-01
-9.960214823272783846e-02
-9.769150216247091123e-02
-9.582328435722553550e-02
-9.399655264475237360e-02
-9.221038577491702526e-02
-9.046388295508656086e-02
-8.875616339584624370e-02
-8.708636586681306468e-02
-8.545364826228540878e-02
-8.385718717656720500e-02
-8.229617748870454719e-02
-8.076983195645093261e-02
-7.927738081924884384e-02
-7.781807141003138639e-02
-7.639116777563881300e-02
-7.499595030565853193e-02
-7.363171536952473062e-02
-7.229777496165779027e-02
-7.099345635449250125e-02
-6.971810175921788755e-02
-6.847106799403945843e-02
-6.725172615981023228e-02
-6.605946132286533157e-02
-6.489367220491004673e-02
-6.375377087977485147e-02
-6.263918247692412677e-02
-6.154934489153340849e-02
-6.048370850100948104e-02
-5.944173588781387352e-02
-5.842290156843477078e-02
-5.742669172836389890e-02
-5.645260396299001115e-02
-5.550014702421179891e-02
-5.456884057270805499e-02
-5.365821493568168066e-02
-5.276781087000737003e-02
-5.189717933062087951e-02
-5.104588124405706751e-02
-5.021348728702523800e-02
-4.939957766989389043e-02
-4.860374192497207702e-02
-4.782557869952119844e-02
-4.706469555333114840e-02
-4.632070876081950672e-02
-4.559324311750012626e-02
-4.488193175077404007e-02
-4.418641593489924801e-02
-4.350634491008120719e-02
-4.284137570558455010e-02
-4.219117296676966333e-02
-4.155540878595198606e-02
-4.093376253705161005e-02
-4.032592071388352295e-02
-3.973157677206051730e-02
-3.915043097439108166e-02
-3.858219023971765083e-02
-3.802656799511572316e-02
-3.748328403137168863e-02
-3.695206436165632269e-02
-3.643264108336552454e-02
-3.592475224299818137e-02
-3.542814170406138885e-02
-3.494255901788845264e-02
-3.446775929733147947e-02
-3.400350309327127007e-02
-3.354955627385258765e-02
-3.310568990640705422e-02
-3.267168014199750559e-02
-3.224730810253451097e-02
-3.183235977038334497e-02
-3.142662588044187189e-02
-3.102990181459341912e-02
-3.064198749852353743e-02
-3.026268730081627112e-02
-2.989180993429041422e-02
-2.952916835953800501e-02
-2.917457969059267242e-02
-2.882786510269141900e-02
-2.848884974210674770e-02
-2.815736263794788030e-02
-2.783323661594527820e-02
-2.751630821414208228e-02
-2.720641760046182966e-02
-2.690340849209116314e-02
-2.660712807666865132e-02
-2.631742693522687304e-02
-2.603415896683136666e-02
-2.575718131489734830e-02
-2.548635429514822803e-02
-2.522154132517107072e-02
-2.496260885553081010e-02
-2.470942630242722871e-02
-2.446186598183652805e-02
-2.421980304511484050e-02
-2.398311541603437291e-02
-2.375168372922642490e-02
-2.352539126997399421e-02
-2.330412391536018646e-02
-2.308777007670226311e-02
-2.287622064328953542e-02
-2.266936892734561226e-02
-2.246711061022699241e-02
-2.226934368981803303e-02
-2.207596842909032020e-02
-2.188688730579002595e-02
-2.170200496327501227e-02
-2.152122816240886749e-02
-2.134446573455184293e-02
-2.117162853557097435e-02
-2.100262940089425712e-02
-2.083738310154537032e-02
-2.067580630115983809e-02
-2.051781751396708486e-02
-2.036333706368154139e-02
-2.021228704333610793e-02
-2.006459127597937098e-02
-1.992017527626277484e-02
-1.977896621287911216e-02
-1.964089287183501398e-02
-1.950588562052368857e-02
-1.937387637262411033e-02
-1.924479855375027526e-02
-1.911858706788827078e-02
-1.899517826456076364e-02
-1.887450990672290274e-02
-1.875652113938608423e-02
-1.864115245892339345e-02
-1.852834568305539165e-02
-1.841804392151447090e-02
-1.831019154735047394e-02
-1.820473416888068741e-02
-1.810161860225667496e-02
-1.800079284464306539e-02
-1.790220604798919979e-02
-1.780580849339097327e-02
-1.771155156601844638e-02
-1.761938773058568941e-02
-1.752927050739261361e-02
-1.744115444887528454e-02
-1.735499511669358341e-02
-1.727074905931003102e-02
-1.718837379008864019e-02
-1.710782776585784148e-02
-1.702907036596235102e-02
-1.695206187178088797e-02
-1.687676344669775119e-02
-1.680313711650427422e-02
-1.673114575026302120e-02
-1.666075304156988679e-02
-1.659192349025406799e-02
-1.652462238446483767e-02
-1.645881578317798244e-02
-1.639447049906417320e-02
-1.633155408176723000e-02
-1.627003480152655612e-02
-1.620988163318015651e-02
-1.615106424051848677e-02
-1.609355296099179711e-02
-1.603731879073277966e-02
-1.598233336995003029e-02
-1.592856896861105653e-02
-1.587599847246723428e-02
-1.582459536937053102e-02
-1.577433373591441423e-02
-1.572518822434876284e-02
-1.567713404980120018e-02
-1.563014697778042361e-02
-1.558420331195531361e-02
-1.553927988219383494e-02
-1.549535403289192814e-02
-1.545240361153554787e-02
-1.541040695754025691e-02
-1.536934289131819398e-02
-1.532919070360172498e-02
-1.528993014499935299e-02
-1.525154141577811373e-02
-1.521400515588844371e-02
-1.517730243519155309e-02
-1.514141474391372810e-02
-1.510632398331601678e-02
-1.507201245656908384e-02
-1.503846285981458308e-02
-1.500565827345567982e-02
-1.497358215360922173e-02
-1.494221832377595760e-02
-1.491155096667151625e-02
-1.488156461625633753e-02
-1.485224414993302489e-02
-1.482357478091689273e-02
-1.479554205078859042e-02
-1.476813182218883469e-02
-1.474133027170232424e-02
-1.471512388287621320e-02
-1.468949943940556224e-02
-1.466444401847244450e-02
-1.463994498423026869e-02
-1.461598998141777628e-02
-1.459256692914534526e-02
-1.456966401478965167e-02
-1.454726968804598286e-02
-1.452537265509468156e-02
-1.450396187290881045e-02
-1.448302654368660569e-02
-1.446255610940960779e-02
-1.444254024650737378e-02
-1.442296886065852490e-02
-1.440383208169793150e-02
-1.438512025864291388e-02
-1.436682395481803098e-02
-1.434893394310599035e-02
-1.433144120128559962e-02
-1.431433690748651344e-02
-1.429761243573945961e-02
-1.428125935162283255e-02
-1.426526940801631227e-02
-1.424963454093441939e-02
-1.423434686545999028e-02
-1.421939867177313133e-02
-1.420478242126455015e-02
-1.419049074271905297e-02
-5.784927472752343647e-02
-6.020962892307046843e-02
-6.263927713099093353e-02
-6.494559194274218683e-02
-6.712782197730060574e-02
-6.963538760745935363e-02
-7.220891492736658535e-02
-7.464445549388676326e-02
-7.694294095957454616e-02
-7.921284706961273514e-02
-8.174655402502617463e-02
-8.413742635394116931e-02
-8.638746363224703018e-02
-8.849876618579344267e-02
-9.057184000426499182e-02
-9.285929559971561886e-02
-9.500598268928062140e-02
-9.701455675251402511e-02
-9.888760033976007335e-02
-1.006276322096537612e-01
-1.025060667610144804e-01
-1.044304600083103551e-01
-1.062205574495083127e-01
-1.078792787141518161e-01
-1.094096301909868174e-01
-1.108146892203238920e-01
-1.121594740806903800e-01
-1.136601743540444076e-01
-1.150382807409995323e-01
-1.162969742604911261e-01
-1.174394058028500609e-01
-1.184686938333356920e-01
-1.193879223118665678e-01
-1.202001388150399919e-01
-1.211228448974654981e-01
-1.220123681241833680e-01
-1.227985379856439963e-01
-1.234843976393245057e-01
-1.240728810295710360e-01
-1.245668203873506741e-01
-1.249689530906206159e-01
-1.252819279369790095e-01
-1.255083108764249999e-01
-1.259376743403395338e-01
-1.262963803756189662e-01
-1.265702267195454311e-01
-1.256678524123877594e-01
-1.190969470392833074e-01
-1.118629437623557266e-01
-1.060264052550996539e-01
-1.018635431329446561e-01
-9.890888557549271098e-02
-9.659112769947775234e-02
-9.449985976661068321e-02
-9.242574363080269251e-02
-9.030480316671418706e-02
-8.814754799262836116e-02
-8.598733769871547139e-02
-8.385376323901017059e-02
-8.176435361726586137e-02
-7.972579747044683529e-02
-7.773817796088700049e-02
-7.579882717335806319e-02
-7.390466965879927130e-02
-7.205323733501245442e-02
-7.024282028580675075e-02
-6.847226695354269310e-02
-6.674072347110104886e-02
-6.504744230203218791e-02
-6.339168261007888105e-02
-6.177267842331968239e-02
-6.018964226784273563e-02
-5.864178020781274370e-02
-5.712830561540638286e-02
-5.564844753739883743e-02
-5.420145405510368164e-02
-5.278659253278306096e-02
-5.140314852880845109e-02
-5.005042448056062909e-02
-4.872773864628854312e-02
-4.743442439139489153e-02
-4.616982973313188410e-02
-4.493331702487957102e-02
-4.372426269087270612e-02
-4.254205696395274572e-02
-4.138610361058248088e-02
-4.025581964419266967e-02
-3.915063503365612263e-02
-3.806999241320330185e-02
-3.701334679809242800e-02
-3.598016530621350739e-02
-3.496992688922073711e-02
-3.398212206864847929e-02
-3.301625267934404917e-02
-3.207183161751103739e-02
-3.114838259649577168e-02
-3.024543990606609611e-02
-2.936254817766581482e-02
-2.849926215503817417e-02
-2.765514646873157290e-02
-2.682977541779063557e-02
-2.602273275438093947e-02
-2.523361147395242199e-02
-2.446201360998312424e-02
-2.370755003328994803e-02
-2.296984025578296951e-02
-2.224851223857005067e-02
-2.154320220435135269e-02
-2.085355445395364882e-02
-2.017922118694492895e-02
-1.951986232623159623e-02
-1.887514534655743148e-02
-1.824474510679952033e-02
-1.762834368599630608e-02
-1.702563022301362139e-02
-1.643630075977942084e-02
-1.586005808798329753e-02
-1.529661159919548652e-02
-1.474567713830587934e-02
-1.420697686022265316e-02
-1.368023908974702607e-02
-1.316519818456196589e-02
-1.266159440127534452e-02
-1.216917376441362109e-02
-1.168768793834296105e-02
-1.121689410203163817e-02
-1.075655482659065854e-02
-1.030643795553487507e-02
-9.866316487700643734e-03
-9.435968462761401554e-03
-9.015176849303863094e-03
-8.603729435360918387e-03
-8.201418721395903333e-03
-7.808041815657418283e-03
-7.423400331858509560e-03
-7.047300289123370476e-03
-6.679552014159817475e-03
-6.319970045613132470e-03
-5.968373040522223505e-03
-5.624583682872774659e-03
-5.288428594172778219e-03
-4.959738246015810148e-03
-4.638346874579646339e-03
-4.324092397038903357e-03
-4.016816329816208508e-03
-3.716363708653247500e-03
-3.422583010474156140e-03
-3.135326076956879149e-03
-2.854448039815160598e-03
-2.579807247748533428e-03
-2.311265194996359185e-03
-2.048686451490588922e-03
-1.791938594551290009e-03
-1.540892142117833430e-03
-1.295420487433140977e-03
-1.055399835200532266e-03
-8.207091391492227217e-04
-5.912300409978143989e-04
-3.668468107482780738e-04
-1.474462883406246760e-04
6.708217343476263750e-05
2.768467647218386674e-04
4.819532731739073483e-04
6.825051372949531014e-04
8.786034986103530287e-04
1.070347252671410843e-03
1.257833098930127846e-03
1.441155589509968138e-03
1.620407176885940714e-03
1.795678260510413793e-03
1.967057232404201272e-03
2.134630521737790332e-03
2.298482638406262879e-03
2.458696215665412410e-03
2.615352051793529142e-03
2.768529150842802267e-03
2.918304762485668391e-03
3.064754420964099779e-03
3.207951983193346734e-03
3.347969666004146916e-03
3.484878082561593260e-03
3.618746277976647718e-03
3.749641764128064381e-03
3.877630553716038264e-03
4.002777193536921629e-03
4.125144797050950274e-03
4.244795076204788131e-03
4.361788372559516347e-03
4.476183687708079617e-03
4.588038713044362282e-03
4.697409858854584286e-03
4.804352282764767779e-03
4.908919917553156154e-03
5.011165498359559933e-03
5.111140589268536871e-03
5.208895609325026044e-03
5.304479857955790578e-03
5.397941539832196156e-03
5.489327789177878003e-03
5.578684693547053541e-03
5.666057317064598919e-03
5.751489723142988453e-03
5.835024996716065004e-03
5.916705265962995952e-03
5.996571723559718237e-03
6.074664647437444387e-03
6.151023421113066547e-03
6.225686553542608692e-03
6.298691698543024131e-03
6.370075673779673764e-03
6.439874479337248658e-03
6.508123315873248771e-03
6.574856602372669556e-03
6.640107993504784645e-03
6.703910396590018195e-03
6.766295988207104983e-03
6.827296230410340172e-03
6.886941886602215845e-03
6.945263037043680754e-03
7.002289094028668615e-03
7.058048816709572293e-03
7.112570325611855537e-03
7.165881116809380558e-03
7.218008075787984978e-03
7.268977491011519021e-03
7.318815067173467526e-03
7.367545938162578523e-03
7.415194679739833816e-03
7.461785321930314296e-03
7.507341361145059011e-03
7.551885772024036214e-03
7.595441019027759921e-03
7.638029067767782010e-03
7.679671396082277113e-03
7.720389004863825733e-03
7.760202428656270968e-03
7.799131746009102528e-03
7.837196589602690722e-03
7.874416156146146761e-03
7.910809216067349325e-03
7.946394122969380192e-03
7.981188822891560619e-03
8.015210863359101268e-03
8.048477402235576506e-03
8.081005216368453148e-03
8.112810710057871688e-03
8.143909923324699207e-03
8.174318540000058420e-03
8.204051895640773751e-03
8.233124985252082695e-03
8.261552470862021380e-03
8.289348688904851770e-03
8.316527657461492140e-03
8.343103083324976410e-03
8.369088368905153175e-03
8.394496618999269799e-03
8.419340647395578969e-03
8.443632983340165765e-03
8.467385877843014441e-03
8.490611309873052903e-03
8.513320992386219643e-03
8.535526378242508372e-03
8.557238665973798675e-03
8.578468805436223477e-03
8.599227503328421562e-03
8.619525228594326904e-03
8.639372217702501189e-03
8.658778479810891326e-03
8.677753801807241985e-03
8.696307753250920314e-03
8.714449691197501124e-03
8.732188764918547008e-03
8.749533920513030694e-03
8.766493905421945954e-03
8.783077272836337102e-03
8.799292386016510648e-03
8.815147422503777364e-03
8.830650378246041043e-03
8.845809071633681242e-03
8.860631147439512745e-03
8.875124080675256266e-03
8.889295180357414949e-03
8.903151593201208414e-03
8.916700307216807175e-03
8.929948155239841867e-03
8.942901818370430078e-03
8.955567829350918885e-03
8.967952575853033181e-03
8.980062303701963344e-03
8.991903120031174979e-03
9.003480996351065357e-03
9.014801771570546407e-03
9.025871154943132524e-03
9.036694728931315979e-03
9.047277952038079718e-03
9.057626161554921396e-03
9.067744576249481270e-03
9.077638298999879396e-03
9.087312319368656688e-03
