1.000000000000000000e+01
1.000000000000000000e+01
1.000000000000000000e+01
1.000000000000000000e+01
1.000000000000000000e+01
1.000000000000000000e+01
1.000000000000000000e+01
1.000000000000000000e+01
1.000000000000000000e+01
1.000000000000000000e+01
1.000000000000000000e+01
1.000000000000000000e+01
1.000000000000000000e+01
1.000000000000000000e+01
1.000000000000000000e+01
1.000000000000000000e+01
1.000000000000000000e+01
1.000000000000000000e+01
1.000000000000000000e+01
1.000000000000000000e+01
1.000000000000000000e+01
1.000000000000000000e+01
1.000000000000000000e+01
1.000000000000000000e+01
9.866689686617302613e+00
9.294031537359789041e+00
8.522834243110429142e+00
7.711826755067474615e+00
6.958886144191052558e+00
6.312543889006771103e+00
5.790399380965371989e+00
5.390638412717827954e+00
5.100381914623445034e+00
4.901588688424529217e+00
4.774971936445144394e+00
4.702387514347160291e+00
4.668106482692630621e+00
4.659318641099842395e+00
4.666142058799262138e+00
4.681345598891945237e+00
4.699932034916321832e+00
4.718680725704822443e+00
4.735711083611524153e+00
4.750100256640674701e+00
4.761569172198271360e+00
4.770238521104169571e+00
4.776448791845542274e+00
4.780634832535598733e+00
4.783244121967849871e+00
4.784688182597065520e+00
4.785317937987219494e+00
4.785415301053969728e+00
4.785194974122046752e+00
4.784811987975123415e+00
4.784371835300170517e+00
4.783941126863951787e+00
4.783557520353406645e+00
4.783238268244581981e+00
4.782987139810273902e+00
4.782799732666102699e+00
4.782667338181499694e+00
4.782579596021863999e+00
4.782526190896968288e+00
4.782497830699172781e+00
4.782486713985722560e+00
4.782486656580435813e+00
4.782493008552967773e+00
4.782502457842429777e+00
4.782512787225041251e+00
4.782522627758239331e+00
4.782531234017027622e+00
4.782538293675181684e+00
4.782543775380038831e+00
4.782547813499193445e+00
4.782550625390774357e+00
4.782552455438301209e+00
4.782553540058004593e+00
4.782554088200109632e+00
4.782554272713282373e+00
4.782554228833709509e+00
4.782554056946150212e+00
4.782553827544861136e+00
4.782553587021532771e+00
4.782553363307600058e+00
4.782553170951759469e+00
4.782553015347208891e+00
4.782552896064380832e+00
4.782552809343608935e+00
4.782552749860321306e+00
4.782552711892034125e+00
4.782552690058495592e+00
4.782552679671680629e+00
4.782552676923529589e+00
4.782552678864124829e+00
4.782552683332156107e+00
4.782552688831791521e+00
4.782552694397160131e+00
4.782552699456133816e+00
4.782552703739384903e+00
4.782552707159411831e+00
4.782552709749015030e+00
4.782552711600921214e+00
4.782552712853183507e+00
4.782552713637174158e+00
4.782552714074235212e+00
4.782552714268164529e+00
4.782552714302558350e+00
4.782552714241247394e+00
4.782552714123940341e+00
4.782552713985567472e+00
4.782552713854872017e+00
4.782552713741231365e+00
4.782552713648450471e+00
4.782552713576730952e+00
4.782552713517631560e+00
4.782552713478068540e+00
4.782552713453622317e+00
4.782552713433815939e+00
4.782552713425098467e+00
4.782552713417131507e+00
4.782552713416895251e+00
4.782552713421143409e+00
4.782552713427574709e+00
4.782552713434658820e+00
4.782552713441439174e+00
4.782552713447366877e+00
4.782552713452249193e+00
4.782552713456051485e+00
4.782552713458841254e+00
4.782552713460776594e+00
4.782552713455530125e+00
4.782552713446641235e+00
4.782552713443009473e+00
4.782552713442764336e+00
4.782552713444522041e+00
4.782552713447261183e+00
4.782552713450302306e+00
4.782552713446727388e+00
4.782552713446147408e+00
4.782552713447366877e+00
4.782552713449513604e+00
4.782552713451989845e+00
4.782552713454418125e+00
4.782552713456580840e+00
4.782552713451870829e+00
4.782552713450159310e+00
4.782552713450337833e+00
4.782552713451591941e+00
4.782552713453358528e+00
4.782552713455232585e+00
4.782552713457008053e+00
4.782552713458547267e+00
4.782552713453305238e+00
4.782552713444636616e+00
4.782552713441309500e+00
4.782552713441397430e+00
4.782552713443464221e+00
4.782552713446480475e+00
4.782552713449764958e+00
4.782552713452862925e+00
4.782552713455560323e+00
4.782552713457776328e+00
4.782552713459497618e+00
4.782552713460770377e+00
4.782552713455142879e+00
4.782552713446091452e+00
4.782552713435926250e+00
4.782552713432590252e+00
4.782552713433519287e+00
4.782552713436832192e+00
4.782552713441218906e+00
4.782552713445804571e+00
4.782552713450045623e+00
4.782552713453666726e+00
4.782552713456609261e+00
4.782552713458871452e+00
4.782552713460489713e+00
4.782552713461589278e+00
4.782552713462284721e+00
4.782552713462684402e+00
4.782552713462878025e+00
4.782552713462926874e+00
4.782552713462897565e+00
4.782552713462820293e+00
4.782552713456230897e+00
4.782552713452998816e+00
4.782552713445507031e+00
4.782552713442774106e+00
4.782552713443076087e+00
4.782552713445103798e+00
4.782552713447935311e+00
4.782552713450972881e+00
4.782552713453819493e+00
4.782552713449778281e+00
4.782552713448627202e+00
4.782552713449291559e+00
4.782552713450911597e+00
4.782552713452951743e+00
4.782552713455036297e+00
4.782552713450434645e+00
4.782552713442393078e+00
4.782552713439667258e+00
4.782552713440271219e+00
4.782552713442754566e+00
4.782552713446085235e+00
4.782552713443082304e+00
4.782552713436702518e+00
4.782552713428984248e+00
4.782552713427720370e+00
4.782552713430328950e+00
4.782552713428434465e+00
4.782552713430621161e+00
4.782552713434933267e+00
4.782552713440068715e+00
4.782552713438694703e+00
4.782552713440184178e+00
4.782552713443175563e+00
4.782552713446741599e+00
4.782552713450317405e+00
4.782552713447039139e+00
4.782552713446611037e+00
4.782552713447877579e+00
4.782552713449995885e+00
4.782552713445928916e+00
4.782552713445157089e+00
4.782552713446369452e+00
4.782552713448597892e+00
4.782552713451208248e+00
4.782552713453784854e+00
4.782552713449588211e+00
4.782552713448385617e+00
4.782552713449037540e+00
4.782552713450682447e+00
4.782552713452764337e+00
4.782552713454888860e+00
4.782552713456839300e+00
4.782552713458484206e+00
4.782552713459800486e+00
4.782552713460791693e+00
4.782552713461516447e+00
4.782552713462004945e+00
4.782552713462299820e+00
4.782552713462481009e+00
4.782552713462565386e+00
4.782552713462595584e+00
4.782552713462588478e+00
4.782552713462552951e+00
4.782552713462518312e+00
4.782552713462479232e+00
4.782552713462441929e+00
4.782552713455889837e+00
4.782552713452701276e+00
4.782552713451780235e+00
4.782552713452264292e+00
4.782552713453510407e+00
4.782552713455083371e+00
4.782552713456697191e+00
4.782552713451658555e+00
4.782552713449771176e+00
4.782552713449878645e+00
4.782552713451135418e+00
4.782552713452942861e+00
4.782552713454888860e+00
4.782552713456731830e+00
4.782552713458337657e+00
4.782552713459659266e+00
4.782552713460676230e+00
4.782552713461418747e+00
4.782552713461927674e+00
4.782552713462251859e+00
4.782552713462445482e+00
4.782552713456026616e+00
4.782552713452918880e+00
4.782552713452020932e+00
4.782552713452490778e+00
4.782552713453705806e+00
4.782552713455240578e+00
4.782552713456817983e+00
4.782552713458261273e+00
4.782552713459489624e+00
4.782552713453964266e+00
4.782552713451556414e+00
4.782552713451201143e+00
4.782552713452066229e+00
4.782552713453545046e+00
4.782552713455248572e+00
4.782552713456920124e+00
4.782552713451909021e+00
4.782552713443498860e+00
4.782552713440451519e+00
4.782552713440789915e+00
4.782552713436570180e+00
4.782552713436618141e+00
4.782552713439125469e+00
4.782552713442813186e+00
4.782552713440351155e+00
4.782552713441039494e+00
4.782552713443489090e+00
4.782552713446708736e+00
4.782552713450087367e+00
4.782552713453215532e+00
1.000000000000000000e+01
1.000000000000000000e+01
1.000000000000000000e+01
1.000000000000000000e+01
1.000000000000000000e+01
1.000000000000000000e+01
1.000000000000000000e+01
1.000000000000000000e+01
1.000000000000000000e+01
1.000000000000000000e+01
1.000000000000000000e+01
1.000000000000000000e+01
1.000000000000000000e+01
1.000000000000000000e+01
1.000000000000000000e+01
1.000000000000000000e+01
1.000000000000000000e+01
1.000000000000000000e+01
1.000000000000000000e+01
1.000000000000000000e+01
1.000000000000000000e+01
1.000000000000000000e+01
1.000000000000000000e+01
1.000000000000000000e+01
1.000000000000000000e+01
1.000000000000000000e+01
1.000000000000000000e+01
1.000000000000000000e+01
1.000000000000000000e+01
1.000000000000000000e+01
1.000000000000000000e+01
1.000000000000000000e+01
1.000000000000000000e+01
1.000000000000000000e+01
1.000000000000000000e+01
1.000000000000000000e+01
1.000000000000000000e+01
1.000000000000000000e+01
1.000000000000000000e+01
1.000000000000000000e+01
9.895502378618225237e+00
9.652497617841614641e+00
9.352704642779086086e+00
9.047829962198559173e+00
8.767785288091458185e+00
8.527349352289059325e+00
8.331338068219915627e+00
8.178503505798737194e+00
8.064410589162569920e+00
7.982650473786854661e+00
7.926663758488686540e+00
7.890395331905442511e+00
7.868622040110176741e+00
7.857064602256428998e+00
7.852366293325484747e+00
7.851997913762929215e+00
7.854129190528667870e+00
7.857492644808531601e+00
7.861255415488295206e+00
7.864907145091097007e+00
7.868167101454932144e+00
7.870910612437154619e+00
7.873113120296497236e+00
7.874809306049709967e+00
7.876064465812741666e+00
7.876955482622021165e+00
7.877558908005537930e+00
7.877944205957473578e+00
7.878170605985891584e+00
7.878286122520793633e+00
7.878328082945178501e+00
7.878324366121976396e+00
7.878294963988294874e+00
7.878253577224134219e+00
7.878209086780064041e+00
7.878166830835915846e+00
7.878129649222133324e+00
7.878098703124701174e+00
7.878074093401673750e+00
7.878055307701106180e+00
7.878041529611878424e+00
7.878031843585359795e+00
7.878025359952889772e+00
7.878021283227637284e+00
7.878018944332099593e+00
7.878017804823223891e+00
7.878017452035251722e+00
7.878017579134493964e+00
7.878017968163551821e+00
7.878018471400670464e+00
7.878018994422883559e+00
7.878019480676794473e+00
7.878019903209256825e+00
7.878020251431038901e+00
7.878020525995347967e+00
7.878020733900656936e+00
7.878020885130445627e+00
7.878020990470339768e+00
7.878021060192753389e+00
7.878021103353594512e+00
7.878021127500907106e+00
7.878021138644939469e+00
7.878021141379241143e+00
7.878021139077023172e+00
7.878021134112895396e+00
7.878021128079001123e+00
7.878021121978572516e+00
7.878021116389070322e+00
7.878021111593422887e+00
7.878021107681443702e+00
7.878021104624768789e+00
7.878021102330299286e+00
7.878021100676450672e+00
7.878021099536272942e+00
7.878021098791272436e+00
7.878021098338448880e+00
7.878021098092760965e+00
7.878021097987208954e+00
7.878021097970934861e+00
7.878021098007031320e+00
7.878021098069707406e+00
7.878021098141859468e+00
7.878021098212907525e+00
7.878021098276945189e+00
7.878021098331213778e+00
7.878021098375021403e+00
7.878021098408959588e+00
7.878021098434209613e+00
7.878021098452257398e+00
7.878021098464566663e+00
7.878021098472485662e+00
7.878021098477192119e+00
7.878021098479676354e+00
7.878021098480641804e+00
7.878021098480638251e+00
7.878021098480119555e+00
7.878021098479352169e+00
7.878021098478540374e+00
7.878021098477722362e+00
7.878021098476978068e+00
7.878021098476393647e+00
7.878021098475909589e+00
7.878021098475552542e+00
7.878021098475284312e+00
7.878021098475088912e+00
7.878021098474945916e+00
7.878021098474879302e+00
7.878021098474853545e+00
7.878021098474858874e+00
7.878021098474880191e+00
7.878021098474896178e+00
7.878021098474929929e+00
7.878021098474968120e+00
7.878021098474988548e+00
7.878021098474999206e+00
7.878021098475003647e+00
7.878021098475006312e+00
7.878021098475010753e+00
7.878021098474992989e+00
7.878021098474984996e+00
7.878021098474963679e+00
7.878021098474953021e+00
7.878021098474960127e+00
7.878021098474963679e+00
7.878021098474968120e+00
7.878021098474968120e+00
7.878021098474969008e+00
7.878021098474969897e+00
7.878021098474953021e+00
7.878021098474950357e+00
7.878021098474958350e+00
7.878021098474963679e+00
7.878021098474966344e+00
7.878021098474968120e+00
7.878021098474969897e+00
7.878021098474954798e+00
7.878021098474949468e+00
7.878021098474955686e+00
7.878021098474961015e+00
7.878021098474965456e+00
7.878021098474967232e+00
7.878021098474969008e+00
7.878021098474969897e+00
7.878021098474951245e+00
7.878021098474947692e+00
7.878021098474970785e+00
7.878021098474969897e+00
7.878021098474952133e+00
7.878021098474949468e+00
7.878021098474957462e+00
7.878021098474962791e+00
7.878021098474966344e+00
7.878021098474969008e+00
7.878021098474970785e+00
7.878021098474954798e+00
7.878021098474949468e+00
7.878021098474957462e+00
7.878021098474963679e+00
7.878021098474964568e+00
7.878021098474967232e+00
7.878021098474969897e+00
7.878021098474953021e+00
7.878021098474947692e+00
7.878021098474971673e+00
7.878021098474969008e+00
7.878021098474969897e+00
7.878021098474951245e+00
7.878021098474947692e+00
7.878021098474970785e+00
7.878021098474969897e+00
7.878021098474951245e+00
7.878021098474947692e+00
7.878021098474971673e+00
7.878021098474972561e+00
7.878021098474953909e+00
7.878021098474950357e+00
7.878021098474957462e+00
7.878021098474963679e+00
7.878021098474966344e+00
7.878021098474969008e+00
7.878021098474969897e+00
7.878021098474952133e+00
7.878021098474949468e+00
7.878021098474954798e+00
7.878021098474960127e+00
7.878021098474961903e+00
7.878021098474966344e+00
7.878021098474968120e+00
7.878021098474969008e+00
7.878021098474968120e+00
7.878021098474970785e+00
7.878021098474953021e+00
7.878021098474949468e+00
7.878021098474955686e+00
7.878021098474961015e+00
7.878021098474965456e+00
7.878021098474966344e+00
7.878021098474969008e+00
7.878021098474969897e+00
7.878021098474953909e+00
7.878021098474949468e+00
7.878021098474955686e+00
7.878021098474961903e+00
7.878021098474965456e+00
7.878021098474967232e+00
7.878021098474969008e+00
7.878021098474969897e+00
7.878021098474954798e+00
7.878021098474949468e+00
7.878021098474956574e+00
7.878021098474962791e+00
7.878021098474966344e+00
7.878021098474968120e+00
7.878021098474969008e+00
7.878021098474971673e+00
7.878021098474953021e+00
7.878021098474949468e+00
7.878021098474957462e+00
7.878021098474962791e+00
7.878021098474966344e+00
7.878021098474969008e+00
7.878021098474969897e+00
7.878021098474953909e+00
7.878021098474950357e+00
7.878021098474958350e+00
7.878021098474963679e+00
7.878021098474967232e+00
7.878021098474969008e+00
7.878021098474970785e+00
7.878021098474951245e+00
7.878021098474947692e+00
7.878021098474974337e+00
7.878021098474973449e+00
7.878021098474953021e+00
7.878021098474950357e+00
7.878021098474958350e+00
7.878021098474962791e+00
7.878021098474966344e+00
7.878021098474969008e+00
7.878021098474969008e+00
7.878021098474970785e+00
7.878021098474950357e+00
7.878021098474946804e+00
7.878021098474969897e+00
7.878021098474970785e+00
7.878021098474954798e+00
7.878021098474948580e+00
7.878021098474957462e+00
7.878021098474963679e+00
7.878021098474966344e+00
7.878021098474969008e+00
7.878021098474969897e+00
7.878021098474951245e+00
7.878021098474947692e+00
7.878021098474970785e+00
7.878021098474969897e+00
7.878021098474950357e+00
7.878021098474947692e+00
7.878021098474970785e+00
7.878021098474971673e+00
0.000000000000000000e+00
0.000000000000000000e+00
0.000000000000000000e+00
0.000000000000000000e+00
0.000000000000000000e+00
0.000000000000000000e+00
2.371877065753176007e-10
4.382791424484659415e-01
1.233951521738416934e+00
2.165702952740959475e+00
3.093100861314358685e+00
3.932038398412113001e+00
4.641940297198965837e+00
5.211238444422830796e+00
5.646257578584005898e+00
5.963110635863640319e+00
6.182091730097447169e+00
6.324037665456943458e+00
6.408168285029320899e+00
6.450984448729169429e+00
6.465881274863137129e+00
6.463211862382557626e+00
6.450606218403018843e+00
6.433408543431516691e+00
6.415142585209246739e+00
6.397950200153655231e+00
6.382973570228898552e+00
6.370669480881488766e+00
6.361055091435583897e+00
6.353891054941825267e+00
6.348811521779926359e+00
6.345411204625482249e+00
6.343299517756943118e+00
6.342130602307098464e+00
6.341616575362159836e+00
6.341529847716436130e+00
6.341698877028205672e+00
6.342000511448460998e+00
6.342351066212258637e+00
6.342697492693369021e+00
6.343009419501937529e+00
6.343272436754239685e+00
6.343482723454935801e+00
6.343642951452570955e+00
6.343759309082130926e+00
6.343839449771317973e+00
6.343891166998814057e+00
6.343921613145456107e+00
6.343936889458509754e+00
6.343941955543288991e+00
6.343940632912204336e+00
6.343935729117455402e+00
6.343929203684841589e+00
6.343922342906376244e+00
6.343915923564936499e+00
6.343910371670032688e+00
6.343905837204400378e+00
6.343902312823828993e+00
6.343899700657203766e+00
6.343897859422595431e+00
6.343896635765333691e+00
6.343895883544485415e+00
6.343895474345300656e+00
6.343895301930899677e+00
6.343895282767371135e+00
6.343895354224370564e+00
6.343895471594406921e+00
6.343895604704009372e+00
6.343895734601904479e+00
6.343895850599111874e+00
6.343895947787167700e+00
6.343896025063664013e+00
6.343896083634931848e+00
6.343896125933870422e+00
6.343896154879007376e+00
6.343896173399910410e+00
6.343896184161030405e+00
6.343896189426218690e+00
6.343896191017303288e+00
6.343896190330922558e+00
6.343896188387845747e+00
6.343896185896308104e+00
6.343896183317685455e+00
6.343896180927593775e+00
6.343896178868277502e+00
6.343896177191614250e+00
6.343896175892197675e+00
6.343896174931886733e+00
6.343896174257156240e+00
6.343896173810525951e+00
6.343896173537499017e+00
6.343896173390461968e+00
6.343896173330056065e+00
6.343896173325486387e+00
6.343896173353719803e+00
6.343896173398339222e+00
6.343896173448294817e+00
6.343896173496747615e+00
6.343896173539852690e+00
6.343896173575865660e+00
6.343896173604393951e+00
6.343896173625968693e+00
6.343896173641510927e+00
6.343896173652090020e+00
6.343896173658833071e+00
6.343896173662721516e+00
6.343896173664584026e+00
6.343896173665117821e+00
6.343896173664829163e+00
6.343896173664086646e+00
6.343896173663133631e+00
6.343896173662165516e+00
6.343896173661276450e+00
6.343896173660501070e+00
6.343896173659866022e+00
6.343896173659400617e+00
6.343896173659056892e+00
6.343896173658817972e+00
6.343896173658613691e+00
6.343896173658474247e+00
6.343896173658382764e+00
6.343896173658341908e+00
6.343896173658337467e+00
6.343896173658348125e+00
6.343896173658364113e+00
6.343896173658378324e+00
6.343896173658404969e+00
6.343896173658427173e+00
6.343896173658453819e+00
6.343896173658470694e+00
6.343896173658478688e+00
6.343896173658480464e+00
6.343896173658476023e+00
6.343896173658468918e+00
6.343896173658469806e+00
6.343896173658469806e+00
6.343896173658469806e+00
6.343896173658467141e+00
6.343896173658468030e+00
6.343896173658468918e+00
6.343896173658468918e+00
6.343896173658469806e+00
6.343896173658467141e+00
6.343896173658468030e+00
6.343896173658468030e+00
6.343896173658468918e+00
6.343896173658469806e+00
6.343896173658468918e+00
6.343896173658468918e+00
6.343896173658468918e+00
6.343896173658468918e+00
6.343896173658466253e+00
6.343896173658467141e+00
6.343896173658468030e+00
6.343896173658468030e+00
6.343896173658468030e+00
6.343896173658465365e+00
6.343896173658466253e+00
6.343896173658463589e+00
6.343896173658465365e+00
6.343896173658466253e+00
6.343896173658467141e+00
6.343896173658468030e+00
6.343896173658465365e+00
6.343896173658467141e+00
6.343896173658468030e+00
6.343896173658465365e+00
6.343896173658467141e+00
6.343896173658467141e+00
6.343896173658468030e+00
6.343896173658465365e+00
6.343896173658467141e+00
6.343896173658468030e+00
6.343896173658468030e+00
6.343896173658468030e+00
6.343896173658468030e+00
6.343896173658463589e+00
6.343896173658465365e+00
6.343896173658466253e+00
6.343896173658461812e+00
6.343896173658464477e+00
6.343896173658465365e+00
6.343896173658461812e+00
6.343896173658463589e+00
6.343896173658464477e+00
6.343896173658466253e+00
6.343896173658463589e+00
6.343896173658464477e+00
6.343896173658466253e+00
6.343896173658463589e+00
6.343896173658465365e+00
6.343896173658461812e+00
6.343896173658463589e+00
6.343896173658464477e+00
6.343896173658466253e+00
6.343896173658463589e+00
6.343896173658465365e+00
6.343896173658466253e+00
6.343896173658463589e+00
6.343896173658465365e+00
6.343896173658466253e+00
6.343896173658464477e+00
6.343896173658466253e+00
6.343896173658461812e+00
6.343896173658464477e+00
6.343896173658463589e+00
6.343896173658465365e+00
6.343896173658467141e+00
6.343896173658465365e+00
6.343896173658466253e+00
6.343896173658462700e+00
6.343896173658464477e+00
6.343896173658465365e+00
6.343896173658460924e+00
6.343896173658460036e+00
6.343896173658459148e+00
6.343896173658458260e+00
6.343896173658458260e+00
6.343896173658462700e+00
6.343896173658465365e+00
6.343896173658467141e+00
6.343896173658467141e+00
6.343896173658465365e+00
6.343896173658461812e+00
6.343896173658463589e+00
6.343896173658464477e+00
6.343896173658466253e+00
6.343896173658463589e+00
6.343896173658464477e+00
6.343896173658466253e+00
6.343896173658463589e+00
6.343896173658465365e+00
6.343896173658461812e+00
6.343896173658463589e+00
6.343896173658464477e+00
6.343896173658466253e+00
6.343896173658463589e+00
6.343896173658465365e+00
6.343896173658466253e+00
6.343896173658463589e+00
6.343896173658465365e+00
6.343896173658466253e+00
6.343896173658464477e+00
6.343896173658466253e+00
6.343896173658461812e+00
6.343896173658464477e+00
6.343896173658463589e+00
6.343896173658465365e+00
6.343896173658467141e+00
6.343896173658465365e+00
6.343896173658466253e+00
6.343896173658462700e+00
6.343896173658464477e+00
6.343896173658465365e+00
6.343896173658460924e+00
6.343896173658460036e+00
6.343896173658459148e+00
6.343896173658458260e+00
6.343896173658458260e+00
6.343896173658462700e+00
6.343896173658465365e+00
6.343896173658467141e+00
6.343896173658467141e+00
6.343896173658465365e+00
6.343896173658461812e+00
6.343896173658463589e+00
6.343896173658464477e+00
6.343896173658466253e+00
6.343896173658463589e+00
6.343896173658464477e+00
6.343896173658466253e+00
6.343896173658463589e+00
6.343896173658465365e+00
6.343896173658461812e+00
6.343896173658463589e+00
6.343896173658464477e+00
6.343896173658466253e+00
6.343896173658463589e+00
6.343896173658465365e+00
6.343896173658466253e+00
6.343896173658463589e+00
6.343896173658465365e+00
6.343896173658466253e+00
6.343896173658464477e+00
6.343896173658466253e+00
6.343896173658461812e+00
6.343896173658464477e+00
6.343896173658463589e+00
6.343896173658465365e+00
6.343896173658467141e+00
6.343896173658465365e+00
6.343896173658466253e+00
6.343896173658462700e+00
6.343896173658464477e+00
6.343896173658465365e+00
6.343896173658460924e+00
6.343896173658460036e+00
6.343896173658459148e+00
6.343896173658458260e+00
6.343896173658458260e+00
1.000000000000000000e+01
1.000000000000000000e+01
1.000000000000000000e+01
1.000000000000000000e+01
1.000000000000000000e+01
1.000000000000000000e+01
1.000000000000000000e+01
1.000000000000000000e+01
1.000000000000000000e+01
1.000000000000000000e+01
1.000000000000000000e+01
1.000000000000000000e+01
1.000000000000000000e+01
1.000000000000000000e+01
1.000000000000000000e+01
1.000000000000000000e+01
1.000000000000000000e+01
1.000000000000000000e+01
1.000000000000000000e+01
1.000000000000000000e+01
1.000000000000000000e+01
1.000000000000000000e+01
1.000000000000000000e+01
1.000000000000000000e+01
1.000000000000000000e+01
1.000000000000000000e+01
1.000000000000000000e+01
1.000000000000000000e+01
1.000000000000000000e+01
1.000000000000000000e+01
9.689928337738779263e+00
9.228866642955832589e+00
8.650048649052175520e+00
8.231167154840990818e+00
8.016556611528276477e+00
7.950776182795485703e+00
7.961746503878011971e+00
7.996592938400768347e+00
8.027871193544662276e+00
8.046919763784607937e+00
8.054889073489825080e+00
8.056070144694443158e+00
8.054386967725731594e+00
8.052258312316615374e+00
8.050713412949020764e+00
8.049919630496493284e+00
8.049674733137701210e+00
8.049713695938379487e+00
8.049841527014889309e+00
8.049956731268975929e+00
8.050027077278537391e+00
8.050056695958138775e+00
8.050061247887143168e+00
8.050055156309335658e+00
8.050047352379129606e+00
8.050041659989155107e+00
8.050038721264119346e+00
8.050037804823146459e+00
8.050037939172861812e+00
8.050038405951342568e+00
8.050038829483892044e+00
8.050039089247659874e+00
8.050039199010551982e+00
8.050039216214923243e+00
8.050039193979436902e+00
8.050039165281127396e+00
8.050039144287856274e+00
8.050039133420085591e+00
8.050039130010437916e+00
8.050039130486320360e+00
8.050039132198833158e+00
8.050039133758900789e+00
8.050039134718115719e+00
8.050039135124857026e+00
8.050039135189784645e+00
8.050039135108622901e+00
8.050039135002975854e+00
8.050039134925489392e+00
8.050039134885267345e+00
8.050039134872603697e+00
8.050039134874257485e+00
8.050039134880588421e+00
8.050039134886354475e+00
8.050039134889809489e+00
8.050039134891349590e+00
8.050039134891603609e+00
8.050039134891342485e+00
8.050039134891013859e+00
8.050039134890718984e+00
8.050039134890566217e+00
8.050039134890530690e+00
8.050039134890580428e+00
8.050039134890585757e+00
8.050039134890605297e+00
8.050039134890612402e+00
8.050039134890614179e+00
8.050039134890612402e+00
8.050039134890615955e+00
8.050039134890608850e+00
8.050039134890614179e+00
8.050039134890619508e+00
8.050039134890615955e+00
8.050039134890612402e+00
8.050039134890605297e+00
8.050039134890619508e+00
8.050039134890623060e+00
8.050039134890617731e+00
8.050039134890615955e+00
8.050039134890612402e+00
8.050039134890615955e+00
8.050039134890619508e+00
8.050039134890619508e+00
8.050039134890621284e+00
8.050039134890621284e+00
8.050039134890619508e+00
8.050039134890619508e+00
8.050039134890619508e+00
8.050039134890619508e+00
8.050039134890619508e+00
8.050039134890619508e+00
8.050039134890619508e+00
8.050039134890619508e+00
8.050039134890619508e+00
8.050039134890619508e+00
8.050039134890619508e+00
8.050039134890619508e+00
8.050039134890619508e+00
8.050039134890619508e+00
8.050039134890619508e+00
8.050039134890619508e+00
8.050039134890619508e+00
8.050039134890619508e+00
8.050039134890621284e+00
8.050039134890624837e+00
8.050039134890550230e+00
8.050039134890587533e+00
8.050039134890591086e+00
8.050039134890610626e+00
8.050039134890614179e+00
8.050039134890619508e+00
8.050039134890624837e+00
8.050039134890550230e+00
8.050039134890591086e+00
8.050039134890605297e+00
8.050039134890612402e+00
8.050039134890614179e+00
8.050039134890615955e+00
8.050039134890619508e+00
8.050039134890623060e+00
8.050039134890624837e+00
8.050039134890573322e+00
8.050039134890544901e+00
8.050039134890589310e+00
8.050039134890605297e+00
8.050039134890607073e+00
8.050039134890612402e+00
8.050039134890617731e+00
8.050039134890615955e+00
8.050039134890612402e+00
8.050039134890615955e+00
8.050039134890615955e+00
8.050039134890614179e+00
8.050039134890615955e+00
8.050039134890612402e+00
8.050039134890612402e+00
8.050039134890617731e+00
8.050039134890615955e+00
8.050039134890612402e+00
8.050039134890614179e+00
8.050039134890619508e+00
8.050039134890617731e+00
8.050039134890615955e+00
8.050039134890619508e+00
8.050039134890619508e+00
8.050039134890619508e+00
8.050039134890619508e+00
8.050039134890619508e+00
8.050039134890619508e+00
8.050039134890619508e+00
8.050039134890621284e+00
8.050039134890621284e+00
8.050039134890621284e+00
8.050039134890621284e+00
8.050039134890621284e+00
8.050039134890621284e+00
8.050039134890621284e+00
8.050039134890623060e+00
8.050039134890619508e+00
8.050039134890617731e+00
8.050039134890619508e+00
8.050039134890619508e+00
8.050039134890621284e+00
8.050039134890623060e+00
8.050039134890626613e+00
8.050039134890575099e+00
8.050039134890550230e+00
8.050039134890592862e+00
8.050039134890610626e+00
8.050039134890614179e+00
8.050039134890615955e+00
8.050039134890615955e+00
8.050039134890614179e+00
8.050039134890615955e+00
8.050039134890610626e+00
8.050039134890617731e+00
8.050039134890623060e+00
8.050039134890619508e+00
8.050039134890617731e+00
8.050039134890615955e+00
8.050039134890614179e+00
8.050039134890615955e+00
8.050039134890615955e+00
8.050039134890614179e+00
8.050039134890614179e+00
8.050039134890614179e+00
8.050039134890619508e+00
8.050039134890617731e+00
8.050039134890619508e+00
8.050039134890619508e+00
8.050039134890619508e+00
8.050039134890619508e+00
8.050039134890619508e+00
8.050039134890621284e+00
8.050039134890621284e+00
8.050039134890624837e+00
8.050039134890573322e+00
8.050039134890548453e+00
8.050039134890592862e+00
8.050039134890603520e+00
8.050039134890603520e+00
8.050039134890617731e+00
8.050039134890617731e+00
8.050039134890617731e+00
8.050039134890617731e+00
8.050039134890619508e+00
8.050039134890621284e+00
8.050039134890623060e+00
8.050039134890619508e+00
8.050039134890619508e+00
8.050039134890615955e+00
8.050039134890612402e+00
8.050039134890615955e+00
8.050039134890612402e+00
8.050039134890610626e+00
8.050039134890608850e+00
8.050039134890603520e+00
8.050039134890607073e+00
8.050039134890608850e+00
8.050039134890612402e+00
8.050039134890610626e+00
8.050039134890605297e+00
8.050039134890619508e+00
8.050039134890617731e+00
8.050039134890612402e+00
8.050039134890615955e+00
8.050039134890610626e+00
8.050039134890617731e+00
8.050039134890623060e+00
8.050039134890619508e+00
8.050039134890621284e+00
8.050039134890621284e+00
8.050039134890623060e+00
8.050039134890619508e+00
8.050039134890617731e+00
8.050039134890617731e+00
8.050039134890617731e+00
8.050039134890617731e+00
8.050039134890617731e+00
8.050039134890619508e+00
8.050039134890621284e+00
8.050039134890623060e+00
8.050039134890626613e+00
8.050039134890576875e+00
8.050039134890550230e+00
8.050039134890596415e+00
8.050039134890605297e+00
8.050039134890594639e+00
8.050039134890610626e+00
8.050039134890610626e+00
8.050039134890610626e+00
8.050039134890610626e+00
8.050039134890610626e+00
8.050039134890610626e+00
8.050039134890612402e+00
8.050039134890617731e+00
8.050039134890615955e+00
8.050039134890615955e+00
8.050039134890614179e+00
8.050039134890615955e+00
8.050039134890615955e+00
8.050039134890612402e+00
8.050039134890615955e+00
8.050039134890608850e+00
8.050039134890603520e+00
8.050039134890608850e+00
8.050039134890612402e+00
8.050039134890610626e+00
8.050039134890605297e+00
8.050039134890608850e+00
8.050039134890608850e+00
0.000000000000000000e+00
0.000000000000000000e+00
0.000000000000000000e+00
0.000000000000000000e+00
0.000000000000000000e+00
0.000000000000000000e+00
0.000000000000000000e+00
0.000000000000000000e+00
0.000000000000000000e+00
0.000000000000000000e+00
0.000000000000000000e+00
0.000000000000000000e+00
0.000000000000000000e+00
0.000000000000000000e+00
0.000000000000000000e+00
0.000000000000000000e+00
0.000000000000000000e+00
0.000000000000000000e+00
0.000000000000000000e+00
0.000000000000000000e+00
0.000000000000000000e+00
0.000000000000000000e+00
0.000000000000000000e+00
0.000000000000000000e+00
0.000000000000000000e+00
0.000000000000000000e+00
0.000000000000000000e+00
0.000000000000000000e+00
0.000000000000000000e+00
0.000000000000000000e+00
0.000000000000000000e+00
0.000000000000000000e+00
0.000000000000000000e+00
0.000000000000000000e+00
0.000000000000000000e+00
0.000000000000000000e+00
0.000000000000000000e+00
0.000000000000000000e+00
0.000000000000000000e+00
2.693037224198478264e-08
2.689978060447187347e-01
7.165238008015157867e-01
1.224351539620643248e+00
1.716693677547380004e+00
2.150503315430913887e+00
2.506775788113724701e+00
2.782327388955016190e+00
2.983445878975313992e+00
3.121263709128798247e+00
3.208594018005812121e+00
3.257931452369787984e+00
3.280328095572186076e+00
3.284888706536050140e+00
3.278674935666375134e+00
3.266855763658840228e+00
3.252985014842899592e+00
3.239324566667856953e+00
3.227161352084864987e+00
3.217088885392699549e+00
3.209239858659876710e+00
3.203467121049746513e+00
3.199476487437229455e+00
3.196918346740590167e+00
3.195446284316479257e+00
3.194750576641789852e+00
3.194573918683797586e+00
3.194715234338347365e+00
3.195026215001241177e+00
3.195404002319398806e+00
3.195782382926839915e+00
3.196123003715035882e+00
3.196407486261666264e+00
3.196630854815493805e+00
3.196796373999618801e+00
3.196911780851289020e+00
3.196986583076954602e+00
3.197030369694188412e+00
3.197051809625633734e+00
3.197058166712071881e+00
3.197055160719794120e+00
3.197047042444593590e+00
3.197036785072181253e+00
3.197026323503512124e+00
3.197016797319991888e+00
3.197008771387046977e+00
3.197002421310427334e+00
3.196997679890366317e+00
3.196994346271416099e+00
3.196992162526652415e+00
3.196990863695991614e+00
3.196990207433281217e+00
3.196989988874982203e+00
3.196990045464811026e+00
3.196990255483585841e+00
3.196990533086656594e+00
3.196990821821416695e+00
3.196991087918404251e+00
3.196991314127271000e+00
3.196991494488261587e+00
3.196991630171552412e+00
3.196991726352923280e+00
3.196991790003526290e+00
3.196991828430880922e+00
3.196991848401150804e+00
3.196991855686039941e+00
3.196991854900960384e+00
3.196991849527799801e+00
3.196991842042273380e+00
3.196991834088892759e+00
3.196991826665838143e+00
3.196991820296989140e+00
3.196991815179167418e+00
3.196991811300212039e+00
3.196991808528405699e+00
3.196991806675971048e+00
3.196991805541774756e+00
3.196991804937174386e+00
3.196991804699739426e+00
3.196991804698566142e+00
3.196991804834140805e+00
3.196991805035153789e+00
3.196991805253764696e+00
3.196991805460604574e+00
3.196991805639793682e+00
3.196991805784910490e+00
3.196991805895698757e+00
3.196991805975471390e+00
3.196991806029281680e+00
3.196991806062657204e+00
3.196991806080848431e+00
3.196991806088481880e+00
3.196991806089193755e+00
3.196991806085828003e+00
3.196991806080438980e+00
3.196991806074424680e+00
3.196991806068710140e+00
3.196991806063689712e+00
3.196991806059577890e+00
3.196991806056407981e+00
3.196991806054104046e+00
3.196991806052536855e+00
3.196991806051544760e+00
3.196991806050978546e+00
3.196991806050727636e+00
3.196991806050671681e+00
3.196991806050733853e+00
3.196991806050861307e+00
3.196991806051013629e+00
3.196991806051236562e+00
3.196991806051419527e+00
3.196991806051546980e+00
3.196991806051633578e+00
3.196991806051749041e+00
3.196991806051809881e+00
3.196991806051831642e+00
3.196991806051830753e+00
3.196991806051817875e+00
3.196991806051793894e+00
3.196991806051771245e+00
3.196991806051753482e+00
3.196991806051739271e+00
3.196991806051740603e+00
3.196991806051748153e+00
3.196991806051747709e+00
3.196991806051746821e+00
3.196991806051739271e+00
3.196991806051743268e+00
3.196991806051743268e+00
3.196991806051737051e+00
3.196991806051741936e+00
3.196991806051750373e+00
3.196991806051753926e+00
3.196991806051804108e+00
3.196991806051816543e+00
3.196991806051807217e+00
3.196991806051787233e+00
3.196991806051766360e+00
3.196991806051751261e+00
3.196991806051738383e+00
3.196991806051740159e+00
3.196991806051747709e+00
3.196991806051747265e+00
3.196991806051746821e+00
3.196991806051739271e+00
3.196991806051743712e+00
3.196991806051744156e+00
3.196991806051737939e+00
3.196991806051741936e+00
3.196991806051751261e+00
3.196991806051754814e+00
3.196991806051804552e+00
3.196991806051817875e+00
3.196991806051808105e+00
3.196991806051787677e+00
3.196991806051766805e+00
3.196991806051750373e+00
3.196991806051737495e+00
3.196991806051738827e+00
3.196991806051746376e+00
3.196991806051747265e+00
3.196991806051746376e+00
3.196991806051739271e+00
3.196991806051743268e+00
3.196991806051744156e+00
3.196991806051737939e+00
3.196991806051741936e+00
3.196991806051750373e+00
3.196991806051754370e+00
3.196991806051804108e+00
3.196991806051816987e+00
3.196991806051807217e+00
3.196991806051787677e+00
3.196991806051766805e+00
3.196991806051751261e+00
3.196991806051738827e+00
3.196991806051740159e+00
3.196991806051747265e+00
3.196991806051747265e+00
3.196991806051746376e+00
3.196991806051739271e+00
3.196991806051743268e+00
3.196991806051743712e+00
3.196991806051737495e+00
3.196991806051742380e+00
3.196991806051751706e+00
3.196991806051755702e+00
3.196991806051804552e+00
3.196991806051817431e+00
3.196991806051808105e+00
3.196991806051788565e+00
3.196991806051767249e+00
3.196991806051751261e+00
3.196991806051737939e+00
3.196991806051738827e+00
3.196991806051746376e+00
3.196991806051746821e+00
3.196991806051745488e+00
3.196991806051738827e+00
3.196991806051742824e+00
3.196991806051752150e+00
3.196991806051755702e+00
3.196991806051804996e+00
3.196991806051817431e+00
3.196991806051808105e+00
3.196991806051788121e+00
3.196991806051766805e+00
3.196991806051751706e+00
3.196991806051738383e+00
3.196991806051740603e+00
3.196991806051747709e+00
3.196991806051747265e+00
3.196991806051746376e+00
3.196991806051739715e+00
3.196991806051743268e+00
3.196991806051743712e+00
3.196991806051737495e+00
3.196991806051742380e+00
3.196991806051751261e+00
3.196991806051754814e+00
3.196991806051804552e+00
3.196991806051817431e+00
3.196991806051807661e+00
3.196991806051787677e+00
3.196991806051766805e+00
3.196991806051751261e+00
3.196991806051738827e+00
3.196991806051739715e+00
3.196991806051747709e+00
3.196991806051747265e+00
3.196991806051746376e+00
3.196991806051739271e+00
3.196991806051743268e+00
3.196991806051744156e+00
3.196991806051737939e+00
3.196991806051741936e+00
3.196991806051750373e+00
3.196991806051754370e+00
3.196991806051804108e+00
3.196991806051816987e+00
3.196991806051807217e+00
3.196991806051787677e+00
3.196991806051766805e+00
3.196991806051751261e+00
3.196991806051738827e+00
3.196991806051740159e+00
3.196991806051747265e+00
3.196991806051747265e+00
3.196991806051746376e+00
3.196991806051739271e+00
3.196991806051743268e+00
3.196991806051743712e+00
3.196991806051737495e+00
3.196991806051742380e+00
3.196991806051751706e+00
3.196991806051755702e+00
3.196991806051804552e+00
3.196991806051817431e+00
3.196991806051808105e+00
3.196991806051788565e+00
