1.000000000000000000e+01
1.000000000000000000e+01
1.000000000000000000e+01
1.000000000000000000e+01
1.000000000000000000e+01
1.000000000000000000e+01
1.000000000000000000e+01
1.000000000000000000e+01
1.000000000000000000e+01
1.000000000000000000e+01
1.000000000000000000e+01
1.000000000000000000e+01
1.000000000000000000e+01
1.000000000000000000e+01
1.000000000000000000e+01
1.000000000000000000e+01
1.000000000000000000e+01
1.000000000000000000e+01
1.000000000000000000e+01
1.000000000000000000e+01
1.000000000000000000e+01
1.000000000000000000e+01
1.000000000000000000e+01
1.000000000000000000e+01
1.000000000000000000e+01
1.000000000000000000e+01
1.000000000000000000e+01
1.000000000000000000e+01
8.750948150351758770e+00
6.852910457380534837e+00
5.429735610786915245e+00
4.711258445010900076e+00
4.517140158695225338e+00
4.585773160823566563e+00
4.723978428765172488e+00
4.835683074345872967e+00
4.895975087655564550e+00
4.915064135181674843e+00
4.912071597911846332e+00
4.902193562992120057e+00
4.893516044565052070e+00
4.888521253012708456e+00
4.886730855633287796e+00
4.886772222654543363e+00
4.887462193871687788e+00
4.888129092593437086e+00
4.888538040170558041e+00
4.888700424894261154e+00
4.888712649773930607e+00
4.888665860831221011e+00
4.888615187507267201e+00
4.888582070058377305e+00
4.888567711251328163e+00
4.888565526854201870e+00
4.888568573645908799e+00
4.888572376706880718e+00
4.888575030677596800e+00
4.888576274829865120e+00
4.888576542253635360e+00
4.888576355494140380e+00
4.888576073969046476e+00
4.888575863446512848e+00
4.888575757451585346e+00
4.888575729019748017e+00
4.888575739347947646e+00
4.888575759862896497e+00
4.888575776393418337e+00
4.888575785293065579e+00
4.888575788095519847e+00
4.888575787638729686e+00
4.888575786171318605e+00
4.888575784886630693e+00
4.888575784148943448e+00
4.888575783885680259e+00
4.888575783892925131e+00
4.888575783995595003e+00
4.888575784094435051e+00
4.888575784154820525e+00
4.888575784178669892e+00
4.888575784180343220e+00
4.888575784173300853e+00
4.888575784165774429e+00
4.888575784160889448e+00
4.888575784158820881e+00
4.888575784158561532e+00
4.888575784159059801e+00
4.888575784159633564e+00
4.888575784159950643e+00
4.888575784160183346e+00
4.888575784160268611e+00
4.888575784160241078e+00
4.888575784160225979e+00
4.888575784160203774e+00
4.888575784160175353e+00
4.888575784160202886e+00
4.888575784160196669e+00
4.888575784160216209e+00
4.888575784160196669e+00
4.888575784160219762e+00
4.888575784160198445e+00
4.888575784160181570e+00
4.888575784160210880e+00
4.888575784160193116e+00
4.888575784160216209e+00
4.888575784160201110e+00
4.888575784160179794e+00
4.888575784160204662e+00
4.888575784160188675e+00
4.888575784160211768e+00
4.888575784160195781e+00
4.888575784160218873e+00
4.888575784160200222e+00
4.888575784160172688e+00
4.888575784160210880e+00
4.888575784160191340e+00
4.888575784160213544e+00
4.888575784160198445e+00
4.888575784160183346e+00
4.888575784160205551e+00
4.888575784160188675e+00
4.888575784160211768e+00
4.888575784160192228e+00
4.888575784160216209e+00
4.888575784160200222e+00
4.888575784160172688e+00
4.888575784160201110e+00
4.888575784160186011e+00
4.888575784160230420e+00
4.888575784160249071e+00
4.888575784160309468e+00
4.888575784160232196e+00
4.888575784160233084e+00
4.888575784160228643e+00
4.888575784160244631e+00
4.888575784160256177e+00
4.888575784160297921e+00
4.888575784160316573e+00
4.888575784160236637e+00
4.888575784160225091e+00
4.888575784160190452e+00
4.888575784160192228e+00
4.888575784160211768e+00
4.888575784160197557e+00
4.888575784160217985e+00
4.888575784160201110e+00
4.888575784160172688e+00
4.888575784160210880e+00
4.888575784160190452e+00
4.888575784160211768e+00
4.888575784160194893e+00
4.888575784160208215e+00
4.888575784160193116e+00
4.888575784160216209e+00
4.888575784160200222e+00
4.888575784160173576e+00
4.888575784160202886e+00
4.888575784160188675e+00
4.888575784160212656e+00
4.888575784160199333e+00
4.888575784160178905e+00
4.888575784160205551e+00
4.888575784160187787e+00
4.888575784160210880e+00
4.888575784160192228e+00
4.888575784160213544e+00
4.888575784160196669e+00
4.888575784160218873e+00
4.888575784160197557e+00
4.888575784160218873e+00
4.888575784160198445e+00
4.888575784160183346e+00
4.888575784160206439e+00
4.888575784160197557e+00
4.888575784160216209e+00
4.888575784160196669e+00
4.888575784160217985e+00
4.888575784160202886e+00
4.888575784160181570e+00
4.888575784160208215e+00
4.888575784160192228e+00
4.888575784160215321e+00
4.888575784160196669e+00
4.888575784160218873e+00
4.888575784160194004e+00
4.888575784160214432e+00
4.888575784160199333e+00
4.888575784160180682e+00
4.888575784160209103e+00
4.888575784160196669e+00
4.888575784160219762e+00
4.888575784160197557e+00
4.888575784160219762e+00
4.888575784160195781e+00
4.888575784160217097e+00
4.888575784160200222e+00
4.888575784160174464e+00
4.888575784160211768e+00
4.888575784160191340e+00
4.888575784160213544e+00
4.888575784160198445e+00
4.888575784160183346e+00
4.888575784160206439e+00
4.888575784160188675e+00
4.888575784160212656e+00
4.888575784160196669e+00
4.888575784160220650e+00
4.888575784160199333e+00
4.888575784160184234e+00
4.888575784160208215e+00
4.888575784160200222e+00
4.888575784160178905e+00
4.888575784160207327e+00
4.888575784160191340e+00
4.888575784160215321e+00
4.888575784160196669e+00
4.888575784160219762e+00
4.888575784160199333e+00
4.888575784160183346e+00
4.888575784160215321e+00
4.888575784160197557e+00
4.888575784160218873e+00
4.888575784160196669e+00
4.888575784160209103e+00
4.888575784160192228e+00
4.888575784160215321e+00
4.888575784160200222e+00
4.888575784160177129e+00
4.888575784160203774e+00
4.888575784160188675e+00
4.888575784160210880e+00
4.888575784160195781e+00
4.888575784160217985e+00
4.888575784160201110e+00
4.888575784160172688e+00
4.888575784160211768e+00
4.888575784160192228e+00
4.888575784160215321e+00
4.888575784160198445e+00
4.888575784160184234e+00
4.888575784160209992e+00
4.888575784160194893e+00
4.888575784160218873e+00
4.888575784160196669e+00
4.888575784160218873e+00
4.888575784160196669e+00
4.888575784160217985e+00
4.888575784160200222e+00
4.888575784160174464e+00
4.888575784160211768e+00
4.888575784160191340e+00
4.888575784160214432e+00
4.888575784160198445e+00
4.888575784160172688e+00
4.888575784160210880e+00
4.888575784160191340e+00
4.888575784160214432e+00
4.888575784160194893e+00
4.888575784160215321e+00
4.888575784160195781e+00
4.888575784160217985e+00
4.888575784160201110e+00
4.888575784160172688e+00
4.888575784160201110e+00
4.888575784160186899e+00
4.888575784160241966e+00
4.888575784160257065e+00
4.888575784160315685e+00
4.888575784160236637e+00
4.888575784160235749e+00
4.888575784160227755e+00
4.888575784160233084e+00
4.888575784160252624e+00
4.888575784160293480e+00
4.888575784160312132e+00
4.888575784160228643e+00
4.888575784160225091e+00
4.888575784160185123e+00
4.888575784160208215e+00
4.888575784160194893e+00
4.888575784160217985e+00
4.888575784160201998e+00
4.888575784160181570e+00
4.888575784160207327e+00
4.888575784160192228e+00
4.888575784160214432e+00
4.888575784160196669e+00
4.888575784160219762e+00
4.888575784160199333e+00
4.888575784160183346e+00
4.888575784160204662e+00
4.888575784160188675e+00
4.888575784160211768e+00
4.888575784160197557e+00
4.888575784160220650e+00
4.888575784160194893e+00
4.888575784160217985e+00
4.888575784160200222e+00
4.888575784160184234e+00
4.888575784160207327e+00
4.888575784160187787e+00
4.888575784160209103e+00
1.000000000000000000e+01
1.000000000000000000e+01
1.000000000000000000e+01
1.000000000000000000e+01
1.000000000000000000e+01
1.000000000000000000e+01
1.000000000000000000e+01
1.000000000000000000e+01
1.000000000000000000e+01
1.000000000000000000e+01
1.000000000000000000e+01
1.000000000000000000e+01
1.000000000000000000e+01
1.000000000000000000e+01
1.000000000000000000e+01
1.000000000000000000e+01
1.000000000000000000e+01
1.000000000000000000e+01
1.000000000000000000e+01
1.000000000000000000e+01
1.000000000000000000e+01
1.000000000000000000e+01
1.000000000000000000e+01
1.000000000000000000e+01
1.000000000000000000e+01
1.000000000000000000e+01
1.000000000000000000e+01
1.000000000000000000e+01
1.000000000000000000e+01
1.000000000000000000e+01
1.000000000000000000e+01
1.000000000000000000e+01
1.000000000000000000e+01
1.000000000000000000e+01
1.000000000000000000e+01
1.000000000000000000e+01
1.000000000000000000e+01
1.000000000000000000e+01
1.000000000000000000e+01
1.000000000000000000e+01
1.000000000000000000e+01
1.000000000000000000e+01
1.000000000000000000e+01
1.000000000000000000e+01
1.000000000000000000e+01
1.000000000000000000e+01
9.859212254634945438e+00
9.184119070495977866e+00
8.547534007073666729e+00
8.144335060137866122e+00
7.964906792975584793e+00
7.928633211680417681e+00
7.956880240123643588e+00
7.998836133357824174e+00
8.031312464917755634e+00
8.049150628516160921e+00
8.055521444148263654e+00
8.055529560797557664e+00
8.053222872127824061e+00
8.050870098602587177e+00
8.049311505686459256e+00
8.048578684608980183e+00
8.048398508728402234e+00
8.048481247969101915e+00
8.048631004837536906e+00
8.048753494960530830e+00
8.048823858715396184e+00
8.048851022139537292e+00
8.048853125524786378e+00
8.048845397895840748e+00
8.048836761449759791e+00
8.048830771477751611e+00
8.048827807706707915e+00
8.048826965081831375e+00
8.048827183641909855e+00
8.048827712473293872e+00
8.048828171776024831e+00
8.048828447506977568e+00
8.048828561498044820e+00
8.048828577428739806e+00
8.048828552236363620e+00
8.048828520784255147e+00
8.048828497898092849e+00
8.048828486012734373e+00
8.048828482221283664e+00
8.048828482677663487e+00
8.048828484520209159e+00
8.048828486231396795e+00
8.048828487305099699e+00
8.048828487777077711e+00
8.048828487867732306e+00
8.048828487788615149e+00
8.048828487675020682e+00
8.048828487588020053e+00
8.048828487540751198e+00
8.048828487524177788e+00
8.048828487524483322e+00
8.048828487530892417e+00
8.048828487537225129e+00
8.048828487541415555e+00
8.048828487543376653e+00
8.048828487543874033e+00
8.048828487543563170e+00
8.048828487543076449e+00
8.048828487542666110e+00
8.048828487542477816e+00
8.048828487542488475e+00
8.048828487542532883e+00
8.048828487542609267e+00
8.048828487542673216e+00
8.048828487542667887e+00
8.048828487542660781e+00
8.048828487542609267e+00
8.048828487542635912e+00
8.048828487542662558e+00
8.048828487542659005e+00
8.048828487542596832e+00
8.048828487542644794e+00
8.048828487542646570e+00
8.048828487542598609e+00
8.048828487542641241e+00
8.048828487542641241e+00
8.048828487542612820e+00
8.048828487542634136e+00
8.048828487542643018e+00
8.048828487542641241e+00
8.048828487542591503e+00
8.048828487542635912e+00
8.048828487542648347e+00
8.048828487542602161e+00
8.048828487542630583e+00
8.048828487542643018e+00
8.048828487542641241e+00
8.048828487542593280e+00
8.048828487542641241e+00
8.048828487542591503e+00
8.048828487542619925e+00
8.048828487542650123e+00
8.048828487542596832e+00
8.048828487542644794e+00
8.048828487542644794e+00
8.048828487542598609e+00
8.048828487542646570e+00
8.048828487542650123e+00
8.048828487542600385e+00
8.048828487542643018e+00
8.048828487542641241e+00
8.048828487542595056e+00
8.048828487542644794e+00
8.048828487542596832e+00
8.048828487542643018e+00
8.048828487542646570e+00
8.048828487542600385e+00
8.048828487542644794e+00
8.048828487542643018e+00
8.048828487542596832e+00
8.048828487542644794e+00
8.048828487542648347e+00
8.048828487542600385e+00
8.048828487542646570e+00
8.048828487542650123e+00
8.048828487542596832e+00
8.048828487542639465e+00
8.048828487542662558e+00
8.048828487542602161e+00
8.048828487542646570e+00
8.048828487542644794e+00
8.048828487542600385e+00
8.048828487542646570e+00
8.048828487542648347e+00
8.048828487542598609e+00
8.048828487542644794e+00
8.048828487542644794e+00
8.048828487542596832e+00
8.048828487542641241e+00
8.048828487542641241e+00
8.048828487542609267e+00
8.048828487542646570e+00
8.048828487542639465e+00
8.048828487542591503e+00
8.048828487542643018e+00
8.048828487542591503e+00
8.048828487542637689e+00
8.048828487542607490e+00
8.048828487542639465e+00
8.048828487542641241e+00
8.048828487542596832e+00
8.048828487542644794e+00
8.048828487542644794e+00
8.048828487542596832e+00
8.048828487542641241e+00
8.048828487542643018e+00
8.048828487542591503e+00
8.048828487542643018e+00
8.048828487542593280e+00
8.048828487542639465e+00
8.048828487542587951e+00
8.048828487542635912e+00
8.048828487542659005e+00
8.048828487542600385e+00
8.048828487542637689e+00
8.048828487542637689e+00
8.048828487542591503e+00
8.048828487542619925e+00
8.048828487542630583e+00
8.048828487542634136e+00
8.048828487542637689e+00
8.048828487542611043e+00
8.048828487542632359e+00
8.048828487542660781e+00
8.048828487542653676e+00
8.048828487542602161e+00
8.048828487542646570e+00
8.048828487542646570e+00
8.048828487542600385e+00
8.048828487542644794e+00
8.048828487542643018e+00
8.048828487542595056e+00
8.048828487542621701e+00
8.048828487542651899e+00
8.048828487542595056e+00
8.048828487542643018e+00
8.048828487542593280e+00
8.048828487542639465e+00
8.048828487542587951e+00
8.048828487542634136e+00
8.048828487542648347e+00
8.048828487542609267e+00
8.048828487542632359e+00
8.048828487542659005e+00
8.048828487542659005e+00
8.048828487542611043e+00
8.048828487542650123e+00
8.048828487542646570e+00
8.048828487542598609e+00
8.048828487542644794e+00
8.048828487542646570e+00
8.048828487542598609e+00
8.048828487542644794e+00
8.048828487542662558e+00
8.048828487542618149e+00
8.048828487542602161e+00
8.048828487542646570e+00
8.048828487542648347e+00
8.048828487542607490e+00
8.048828487542639465e+00
8.048828487542639465e+00
8.048828487542587951e+00
8.048828487542635912e+00
8.048828487542648347e+00
8.048828487542603938e+00
8.048828487542644794e+00
8.048828487542646570e+00
8.048828487542595056e+00
8.048828487542634136e+00
8.048828487542660781e+00
8.048828487542600385e+00
8.048828487542643018e+00
8.048828487542655452e+00
8.048828487542614596e+00
8.048828487542650123e+00
8.048828487542643018e+00
8.048828487542595056e+00
8.048828487542639465e+00
8.048828487542589727e+00
8.048828487542639465e+00
8.048828487542591503e+00
8.048828487542625254e+00
8.048828487542634136e+00
8.048828487542651899e+00
8.048828487542611043e+00
8.048828487542648347e+00
8.048828487542650123e+00
8.048828487542602161e+00
8.048828487542634136e+00
8.048828487542641241e+00
8.048828487542646570e+00
8.048828487542600385e+00
8.048828487542643018e+00
8.048828487542644794e+00
8.048828487542591503e+00
8.048828487542641241e+00
8.048828487542591503e+00
8.048828487542621701e+00
8.048828487542632359e+00
8.048828487542635912e+00
8.048828487542660781e+00
8.048828487542618149e+00
8.048828487542603938e+00
8.048828487542639465e+00
8.048828487542659005e+00
8.048828487542602161e+00
8.048828487542641241e+00
8.048828487542643018e+00
8.048828487542591503e+00
8.048828487542621701e+00
8.048828487542634136e+00
8.048828487542637689e+00
8.048828487542591503e+00
