1.479155544871898764e-01
2.916826111451478187e-01
4.307392817932574891e-01
5.658025494441154546e-01
6.968565629551356500e-01
8.239305912168927160e-01
9.471763740937089171e-01
1.066979627871197378e+00
1.183334610064787906e+00
1.296579788326175375e+00
1.406183410809998202e+00
1.513227055440467872e+00
1.616787383435326797e+00
1.717880880438577895e+00
1.816224402056837883e+00
1.911761546522696920e+00
2.005131888646324079e+00
2.095703925810725732e+00
2.184018792374826656e+00
2.270361802692287156e+00
2.354052229215688463e+00
2.435784110524969126e+00
2.515717040716318298e+00
2.593232422463283893e+00
2.668847657183878397e+00
2.742823152603080850e+00
2.814974732458843221e+00
2.885198150006092810e+00
2.937501329730004773e+00
2.963739365857962937e+00
2.970708533491859704e+00
2.968083091896482895e+00
2.962961573285528338e+00
2.958851863380492553e+00
2.956647038880823253e+00
2.955957953326519227e+00
2.956076262378960706e+00
2.956443005448920136e+00
2.956762564978356878e+00
2.956945426016005296e+00
2.957010294235304038e+00
2.957008109010826669e+00
2.956982431948592893e+00
2.956957847697286201e+00
2.956942860106358761e+00
2.956936960837459605e+00
2.956936564132313539e+00
2.956938310783270296e+00
2.956940180812639873e+00
2.956941395726931709e+00
2.956941918464046637e+00
2.956941994629700421e+00
2.956941880391488198e+00
2.956941739877311015e+00
2.956941642423462024e+00
2.956941597052020754e+00
2.956941587542393446e+00
2.956941594592969569e+00
2.956941605008635232e+00
2.956941612746288861e+00
2.956941616617296820e+00
2.956941617637804498e+00
2.956941617242977660e+00
2.956941616482797741e+00
2.956941615874655316e+00
2.956941615549223634e+00
2.956941615448073879e+00
2.956941615466093687e+00
2.956941615520570998e+00
2.956941615567877157e+00
2.956941615594882222e+00
2.956941615604420814e+00
2.956941615604055329e+00
2.956941615600237494e+00
2.956941615596594186e+00
2.956941615594378181e+00
2.956941615593512207e+00
2.956941615593458028e+00
2.956941615593719597e+00
2.956941615593998485e+00
2.956941615594177453e+00
2.956941615594254280e+00
2.956941615594263606e+00
2.956941615594245398e+00
2.956941615594223638e+00
2.956941615594209427e+00
2.956941615594205430e+00
2.956941615594201433e+00
2.956941615594201433e+00
2.956941615594203654e+00
2.956941615594203654e+00
2.956941615594204542e+00
2.956941615594204986e+00
2.956941615594203654e+00
2.956941615594204542e+00
2.956941615594203654e+00
2.956941615594204542e+00
2.956941615594203654e+00
2.956941615594204542e+00
2.956941615594204986e+00
2.956941615594203654e+00
2.956941615594204542e+00
2.956941615594203654e+00
2.956941615594204542e+00
2.956941615594204986e+00
2.956941615594203654e+00
2.956941615594204542e+00
2.956941615594203654e+00
2.956941615594204542e+00
2.956941615594203654e+00
2.956941615594204542e+00
2.956941615594204986e+00
2.956941615594203654e+00
2.956941615594204542e+00
2.956941615594203654e+00
2.956941615594204542e+00
2.956941615594204986e+00
2.956941615594203654e+00
2.956941615594204542e+00
2.956941615594203654e+00
2.956941615594204542e+00
2.956941615594203654e+00
2.956941615594204542e+00
2.956941615594204986e+00
2.956941615594203654e+00
2.956941615594204542e+00
2.956941615594202766e+00
2.956941615594202766e+00
2.956941615594200989e+00
2.956941615594204542e+00
2.956941615594203654e+00
2.956941615594203654e+00
2.956941615594203210e+00
2.956941615594202766e+00
2.956941615594201433e+00
2.956941615594201433e+00
2.956941615594204542e+00
2.956941615594203654e+00
2.956941615594204986e+00
2.956941615594204542e+00
2.956941615594203654e+00
2.956941615594204542e+00
2.956941615594203654e+00
2.956941615594204542e+00
2.956941615594204986e+00
2.956941615594203654e+00
2.956941615594204542e+00
2.956941615594203654e+00
2.956941615594204542e+00
2.956941615594203654e+00
2.956941615594204542e+00
2.956941615594203654e+00
2.956941615594204542e+00
2.956941615594204986e+00
2.956941615594203654e+00
2.956941615594204542e+00
2.956941615594203654e+00
2.956941615594204542e+00
2.956941615594204986e+00
2.956941615594203654e+00
2.956941615594204542e+00
2.956941615594203654e+00
2.956941615594204542e+00
2.956941615594203654e+00
2.956941615594204542e+00
2.956941615594203654e+00
2.956941615594204542e+00
2.956941615594203654e+00
2.956941615594204542e+00
2.956941615594204986e+00
2.956941615594203654e+00
2.956941615594204542e+00
2.956941615594203654e+00
2.956941615594204542e+00
2.956941615594203654e+00
2.956941615594204542e+00
2.956941615594204986e+00
2.956941615594203654e+00
2.956941615594204542e+00
2.956941615594203654e+00
2.956941615594204542e+00
2.956941615594203654e+00
2.956941615594204542e+00
2.956941615594203654e+00
2.956941615594204542e+00
2.956941615594204986e+00
2.956941615594203654e+00
2.956941615594204542e+00
2.956941615594203654e+00
2.956941615594204542e+00
2.956941615594203654e+00
2.956941615594204542e+00
2.956941615594203654e+00
2.956941615594204542e+00
2.956941615594204986e+00
2.956941615594203654e+00
2.956941615594204542e+00
2.956941615594203654e+00
2.956941615594204542e+00
2.956941615594204986e+00
2.956941615594203654e+00
2.956941615594204542e+00
2.956941615594203654e+00
2.956941615594204542e+00
2.956941615594203654e+00
2.956941615594204542e+00
2.956941615594204986e+00
2.956941615594203654e+00
2.956941615594204542e+00
2.956941615594204986e+00
2.956941615594203654e+00
2.956941615594204542e+00
2.956941615594203654e+00
2.956941615594204542e+00
2.956941615594203654e+00
2.956941615594204542e+00
2.956941615594204986e+00
2.956941615594203654e+00
2.956941615594204542e+00
2.956941615594203654e+00
2.956941615594204542e+00
2.956941615594203654e+00
2.956941615594204542e+00
2.956941615594203654e+00
2.956941615594204542e+00
2.956941615594204986e+00
2.956941615594203654e+00
2.956941615594204542e+00
2.956941615594203654e+00
2.956941615594204542e+00
2.956941615594203654e+00
2.956941615594204542e+00
2.956941615594204986e+00
2.956941615594203654e+00
2.956941615594204542e+00
2.956941615594203654e+00
2.956941615594204542e+00
2.956941615594204986e+00
2.956941615594203654e+00
2.956941615594204542e+00
2.956941615594203654e+00
2.956941615594204542e+00
2.956941615594203654e+00
2.956941615594204542e+00
2.956941615594203654e+00
2.956941615594204542e+00
2.956941615594204986e+00
2.956941615594203654e+00
2.956941615594204542e+00
2.956941615594203654e+00
2.956941615594204542e+00
2.956941615594204986e+00
2.956941615594203654e+00
2.956941615594204542e+00
2.956941615594203654e+00
2.956941615594204542e+00
2.956941615594203654e+00
2.956941615594204542e+00
2.956941615594203654e+00
2.956941615594204542e+00
2.956941615594204986e+00
2.956941615594203654e+00
2.956941615594204542e+00
2.956941615594202766e+00
2.956941615594202766e+00
2.956941615594200989e+00
2.956941615594204542e+00
2.956941615594203654e+00
2.956941615594203654e+00
2.956941615594203210e+00
2.956941615594202766e+00
2.956941615594201433e+00
2.956941615594201433e+00
2.956941615594204542e+00
2.956941615594203654e+00
2.956941615594204986e+00
2.956941615594203654e+00
2.956941615594204542e+00
2.956941615594203654e+00
2.956941615594204542e+00
2.956941615594204986e+00
2.956941615594203654e+00
2.956941615594204542e+00
2.956941615594203654e+00
2.956941615594204542e+00
2.956941615594203654e+00
2.956941615594204542e+00
2.956941615594204986e+00
2.956941615594203654e+00
2.956941615594204542e+00
2.956941615594203654e+00
2.956941615594204542e+00
2.956941615594203654e+00
2.956941615594204542e+00
2.956941615594203654e+00
2.956941615594204542e+00
2.956941615594204986e+00
2.956941615594203654e+00
2.956941615594204542e+00
2.956941615594203654e+00
2.956941615594204542e+00
3.024123753612963039e+00
3.089343417911933898e+00
3.152988567087694705e+00
3.215289754094125207e+00
3.276280315318295333e+00
3.335546736074121554e+00
3.393371370008501309e+00
3.449992759876906234e+00
3.505439760535165039e+00
3.559636209242515115e+00
3.612311760101455160e+00
3.663904147764577068e+00
3.714438598393399626e+00
3.763939632761418519e+00
3.812335595601227034e+00
3.859393630281017451e+00
3.905496652794045342e+00
3.950666340716370240e+00
3.994923904257564384e+00
4.038290089115275983e+00
4.080519024373276515e+00
4.121719750715771902e+00
4.162097125214848425e+00
4.201669494987450015e+00
4.240454648046572572e+00
4.278469839604865932e+00
4.315672057687090835e+00
4.351860258891047550e+00
4.387334127925340610e+00
4.422109069014564575e+00
4.456200103784474287e+00
4.489621882724632584e+00
4.522388696231302241e+00
4.554514485248858158e+00
4.585800140255964941e+00
4.616401981056472259e+00
4.646407875253622421e+00
4.675830308235697785e+00
4.704681529806750362e+00
4.732973554340458300e+00
4.760718161403601378e+00
4.787926896801307564e+00
4.814611073999901514e+00
4.840496572077626070e+00
4.865866502960821016e+00
4.890749961535265200e+00
4.913450777612328402e+00
4.927535433059975212e+00
4.933634998804405036e+00
4.934730634716282260e+00
4.933630301708194388e+00
4.932111262910970240e+00
4.930963650253577413e+00
4.930346549726380978e+00
4.930134915871785317e+00
4.930143560681514714e+00
4.930229267844286944e+00
4.930313436515072922e+00
4.930368035827333628e+00
4.930393071916349790e+00
4.930398736731051557e+00
4.930395409871072054e+00
4.930389962444766461e+00
4.930385622025963421e+00
4.930383179952861461e+00
4.930382269352709734e+00
4.930382229354739465e+00
4.930382519397466190e+00
4.930382829398226363e+00
4.930383039803647449e+00
4.930383141499099509e+00
4.930383168641499836e+00
4.930383159338497023e+00
4.930383139998818720e+00
4.930383123677887447e+00
4.930383114079194939e+00
4.930383110231522537e+00
4.930383109799756802e+00
4.930383110758044474e+00
4.930383111891146974e+00
4.930383112697223069e+00
4.930383113106639570e+00
4.930383113230807801e+00
4.930383113208527845e+00
4.930383113140712759e+00
4.930383113079728652e+00
4.930383113042243970e+00
4.930383113026216790e+00
4.930383113023512287e+00
4.930383113026580055e+00
4.930383113030686992e+00
4.930383113033758313e+00
4.930383113035395226e+00
4.930383113035944120e+00
4.930383113035909481e+00
4.930383113035675002e+00
4.930383113035444964e+00
4.930383113035301079e+00
4.930383113035233578e+00
4.930383113035218479e+00
4.930383113035227360e+00
4.930383113035245124e+00
4.930383113035259335e+00
4.930383113035267328e+00
4.930383113035268217e+00
4.930383113035265552e+00
4.930383113035263776e+00
4.930383113035261999e+00
4.930383113035261111e+00
4.930383113035261999e+00
4.930383113035261999e+00
4.930383113035263776e+00
4.930383113035261999e+00
4.930383113035261999e+00
4.930383113035261999e+00
4.930383113035263776e+00
4.930383113035261999e+00
4.930383113035261999e+00
4.930383113035263776e+00
4.930383113035261999e+00
4.930383113035261999e+00
4.930383113035263776e+00
4.930383113035261999e+00
4.930383113035261999e+00
4.930383113035261999e+00
4.930383113035263776e+00
4.930383113035261999e+00
4.930383113035261999e+00
4.930383113035263776e+00
4.930383113035261999e+00
4.930383113035261999e+00
4.930383113035261999e+00
4.930383113035263776e+00
4.930383113035261999e+00
4.930383113035263776e+00
4.930383113035261999e+00
4.930383113035261999e+00
4.930383113035263776e+00
4.930383113035261999e+00
4.930383113035261999e+00
4.930383113035263776e+00
4.930383113035261999e+00
4.930383113035261999e+00
4.930383113035263776e+00
4.930383113035261999e+00
4.930383113035261999e+00
4.930383113035263776e+00
4.930383113035261999e+00
4.930383113035263776e+00
4.930383113035261999e+00
4.930383113035261999e+00
4.930383113035263776e+00
4.930383113035261999e+00
4.930383113035261999e+00
4.930383113035263776e+00
4.930383113035261999e+00
4.930383113035261999e+00
4.930383113035263776e+00
4.930383113035261999e+00
4.930383113035261999e+00
4.930383113035263776e+00
4.930383113035261999e+00
4.930383113035261999e+00
4.930383113035263776e+00
4.930383113035261999e+00
4.930383113035261999e+00
4.930383113035263776e+00
4.930383113035261999e+00
4.930383113035261999e+00
4.930383113035263776e+00
4.930383113035261999e+00
4.930383113035261999e+00
4.930383113035263776e+00
4.930383113035261999e+00
4.930383113035261999e+00
4.930383113035263776e+00
4.930383113035261999e+00
4.930383113035261999e+00
4.930383113035263776e+00
4.930383113035261999e+00
4.930383113035263776e+00
4.930383113035261999e+00
4.930383113035263776e+00
4.930383113035261999e+00
4.930383113035261999e+00
4.930383113035263776e+00
4.930383113035261999e+00
4.930383113035261999e+00
4.930383113035263776e+00
4.930383113035261999e+00
4.930383113035261999e+00
4.930383113035263776e+00
4.930383113035261999e+00
4.930383113035263776e+00
4.930383113035261999e+00
4.930383113035263776e+00
4.930383113035261999e+00
4.930383113035261999e+00
4.930383113035263776e+00
4.930383113035261999e+00
4.930383113035261999e+00
4.930383113035263776e+00
4.930383113035261999e+00
4.930383113035261999e+00
4.930383113035261999e+00
4.930383113035261999e+00
4.930383113035263776e+00
4.930383113035261999e+00
4.930383113035261999e+00
4.930383113035261999e+00
4.930383113035263776e+00
4.930383113035261999e+00
4.930383113035261999e+00
4.930383113035263776e+00
4.930383113035261999e+00
4.930383113035261999e+00
4.930383113035263776e+00
4.930383113035261999e+00
4.930383113035261999e+00
4.930383113035263776e+00
4.930383113035261999e+00
4.930383113035263776e+00
4.930383113035261999e+00
4.930383113035263776e+00
4.930383113035261999e+00
4.930383113035261999e+00
4.930383113035263776e+00
4.930383113035261999e+00
4.930383113035261999e+00
4.930383113035261999e+00
4.930383113035263776e+00
4.930383113035261999e+00
4.930383113035261999e+00
4.930383113035263776e+00
4.930383113035261999e+00
4.930383113035261999e+00
4.930383113035263776e+00
4.930383113035261999e+00
4.930383113035261999e+00
4.930383113035263776e+00
4.930383113035263776e+00
4.930383113035261999e+00
4.930383113035261999e+00
4.930383113035263776e+00
4.930383113035261999e+00
4.930383113035261999e+00
4.930383113035263776e+00
4.930383113035261999e+00
4.930383113035261999e+00
4.930383113035263776e+00
4.930383113035261999e+00
4.930383113035261999e+00
4.930383113035263776e+00
4.930383113035261999e+00
4.930383113035261999e+00
4.930383113035263776e+00
4.930383113035261999e+00
4.930383113035261999e+00
4.930383113035263776e+00
4.930383113035261999e+00
4.930383113035261999e+00
4.930383113035263776e+00
4.930383113035261999e+00
4.930383113035263776e+00
4.930383113035261999e+00
4.930383113035263776e+00
4.930383113035261999e+00
4.930383113035261999e+00
4.930383113035261999e+00
4.930383113035263776e+00
4.930383113035261999e+00
4.930383113035261999e+00
4.930383113035263776e+00
4.930383113035261999e+00
4.930383113035261999e+00
4.930383113035261999e+00
4.930383113035263776e+00
4.930383113035261999e+00
4.930383113035261999e+00
4.930383113035263776e+00
4.930383113035261999e+00
4.930383113035263776e+00
4.930383113035261999e+00
4.930383113035261999e+00
4.930383113035261999e+00
4.930383113035261999e+00
4.930383113035263776e+00
4.930383113035263776e+00
4.930383113035261999e+00
4.930383113035261999e+00
4.930383113035263776e+00
4.930383113035261999e+00
4.930383113035261999e+00
4.930383113035263776e+00
4.930383113035261999e+00
4.930383113035261999e+00
4.930383113035261999e+00
4.930383113035263776e+00
4.930383113035261999e+00
