1.479155544871898764e-01
2.916826111451478187e-01
4.307392817932574891e-01
5.658025494441154546e-01
6.968565629551356500e-01
8.239305912168927160e-01
9.471763740937089171e-01
1.066979627871197378e+00
1.183334610064787906e+00
1.296579788326175375e+00
1.406183410809998202e+00
1.513227055440467872e+00
1.616787383435326797e+00
1.717880880438577895e+00
1.816224402056837883e+00
1.911761546522696920e+00
2.005131888646324079e+00
2.095703925810725732e+00
2.184018792374826656e+00
2.270361802692287156e+00
2.354052229215688463e+00
2.435784110524969126e+00
2.515717040716318298e+00
2.593232422463283893e+00
2.667081453764490462e+00
2.731741245273692442e+00
2.784784085992720648e+00
2.825619143333208516e+00
2.855650271385591132e+00
2.876540396018633317e+00
2.890118422271250154e+00
2.898149993484969933e+00
2.902193548959734137e+00
2.903536965145645965e+00
2.903186985113362262e+00
2.901890258515508414e+00
2.900170655242428897e+00
2.898372403504437145e+00
2.896702432777721548e+00
2.895268166208309513e+00
2.894109023731979313e+00
2.893221236174051914e+00
2.892576391320337059e+00
2.892134553779179829e+00
2.891852974625653605e+00
2.891691411455210137e+00
2.891614961769374048e+00
2.891595184975024768e+00
2.891610135968740725e+00
2.891643750675860325e+00
2.891684923218770020e+00
2.891726492246629032e+00
2.891764272697075366e+00
2.891796207447235645e+00
2.891821670392087373e+00
2.891840924566273063e+00
2.891854722434770597e+00
2.891864027130672365e+00
2.891869830663792218e+00
2.891873045886201865e+00
2.891874451571228466e+00
2.891874673577203847e+00
2.891874188721000660e+00
2.891873341427639410e+00
2.891872366168478869e+00
2.891871411082292731e+00
2.891870559998012791e+00
2.891869851403240155e+00
2.891869293810628072e+00
2.891868877553156025e+00
2.891868583371408619e+00
2.891868388313203475e+00
2.891868269507669620e+00
2.891868206338283898e+00
2.891868181491364265e+00
2.891868181236608937e+00
2.891868195246432460e+00
2.891868216161851191e+00
2.891868239054187217e+00
2.891868260878414532e+00
2.891868279975551737e+00
2.891868295646064180e+00
2.891868307818234118e+00
2.891868316788119841e+00
2.891868323036690391e+00
2.891868327105497460e+00
2.891868329518823444e+00
2.891868330740277937e+00
2.891868331154488825e+00
2.891868331059682884e+00
2.891868330680843702e+00
2.891868330172611579e+00
2.891868329639159185e+00
2.891868329142663008e+00
2.891868328715560210e+00
2.891868328369925134e+00
2.891868328105843933e+00
2.891868327912963998e+00
2.891868327780535708e+00
2.891868327695910512e+00
2.891868327648121184e+00
2.891868327624728341e+00
2.891868327618301038e+00
2.891868327622317825e+00
2.891868327631994084e+00
2.891868327644012915e+00
2.891868327656227144e+00
2.891868327668345451e+00
2.891868327678658979e+00
2.891868327685959805e+00
2.891868327691388796e+00
2.891868327695207519e+00
2.891868327697723284e+00
2.891868327700214625e+00
2.891868327700901631e+00
2.891868327701056618e+00
2.891868327701855090e+00
2.891868327701405672e+00
2.891868327701825780e+00
2.891868327701156094e+00
2.891868327700499730e+00
2.891868327699913976e+00
2.891868327699423258e+00
2.891868327699036900e+00
2.891868327698750019e+00
2.891868327698544405e+00
2.891868327698407626e+00
2.891868327698326802e+00
2.891868327698284613e+00
2.891868327699240737e+00
2.891868327700105379e+00
2.891868327699862018e+00
2.891868327699577357e+00
2.891868327699293140e+00
2.891868327699039121e+00
2.891868327698826402e+00
2.891868327699630647e+00
2.891868327699400165e+00
2.891868327699166574e+00
2.891868327698953856e+00
2.891868327698773555e+00
2.891868327698628782e+00
2.891868327698520869e+00
2.891868327699416152e+00
2.891868327699255836e+00
2.891868327699077312e+00
2.891868327698905450e+00
2.891868327698753127e+00
2.891868327698628338e+00
2.891868327698528862e+00
2.891868327698456032e+00
2.891868327699375740e+00
2.891868327700208408e+00
2.891868327699938845e+00
2.891868327699631536e+00
2.891868327699329555e+00
2.891868327699061769e+00
2.891868327698837948e+00
2.891868327698664753e+00
2.891868327698535523e+00
2.891868327698443153e+00
2.891868327698381869e+00
2.891868327698344121e+00
2.891868327699298025e+00
2.891868327700153340e+00
2.891868327700873209e+00
2.891868327700472197e+00
2.891868327700037877e+00
2.891868327699624430e+00
2.891868327699261609e+00
2.891868327698964514e+00
2.891868327698736252e+00
2.891868327698569274e+00
2.891868327698449370e+00
2.891868327698372099e+00
2.891868327698329910e+00
2.891868327698309038e+00
2.891868327698302377e+00
2.891868327698303709e+00
2.891868327698310814e+00
2.891868327698320140e+00
2.891868327698329022e+00
2.891868327698337904e+00
2.891868327699316676e+00
2.891868327699216756e+00
2.891868327700051644e+00
2.891868327699796737e+00
2.891868327699510299e+00
2.891868327699233632e+00
2.891868327698989383e+00
2.891868327698785546e+00
2.891868327698628782e+00
2.891868327699484986e+00
2.891868327699299357e+00
2.891868327699099073e+00
2.891868327698915220e+00
2.891868327698753127e+00
2.891868327698622121e+00
2.891868327699494756e+00
2.891868327700290120e+00
2.891868327699985919e+00
2.891868327699654628e+00
2.891868327699336660e+00
2.891868327699058216e+00
2.891868327699802066e+00
2.891868327700490848e+00
2.891868327701080155e+00
2.891868327700585883e+00
2.891868327700084063e+00
2.891868327700598318e+00
2.891868327700104047e+00
2.891868327699652408e+00
2.891868327699265606e+00
2.891868327699925967e+00
2.891868327699581354e+00
2.891868327699265606e+00
2.891868327698997820e+00
2.891868327698778440e+00
2.891868327699584462e+00
2.891868327699358865e+00
2.891868327699131491e+00
2.891868327698926766e+00
2.891868327699722574e+00
2.891868327699477881e+00
2.891868327699228303e+00
2.891868327699002261e+00
2.891868327698809082e+00
2.891868327698655428e+00
2.891868327699509855e+00
2.891868327699318453e+00
2.891868327699115060e+00
2.891868327698926322e+00
2.891868327698761121e+00
2.891868327698627450e+00
2.891868327698523533e+00
2.891868327698449814e+00
2.891868327698398744e+00
2.891868327698366770e+00
2.891868327698346341e+00
2.891868327698337460e+00
2.891868327698337016e+00
2.891868327698336127e+00
2.891868327698339680e+00
2.891868327698342345e+00
2.891868327698345897e+00
2.891868327698350338e+00
2.891868327698352559e+00
2.891868327698355223e+00
2.891868327698357444e+00
2.891868327699333996e+00
2.891868327699230967e+00
2.891868327699086638e+00
2.891868327698932983e+00
2.891868327698789543e+00
2.891868327698664309e+00
2.891868327698562169e+00
2.891868327699458785e+00
2.891868327699295360e+00
2.891868327699111951e+00
2.891868327698933427e+00
2.891868327698774888e+00
2.891868327698643437e+00
2.891868327698539520e+00
2.891868327698462693e+00
2.891868327698407182e+00
2.891868327698372099e+00
2.891868327698351671e+00
2.891868327698340568e+00
2.891868327698337460e+00
2.891868327698337016e+00
2.891868327699314012e+00
2.891868327699210983e+00
2.891868327699069763e+00
2.891868327698920105e+00
2.891868327698779773e+00
2.891868327698658092e+00
2.891868327698558172e+00
2.891868327698481345e+00
2.891868327698425389e+00
2.891868327699361085e+00
2.891868327699232299e+00
2.891868327699071983e+00
2.891868327698911667e+00
2.891868327698766894e+00
2.891868327698642549e+00
2.891868327698543517e+00
2.891868327699441021e+00
2.891868327700255037e+00
2.891868327699966823e+00
2.891868327699646191e+00
2.891868327700307439e+00
2.891868327699926855e+00
2.891868327699556040e+00
2.891868327699226526e+00
2.891868327699921082e+00
2.891868327699600449e+00
2.891868327699294916e+00
2.891868327699029795e+00
2.891868327698809082e+00
2.891868327698640773e+00
2.891868327698516872e+00
2.960441497618299778e+00
3.027548979944759910e+00
3.092658753479063272e+00
3.156233767731721152e+00
3.218466564782937134e+00
3.279390426702808892e+00
3.338558419094520335e+00
3.396320283087747693e+00
3.452880418192127099e+00
3.508267622431819444e+00
3.562379375684134875e+00
3.614998443725986998e+00
3.666535667036609603e+00
3.717016234787129392e+00
3.766464632050330330e+00
3.814785895811605432e+00
3.861794146744534917e+00
3.907848514800970285e+00
3.952970653401510326e+00
3.997181748725242567e+00
4.040502522610148972e+00
4.082664015180567318e+00
4.123821826664319623e+00
4.164157246503328302e+00
4.203688592312849970e+00
4.242433624002917902e+00
4.280409569993794072e+00
4.317555857499027816e+00
4.353706840511583742e+00
4.389144295232531690e+00
4.423883605870167379e+00
4.457939774635592656e+00
4.491327433183278650e+00
4.524060853632743573e+00
4.556153959189855662e+00
4.587392930387572676e+00
4.617963731524693749e+00
4.647939235637971400e+00
4.677331915971827847e+00
4.706154010182102887e+00
4.733136347215721074e+00
4.756617195797823605e+00
4.775968561247645461e+00
4.791208229166215027e+00
4.802720162650963687e+00
4.811061987141401985e+00
4.816832384245749665e+00
4.820580478837793947e+00
4.822873544963045767e+00
4.824131472655661668e+00
4.824686574090940816e+00
4.824791379617112241e+00
4.824630241299167288e+00
4.824332107922379542e+00
4.823982756829318319e+00
4.823635658378616853e+00
4.823321069033494446e+00
4.823053299603483168e+00
4.822836290096206291e+00
4.822667718398684578e+00
4.822541904127713330e+00
4.822451764910785421e+00
4.822390056895237365e+00
4.822350097377044342e+00
4.822326120478354738e+00
4.822313405409517806e+00
4.822308251849615424e+00
4.822307864944709088e+00
4.822310229921412450e+00
4.822313949644748909e+00
4.822318106704452489e+00
4.822322138761827581e+00
4.822325736624772041e+00
4.822328763624921244e+00
4.822331193120005466e+00
4.822333063686711441e+00
4.822334447582738548e+00
4.822335429697770515e+00
4.822336094530528250e+00
4.822336518868736377e+00
4.822336768035357046e+00
4.822336895001106960e+00
4.822336941022325796e+00
4.822336936742554592e+00
4.822336904337526597e+00
4.822336858597232379e+00
4.822336809460313845e+00
4.822336762809023902e+00
4.822336721770546397e+00
4.822336687621297635e+00
4.822336660614560344e+00
4.822336639878047393e+00
4.822336624662061588e+00
4.822336613959663509e+00
4.822336606791217228e+00
4.822336602280754114e+00
4.822336599690172143e+00
4.822336598426283594e+00
4.822336598031831123e+00
4.822336598168145194e+00
4.822336598594542778e+00
4.822336599147814873e+00
4.822336599723590744e+00
4.822336600260388018e+00
4.822336600726690570e+00
4.822336601110882803e+00
4.822336601413738322e+00
4.822336601643022469e+00
4.822336601809761092e+00
4.822336601925875321e+00
4.822336602002705419e+00
4.822336602050243393e+00
4.822336602076822132e+00
4.822336602089072777e+00
4.822336602092051727e+00
4.822336602089488444e+00
4.822336602083989732e+00
4.822336602077325729e+00
4.822336602070584455e+00
4.822336602064411615e+00
4.822336602059120736e+00
4.822336602054806853e+00
4.822336602051437104e+00
4.822336602048910237e+00
4.822336602047091247e+00
4.822336602045833587e+00
4.822336602045014686e+00
4.822336602044513754e+00
4.822336602044244636e+00
4.822336602044130061e+00
4.822336602044113185e+00
4.822336602044150489e+00
4.822336602044221543e+00
4.822336602044304144e+00
4.822336602044381415e+00
4.822336602044450693e+00
4.822336602044504872e+00
4.822336602044555498e+00
4.822336602044594578e+00
4.822336602044618559e+00
4.822336602044638987e+00
4.822336602044650533e+00
4.822336602044659415e+00
4.822336602044664744e+00
4.822336602044669185e+00
4.822336602044667409e+00
4.822336602044665632e+00
4.822336602044662968e+00
4.822336602044659415e+00
4.822336602044659415e+00
4.822336602044655862e+00
4.822336602044654086e+00
4.822336602044654086e+00
4.822336602044654086e+00
4.822336602044654086e+00
4.822336602044654086e+00
4.822336602044654086e+00
4.822336602044656750e+00
4.822336602044656750e+00
4.822336602044658527e+00
4.822336602044657639e+00
4.822336602044656750e+00
4.822336602044656750e+00
4.822336602044656750e+00
4.822336602044656750e+00
4.822336602044656750e+00
4.822336602044656750e+00
4.822336602044658527e+00
4.822336602044657639e+00
4.822336602044656750e+00
4.822336602044656750e+00
4.822336602044656750e+00
4.822336602044656750e+00
4.822336602044656750e+00
4.822336602044658527e+00
4.822336602044657639e+00
4.822336602044656750e+00
4.822336602044656750e+00
4.822336602044656750e+00
4.822336602044656750e+00
4.822336602044656750e+00
4.822336602044656750e+00
4.822336602044658527e+00
4.822336602044657639e+00
4.822336602044654974e+00
4.822336602044656750e+00
4.822336602044658527e+00
4.822336602044657639e+00
4.822336602044656750e+00
4.822336602044656750e+00
4.822336602044656750e+00
4.822336602044656750e+00
4.822336602044656750e+00
4.822336602044658527e+00
4.822336602044657639e+00
4.822336602044656750e+00
4.822336602044656750e+00
4.822336602044656750e+00
4.822336602044656750e+00
4.822336602044656750e+00
4.822336602044658527e+00
4.822336602044657639e+00
4.822336602044654974e+00
4.822336602044656750e+00
4.822336602044656750e+00
4.822336602044658527e+00
4.822336602044657639e+00
4.822336602044654974e+00
4.822336602044656750e+00
4.822336602044658527e+00
4.822336602044657639e+00
4.822336602044654974e+00
4.822336602044656750e+00
4.822336602044658527e+00
4.822336602044657639e+00
4.822336602044656750e+00
4.822336602044656750e+00
4.822336602044656750e+00
4.822336602044656750e+00
4.822336602044656750e+00
4.822336602044658527e+00
4.822336602044657639e+00
4.822336602044656750e+00
4.822336602044656750e+00
4.822336602044656750e+00
4.822336602044656750e+00
4.822336602044656750e+00
4.822336602044656750e+00
4.822336602044656750e+00
4.822336602044656750e+00
4.822336602044658527e+00
4.822336602044657639e+00
4.822336602044656750e+00
4.822336602044656750e+00
4.822336602044656750e+00
4.822336602044656750e+00
4.822336602044656750e+00
4.822336602044656750e+00
4.822336602044658527e+00
4.822336602044657639e+00
4.822336602044656750e+00
4.822336602044656750e+00
4.822336602044656750e+00
4.822336602044656750e+00
4.822336602044656750e+00
4.822336602044656750e+00
4.822336602044658527e+00
4.822336602044657639e+00
4.822336602044656750e+00
4.822336602044656750e+00
4.822336602044656750e+00
4.822336602044656750e+00
4.822336602044656750e+00
4.822336602044656750e+00
4.822336602044658527e+00
4.822336602044657639e+00
4.822336602044656750e+00
4.822336602044656750e+00
4.822336602044656750e+00
4.822336602044656750e+00
4.822336602044656750e+00
4.822336602044658527e+00
4.822336602044657639e+00
4.822336602044656750e+00
4.822336602044656750e+00
4.822336602044656750e+00
4.822336602044656750e+00
4.822336602044656750e+00
4.822336602044658527e+00
4.822336602044657639e+00
4.822336602044654974e+00
4.822336602044656750e+00
4.822336602044658527e+00
4.822336602044657639e+00
4.822336602044656750e+00
4.822336602044656750e+00
4.822336602044656750e+00
4.822336602044656750e+00
4.822336602044656750e+00
4.822336602044656750e+00
4.822336602044658527e+00
4.822336602044657639e+00
4.822336602044654974e+00
4.822336602044656750e+00
4.822336602044658527e+00
4.822336602044657639e+00
4.822336602044656750e+00
4.822336602044656750e+00
4.822336602044656750e+00
4.822336602044656750e+00
4.822336602044656750e+00
4.822336602044658527e+00
4.822336602044657639e+00
4.822336602044654974e+00
4.822336602044656750e+00
4.822336602044658527e+00
4.822336602044657639e+00
4.822336602044654974e+00
4.822336602044656750e+00
4.822336602044658527e+00
4.725753517456862340e+00
4.630969399960255473e+00
4.537801755925825020e+00
4.445838380325012551e+00
4.355681324316487135e+00
4.266913027892579535e+00
4.179480949907864229e+00
4.099267915638942661e+00
4.030332600328907056e+00
3.974091588116583473e+00
3.930695482040199362e+00
3.898769175037812396e+00
3.876451834686425624e+00
3.861773734136414671e+00
3.852884758896630402e+00
3.848175723663697312e+00
3.846326318052712523e+00
3.846306094437519807e+00
3.847348155013295301e+00
3.848909465174887856e+00
3.850627094505177705e+00
3.852276157246766086e+00
3.853732637131047412e+00
3.854942489067423761e+00
3.855897232035770728e+00
3.856615597749882607e+00
3.857130353744924633e+00
3.857479359812516773e+00
3.857699931484729117e+00
3.857825602962110079e+00
3.857884611113706175e+00
3.857899503733758895e+00
3.857887440347377517e+00
3.857860867942313199e+00
3.857828346887695936e+00
3.857795391219750680e+00
3.857765237882707865e+00
3.857739503720841956e+00
3.857718716507048118e+00
3.857702723731133876e+00
3.857690992635417704e+00
3.857682819395875207e+00
3.857677466245402975e+00
3.857674244114360995e+00
3.857672556026737976e+00
3.857671913723152990e+00
3.857671937222006520e+00
3.857672347011956493e+00
3.857672941299686631e+00
3.857673587468986032e+00
3.857674203829470905e+00
3.857674745785311110e+00
3.857675194378500372e+00
3.857675547271461891e+00
3.857675809496269981e+00
3.857675996323834511e+00
3.857676122126244334e+00
3.857676200891203333e+00
3.857676245087209299e+00
3.857676265146453787e+00
3.857676269353778942e+00
3.857676263981312914e+00
3.857676253553036450e+00
3.857676241160231889e+00
3.857676228777071170e+00
3.857676217547165276e+00
3.857676208026607156e+00
3.857676200379367870e+00
3.857676194526885372e+00
3.857676190257282922e+00
3.857676187301032122e+00
3.857676185380147782e+00
3.857676184237526673e+00
3.857676183651985724e+00
3.857676183443671025e+00
3.857676183473355280e+00
3.857676183638263812e+00
3.857676183866277420e+00
3.857676184109746220e+00
3.857676184339609016e+00
3.857676184540280051e+00
3.857676184705435496e+00
3.857676184834688105e+00
3.857676184931154051e+00
3.857676184999665026e+00
3.857676185045619821e+00
3.857676185074244035e+00
3.857676185090168630e+00
3.857676185097252741e+00
3.857676185098558808e+00
3.857676185096386767e+00
3.857676185092408172e+00
3.857676185087745235e+00
3.857676185083118270e+00
3.857676185078943831e+00
3.857676185075421316e+00
3.857676185072596020e+00
3.857676185070437302e+00
3.857676185068866115e+00
3.857676185067786534e+00
3.857676185067084429e+00
3.857676185066669650e+00
3.857676185066462704e+00
3.857676185066390762e+00
3.857676185066405861e+00
3.857676185066471142e+00
3.857676185066556407e+00
3.857676185066646557e+00
3.857676185066732266e+00
3.857676185066809538e+00
3.857676185066869046e+00
3.857676185066917007e+00
3.857676185066954755e+00
3.857676185066980512e+00
3.857676185066993835e+00
3.857676185067003605e+00
3.857676185067009822e+00
3.857676185067018704e+00
3.857676185067021368e+00
3.857676185067022701e+00
3.857676185067020480e+00
3.857676185067018260e+00
3.857676185067016039e+00
3.857676185067014263e+00
3.857676185067013819e+00
3.857676185067011598e+00
3.857676185067010266e+00
3.857676185067008046e+00
3.857676185067008046e+00
3.857676185067008046e+00
3.857676185067008934e+00
3.857676185067009822e+00
3.857676185067010266e+00
3.857676185067010266e+00
3.857676185067010266e+00
3.857676185067010266e+00
3.857676185067010266e+00
3.857676185067010266e+00
3.857676185067010266e+00
3.857676185067010266e+00
3.857676185067010266e+00
3.857676185067010266e+00
3.857676185067010266e+00
3.857676185067010266e+00
3.857676185067010266e+00
3.857676185067010266e+00
3.857676185067010266e+00
3.857676185067010266e+00
3.857676185067010266e+00
3.857676185067010266e+00
3.857676185067010266e+00
3.857676185067010266e+00
3.857676185067010266e+00
3.857676185067010266e+00
3.857676185067010266e+00
3.857676185067010266e+00
3.857676185067010266e+00
3.857676185067010266e+00
3.857676185067010266e+00
3.857676185067010266e+00
3.857676185067010266e+00
3.857676185067010266e+00
3.857676185067010266e+00
3.857676185067010266e+00
3.857676185067010266e+00
3.857676185067010266e+00
3.857676185067010266e+00
3.857676185067010266e+00
3.857676185067010266e+00
3.857676185067010266e+00
3.857676185067010266e+00
3.857676185067010266e+00
3.857676185067010266e+00
3.857676185067010266e+00
3.857676185067010266e+00
3.857676185067010266e+00
3.857676185067010266e+00
3.857676185067010266e+00
3.857676185067010266e+00
3.857676185067010266e+00
3.857676185067010266e+00
3.857676185067010266e+00
3.857676185067010266e+00
3.857676185067010266e+00
3.857676185067010266e+00
3.857676185067010266e+00
3.857676185067010266e+00
3.857676185067010266e+00
3.857676185067010266e+00
3.857676185067010266e+00
3.857676185067010266e+00
3.857676185067010266e+00
3.857676185067010266e+00
3.857676185067010266e+00
3.857676185067010266e+00
3.857676185067010266e+00
3.857676185067010266e+00
3.857676185067010266e+00
3.857676185067010266e+00
3.857676185067010266e+00
3.857676185067010266e+00
3.857676185067010266e+00
3.857676185067010266e+00
3.857676185067010266e+00
3.857676185067010266e+00
3.857676185067010266e+00
3.857676185067010266e+00
3.857676185067010266e+00
3.857676185067010266e+00
3.857676185067010266e+00
3.857676185067010266e+00
3.857676185067010266e+00
3.857676185067010266e+00
3.857676185067010266e+00
3.857676185067010266e+00
3.857676185067010266e+00
3.857676185067010266e+00
3.857676185067010266e+00
3.857676185067010266e+00
3.857676185067010266e+00
3.857676185067010266e+00
3.857676185067010266e+00
3.857676185067010266e+00
3.857676185067010266e+00
3.857676185067010266e+00
3.857676185067010266e+00
3.857676185067010266e+00
3.857676185067010266e+00
3.857676185067010266e+00
3.857676185067010266e+00
3.857676185067010266e+00
3.857676185067010266e+00
3.857676185067010266e+00
3.857676185067010266e+00
3.857676185067010266e+00
3.857676185067010266e+00
3.857676185067010266e+00
3.857676185067010266e+00
3.857676185067010266e+00
3.857676185067010266e+00
3.857676185067010266e+00
3.857676185067010266e+00
3.857676185067010266e+00
3.857676185067010266e+00
3.857676185067010266e+00
3.857676185067010266e+00
3.857676185067010266e+00
3.857676185067010266e+00
3.857676185067010266e+00
3.857676185067010266e+00
3.857676185067010266e+00
3.857676185067010266e+00
3.857676185067010266e+00
3.857676185067010266e+00
3.857676185067010266e+00
3.857676185067010266e+00
3.857676185067010266e+00
3.857676185067010266e+00
3.857676185067010266e+00
3.857676185067010266e+00
3.857676185067010266e+00
3.857676185067010266e+00
3.857676185067010266e+00
3.857676185067010266e+00
3.857676185067010266e+00
3.857676185067010266e+00
3.857676185067010266e+00
3.857676185067010266e+00
3.857676185067010266e+00
3.857676185067010266e+00
3.857676185067010266e+00
3.857676185067010266e+00
3.857676185067010266e+00
3.857676185067010266e+00
3.857676185067010266e+00
3.857676185067010266e+00
3.857676185067010266e+00
3.857676185067010266e+00
3.857676185067010266e+00
3.857676185067010266e+00
3.857676185067010266e+00
3.857676185067010266e+00
3.857676185067010266e+00
3.857676185067010266e+00
3.857676185067010266e+00
3.857676185067010266e+00
3.857676185067010266e+00
3.857676185067010266e+00
3.857676185067010266e+00
3.857676185067010266e+00
3.857676185067010266e+00
3.857676185067010266e+00
3.857676185067010266e+00
3.857676185067010266e+00
3.857676185067010266e+00
3.857676185067010266e+00
3.857676185067010266e+00
3.857676185067010266e+00
3.857676185067010266e+00
3.857676185067010266e+00
3.903814021107441690e+00
3.949017731845092083e+00
3.993308544671173355e+00
4.036707222344261048e+00
4.078984412595511699e+00
4.120215845325551740e+00
4.160623238905762022e+00
4.200224961586624062e+00
4.239038821511959654e+00
4.277082093085772030e+00
4.314324327946794213e+00
4.350539158454703070e+00
4.386039081538182671e+00
4.420839515748875570e+00
4.454955496608794974e+00
4.488401688088853980e+00
4.521192393666820131e+00
4.553341566983297284e+00
4.584660622123753804e+00
4.615284670803370126e+00
4.645312308176805516e+00
4.674756028312176070e+00
4.703628089697351022e+00
4.731940515375501199e+00
4.759705093552134336e+00
4.786933378625623625e+00
4.813636692596891642e+00
4.839552021624568212e+00
4.864940080070950579e+00
4.889841288895084404e+00
4.910507838605650655e+00
4.925191093868273029e+00
4.932578044955467256e+00
4.934746430310942067e+00
4.934271903537076120e+00
4.933009036974995709e+00
4.931903269653669319e+00
4.931241033038952892e+00
4.930970601248175988e+00
4.930936243680065445e+00
4.930999146420216306e+00
4.931075163990452204e+00
4.931129327067990786e+00
4.931156652065191714e+00
4.931164730726923295e+00
4.931163032820742309e+00
4.931158398677053079e+00
4.931154325343793055e+00
4.931151879378755432e+00
4.931150876639564196e+00
4.931150743003911430e+00
4.931150970960050728e+00
4.931151249741588138e+00
4.931151449356567795e+00
4.931151550559609298e+00
4.931151580826381498e+00
4.931151574891704747e+00
4.931151557961207743e+00
4.931151542982631142e+00
4.931151533948431087e+00
4.931151530220852841e+00
4.931151529713340587e+00
4.931151530546073580e+00
4.931151531571462243e+00
4.931151532307720409e+00
4.931151532682039651e+00
4.931151532794734393e+00
4.931151532773523805e+00
4.931151532711393948e+00
4.931151532656215863e+00
4.931151532622848777e+00
4.931151532609032273e+00
4.931151532607107590e+00
4.931151532610151378e+00
4.931151532613921695e+00
4.931151532616641298e+00
4.931151532618026856e+00
4.931151532618446076e+00
4.931151532618369693e+00
4.931151532618142319e+00
4.931151532617937150e+00
4.931151532617813693e+00
4.931151532617766620e+00
4.931151532617756850e+00
4.931151532617767508e+00
4.931151532617779942e+00
4.931151532617789712e+00
4.931151532617795930e+00
4.931151532617796818e+00
4.931151532617796818e+00
4.931151532617794153e+00
4.931151532617794153e+00
4.931151532617794153e+00
4.931151532617794153e+00
4.931151532617794153e+00
4.931151532617794153e+00
4.931151532617794153e+00
4.931151532617794153e+00
4.931151532617794153e+00
4.931151532617794153e+00
4.931151532617794153e+00
4.931151532617794153e+00
4.931151532617794153e+00
4.931151532617794153e+00
4.931151532617794153e+00
4.931151532617794153e+00
4.931151532617794153e+00
4.931151532617794153e+00
4.931151532617794153e+00
4.931151532617794153e+00
4.931151532617794153e+00
4.931151532617794153e+00
4.931151532617794153e+00
4.931151532617794153e+00
4.931151532617794153e+00
4.931151532617794153e+00
4.931151532617794153e+00
4.931151532617794153e+00
4.931151532617794153e+00
4.931151532617794153e+00
4.931151532617794153e+00
4.931151532617794153e+00
4.931151532617794153e+00
4.931151532617794153e+00
4.931151532617794153e+00
4.931151532617794153e+00
4.931151532617794153e+00
4.931151532617794153e+00
4.931151532617794153e+00
4.931151532617794153e+00
4.931151532617794153e+00
4.931151532617794153e+00
4.931151532617794153e+00
4.931151532617795930e+00
4.931151532617794153e+00
4.931151532617794153e+00
4.931151532617794153e+00
4.931151532617794153e+00
4.931151532617794153e+00
4.931151532617794153e+00
4.931151532617795930e+00
4.931151532617794153e+00
4.931151532617794153e+00
4.931151532617794153e+00
4.931151532617794153e+00
4.931151532617794153e+00
4.931151532617794153e+00
4.931151532617794153e+00
4.931151532617794153e+00
4.931151532617795930e+00
4.931151532617795930e+00
4.931151532617794153e+00
4.931151532617794153e+00
4.931151532617794153e+00
4.931151532617794153e+00
4.931151532617794153e+00
4.931151532617794153e+00
4.931151532617794153e+00
4.931151532617794153e+00
4.931151532617794153e+00
4.931151532617794153e+00
4.931151532617794153e+00
4.931151532617794153e+00
4.931151532617794153e+00
4.931151532617794153e+00
4.931151532617794153e+00
4.931151532617794153e+00
4.931151532617794153e+00
4.931151532617794153e+00
4.931151532617794153e+00
4.931151532617794153e+00
4.931151532617794153e+00
4.931151532617794153e+00
4.931151532617794153e+00
4.931151532617794153e+00
4.931151532617794153e+00
4.931151532617794153e+00
4.931151532617794153e+00
4.931151532617794153e+00
4.931151532617794153e+00
4.931151532617794153e+00
4.931151532617794153e+00
4.931151532617794153e+00
4.931151532617794153e+00
4.931151532617794153e+00
4.931151532617794153e+00
4.931151532617794153e+00
4.931151532617794153e+00
4.931151532617794153e+00
4.931151532617794153e+00
4.931151532617794153e+00
4.931151532617794153e+00
4.931151532617794153e+00
4.931151532617795930e+00
4.931151532617795930e+00
4.931151532617794153e+00
4.931151532617794153e+00
4.931151532617794153e+00
4.931151532617794153e+00
4.931151532617794153e+00
4.931151532617794153e+00
4.931151532617794153e+00
4.931151532617794153e+00
4.931151532617794153e+00
4.931151532617794153e+00
4.931151532617794153e+00
4.931151532617794153e+00
4.931151532617794153e+00
4.931151532617794153e+00
4.931151532617794153e+00
4.931151532617794153e+00
4.931151532617794153e+00
4.931151532617794153e+00
4.931151532617794153e+00
4.931151532617794153e+00
4.931151532617794153e+00
4.931151532617794153e+00
4.931151532617794153e+00
4.931151532617794153e+00
4.931151532617794153e+00
4.931151532617794153e+00
4.931151532617794153e+00
4.931151532617794153e+00
4.931151532617794153e+00
4.931151532617795930e+00
4.931151532617795930e+00
4.931151532617794153e+00
4.931151532617794153e+00
4.931151532617794153e+00
4.931151532617794153e+00
4.931151532617794153e+00
4.931151532617794153e+00
4.931151532617794153e+00
4.931151532617794153e+00
4.931151532617794153e+00
4.931151532617794153e+00
4.931151532617794153e+00
4.931151532617794153e+00
4.931151532617794153e+00
4.931151532617794153e+00
4.931151532617794153e+00
4.931151532617794153e+00
4.931151532617794153e+00
4.931151532617794153e+00
4.931151532617794153e+00
4.931151532617794153e+00
4.931151532617794153e+00
4.931151532617794153e+00
4.931151532617794153e+00
4.931151532617794153e+00
4.931151532617794153e+00
4.931151532617794153e+00
4.931151532617794153e+00
4.931151532617794153e+00
4.931151532617794153e+00
4.931151532617794153e+00
4.931151532617794153e+00
4.931151532617794153e+00
4.931151532617794153e+00
4.931151532617794153e+00
4.931151532617794153e+00
4.931151532617794153e+00
4.931151532617794153e+00
4.931151532617794153e+00
4.931151532617794153e+00
4.931151532617794153e+00
4.931151532617794153e+00
4.931151532617794153e+00
4.931151532617794153e+00
4.931151532617794153e+00
4.931151532617794153e+00
4.931151532617795930e+00
4.931151532617795930e+00
4.931151532617794153e+00
4.931151532617794153e+00
4.931151532617794153e+00
4.931151532617794153e+00
4.931151532617794153e+00
4.931151532617794153e+00
4.931151532617794153e+00
4.931151532617794153e+00
4.931151532617794153e+00
4.931151532617794153e+00
4.931151532617794153e+00
4.931151532617794153e+00
4.931151532617794153e+00
4.931151532617794153e+00
4.931151532617794153e+00
4.931151532617794153e+00
4.931151532617794153e+00
4.931151532617794153e+00
4.931151532617794153e+00
4.931151532617794153e+00
4.931151532617794153e+00
4.931151532617794153e+00
4.931151532617794153e+00
4.931151532617794153e+00
4.931151532617794153e+00
4.931151532617794153e+00
4.931151532617794153e+00
4.833527072145322734e+00
4.736857075628829961e+00
4.641857496074973888e+00
4.548576012159274207e+00
4.456401576858625369e+00
4.366036601703379816e+00
4.277158010975560032e+00
4.189522416914750913e+00
4.103631343609901450e+00
4.019068168928394691e+00
3.935701249410449964e+00
3.854019138972283542e+00
3.773726446374922272e+00
3.694589068234396922e+00
3.617071728676370501e+00
3.541074587510795180e+00
3.466004888689244723e+00
3.392490827113405771e+00
3.320506538204233582e+00
3.249525031823328636e+00
3.179760301157584124e+00
3.111466327608663818e+00
3.044618075452314443e+00
2.978489039728883903e+00
2.913741189377972773e+00
2.850381016257954148e+00
2.788383211526054062e+00
2.727208426001531461e+00
2.667355831793388976e+00
2.608801201030985784e+00
2.551520795804283370e+00
2.495041775592460098e+00
2.439614906739668410e+00
2.385407702445106359e+00
2.332397201097336392e+00
2.280552318329275963e+00
2.229354644936039520e+00
2.179297089285133993e+00
2.130357464970602077e+00
2.082513875241342127e+00
2.039388234932809407e+00
2.003043818847025648e+00
1.974352229777631695e+00
1.953044307576436101e+00
1.938152693117128456e+00
1.928471604397329342e+00
1.922778876694318795e+00
1.919966008032896632e+00
1.919101893401651049e+00
1.919451804877869705e+00
1.920468578422476202e+00
1.921768624400704395e+00
1.923101581063610510e+00
1.924319337781591477e+00
1.925347843987978314e+00
1.926163330048080269e+00
1.926773500640095671e+00
1.927203484695758418e+00
1.927485963538751568e+00
1.927654688591909471e+00
1.927740635345891018e+00
1.927770056097844797e+00
1.927763819808288037e+00
1.927737590775780330e+00
1.927702440766084768e+00
1.927665671014520576e+00
1.927631667148928418e+00
1.927602687221560362e+00
1.927579531044128824e+00
1.927562074760288402e+00
1.927549672756637689e+00
1.927541442694072682e+00
1.927536455952168604e+00
1.927533844297602439e+00
1.927532870489377270e+00
1.927532941832251323e+00
1.927533610437214051e+00
1.927534557130651027e+00
1.927535569320161679e+00
1.927536517460905596e+00
1.927537333082409043e+00
1.927537989930552031e+00
1.927538488810140560e+00
1.927538846094035696e+00
1.927539085509892391e+00
1.927539232649513989e+00
1.927539311605716454e+00
1.927539343178253262e+00
1.927539344167857882e+00
1.927539327370661359e+00
1.927539301978232311e+00
1.927539274171899519e+00
1.927539247769614494e+00
1.927539224838049181e+00
1.927539206222924628e+00
1.927539191978692834e+00
1.927539181696682702e+00
1.927539174741560890e+00
1.927539170410867753e+00
1.927539168034072103e+00
1.927539167026626865e+00
1.927539166912570767e+00
1.927539167326677294e+00
1.927539168004540615e+00
1.927539168766680522e+00
1.927539169500814165e+00
1.927539170144822567e+00
1.927539170671856539e+00
1.927539171078168856e+00
1.927539171373747751e+00
1.927539171575521015e+00
1.927539171702726151e+00
1.927539171773986260e+00
1.927539171805729090e+00
1.927539171811416985e+00
1.927539171801463835e+00
1.927539171783466898e+00
1.927539171762628900e+00
1.927539171742248314e+00
1.927539171724183431e+00
1.927539171709277577e+00
1.927539171697689957e+00
1.927539171689195641e+00
1.927539171683350760e+00
1.927539171679624186e+00
1.927539171677498553e+00
1.927539171676510454e+00
1.927539171676280860e+00
1.927539171676513785e+00
1.927539171676982299e+00
1.927539171677551399e+00
1.927539171678117391e+00
1.927539171678625651e+00
1.927539171679048646e+00
1.927539171679370611e+00
1.927539171679615970e+00
1.927539171679786278e+00
1.927539171679896635e+00
1.927539171679961028e+00
1.927539171679991226e+00
1.927539171680000996e+00
1.927539171679997887e+00
1.927539171679985230e+00
1.927539171679971464e+00
1.927539171679957031e+00
1.927539171679943486e+00
1.927539171679931940e+00
1.927539171679912400e+00
1.927539171679904406e+00
1.927539171679901520e+00
1.927539171679900187e+00
1.927539171679890639e+00
1.927539171679891750e+00
1.927539171679893748e+00
1.927539171679895524e+00
1.927539171679897301e+00
1.927539171679900187e+00
1.927539171679901520e+00
1.927539171679901964e+00
1.927539171679902408e+00
1.927539171679901076e+00
1.927539171679900187e+00
1.927539171679900853e+00
1.927539171679901076e+00
1.927539171679901964e+00
1.927539171679900853e+00
1.927539171679901076e+00
1.927539171679901964e+00
1.927539171679900853e+00
1.927539171679899965e+00
1.927539171679900187e+00
1.927539171679892860e+00
1.927539171679895080e+00
1.927539171679897967e+00
1.927539171679900187e+00
1.927539171679901520e+00
1.927539171679901964e+00
1.927539171679902408e+00
1.927539171679901076e+00
1.927539171679900187e+00
1.927539171679900853e+00
1.927539171679901076e+00
1.927539171679901964e+00
1.927539171679900853e+00
1.927539171679901076e+00
1.927539171679901964e+00
1.927539171679900853e+00
1.927539171679899965e+00
1.927539171679900187e+00
1.927539171679892860e+00
1.927539171679895080e+00
1.927539171679897967e+00
1.927539171679900187e+00
1.927539171679901520e+00
1.927539171679901964e+00
1.927539171679902408e+00
1.927539171679901076e+00
1.927539171679900187e+00
1.927539171679900853e+00
1.927539171679901076e+00
1.927539171679901964e+00
1.927539171679900853e+00
1.927539171679901076e+00
1.927539171679901964e+00
1.927539171679900853e+00
1.927539171679899965e+00
1.927539171679900187e+00
1.927539171679892860e+00
1.927539171679895080e+00
1.927539171679897967e+00
1.927539171679900187e+00
1.927539171679901520e+00
1.927539171679901964e+00
1.927539171679902408e+00
1.927539171679901076e+00
1.927539171679900187e+00
1.927539171679900853e+00
1.927539171679901076e+00
1.927539171679901964e+00
1.927539171679900853e+00
1.927539171679901076e+00
1.927539171679901964e+00
1.927539171679900853e+00
1.927539171679899965e+00
1.927539171679900187e+00
1.927539171679892860e+00
1.927539171679895080e+00
1.927539171679897967e+00
1.927539171679900187e+00
1.927539171679901520e+00
1.927539171679901964e+00
1.927539171679902408e+00
1.927539171679901076e+00
1.927539171679900187e+00
1.927539171679900853e+00
1.927539171679901076e+00
1.927539171679901964e+00
1.927539171679900853e+00
1.927539171679899965e+00
1.927539171679900187e+00
1.927539171679892860e+00
1.927539171679895080e+00
1.927539171679897967e+00
1.927539171679900187e+00
1.927539171679901520e+00
1.927539171679901964e+00
1.927539171679902408e+00
1.927539171679901076e+00
1.927539171679900187e+00
1.927539171679900853e+00
1.927539171679901076e+00
1.927539171679901964e+00
1.927539171679900853e+00
1.927539171679901076e+00
1.927539171679901964e+00
1.927539171679900853e+00
1.927539171679899965e+00
1.927539171679900187e+00
1.927539171679892860e+00
1.927539171679895080e+00
1.927539171679897967e+00
1.927539171679900187e+00
1.927539171679901520e+00
1.927539171679901964e+00
1.927539171679902408e+00
1.927539171679901076e+00
1.927539171679900187e+00
1.927539171679900853e+00
1.927539171679901076e+00
1.927539171679901964e+00
1.927539171679900853e+00
1.927539171679901076e+00
1.927539171679901964e+00
1.927539171679900853e+00
1.927539171679899965e+00
1.927539171679900187e+00
1.927539171679892860e+00
1.927539171679895080e+00
1.927539171679897967e+00
1.927539171679900187e+00
1.927539171679901520e+00
1.927539171679901964e+00
1.927539171679902408e+00
1.927539171679901076e+00
1.927539171679900187e+00
1.927539171679900853e+00
1.927539171679901076e+00
1.927539171679901964e+00
1.927539171679900853e+00
1.927539171679901076e+00
1.927539171679901964e+00
1.927539171679900853e+00
1.927539171679899965e+00
1.927539171679900187e+00
1.927539171679892860e+00
1.927539171679895080e+00
1.927539171679897967e+00
1.927539171679900187e+00
1.927539171679901520e+00
