1.479155544871898764e-01
2.916826111451478187e-01
4.307392817932574891e-01
5.658025494441154546e-01
6.968565629551356500e-01
8.239305912168927160e-01
9.471763740937089171e-01
1.066979627871197378e+00
1.183334610064787906e+00
1.296579788326175375e+00
1.406183410809998202e+00
1.513227055440467872e+00
1.616787383435326797e+00
1.717880880438577895e+00
1.816224402056837883e+00
1.911761546522696920e+00
2.005131888646324079e+00
2.095703925810725732e+00
2.184018792374826656e+00
2.270361802692287156e+00
2.354052229215688463e+00
2.435784110524969126e+00
2.515717040716318298e+00
2.593232422463283893e+00
2.667079388432906484e+00
2.731736252313634594e+00
2.784776164305485580e+00
2.825608903478063372e+00
2.855638400818014677e+00
2.876527690686822680e+00
2.890105589270490327e+00
2.898137583582983012e+00
2.902181937504249465e+00
2.903526358990527800e+00
2.903177450895392031e+00
2.901881757566441067e+00
2.900163078880512835e+00
2.898365604247582716e+00
2.896696249543283308e+00
2.895262442373521594e+00
2.894103618976915371e+00
2.893216032849211583e+00
2.892571296619696142e+00
2.892129498955910982e+00
2.891847912352254024e+00
2.891686312223857414e+00
2.891609807235563601e+00
2.891589972845135303e+00
2.891604867929217892e+00
2.891638432575242224e+00
2.891679563023275001e+00
2.891721098562813896e+00
2.891758853782149696e+00
2.891790770619639961e+00
2.891816221746206228e+00
2.891835468903687367e+00
2.891849263331558006e+00
2.891858567089645504e+00
2.891864371307014459e+00
2.891867588147496448e+00
2.891868995880090498e+00
2.891869220012884600e+00
2.891868737143288293e+00
2.891867891573961291e+00
2.891866917725960828e+00
2.891865963732813238e+00
2.891865113450967861e+00
2.891864405410265348e+00
2.891863848171368545e+00
2.891863432114433419e+00
2.891863138023454738e+00
2.891862942979905426e+00
2.891862824141373967e+00
2.891862760915774544e+00
2.891862736001567846e+00
2.891862735679565422e+00
2.891862749628272944e+00
2.891862770491828716e+00
2.891862793343547899e+00
2.891862815137018927e+00
2.891862834211153199e+00
2.891862849866982721e+00
2.891862862029230818e+00
2.891862870993553880e+00
2.891862877239684160e+00
2.891862881308139954e+00
2.891862883723371525e+00
2.891862884946334589e+00
2.891862885362273428e+00
2.891862885269171457e+00
2.891862884891865271e+00
2.891862884384921450e+00
2.891862883852489130e+00
2.891862883356767000e+00
2.891862882931190093e+00
2.891862882586786920e+00
2.891862882321703854e+00
2.891862882128754197e+00
2.891862881996218437e+00
2.891862881911474226e+00
2.891862881862596879e+00
2.891862881839208921e+00
2.891862881832843346e+00
2.891862881836949395e+00
2.891862881846719802e+00
2.891862881858826118e+00
2.891862881871117175e+00
2.891862881882325542e+00
2.891862881891823278e+00
2.891862881899413207e+00
2.891862881905164162e+00
2.891862881910267191e+00
2.891862881912953931e+00
2.891862881914557981e+00
2.891862881915376882e+00
2.891862881915666428e+00
2.891862881915621131e+00
2.891862881915382655e+00
2.891862881915059358e+00
2.891862881914716521e+00
2.891862881915365779e+00
2.891862881914981642e+00
2.891862881914613048e+00
2.891862881914287087e+00
2.891862881914017525e+00
2.891862881913805250e+00
2.891862881914619265e+00
2.891862881914402550e+00
2.891862881914185390e+00
2.891862881913988215e+00
2.891862881913823458e+00
2.891862881913690675e+00
2.891862881913591643e+00
2.891862881913520145e+00
2.891862881913471739e+00
2.891862881914413208e+00
2.891862881915262751e+00
2.891862881915975070e+00
2.891862881915570505e+00
2.891862881915128192e+00
2.891862881915682415e+00
2.891862881915216121e+00
2.891862881914772476e+00
2.891862881914388339e+00
2.891862881914074368e+00
2.891862881913831895e+00
2.891862881913655592e+00
2.891862881913534356e+00
2.891862881914425643e+00
2.891862881914271544e+00
2.891862881914105010e+00
2.891862881914915473e+00
2.891862881914669448e+00
2.891862881914408323e+00
2.891862881914165850e+00
2.891862881913954464e+00
2.891862881913783045e+00
2.891862881913650707e+00
2.891862881913555672e+00
2.891862881913489502e+00
2.891862881913449090e+00
2.891862881914395889e+00
2.891862881914278205e+00
2.891862881915101546e+00
2.891862881914842642e+00
2.891862881914561978e+00
2.891862881914288419e+00
2.891862881914050387e+00
2.891862881913852767e+00
2.891862881913699557e+00
2.891862881913585870e+00
2.891862881913507266e+00
2.891862881913454864e+00
2.891862881913424221e+00
2.891862881913409566e+00
2.891862881913404681e+00
2.891862881913406902e+00
2.891862881913412675e+00
2.891862881913418892e+00
2.891862881913425998e+00
2.891862881914404770e+00
2.891862881914303518e+00
2.891862881915134409e+00
2.891862881914877725e+00
2.891862881914589956e+00
2.891862881915286287e+00
2.891862881914937677e+00
2.891862881915562511e+00
2.891862881915144623e+00
2.891862881914739614e+00
2.891862881914379457e+00
2.891862881915054473e+00
2.891862881914713412e+00
2.891862881914393668e+00
2.891862881914117445e+00
2.891862881913893624e+00
2.891862881914692984e+00
2.891862881914457617e+00
2.891862881914223582e+00
2.891862881914015304e+00
2.891862881913839889e+00
2.891862881913699113e+00
2.891862881913594752e+00
2.891862881913520145e+00
2.891862881913468630e+00
2.891862881913437988e+00
2.891862881913421113e+00
2.891862881913413563e+00
2.891862881913413119e+00
2.891862881914387451e+00
2.891862881914287975e+00
2.891862881914149419e+00
2.891862881914001093e+00
2.891862881913862982e+00
2.891862881914712524e+00
2.891862881914510464e+00
2.891862881914288863e+00
2.891862881914079697e+00
2.891862881913898953e+00
2.891862881914720518e+00
2.891862881914498917e+00
2.891862881914269767e+00
2.891862881914054828e+00
2.891862881913874084e+00
2.891862881913726646e+00
2.891862881913614736e+00
2.891862881914506911e+00
2.891862881914346151e+00
2.891862881914166739e+00
2.891862881913992211e+00
2.891862881914811112e+00
2.891862881914576189e+00
2.891862881915303163e+00
2.891862881914971872e+00
2.891862881914631256e+00
2.891862881914319949e+00
2.891862881914057937e+00
2.891862881914817329e+00
2.891862881914551320e+00
2.891862881915261418e+00
2.891862881914920358e+00
2.891862881915554961e+00
2.891862881915142847e+00
2.891862881914740946e+00
2.891862881914381234e+00
2.891862881914082806e+00
2.891862881913848771e+00
2.891862881913675576e+00
2.891862881914524674e+00
2.891862881914337713e+00
2.891862881914143646e+00
2.891862881914934569e+00
2.891862881914674333e+00
2.891862881914405214e+00
2.891862881915130856e+00
2.891862881915784556e+00
2.891862881915361783e+00
2.891862881914934125e+00
2.891862881914541994e+00
2.891862881914208483e+00
2.891862881913943362e+00
2.891862881913742189e+00
2.891862881913597860e+00
2.891862881913499717e+00
2.891862881913437544e+00
2.891862881913402905e+00
2.891862881914358585e+00
2.891862881914248895e+00
2.891862881914109451e+00
2.891862881913964678e+00
2.891862881913830119e+00
2.891862881913715544e+00
2.891862881913624062e+00
2.891862881913554340e+00
2.891862881913501937e+00
2.891862881913467298e+00
2.891862881914418981e+00
2.891862881914299521e+00
2.891862881915120642e+00
2.891862881914860406e+00
2.891862881914574412e+00
2.891862881914298633e+00
2.891862881914056604e+00
2.891862881913858541e+00
2.891862881913701777e+00
2.891862881913587202e+00
2.891862881913509487e+00
2.891862881913457084e+00
2.891862881913426442e+00
2.891862881914381678e+00
2.891862881914271100e+00
2.891862881914126771e+00
2.891862881913978889e+00
2.891862881913840333e+00
2.891862881913721761e+00
2.891862881913627170e+00
2.891862881913554340e+00
2.891862881913502825e+00
2.891862881913467298e+00
2.891862881913445982e+00
2.891862881913433547e+00
2.960436168468770113e+00
3.027543764457967690e+00
3.092653705307966572e+00
3.156228826342563742e+00
3.218461727519412285e+00
3.279385690991272639e+00
3.338553833248721681e+00
3.396315792812188317e+00
3.452876021180716126e+00
3.508263316464909298e+00
3.562375198676131394e+00
3.614994352717837423e+00
3.666531660021093764e+00
3.717012309813328752e+00
3.766460787221666440e+00
3.814782164722486435e+00
3.861790491456830399e+00
3.907844933595144621e+00
3.952967144594818905e+00
3.997178310671551049e+00
4.040499153699663282e+00
4.082660748961644437e+00
4.123818625788485903e+00
4.164154109508899637e+00
4.203685517783018355e+00
4.242430610563649118e+00
4.280406616311820400e+00
4.317552988981363526e+00
4.353704028664390435e+00
4.389141538831894174e+00
4.423880903722626989e+00
4.457937125577259074e+00
4.491324836078922189e+00
4.524058307374970944e+00
4.556151462698265320e+00
4.587390504981492256e+00
4.617961353382233902e+00
4.647936903769956274e+00
4.677329629407592115e+00
4.706151767969495303e+00
4.733134334269295529e+00
4.756615496521156672e+00
4.775967195256115794e+00
4.791207177694709607e+00
4.802719386283897052e+00
4.811061438093868325e+00
4.816832018923458136e+00
4.820580248379201294e+00
4.822873411486785500e+00
4.824131406422592860e+00
4.824686552108851778e+00
4.824791384801013550e+00
4.824630261497110162e+00
4.824332134875928269e+00
4.823982785226341718e+00
4.823635685063051959e+00
4.823321092363324070e+00
4.823053318945995649e+00
4.822836305449292205e+00
4.822667730119892582e+00
4.822541912747242421e+00
4.822451771009806265e+00
4.822390061031542885e+00
4.822350100045003529e+00
4.822326122091731726e+00
4.822313406298938787e+00
4.822308252268592277e+00
4.822307865080010636e+00
4.822310229904986478e+00
4.822313949565422142e+00
4.822318106618508793e+00
4.822322138701933270e+00
4.822325736607197655e+00
4.822328763655134409e+00
4.822331193196819576e+00
4.822333063805265496e+00
4.822334447736508878e+00
4.822335429879871960e+00
4.822336094734490430e+00
4.822336519088908702e+00
4.822336768267055263e+00
4.822336895240636245e+00
4.822336941266871513e+00
4.822336936990058831e+00
4.822336904586554063e+00
4.822336858846827390e+00
4.822336809709874217e+00
4.822336763058221898e+00
4.822336722019214150e+00
4.822336687869394289e+00
4.822336660862116986e+00
4.822336640125127971e+00
4.822336624908739822e+00
4.822336614206028216e+00
4.822336607037339462e+00
4.822336602526698712e+00
4.822336599935979962e+00
4.822336598672000818e+00
4.822336598277502162e+00
4.822336598413785147e+00
4.822336598840163191e+00
4.822336599393433509e+00
4.822336599969215598e+00
4.822336600506020865e+00
4.822336600972328746e+00
4.822336601356534302e+00
4.822336601659396926e+00
4.822336601888681962e+00
4.822336602055429466e+00
4.822336602171544584e+00
4.822336602248377346e+00
4.822336602295916208e+00
4.822336602322495835e+00
4.822336602334745592e+00
4.822336602337726319e+00
4.822336602335158595e+00
4.822336602329665212e+00
4.822336602322997656e+00
4.822336602316259935e+00
4.822336602310089759e+00
4.822336602304802433e+00
4.822336602300487662e+00
4.822336602297118802e+00
4.822336602294588381e+00
4.822336602292762286e+00
4.822336602291505514e+00
4.822336602290683061e+00
4.822336602290185681e+00
4.822336602289918339e+00
4.822336602289801988e+00
4.822336602289785112e+00
4.822336602289825969e+00
4.822336602289893470e+00
4.822336602289973406e+00
4.822336602290055119e+00
4.822336602290128837e+00
4.822336602290184793e+00
4.822336602290233643e+00
4.822336602290271834e+00
4.822336602290296703e+00
4.822336602290316243e+00
4.822336602290332230e+00
4.822336602290339336e+00
4.822336602290345553e+00
4.822336602290348218e+00
4.822336602290344665e+00
4.822336602290343777e+00
4.822336602290346441e+00
4.822336602290345553e+00
4.822336602290342888e+00
4.822336602290342888e+00
4.822336602290341112e+00
4.822336602290341112e+00
4.822336602290340224e+00
4.822336602290342888e+00
4.822336602290345553e+00
4.822336602290345553e+00
4.822336602290342888e+00
4.822336602290339336e+00
4.822336602290342888e+00
4.822336602290341112e+00
4.822336602290344665e+00
4.822336602290343777e+00
4.822336602290342888e+00
4.822336602290342888e+00
4.822336602290341112e+00
4.822336602290341112e+00
4.822336602290340224e+00
4.822336602290342888e+00
4.822336602290345553e+00
4.822336602290342888e+00
4.822336602290342888e+00
4.822336602290341112e+00
4.822336602290341112e+00
4.822336602290340224e+00
4.822336602290342888e+00
4.822336602290345553e+00
4.822336602290345553e+00
4.822336602290342888e+00
4.822336602290339336e+00
4.822336602290342888e+00
4.822336602290341112e+00
4.822336602290341112e+00
4.822336602290340224e+00
4.822336602290342888e+00
4.822336602290345553e+00
4.822336602290345553e+00
4.822336602290342888e+00
4.822336602290341112e+00
4.822336602290341112e+00
4.822336602290340224e+00
4.822336602290342888e+00
4.822336602290342888e+00
4.822336602290341112e+00
4.822336602290341112e+00
4.822336602290340224e+00
4.822336602290342888e+00
4.822336602290345553e+00
4.822336602290342888e+00
4.822336602290342888e+00
4.822336602290341112e+00
4.822336602290341112e+00
4.822336602290340224e+00
4.822336602290342888e+00
4.822336602290342888e+00
4.822336602290341112e+00
4.822336602290341112e+00
4.822336602290340224e+00
4.822336602290342888e+00
4.822336602290345553e+00
4.822336602290345553e+00
4.822336602290342888e+00
4.822336602290339336e+00
4.822336602290342888e+00
4.822336602290341112e+00
4.822336602290341112e+00
4.822336602290340224e+00
4.822336602290342888e+00
4.822336602290345553e+00
4.822336602290345553e+00
4.822336602290342888e+00
4.822336602290341112e+00
4.822336602290341112e+00
4.822336602290340224e+00
4.822336602290342888e+00
4.822336602290342888e+00
4.822336602290341112e+00
4.822336602290341112e+00
4.822336602290343777e+00
4.822336602290342888e+00
4.822336602290342888e+00
4.822336602290341112e+00
4.822336602290341112e+00
4.822336602290340224e+00
4.822336602290342888e+00
4.822336602290342888e+00
4.822336602290341112e+00
4.822336602290341112e+00
4.822336602290343777e+00
4.822336602290342888e+00
4.822336602290342888e+00
4.822336602290341112e+00
4.822336602290341112e+00
4.822336602290340224e+00
4.822336602290342888e+00
4.822336602290345553e+00
4.822336602290342888e+00
4.822336602290342888e+00
4.822336602290341112e+00
4.822336602290344665e+00
4.822336602290343777e+00
4.822336602290342888e+00
4.822336602290342888e+00
4.822336602290341112e+00
4.822336602290341112e+00
4.822336602290340224e+00
4.822336602290342888e+00
4.822336602290345553e+00
4.822336602290345553e+00
4.822336602290342888e+00
4.822336602290339336e+00
4.822336602290342888e+00
4.822336602290341112e+00
4.822336602290341112e+00
4.822336602290343777e+00
4.822336602290342888e+00
4.822336602290342888e+00
4.822336602290341112e+00
4.822336602290341112e+00
4.822336602290340224e+00
4.822336602290342888e+00
4.822336602290342888e+00
4.822336602290341112e+00
4.822336602290341112e+00
4.822336602290343777e+00
4.822336602290342888e+00
4.822336602290342888e+00
4.822336602290341112e+00
4.822336602290341112e+00
4.822336602290343777e+00
4.822336602290342888e+00
4.822336602290342888e+00
4.822336602290341112e+00
4.822336602290341112e+00
4.822336602290340224e+00
4.822336602290342888e+00
4.822336602290345553e+00
4.822336602290342888e+00
4.822336602290342888e+00
4.822336602290341112e+00
4.822336602290341112e+00
4.822336602290340224e+00
4.822336602290342888e+00
4.822336602290345553e+00
4.822336602290345553e+00
4.822336602290342888e+00
4.822336602290339336e+00
4.822336602290342888e+00
4.822336602290341112e+00
4.822336602290344665e+00
4.725753517700638895e+00
4.630969400199300701e+00
4.537801756162370914e+00
4.445838380556925706e+00
4.355681324543832389e+00
4.266913028117502726e+00
4.179480950128566796e+00
4.099268964814814176e+00
4.030335038054159824e+00
3.974095205703265243e+00
3.930699789008557765e+00
3.898773576610087055e+00
3.876455763728158033e+00
3.861776731306976185e+00
3.852886508725722692e+00
3.848176058385699871e+00
3.846325201071952637e+00
3.846303591940245070e+00
3.847344404862472533e+00
3.848904647207796792e+00
3.850621405310539203e+00
3.852269790799946581e+00
3.853725771398198940e+00
3.854935278005235499e+00
3.855889802018815260e+00
3.856608047327132027e+00
3.857122755666403613e+00
3.857471764406482873e+00
3.857692370651082836e+00
3.857818094241774354e+00
3.857877161472056837e+00
3.857892112846312838e+00
3.857880103292830931e+00
3.857853577292241543e+00
3.857821094237402271e+00
3.857788168236246484e+00
3.857758036959307635e+00
3.857732318328575438e+00
3.857711541325740345e+00
3.857695554631083379e+00
3.857683826567056329e+00
3.857675654231162543e+00
3.857670300602447089e+00
3.857667077186417881e+00
3.857665387428294679e+00
3.857664743359595860e+00
3.857664765184900979e+00
3.857665171017091055e+00
3.857665764334608394e+00
3.857666409884487280e+00
3.857667025886200474e+00
3.857667567668708664e+00
3.857668013732046486e+00
3.857668364433891384e+00
3.857668627350866686e+00
3.857668815010972807e+00
3.857668941651521521e+00
3.857669021181289626e+00
3.857669066029530303e+00
3.857669086615887366e+00
3.857669091229340541e+00
3.857669086155478766e+00
3.857669075935955316e+00
3.857669063680530641e+00
3.857669051380661074e+00
3.857669040194954047e+00
3.857669030691819767e+00
3.857669023044818957e+00
3.857669017182556725e+00
3.857669012898243377e+00
3.857669009925748238e+00
3.857669007989222187e+00
3.857669006832733505e+00
3.857669006235628029e+00
3.857669006018148217e+00
3.857669006040893134e+00
3.857669006200793227e+00
3.857669006425390457e+00
3.857669006666675671e+00
3.857669006895274144e+00
3.857669007095335001e+00
3.857669007260300820e+00
3.857669007389642246e+00
3.857669007486339119e+00
3.857669007555155183e+00
3.857669007601424838e+00
3.857669007630333269e+00
3.857669007646508774e+00
3.857669007653794058e+00
3.857669007655255555e+00
3.857669007653201643e+00
3.857669007649299431e+00
3.857669007644689341e+00
3.857669007640097014e+00
3.857669007635941227e+00
3.857669007632424485e+00
3.857669007629596525e+00
3.857669007627437363e+00
3.857669007625863955e+00
3.857669007624778601e+00
3.857669007624072943e+00
3.857669007623656388e+00
3.857669007623446333e+00
3.857669007623376611e+00
3.857669007623385049e+00
3.857669007623444557e+00
3.857669007623532043e+00
3.857669007623618640e+00
3.857669007623704793e+00
3.857669007623776736e+00
3.857669007623837576e+00
3.857669007623887314e+00
3.857669007623921509e+00
3.857669007623944601e+00
3.857669007623963697e+00
3.857669007623972579e+00
3.857669007623984125e+00
3.857669007623987678e+00
3.857669007623986346e+00
3.857669007623983237e+00
3.857669007623980573e+00
3.857669007623976576e+00
3.857669007623973023e+00
3.857669007623970803e+00
3.857669007623969915e+00
3.857669007623968582e+00
3.857669007623967694e+00
3.857669007623966362e+00
3.857669007623968582e+00
3.857669007623970803e+00
3.857669007623969915e+00
3.857669007623968582e+00
3.857669007623968138e+00
3.857669007623970803e+00
3.857669007623969915e+00
3.857669007623968582e+00
3.857669007623968138e+00
3.857669007623970803e+00
3.857669007623969915e+00
3.857669007623968582e+00
3.857669007623970803e+00
3.857669007623969915e+00
3.857669007623968582e+00
3.857669007623968138e+00
3.857669007623970803e+00
3.857669007623969915e+00
3.857669007623968582e+00
3.857669007623970803e+00
3.857669007623969915e+00
3.857669007623968582e+00
3.857669007623968138e+00
3.857669007623970803e+00
3.857669007623969915e+00
3.857669007623968582e+00
3.857669007623968138e+00
3.857669007623970803e+00
3.857669007623969915e+00
3.857669007623968582e+00
3.857669007623970803e+00
3.857669007623969915e+00
3.857669007623968582e+00
3.857669007623968138e+00
3.857669007623970803e+00
3.857669007623969915e+00
3.857669007623968582e+00
3.857669007623968138e+00
3.857669007623970803e+00
3.857669007623969915e+00
3.857669007623968582e+00
3.857669007623968138e+00
3.857669007623970803e+00
3.857669007623969915e+00
3.857669007623968582e+00
3.857669007623968138e+00
3.857669007623970803e+00
3.857669007623969915e+00
3.857669007623968582e+00
3.857669007623970803e+00
3.857669007623969915e+00
3.857669007623968582e+00
3.857669007623968138e+00
3.857669007623970803e+00
3.857669007623969915e+00
3.857669007623968582e+00
3.857669007623968138e+00
3.857669007623970803e+00
3.857669007623969915e+00
3.857669007623968582e+00
3.857669007623968138e+00
3.857669007623970803e+00
3.857669007623969915e+00
3.857669007623968582e+00
3.857669007623970803e+00
3.857669007623969915e+00
3.857669007623968582e+00
3.857669007623968138e+00
3.857669007623970803e+00
3.857669007623969915e+00
3.857669007623968582e+00
3.857669007623968138e+00
3.857669007623970803e+00
3.857669007623969915e+00
3.857669007623968582e+00
3.857669007623968138e+00
3.857669007623970803e+00
3.857669007623969915e+00
3.857669007623968582e+00
3.857669007623968138e+00
3.857669007623970803e+00
3.857669007623969915e+00
3.857669007623968582e+00
3.857669007623970803e+00
3.857669007623969915e+00
3.857669007623968582e+00
3.857669007623968138e+00
3.857669007623970803e+00
3.857669007623969915e+00
3.857669007623968582e+00
3.857669007623968138e+00
3.857669007623970803e+00
3.857669007623969915e+00
3.857669007623968582e+00
3.857669007623970803e+00
3.857669007623969915e+00
3.857669007623968582e+00
3.857669007623968138e+00
3.857669007623970803e+00
3.857669007623969915e+00
3.857669007623968582e+00
3.857669007623968138e+00
3.857669007623970803e+00
3.857669007623969915e+00
3.857669007623968582e+00
3.857669007623968138e+00
3.857669007623970803e+00
3.857669007623969915e+00
3.857669007623968582e+00
3.857669007623968138e+00
3.857669007623970803e+00
3.857669007623969915e+00
3.857669007623968582e+00
3.857669007623968138e+00
3.857669007623970803e+00
3.857669007623969915e+00
3.857669007623968582e+00
3.857669007623968138e+00
3.857669007623970803e+00
3.857669007623969915e+00
3.857669007623968582e+00
3.857669007623968138e+00
3.857669007623970803e+00
3.857669007623969915e+00
3.857669007623968582e+00
3.857669007623968138e+00
3.857669007623970803e+00
3.857669007623969915e+00
3.857669007623968582e+00
3.857669007623968138e+00
3.857669007623970803e+00
3.857669007623969915e+00
3.857669007623968582e+00
3.857669007623968138e+00
3.857669007623970803e+00
3.857669007623969915e+00
3.857669007623968582e+00
3.857669007623968138e+00
3.857669007623970803e+00
3.857669007623969915e+00
3.857669007623968582e+00
3.857669007623970803e+00
3.857669007623969915e+00
3.857669007623968582e+00
3.857669007623968138e+00
3.857669007623970803e+00
3.857669007623969915e+00
3.857669007623968582e+00
3.857669007623968138e+00
3.857669007623970803e+00
3.857669007623969915e+00
3.857669007623968582e+00
3.857669007623970803e+00
3.857669007623969915e+00
3.857669007623968582e+00
3.857669007623968138e+00
3.857669007623970803e+00
3.857669007623969915e+00
3.857669007623968582e+00
3.857669007623968138e+00
3.857669007623970803e+00
3.857669007623969915e+00
3.857669007623968582e+00
3.857669007623968138e+00
3.857669007623970803e+00
3.857669007623969915e+00
3.857669007623968582e+00
3.857669007623970803e+00
3.857669007623969915e+00
3.857669007623968582e+00
3.857669007623968138e+00
3.857669007623970803e+00
3.903806989161602736e+00
3.949010842091871698e+00
3.993301793877785943e+00
4.036700607349207992e+00
4.078977999270488652e+00
4.120209560332114940e+00
4.160617079370973137e+00
4.200218924725922065e+00
4.239032904624946418e+00
4.277076293552301678e+00
4.314318695651375712e+00
4.350533637449682800e+00
4.386033669419284742e+00
4.420834210171693535e+00
4.454950295287027018e+00
4.488396588792531894e+00
4.521187394220668843e+00
4.553336665265097949e+00
4.584655859989878124e+00
4.615280001480376093e+00
4.645307729722695456e+00
4.674751538821219299e+00
4.703623687300093614e+00
4.731936198238708258e+00
4.759700859878664758e+00
4.786929226654240033e+00
4.813632620602012580e+00
4.839548074297525204e+00
4.864936208502363968e+00
4.889837491507893930e+00
4.910504764468527128e+00
4.925189356209089375e+00
4.932577397699041910e+00
4.934746403206602849e+00
4.934272109847332111e+00
4.933009255399971593e+00
4.931903416046530708e+00
4.931241102213083316e+00
4.930970618342236378e+00
4.930936235989338279e+00
4.930999132470341273e+00
4.931075152660212346e+00
4.931129320647014147e+00
4.931156649662965741e+00
4.931164730616113268e+00
4.931163033576087429e+00
4.931158399480935373e+00
4.931154325883745138e+00
4.931151879634619206e+00
4.931150876703346952e+00
4.931150742976032397e+00
4.931150970908823261e+00
4.931151249699854411e+00
4.931151449332854320e+00
4.931151550550697316e+00
4.931151580825938296e+00
4.931151574894471423e+00
4.931151557964164489e+00
4.931151542984626879e+00
4.931151533949379662e+00
4.931151530221095314e+00
4.931151529713241999e+00
4.931151530545886175e+00
4.931151531571305036e+00
4.931151532307634255e+00
4.931151532682005900e+00
4.931151532794724623e+00
4.931151532773531798e+00
4.931151532711401941e+00
4.931151532656221192e+00
4.931151532622850553e+00
4.931151532609035826e+00
4.931151532607108479e+00
4.931151532610149602e+00
4.931151532613920807e+00
4.931151532616635969e+00
4.931151532618025080e+00
4.931151532618442523e+00
4.931151532618367916e+00
4.931151532618140543e+00
4.931151532617937150e+00
4.931151532617812805e+00
4.931151532617759514e+00
4.931151532617751521e+00
4.931151532617764843e+00
4.931151532617779942e+00
4.931151532617791489e+00
4.931151532617800370e+00
4.931151532617800370e+00
4.931151532617796818e+00
4.931151532617793265e+00
4.931151532617794153e+00
4.931151532617794153e+00
4.931151532617794153e+00
4.931151532617794153e+00
4.931151532617794153e+00
4.931151532617794153e+00
4.931151532617794153e+00
4.931151532617794153e+00
4.931151532617794153e+00
4.931151532617794153e+00
4.931151532617794153e+00
4.931151532617794153e+00
4.931151532617794153e+00
4.931151532617794153e+00
4.931151532617794153e+00
4.931151532617794153e+00
4.931151532617794153e+00
4.931151532617794153e+00
4.931151532617794153e+00
4.931151532617794153e+00
4.931151532617794153e+00
4.931151532617794153e+00
4.931151532617794153e+00
4.931151532617794153e+00
4.931151532617794153e+00
4.931151532617794153e+00
4.931151532617794153e+00
4.931151532617794153e+00
4.931151532617794153e+00
4.931151532617794153e+00
4.931151532617794153e+00
4.931151532617794153e+00
4.931151532617794153e+00
4.931151532617794153e+00
4.931151532617794153e+00
4.931151532617794153e+00
4.931151532617794153e+00
4.931151532617794153e+00
4.931151532617794153e+00
4.931151532617794153e+00
4.931151532617794153e+00
4.931151532617794153e+00
4.931151532617794153e+00
4.931151532617794153e+00
4.931151532617794153e+00
4.931151532617794153e+00
4.931151532617794153e+00
4.931151532617794153e+00
4.931151532617794153e+00
4.931151532617794153e+00
4.931151532617794153e+00
4.931151532617794153e+00
4.931151532617794153e+00
4.931151532617794153e+00
4.931151532617794153e+00
4.931151532617794153e+00
4.931151532617794153e+00
4.931151532617794153e+00
4.931151532617794153e+00
4.931151532617794153e+00
4.931151532617794153e+00
4.931151532617794153e+00
4.931151532617794153e+00
4.931151532617794153e+00
4.931151532617794153e+00
4.931151532617794153e+00
4.931151532617794153e+00
4.931151532617794153e+00
4.931151532617794153e+00
4.931151532617794153e+00
4.931151532617794153e+00
4.931151532617794153e+00
4.931151532617794153e+00
4.931151532617794153e+00
4.931151532617794153e+00
4.931151532617794153e+00
4.931151532617794153e+00
4.931151532617794153e+00
4.931151532617794153e+00
4.931151532617794153e+00
4.931151532617794153e+00
4.931151532617794153e+00
4.931151532617794153e+00
4.931151532617794153e+00
4.931151532617794153e+00
4.931151532617794153e+00
4.931151532617794153e+00
4.931151532617794153e+00
4.931151532617794153e+00
4.931151532617794153e+00
4.931151532617794153e+00
4.931151532617794153e+00
4.931151532617794153e+00
4.931151532617794153e+00
4.931151532617794153e+00
4.931151532617794153e+00
4.931151532617794153e+00
4.931151532617794153e+00
4.931151532617794153e+00
4.931151532617794153e+00
4.931151532617794153e+00
4.931151532617794153e+00
4.931151532617794153e+00
4.931151532617794153e+00
4.931151532617794153e+00
4.931151532617794153e+00
4.931151532617794153e+00
4.931151532617794153e+00
4.931151532617794153e+00
4.931151532617794153e+00
4.931151532617794153e+00
4.931151532617794153e+00
4.931151532617794153e+00
4.931151532617794153e+00
4.931151532617794153e+00
4.931151532617794153e+00
4.931151532617794153e+00
4.931151532617794153e+00
4.931151532617794153e+00
4.931151532617794153e+00
4.931151532617794153e+00
4.931151532617794153e+00
4.931151532617794153e+00
4.931151532617794153e+00
4.931151532617794153e+00
4.931151532617794153e+00
4.931151532617794153e+00
4.931151532617794153e+00
4.931151532617794153e+00
4.931151532617794153e+00
4.931151532617794153e+00
4.931151532617794153e+00
4.931151532617794153e+00
4.931151532617794153e+00
4.931151532617794153e+00
4.931151532617794153e+00
4.931151532617794153e+00
4.931151532617794153e+00
4.931151532617794153e+00
4.931151532617794153e+00
4.931151532617794153e+00
4.931151532617794153e+00
4.931151532617794153e+00
4.931151532617794153e+00
4.931151532617794153e+00
4.931151532617794153e+00
4.931151532617794153e+00
4.931151532617794153e+00
4.931151532617794153e+00
4.931151532617794153e+00
4.931151532617794153e+00
4.931151532617794153e+00
4.931151532617794153e+00
4.931151532617794153e+00
4.931151532617794153e+00
4.931151532617794153e+00
4.931151532617794153e+00
4.931151532617794153e+00
4.931151532617794153e+00
4.931151532617794153e+00
4.931151532617794153e+00
4.931151532617794153e+00
4.931151532617794153e+00
4.931151532617794153e+00
4.931151532617794153e+00
4.931151532617794153e+00
4.931151532617794153e+00
4.931151532617794153e+00
4.931151532617794153e+00
4.931151532617794153e+00
4.931151532617794153e+00
4.931151532617794153e+00
4.931151532617794153e+00
4.931151532617794153e+00
4.931151532617794153e+00
4.931151532617794153e+00
4.931151532617794153e+00
4.931151532617794153e+00
4.931151532617794153e+00
4.931151532617794153e+00
4.931151532617794153e+00
4.931151532617794153e+00
4.931151532617794153e+00
4.931151532617794153e+00
4.931151532617794153e+00
4.931151532617794153e+00
4.931151532617794153e+00
4.931151532617794153e+00
4.931151532617794153e+00
4.931151532617794153e+00
4.931151532617794153e+00
4.931151532617794153e+00
4.931151532617794153e+00
4.931151532617794153e+00
4.931151532617794153e+00
4.931151532617794153e+00
4.931151532617794153e+00
4.931151532617794153e+00
4.931151532617794153e+00
4.931151532617794153e+00
4.931151532617794153e+00
4.931151532617794153e+00
4.931151532617794153e+00
4.931151532617794153e+00
4.931151532617794153e+00
4.931151532617794153e+00
4.931151532617794153e+00
4.931151532617794153e+00
4.931151532617794153e+00
4.833527072145322734e+00
4.736857075628829961e+00
4.641857496074973888e+00
4.548576012159274207e+00
4.456401576858625369e+00
4.366036601703379816e+00
4.277158010975560032e+00
4.189522416914750913e+00
4.103631343609901450e+00
4.019068168928394691e+00
3.935701249410449964e+00
3.854019138972283542e+00
3.773726446374922272e+00
3.694589068234396922e+00
3.617071728676370501e+00
3.541074587510795180e+00
3.466004888689244723e+00
3.392490827113405771e+00
3.320506538204233582e+00
3.249525031823328636e+00
3.179760301157584124e+00
3.111466327608663818e+00
3.044618075452314443e+00
2.978489039728883903e+00
2.913741189377972773e+00
2.850381016257954148e+00
2.788383211526054062e+00
2.727208426001531461e+00
2.667355831793388976e+00
2.608801201030985784e+00
2.551520795804283370e+00
2.495041775592460098e+00
2.439614906739668410e+00
2.385407702445106359e+00
2.332397201097336392e+00
2.280552318329275963e+00
2.229354644936039520e+00
2.179297089285133993e+00
2.130357464970602077e+00
2.082513875241963408e+00
2.039388792647792048e+00
2.003045095952753929e+00
1.974354079157837560e+00
1.953046437681057457e+00
1.938154767507698217e+00
1.928473316819741656e+00
1.922779993904071949e+00
1.919966386105530942e+00
1.919101474994634682e+00
1.919450607332705783e+00
1.920466668480885764e+00
1.921766103987056828e+00
1.923098567742344445e+00
1.924315950033311573e+00
1.925344191173917308e+00
1.926159506204789595e+00
1.926769581615556781e+00
1.927199527837172743e+00
1.927482009127466700e+00
1.927650762308303900e+00
1.927736751184878417e+00
1.927766219309078100e+00
1.927760029580311674e+00
1.927733842590216407e+00
1.927698727928095712e+00
1.927661986245384318e+00
1.927628003398289769e+00
1.927599038214993010e+00
1.927575891557648413e+00
1.927558440697509701e+00
1.927546041093419316e+00
1.927537811256342826e+00
1.927532823528252504e+00
1.927530210088152396e+00
1.927529234313225759e+00
1.927529303702972596e+00
1.927529970542962046e+00
1.927530915749276152e+00
1.927531926758748071e+00
1.927532874015940756e+00
1.927533689016372120e+00
1.927534345460749865e+00
1.927534844106115086e+00
1.927535201280467181e+00
1.927535440672531575e+00
1.927535587842463372e+00
1.927535666858825270e+00
1.927535698503886508e+00
1.927535699566637284e+00
1.927535682836077457e+00
1.927535657500065946e+00
1.927535629738672984e+00
1.927535603370174488e+00
1.927535580462479858e+00
1.927535561863021663e+00
1.927535547628033585e+00
1.927535537350544503e+00
1.927535530396678798e+00
1.927535526065172311e+00
1.927535523686400243e+00
1.927535522676471214e+00
1.927535522559866266e+00
1.927535522971628446e+00
1.927535523647490256e+00
1.927535524408026779e+00
1.927535525140950279e+00
1.927535525784098702e+00
1.927535526310563796e+00
1.927535526716533276e+00
1.927535527011937866e+00
1.927535527213646072e+00
1.927535527340868304e+00
1.927535527412191696e+00
1.927535527444018459e+00
1.927535527449795172e+00
1.927535527439921070e+00
1.927535527421993633e+00
1.927535527401204263e+00
1.927535527380866531e+00
1.927535527362832957e+00
1.927535527347948641e+00
1.927535527336384114e+00
1.927535527327895792e+00
1.927535527322053133e+00
1.927535527318317676e+00
1.927535527316189823e+00
1.927535527315199282e+00
1.927535527314959696e+00
1.927535527315189290e+00
1.927535527315663577e+00
1.927535527316224462e+00
1.927535527316790898e+00
1.927535527317298936e+00
1.927535527317721709e+00
1.927535527318053665e+00
1.927535527318297914e+00
1.927535527318461783e+00
1.927535527318571695e+00
1.927535527318637421e+00
1.927535527318662512e+00
1.927535527318665842e+00
1.927535527318664066e+00
1.927535527318655406e+00
1.927535527318642972e+00
1.927535527318630981e+00
1.927535527318617659e+00
1.927535527318607889e+00
1.927535527318599007e+00
1.927535527318593234e+00
1.927535527318587905e+00
1.927535527318584574e+00
1.927535527318583242e+00
1.927535527318582798e+00
1.927535527318582798e+00
1.927535527318574804e+00
1.927535527318568365e+00
1.927535527318569919e+00
1.927535527318571251e+00
1.927535527318573694e+00
1.927535527318575692e+00
1.927535527318577913e+00
1.927535527318579911e+00
1.927535527318573028e+00
1.927535527318574804e+00
1.927535527318577246e+00
1.927535527318578357e+00
1.927535527318579467e+00
1.927535527318581021e+00
1.927535527318582576e+00
1.927535527318575692e+00
1.927535527318577468e+00
1.927535527318579467e+00
1.927535527318580799e+00
1.927535527318581687e+00
1.927535527318574804e+00
1.927535527318577246e+00
1.927535527318579023e+00
1.927535527318581021e+00
1.927535527318582576e+00
1.927535527318575692e+00
1.927535527318577468e+00
1.927535527318579467e+00
1.927535527318580799e+00
1.927535527318581687e+00
1.927535527318574804e+00
1.927535527318577246e+00
1.927535527318579023e+00
1.927535527318580355e+00
1.927535527318581687e+00
1.927535527318574804e+00
1.927535527318577246e+00
1.927535527318579023e+00
1.927535527318580355e+00
1.927535527318581687e+00
1.927535527318574804e+00
1.927535527318577246e+00
1.927535527318570141e+00
1.927535527318572584e+00
1.927535527318574360e+00
1.927535527318576580e+00
1.927535527318578801e+00
1.927535527318579911e+00
1.927535527318581909e+00
1.927535527318582798e+00
1.927535527318576580e+00
1.927535527318577913e+00
1.927535527318579023e+00
1.927535527318580355e+00
1.927535527318581687e+00
1.927535527318574804e+00
1.927535527318577246e+00
1.927535527318579023e+00
1.927535527318581021e+00
1.927535527318582576e+00
1.927535527318575692e+00
1.927535527318577468e+00
1.927535527318579467e+00
1.927535527318580799e+00
1.927535527318581687e+00
1.927535527318574804e+00
1.927535527318577246e+00
1.927535527318579023e+00
1.927535527318580355e+00
1.927535527318581687e+00
1.927535527318574804e+00
1.927535527318577246e+00
1.927535527318579023e+00
1.927535527318580355e+00
1.927535527318581687e+00
1.927535527318574804e+00
1.927535527318577246e+00
1.927535527318579023e+00
1.927535527318580355e+00
1.927535527318581687e+00
1.927535527318574804e+00
1.927535527318577246e+00
1.927535527318570141e+00
1.927535527318572584e+00
1.927535527318574360e+00
1.927535527318576580e+00
1.927535527318578801e+00
1.927535527318579911e+00
1.927535527318581909e+00
1.927535527318582798e+00
1.927535527318576580e+00
1.927535527318577913e+00
1.927535527318579023e+00
1.927535527318580355e+00
1.927535527318581687e+00
1.927535527318574804e+00
1.927535527318577246e+00
1.927535527318579023e+00
1.927535527318580355e+00
1.927535527318581687e+00
1.927535527318574804e+00
1.927535527318577246e+00
1.927535527318579023e+00
1.927535527318580355e+00
1.927535527318581687e+00
1.927535527318574804e+00
1.927535527318577246e+00
1.927535527318579023e+00
1.927535527318581021e+00
1.927535527318582576e+00
1.927535527318575692e+00
1.927535527318577468e+00
1.927535527318579467e+00
1.927535527318580799e+00
1.927535527318581687e+00
1.927535527318574804e+00
1.927535527318577246e+00
1.927535527318579023e+00
1.927535527318580355e+00
1.927535527318581687e+00
1.927535527318574804e+00
1.927535527318577246e+00
1.927535527318579023e+00
1.927535527318580355e+00
1.927535527318581687e+00
1.927535527318574804e+00
1.927535527318577246e+00
1.927535527318579023e+00
1.927535527318580355e+00
1.927535527318581687e+00
1.927535527318574804e+00
1.927535527318577246e+00
1.927535527318579023e+00
1.927535527318580355e+00
1.927535527318581687e+00
1.927535527318574804e+00
1.927535527318577246e+00
1.927535527318579023e+00
1.927535527318580355e+00
1.927535527318581687e+00
1.927535527318574804e+00
1.927535527318577246e+00
1.927535527318579023e+00
1.927535527318581021e+00
1.927535527318582576e+00
