-6.330501110789255037e-01
-6.357152446812672775e-01
-6.197306756314653331e-01
-5.966140521465951307e-01
-5.754511460538533907e-01
-5.552026022343421463e-01
-5.371404342416982169e-01
-5.197876642720278273e-01
-5.039933447549802548e-01
-4.888491483743240273e-01
-4.751504611980235104e-01
-4.622771933034262037e-01
-4.502132912394338771e-01
-4.391868898440585145e-01
-4.284878112275949391e-01
-4.189680116509750807e-01
-4.098324453855646254e-01
-4.011244486583880331e-01
-3.933689900223673597e-01
-3.858021666558206775e-01
-3.786795142599848063e-01
-3.722840838637795358e-01
-3.660193730455145733e-01
-3.600552210430683076e-01
-3.545508495747089484e-01
-3.479107161756713751e-01
-3.403155602355170117e-01
-3.322585725929863010e-01
-3.237574343601168358e-01
-3.147931585424950107e-01
-3.055302510358020029e-01
-2.961212566691737713e-01
-2.867041219065580293e-01
-2.774002877725503247e-01
-2.683134912786337978e-01
-2.595292255236700818e-01
-2.511148303703758522e-01
-2.431200961669190974e-01
-2.355783292470099433e-01
-2.285077635761663117e-01
-2.219132204725258184e-01
-2.157879271793885501e-01
-2.101154143020065312e-01
-2.048714013718742066e-01
-2.000256346102853300e-01
-1.955436112527459969e-01
-1.913881602082354583e-01
-1.875208584294028036e-01
-1.839032703364744670e-01
-1.804979811819564794e-01
-1.772694608315568132e-01
-1.741847352310679220e-01
-1.712138847644384398e-01
-1.683303825749056237e-01
-1.655112865004260136e-01
-1.627373033316312778e-01
-1.599927397576510479e-01
-1.572653639009340409e-01
-1.545461881598262366e-01
-1.518291949620329540e-01
-1.491110227307852476e-01
-1.463906230036902123e-01
-1.436689055610744781e-01
-1.409483827048205740e-01
-1.382328170156337244e-01
-1.355268977406884900e-01
-1.328359297840746578e-01
-1.301655568806396879e-01
-1.275215166793719490e-01
-1.249094297806689902e-01
-1.223346231965694031e-01
-1.198019979358377896e-01
-1.173159083169590389e-01
-1.148801047648047025e-01
-1.124976730088445009e-01
-1.101710243802904721e-01
-1.079018983219941497e-01
-1.056913807704855657e-01
-1.035399457321544148e-01
-1.014475138103065888e-01
-9.941349763892581848e-02
-9.743687686136537351e-02
-9.551626493429443698e-02
-9.364997860774781913e-02
-9.183610603485359292e-02
-9.007257178283367693e-02
-8.835719669944674948e-02
-8.668775417361374025e-02
-8.506201660587420221e-02
-8.347779856626846851e-02
-8.193299100310458272e-02
-8.042558879385408588e-02
-7.895371293497577270e-02
-7.751562527310529305e-02
-7.610973550001576271e-02
-7.473460748764626516e-02
-7.338895789418886650e-02
-7.207165172831420108e-02
-7.078169476282836214e-02
-6.951822277096697533e-02
-6.828049218727993974e-02
-6.706786309727386097e-02
-6.587978919243564491e-02
-6.471580146221178609e-02
-6.357549500481951554e-02
-6.245851626610443574e-02
-6.136454983455186252e-02
-6.029330872139482267e-02
-5.924452265861646083e-02
-5.821793023481136586e-02
-5.721327186527247477e-02
-5.623028329855372931e-02
-5.526869070474882406e-02
-5.432820854077391459e-02
-5.340853455333416377e-02
-5.250935134899226142e-02
-5.163032502217568265e-02
-5.077110524995953611e-02
-4.993132710409531327e-02
-4.911061218473866674e-02
-4.830857073157712733e-02
-4.752480387950264173e-02
-4.675890606893506884e-02
-4.601046751403359281e-02
-4.527907664494623674e-02
-4.456432257574949318e-02
-4.386579680779911783e-02
-4.318309595868763395e-02
-4.251582303805800933e-02
-4.186358920734400968e-02
-4.122601467087294580e-02
-4.060272991576097112e-02
-3.999337669409763762e-02
-3.939760815810267047e-02
-3.881508925726029346e-02
-3.824549681198741169e-02
-3.768851952927310123e-02
-3.714385726740232485e-02
-3.661122137393890696e-02
-3.609033384366222563e-02
-3.558092652442113035e-02
-3.508274074998096737e-02
-3.459552706053337090e-02
-3.411904383989750045e-02
-3.365305703344523280e-02
-3.319733988478512643e-02
-3.275167151308933100e-02
-3.231583720011954597e-02
-3.188962741267875600e-02
-3.147283747311657720e-02
-3.106526716423374523e-02
-3.066672038832152225e-02
-3.027700487927020845e-02
-2.989593196528916863e-02
-2.952331637883354176e-02
-2.915897610958406716e-02
-2.880273229570295968e-02
-2.845440914831165458e-02
-2.811383390404698090e-02
-2.778083680046661286e-02
-2.745525106939661342e-02
-2.713691294344444671e-02
-2.682566167143551894e-02
-2.652133953882040984e-02
-2.622379188971635244e-02
-2.593286714765996592e-02
-2.564841683272822692e-02
-2.537029557312520112e-02
-2.509836110987828661e-02
-2.483247429365498249e-02
-2.457249919275117378e-02
-2.431830259419376361e-02
-2.406975469394589950e-02
-2.382672858077494737e-02
-2.358910043158601866e-02
-2.335674898202988459e-02
-2.312955618838774541e-02
-2.290740668673096891e-02
-2.269018784732779181e-02
-2.247778982571935202e-02
-2.227010501382986618e-02
-2.206702868677012930e-02
-2.186845845182316950e-02
-2.167429429689216036e-02
-2.148443852019799039e-02
-2.129879566159331716e-02
-2.111727243597405490e-02
-2.093977766910048999e-02
-2.076622223611046536e-02
-2.059651900286585402e-02
-2.043058277026910119e-02
-2.026833034095476549e-02
-2.010967999102808434e-02
-1.995455214133734501e-02
-1.980286883394688502e-02
-1.965455381014358238e-02
-1.950953247090225773e-02
-1.936773195892671495e-02
-1.922908064463380029e-02
-1.909350881066718131e-02
-1.896094814028215225e-02
-1.883133180608398405e-02
-1.870459443999328286e-02
-1.858067210410752068e-02
-1.845950226233483704e-02
-1.834102375267887552e-02
-1.822517676002988196e-02
-1.811190278936969378e-02
-1.800114463937152465e-02
-1.789284649574884867e-02
-1.778695354639392434e-02
-1.768341219567615141e-02
-1.758217027820352385e-02
-1.748317667431553701e-02
-1.738638140502457574e-02
-1.729173560735697279e-02
-1.719919150995563584e-02
-1.710870252846952155e-02
-1.702022276329140382e-02
-1.693370769451396640e-02
-1.684911367965469253e-02
-1.676639805088564472e-02
-1.668551909278459533e-02
-1.660643602057243484e-02
-1.652910895876580355e-02
-1.645349903980131145e-02
-1.637956790517058892e-02
-1.630727840389756267e-02
-1.623659409391908781e-02
-1.616747946249352808e-02
-1.609989942926137729e-02
-1.603382004666631389e-02
-1.596920800322809697e-02
-1.590603084582609128e-02
-1.584425648460907610e-02
-1.578385389519931792e-02
-1.572479274316362918e-02
-1.566704312951339162e-02
-1.561057581560953977e-02
-1.555536256717893195e-02
-1.550137530220974114e-02
-1.544858691525829997e-02
-1.539697090411928926e-02
-1.534650111738145029e-02
-1.529715198134784515e-02
-1.524889872648449440e-02
-1.520171713513507328e-02
-1.515558317073928407e-02
-1.511047368432949511e-02
-1.506636592367494032e-02
-1.502323764176161092e-02
-1.498106708564916900e-02
-1.493983298555123795e-02
-1.489951454416216237e-02
-1.486009142620492440e-02
-1.482154374819177889e-02
-1.478385206841092980e-02
-1.474699737711926417e-02
-1.471096108695180149e-02
-1.467572502353009511e-02
-1.464127141628868145e-02
-1.460758288947339167e-02
-1.457464245336925757e-02
-1.454243349569717125e-02
-1.451093977321038508e-02
-1.448014540347442036e-02
-1.445003497631036637e-02
-1.442059306744836178e-02
-1.439180494923153475e-02
-1.436365610387735359e-02
-1.433613233601471748e-02
-1.430921976549059949e-02
-1.428290482037386511e-02
-1.425717423008210361e-02
-1.423201501869675312e-02
-1.420741449840612347e-02
-1.418336026310207387e-02
-1.415984018212324003e-02
-1.413684239414125798e-02
-1.411435530117266524e-02
-1.409236756273779534e-02
-1.407086809014446160e-02
-1.404984604090175893e-02
-1.402929081325376970e-02
-1.400919204084249969e-02
-1.398953958748228033e-02
-1.397032354204963411e-02
-1.395153421349837330e-02
-1.393316212597239812e-02
-1.391519813350416968e-02
-1.389763293686607781e-02
-1.388045779738611429e-02
-1.386366405325389906e-02
-1.384724323501895782e-02
-1.383118706131414299e-02
-1.381548743469407370e-02
-1.380013643753930097e-02
-1.378512644753548955e-02
-1.377044965529572451e-02
-1.375609889838536049e-02
-1.374206669988753404e-02
-1.451589246599027661e-02
-4.285532488259047312e-02
-5.910884864334420286e-02
-6.168644350788143882e-02
-6.411295207761558146e-02
-6.641784830181318711e-02
-6.860020623796980743e-02
-7.082000269630661649e-02
-7.340237018465511909e-02
-7.584765228881851229e-02
-7.815655590356307414e-02
-8.033022044875171019e-02
-8.275899993720869929e-02
-8.516604606399846844e-02
-8.743240087613646239e-02
-8.956009807123388455e-02
-9.155126637326649330e-02
-9.375572502099505101e-02
-9.592257859856401225e-02
-9.795108277317554624e-02
-9.984383056846457549e-02
-1.016033477564146636e-01
-1.033011428583208158e-01
-1.052485401149487743e-01
-1.070612111601718652e-01
-1.087420130005405383e-01
-1.102938973316893723e-01
-1.117198940523191908e-01
-1.130230962485763158e-01
-1.144563677913623678e-01
-1.158564424627011036e-01
-1.171364072532679046e-01
-1.182994108907857722e-01
-1.193485710238988418e-01
-1.202869720396932962e-01
-1.211176630897687900e-01
-1.219308310304842990e-01
-1.228398461402600006e-01
-1.236447275160612591e-01
-1.243485559253656447e-01
-1.249542996681460849e-01
-1.249607747917647060e-01
-1.243649308540835108e-01
-1.232070748169027397e-01
-1.215378731596192807e-01
-1.194154869484647108e-01
-1.170163231760881217e-01
-1.143332992242056534e-01
-1.113623894236308587e-01
-1.081686767039542474e-01
-1.048147386080735544e-01
-1.013593398154970515e-01
-9.785640175073861968e-02
-9.435428559189595887e-02
-9.089529523754880103e-02
-8.751544420915191580e-02
-8.424441063191245860e-02
-8.110567504174959197e-02
-7.811679956248607226e-02
-7.528981870903894702e-02
-7.263172727953293162e-02
-7.014502104609654509e-02
-6.782827834007854051e-02
-6.567675914309401008e-02
-6.368299964812784708e-02
-6.187833271384590716e-02
-6.021155924352505906e-02
-5.866423496497219503e-02
-5.722325974420350292e-02
-5.587547060074271599e-02
-5.460798260903754198e-02
-5.340846216612860076e-02
-5.226536327116537706e-02
-5.116809267033239905e-02
-5.010713061040306116e-02
-4.907411015451312863e-02
-4.806185045646849119e-02
-4.706435709682654789e-02
-4.607678633814416003e-02
-4.509539538194129449e-02
-4.411745628534458064e-02
-4.314116913127730157e-02
-4.216555776539454570e-02
-4.119036067214576491e-02
-4.021591938550628242e-02
-3.924306772963426226e-02
-3.827302307207602894e-02
-3.730729020138401353e-02
-3.634756346245104908e-02
-3.539564062913935771e-02
-3.445334831551338794e-02
-3.352249125652395634e-02
-3.260477761393332230e-02
-3.170179072500012296e-02
-3.081494871467693741e-02
-2.994548464629431805e-02
-2.909443028174152346e-02
-2.826260880422992727e-02
-2.745063434250383239e-02
-2.665891729977953872e-02
-2.588767448365469903e-02
-2.513694305448144206e-02
-2.440659735551964360e-02
-2.369636774950034663e-02
-2.300586066277610087e-02
-2.233457912637337728e-02
-2.168194319176386387e-02
-2.104730969936774443e-02
-2.042999096753383981e-02
-1.982927206558660060e-02
-1.924442642015389282e-02
-1.867472958538130001e-02
-1.811947108147204943e-02
-1.757796427095836833e-02
-1.704955429797561095e-02
-1.653362416509551736e-02
-1.602959905742373792e-02
-1.553694905677183158e-02
-1.505519040832670186e-02
-1.458388551717604287e-02
-1.412264185935097061e-02
-1.367110999341658584e-02
-1.322898085505208599e-02
-1.279598250905600310e-02
-1.237187652189319920e-02
-1.195645410380130613e-02
-1.154953215377751974e-02
-1.115094932346227807e-02
-1.076056219865328956e-02
-1.037824167934697783e-02
-1.000386962211763375e-02
-9.637335792409551516e-03
-9.278535159172207614e-03
-8.927365550354338097e-03
-8.583725675752162942e-03
-8.247513513085280579e-03
-7.918625043548566111e-03
-7.596953318005361666e-03
-7.282387825878089416e-03
-6.974814137600482411e-03
-6.674113788411872861e-03
-6.380164367643992307e-03
-6.092839779618053342e-03
-5.812010642938680860e-03
-5.537544793852156033e-03
-5.269307864561589838e-03
-5.007163907961853511e-03
-4.750976043950139172e-03
-4.500607105372367300e-03
-4.255920265161527993e-03
-4.016779629249178640e-03
-3.783050783224162217e-03
-3.554601283680014490e-03
-3.331301087960980567e-03
-3.113022918715735443e-03
-2.899642561905224625e-03
-2.691039098891678805e-03
-2.487095074513057114e-03
-2.287696606017242118e-03
-2.092733435940630216e-03
-1.902098935706142413e-03
-1.715690065484665183e-03
-1.533407296864908176e-03
-1.355154504131483861e-03
-1.180838831881914075e-03
-1.010370543198746418e-03
-8.436628553480929327e-04
-6.806317677812145917e-04
-5.211958871189636966e-04
-3.652762527703856676e-04
-2.127961679470047329e-04
-6.368103712350858814e-05
8.214178634347035768e-05
2.247431418069822939e-04
3.641921895658484232e-04
5.005565268536571466e-04
6.339022899268798028e-04
7.642942429928467618e-04
8.917958541294623842e-04
1.016469359553795471e-03
1.138375815653347445e-03
1.257575141707434341e-03
1.374126153059762601e-03
1.488086586467929351e-03
1.599513118764939179e-03
1.708461380018455600e-03
1.814985962351300941e-03
1.919140425486354218e-03
2.020977299982185116e-03
2.120548089103557743e-03
2.217903269967180790e-03
2.313092295114671515e-03
2.406163594215193768e-03
2.497164576875654518e-03
2.586141637124228509e-03
2.673140159568987428e-03
2.758204526954521896e-03
2.841378129455840451e-03
2.922703376736279779e-03
3.002221710509012098e-03
3.079973619626308334e-03
3.155998656722225348e-03
3.230335455360666685e-03
3.303021749234247295e-03
3.374094391804582926e-03
3.443589376757039133e-03
3.511541858919997594e-03
3.577986175837821747e-03
3.642955868554231813e-03
3.706483703632024174e-03
3.768601693617590342e-03
3.829341118161799784e-03
3.888732544178097328e-03
3.946805845578715832e-03
4.003590222255937192e-03
4.059114218810222496e-03
4.113405741693831885e-03
4.166492076493888419e-03
4.218399903976433052e-03
4.269155315548722740e-03
4.318783827951477861e-03
4.367310397284995815e-03
4.414759432363801750e-03
4.461154807473555195e-03
4.506519874455605645e-03
4.550877474721382043e-03
4.594249949922968312e-03
4.636659152935429518e-03
4.678126458527387399e-03
4.718672772836107754e-03
4.758318543474082674e-03
4.797083768882437482e-03
4.834988007572427193e-03
4.872050387142223826e-03
4.908289613136496143e-03
4.943723977720360097e-03
4.978371368211220727e-03
5.012249275513802615e-03
5.045374802390867330e-03
5.077764671534090724e-03
5.109435234004422455e-03
5.140402476644823082e-03
5.170682030280815411e-03
5.200289177346384406e-03
5.229238859455698218e-03
5.257545685229736421e-03
5.285223937154803764e-03
5.312287579217311873e-03
5.338750263946145935e-03
5.364625339407069760e-03
5.389925856082555811e-03
5.414664573589966778e-03
5.438853967293155733e-03
5.462506234739095135e-03
5.485633301969272679e-03
5.508246829603713479e-03
5.530358219200337544e-03
5.551978618608011118e-03
5.573118928058562460e-03
5.593789805684146188e-03
5.614001672958224276e-03
5.633764720038847429e-03
5.653088910950287982e-03
5.671983988658091391e-03
5.690459480007348247e-03
5.708524700547279451e-03
5.726188759231476411e-03
5.743460563005342578e-03
5.760348821295835364e-03
5.776862050387521208e-03
5.793008577674285675e-03
5.808796545871075523e-03
5.824233917053334153e-03
5.839328476667127177e-03
5.854087837429133856e-03
5.868519443107622635e-03
5.882630572292768534e-03
5.896428341910286974e-03
5.909919711165834144e-03
5.923111484489318457e-03
5.936010315234163670e-03
5.948622709247786133e-03
5.960955027636494208e-03
5.973013490314649232e-03
5.984804179030689397e-03
5.996333040441115259e-03
6.007605889004175026e-03
6.018628410289217356e-03
6.029406163285955245e-03
6.039944583499767816e-03
6.050248985938644353e-03
6.060324567190633616e-03
6.070176408763394704e-03
6.079809478935160882e-03
6.089228635965504566e-03
6.098438629953406576e-03
6.107444105477810581e-03
6.116249604238177540e-03
6.124859566797091759e-03
6.133278335187952734e-03
8.015142944725983654e-02
8.952499710815420286e-02
9.808574922368684668e-02
1.057115811942352934e-01
1.129340830621972103e-01
1.192711964658279555e-01
1.246733086250424449e-01
1.282045205288988576e-01
1.294869895673316229e-01
1.289427259277666771e-01
1.270727513549152476e-01
1.240754893212328014e-01
1.198909837522683652e-01
1.148796895459693879e-01
1.093963193644684750e-01
1.036124577279413650e-01
9.768302825807806400e-02
9.174468195815865812e-02
8.591490486184039099e-02
8.029174829283336479e-02
7.495409403486252842e-02
6.996237474882516238e-02
6.535966053412645138e-02
6.117303064145440672e-02
5.741517141601759633e-02
5.408611634604776341e-02
5.117507951455779747e-02
4.866228928120408526e-02
4.649666212126168929e-02
4.455834600358521413e-02
4.293421002151198707e-02
4.158771600032284965e-02
4.048091814936016775e-02
3.957568798381450037e-02
3.883477467058860100e-02
3.822265970301774729e-02
3.770627677966542635e-02
3.725552935464859772e-02
3.684366120028093050e-02
3.644747994099306609e-02
3.604744844562457473e-02
3.562766120629046185e-02
3.517572754529885160e-02
3.468257211086278602e-02
3.414217667627550412e-02
3.355127838056315426e-02
3.290902590449906739e-02
3.221664455437522889e-02
3.147707189290382956e-02
3.069461649522819968e-02
2.987461420004144941e-02
2.902313143420753860e-02
2.814667313954855032e-02
2.725193015157811871e-02
2.634556054125081204e-02
2.543400065470180493e-02
2.452331527792761534e-02
2.361907679307151398e-02
2.272627833478990667e-02
2.184927287968108089e-02
2.099174235202783123e-02
2.015668701247674832e-02
1.934643932417179357e-02
1.856268637691371737e-02
1.780651535380073369e-02
1.707846196165130337e-02
1.637857158648081679e-02
1.570646351004301167e-02
1.506139786762883404e-02
1.444233228199687247e-02
1.384800172059241774e-02
1.327697280428097315e-02
1.272769289219155553e-02
1.219855827557925210e-02
1.168794804854345060e-02
1.119426703724668570e-02
1.071597925921574657e-02
1.025163469091072699e-02
9.799888429855574401e-03
9.359521113328383990e-03
8.929438865978855944e-03
8.508684777912556285e-03
8.096438434026964615e-03
7.692009386347287148e-03
7.294836441858798537e-03
6.904473156188473126e-03
6.520580815394971808e-03
6.142915959333805631e-03
5.771317897930838825e-03
5.405696025471584676e-03
5.046017137625202764e-03
4.692293245937673163e-03
4.344570073132381083e-03
4.002916330632544373e-03
3.667414179385986017e-03
3.338149976039428424e-03
3.015210233130005690e-03
2.698671339952163351e-03
2.388596281825527967e-03
2.085032920166263182e-03
1.788008739234570044e-03
1.497531191531731309e-03
1.213586139912070649e-03
9.361377561298844796e-04
6.651296898900760368e-04
4.004861746222942998e-04
1.421136981303305902e-04
-1.100965825733268844e-04
-3.562683969673408058e-04
-5.965354489334551147e-04
-8.310408325322704570e-04
-1.059933847763261383e-03
-1.283369556594582406e-03
-1.501504102458639522e-03
-1.714494578028080696e-03
-1.922496906172632691e-03
-2.125664389476700222e-03
-2.324146485167766230e-03
-2.518087572036087352e-03
-2.707627130134948601e-03
-2.892897321779663855e-03
-3.074025316870176994e-03
-3.251130036323157668e-03
-3.424324577303572426e-03
-3.593715418543030893e-03
-3.759402320926419350e-03
-3.921478920314580563e-03
-4.080033326604670663e-03
-4.235148418885614774e-03
-4.386902321119823256e-03
-4.535368893220148578e-03
-4.680618222768551107e-03
-4.822717104945084543e-03
-4.961729500146283556e-03
-5.097716961135922986e-03
-5.230739023482033900e-03
-5.360853554927658138e-03
-5.488116913054952306e-03
-5.612584650094731842e-03
-5.734311288532190076e-03
-5.853350401548329529e-03
-5.969755461875614344e-03
-6.083579224229307414e-03
-6.194874025873264856e-03
-6.303691819524726014e-03
-6.410084180873631965e-03
-6.514102294921553238e-03
-6.615796925374617388e-03
-6.715218371049491708e-03
-6.812416413073396626e-03
-6.907440256376240484e-03
-7.000338468368116907e-03
-7.091158917713613619e-03
-7.179948715226203149e-03
-7.266754158923749429e-03
-7.351620684605375544e-03
-7.434592822976426874e-03
-7.515714164219478022e-03
-7.595027330173476088e-03
-7.672573954450534472e-03
-7.748394670265223994e-03
-7.822529105648623471e-03
-7.895015885624800944e-03
-7.965892640640515054e-03
-8.035196020610868572e-03
-8.102961713788214837e-03
-8.169224469682934142e-03
-8.234018125187869686e-03
-8.297375633234960191e-03
-8.359329093113654352e-03
-8.419909781896439682e-03
-8.479148186278262500e-03
-8.537074034276503909e-03
-8.593716326402933703e-03
-8.649103365776511509e-03
-8.703262787015386692e-03
-8.756221583545720222e-03
-8.808006133207868515e-03
-8.858642222060453264e-03
-8.908155066276179923e-03
-8.956569332240871262e-03
-9.003909154753575450e-03
-9.050198153532029721e-03
-9.095459448079434850e-03
-9.139715671054204904e-03
-9.182988980245276878e-03
-9.225301069420765998e-03
-9.266673178078388418e-03
-9.307126100307705485e-03
-9.346680192973355616e-03
-9.385355383260574058e-03
-9.423171175757083518e-03
-9.460146659248991341e-03
-9.496300513231581419e-03
-9.531651014304642899e-03
-9.566216042490527371e-03
-9.600013087578851412e-03
-9.633059255465425963e-03
-9.665371274612866159e-03
-9.696965502576482265e-03
-9.727857932682493214e-03
-9.758064200769744900e-03
-9.787599592115281411e-03
-9.816479048353699000e-03
-9.844717174564809881e-03
-9.872328246390171813e-03
-9.899326217165160813e-03
-9.925724725070139698e-03
-9.951537100303831096e-03
-9.976776372169648965e-03
-1.000145527611362439e-02
-1.002558626067484582e-02
-1.004918149435685137e-02
-1.007225287230850697e-02
-1.009481202293871505e-02
-1.011687031434327366e-02
-1.013843886056209342e-02
-1.015952852769652637e-02
-1.018014993982596650e-02
-1.020031348477123956e-02
-1.022002931967325168e-02
-1.023930737639799915e-02
-1.025815736675550482e-02
-1.027658878760862038e-02
-1.029461092575978398e-02
-1.031223286269655759e-02
-1.032946347924745822e-02
-1.034631146003572866e-02
-1.036278529781897717e-02
-1.037889329772800906e-02
-1.039464358137243138e-02
-1.041004409084322901e-02
-1.042510259261275607e-02
-1.043982668135523539e-02
-1.045422378363669580e-02
-1.046830116158581347e-02
-1.048206591643108254e-02
-1.049552499197226041e-02
-1.050868517801717417e-02
-1.052155311370883695e-02
-1.053413529079927358e-02
-1.054643805685806512e-02
-1.055846761844403403e-02
-1.057023004418589096e-02
-1.058173126779493600e-02
-1.059297709106221674e-02
-1.060397318676065126e-02
-1.061472510150407444e-02
-1.062523825854100323e-02
-1.063551796051465104e-02
-1.064556939212613074e-02
-1.065539762278566727e-02
-1.066500760916522239e-02
-1.067440419774268179e-02
-1.068359212725145113e-02
-1.069257603109807775e-02
-1.070136043971192663e-02
-1.070994978285400023e-02
-1.071834839188445798e-02
-1.072656050192843935e-02
-1.073459025406409140e-02
-1.074244169739824173e-02
-1.075011879113008106e-02
-1.075762540656333144e-02
-1.076496532904824832e-02
-1.077214225990452690e-02
-1.077915981829491443e-02
-1.078602154305441374e-02
-1.079273089445953460e-02
-1.079929125599132789e-02
-1.080570593603047413e-02
-1.081197816951418034e-02
-1.081811111958419502e-02
-1.082410787917753581e-02
-1.082997147255548853e-02
-1.083570485685036999e-02
-1.084131092354789772e-02
-1.084679249994113803e-02
-1.085215235054315386e-02
-1.085739317848766206e-02
-1.086251762689061096e-02
-1.086752828017045758e-02
-1.087242766536267169e-02
-1.087721825338050508e-02
-1.088190246026998764e-02
-1.088648264840985647e-02
-1.089096112772702796e-02
-1.089534015683657486e-02
-1.089962194419547004e-02
-1.090380864921591808e-02
-1.090790238334271578e-02
-1.091190521114171474e-02
-1.091581915130834801e-02
-1.091964617771212787e-02
-1.092338822038740886e-02
-1.092704716650461094e-02
-1.093062486132190259e-02
-1.093412310912134089e-02
-1.093754367410770811e-02
-1.094088828131489777e-02
1.123862388603846796e-03
-2.823977798163390673e-02
-4.496195390380908208e-02
-4.809322821034411888e-02
-5.106410256467519559e-02
-5.387764841212838718e-02
-5.674942507276359294e-02
-5.970141361187586426e-02
-6.249630667675720730e-02
-6.513751007023760309e-02
-6.762850738543857432e-02
-6.997284425691763232e-02
-7.219312498359986563e-02
-7.459259423636765973e-02
-7.684945661642927917e-02
-7.896733223812368863e-02
-8.094980172196919455e-02
-8.280040408471212032e-02
-8.452263484259869841e-02
-8.611994431397462790e-02
-8.777430704097177738e-02
-8.941495400633936441e-02
-9.093547058829187790e-02
-9.233927812437237037e-02
-9.362967966683477528e-02
-9.480986774613775481e-02
-9.588293148432569524e-02
-9.685186311047822016e-02
-9.771956392665792634e-02
-9.873800562625678623e-02
-9.971044052417976644e-02
-1.005843012136065084e-01
-1.013624815911278176e-01
-1.020478591949798286e-01
-1.026432903939404895e-01
-1.031516060712336369e-01
-1.035756077644371942e-01
-1.039180642253638709e-01
-1.041817083667062604e-01
-1.043802401917686140e-01
-1.046825031649172288e-01
-1.049110345013746226e-01
-1.050683445683064932e-01
-1.051568843805554820e-01
-1.051790436534272288e-01
-1.051371568929875266e-01
-1.050335051531989805e-01
-1.048703120509788533e-01
-1.046497475929664134e-01
-1.043739290227980732e-01
-1.040449199801711799e-01
-1.036647352980777370e-01
-1.032353396687746283e-01
-1.028080253266647759e-01
-1.024271782764669680e-01
-1.020000972251677851e-01
-1.015286193418205585e-01
-1.010145336530507976e-01
-1.004595729573187768e-01
-9.986542135476472737e-02
-9.923371688191728879e-02
-9.856605088196079834e-02
-9.786396577218248183e-02
-9.712896072320376106e-02
-9.636249034056643126e-02
-9.556596987898213769e-02
-9.474077214960452409e-02
-9.388823114249600366e-02
-9.300963750547008857e-02
-9.210624988023941029e-02
-9.117928581805134769e-02
-9.022992824525921662e-02
-8.932425991399384202e-02
-8.844437593653786678e-02
-8.754341254548059226e-02
-8.662247262891487054e-02
-8.568262295517481419e-02
-8.472490582503500178e-02
-8.375032652032388114e-02
-8.275986130283730091e-02
-8.175445717353024833e-02
-8.073503218473110365e-02
-7.970248193481843657e-02
-7.865766722140943301e-02
-7.760142173544082311e-02
-7.653456039879724671e-02
-7.545786512845165106e-02
-7.437209508953745996e-02
-7.327798705866417350e-02
-7.210364560700011083e-02
-7.076496178668101322e-02
-6.926585488730285789e-02
-6.761494236312692863e-02
-6.582461135925576912e-02
-6.391011460936368849e-02
-6.188874411243983076e-02
-5.977906880547223523e-02
-5.760024917250028409e-02
-5.537143974707348093e-02
-5.311127972947815579e-02
-5.083747172935293435e-02
-4.856644830992351558e-02
-4.631311748981481458e-02
-4.409068796186765837e-02
-4.191056153661332218e-02
-3.978228994838239885e-02
-3.771358371966826439e-02
-3.571036833176322034e-02
-3.377687534304740780e-02
-3.191576853400768243e-02
-3.012828587131011204e-02
-2.841440034593123443e-02
-2.677299273528621626e-02
-2.520201749008865733e-02
-2.369867864247154898e-02
-2.225959326852944287e-02
-2.088094691085373711e-02
-1.955863871917262742e-02
-1.828841265665293037e-02
-1.706597233067608244e-02
-1.588708106345393389e-02
-1.474764815750440050e-02
-1.364379584667840817e-02
-1.257191197163987084e-02
-1.152869033444403613e-02
-1.051115581370609675e-02
-9.516680062642279836e-03
-8.542982065063320363e-03
-7.588125935758860408e-03
-6.650504212124097592e-03
-5.728821033238240545e-03
-4.822067388183803871e-03
-3.929493083301593970e-03
-3.050577140225385619e-03
-2.184995623803587250e-03
-1.332592951154509819e-03
-4.933492410241768766e-04
3.326492168023165164e-04
1.145236736935117960e-03
1.944193799957361080e-03
2.729270065768396591e-03
3.500203615582897498e-03
4.256738659178083140e-03
4.998640429056955270e-03
5.725705284768345393e-03
6.437770393191932783e-03
7.134719804024136636e-03
7.816488421931389041e-03
8.483063952958502796e-03
9.134487058057416675e-03
9.770850638099126684e-03
1.039229416928577621e-02
1.099900517570517877e-02
1.159121121552697531e-02
1.216917389078098211e-02
1.273318736914408333e-02
1.328357025834758787e-02
1.382066015025706918e-02
1.434481033390877514e-02
1.485638326492821903e-02
1.535574537657158345e-02
1.584326406387859265e-02
1.631930355613242511e-02
1.678422168718984864e-02
1.723836718004712054e-02
1.768207744084104860e-02
1.811567684542314538e-02
1.853947549363788028e-02
1.895376839555229509e-02
1.935883505021074313e-02
1.975493937122418941e-02
2.014232991399822481e-02
2.052124035577751471e-02
2.089189018190484859e-02
2.125448553285114173e-02
2.160922016902944165e-02
2.195627651380949175e-02
2.229582673888952371e-02
2.262803386036082998e-02
2.295305281806214737e-02
2.327103151524223534e-02
2.358211180002633967e-02
2.388643037406890102e-02
2.418411961797684029e-02
2.447530832648681098e-02
2.476012235019187102e-02
2.503868514183693605e-02
2.531111821055720412e-02
2.557754148654467485e-02
2.583807360209622317e-02
2.609283209568769024e-02
2.634193354671854337e-02
2.658549364920315128e-02
2.682362723293518769e-02
2.705644824074582289e-02
2.728406967028096375e-02
2.750660348830624713e-02
2.772416052504134143e-02
2.793685035592030630e-02
2.814478117564434001e-02
2.834805967164211182e-02
2.854679090067069325e-02
2.874107817219595518e-02
2.893102294180582845e-02
2.911672471801285411e-02
2.929828098191755714e-02
2.947578712343723595e-02
2.964933639191258408e-02
2.981901986327262222e-02
2.998492642194428015e-02
3.014714275731655846e-02
3.030575337352381382e-02
3.046084061123366382e-02
3.061248468060639993e-02
3.076076370255620418e-02
3.090575375859039298e-02
3.104752894635876004e-02
3.118616144003549806e-02
3.132172155389856272e-02
3.145427780827514397e-02
3.158389699592945021e-02
3.171064424828795580e-02
3.183458310095499399e-02
3.195577555713047246e-02
3.207428214860730264e-02
3.219016199380853038e-02
3.230347285295032123e-02
3.241427117876494179e-02
3.252261216486918016e-02
3.262854978917584248e-02
3.273213685496934033e-02
3.283342502730679513e-02
3.293246486693135466e-02
3.302930586117192036e-02
3.312399645108321522e-02
3.321658405741345632e-02
3.330711510297490463e-02
3.339563503404274769e-02
3.348218833960192597e-02
3.356681856931231778e-02
3.364956835030596949e-02
3.373047940309170656e-02
3.380959255676518893e-02
3.388694776369760575e-02
3.396258411383534792e-02
3.403653984911692021e-02
3.410885237728322750e-02
3.417955828615415470e-02
3.424869335741131948e-02
3.431629258148483075e-02
3.438239017136357489e-02
3.444701957746332255e-02
3.451021350228522522e-02
3.457200391523240768e-02
3.463242206753225361e-02
3.469149850728836526e-02
3.474926309451475959e-02
3.480574501606792381e-02
3.486097280105138196e-02
3.491497433514734183e-02
3.496777687577345972e-02
3.501940706660100489e-02
3.506989095195134354e-02
3.511925399095439104e-02
3.516752107137488537e-02
3.521471652347329950e-02
3.526086413311269041e-02
3.530598715458754810e-02
3.535010832341356490e-02
3.539324986887493196e-02
3.543543352545697189e-02
3.547668054480457300e-02
3.551701170679422148e-02
3.555644733081120279e-02
3.559500728584019669e-02
3.563271100107989753e-02
3.566957747583643368e-02
3.570562528921872314e-02
3.574087260954428302e-02
3.577533720346082191e-02
3.580903644486710391e-02
3.584198732354959560e-02
3.587420645360239746e-02
3.590571008166509870e-02
3.593651409491283033e-02
3.596663402890687422e-02
3.599608507512019884e-02
3.602488208878007470e-02
3.605303959556849236e-02
3.608057179945767245e-02
3.610749258912004933e-02
3.613381554514205618e-02
3.615955394655756550e-02
3.618472077780410245e-02
3.620932873462834323e-02
3.623339023079630294e-02
3.625691740419689779e-02
3.627992212292152630e-02
3.630241599121841745e-02
3.632441035534927920e-02
1.290503926644337440e-01
1.442618579134693491e-01
1.578696297851296393e-01
1.707919409724665272e-01
1.823015562659833222e-01
1.930404474536384640e-01
2.028867448988354028e-01
2.116126426767106494e-01
2.198349669877668333e-01
2.266979197263951917e-01
2.328945391811760857e-01
2.385900182688915905e-01
2.431658456796830237e-01
2.474022265857858116e-01
2.510511010214653282e-01
2.538606657656035104e-01
2.564058902753427738e-01
2.583446901428381182e-01
2.595285745188093962e-01
2.605193355506432162e-01
2.610884573671685693e-01
2.609918340040842111e-01
2.607597272255000043e-01
2.603553692478519643e-01
2.591754951227094317e-01
2.579101550577456159e-01
2.565699237273793010e-01
2.546892648394316616e-01
2.524648503483470918e-01
2.502111151269601486e-01
2.479363474613456297e-01
2.449708452028023231e-01
2.419594551196855292e-01
2.389646060265104843e-01
2.359914705213004282e-01
2.325474838743888384e-01
2.291265713056396258e-01
2.257503219170269304e-01
2.224228194492741117e-01
2.187195931144247929e-01
2.148752483527247570e-01
2.111049679959196013e-01
2.074112462218091757e-01
2.037960528682858374e-01
1.997577272386781289e-01
1.958032466556440809e-01
1.919428202060611266e-01
1.881258241057539582e-01
1.836534776776541644e-01
1.783467328348593561e-01
1.725830344413126216e-01
1.666057452465068422e-01
1.605366677233173167e-01
1.544835217469739952e-01
1.485388667369615945e-01
1.427796664675760052e-01
1.372673960568342455e-01
1.320485964042314997e-01
1.271557771299085537e-01
1.226085927053219837e-01
1.184152042158430618e-01
1.145737639074164704e-01
1.110739541758565263e-01
1.078985406404870950e-01
1.050248762866889951e-01
1.024263527440156807e-01
1.000737308635228917e-01
9.793635897369346033e-02
9.598324107272371286e-02
9.418397465449657169e-02
9.250951582798783157e-02
9.093280276156812114e-02
8.942922657706731115e-02
8.797696025152168531e-02
8.655716065944485393e-02
8.515405457108937703e-02
8.375491101548870887e-02
8.234994777484372364e-02
8.093214861375286340e-02
7.949703077097192150e-02
7.804237451193607455e-02
7.656792721632710297e-02
7.507508301773690995e-02
7.356658473356181283e-02
7.204620188575194817e-02
7.051845557419045285e-02
6.898834072357540315e-02
6.746108821603957750e-02
6.594195513759015803e-02
6.443604212521658603e-02
6.294814833402107013e-02
6.148265436979705179e-02
6.004343879078177793e-02
5.863381856827976080e-02
5.725652152292726171e-02
5.591366779206108362e-02
5.460679461695638892e-02
5.333687346897808546e-02
5.210435307220184775e-02
5.090920750056660005e-02
4.975099712912300909e-02
4.862892309734334617e-02
4.754189582057977148e-02
4.648858945426526112e-02
4.546750625397644185e-02
4.447703727386120853e-02
4.351550698446970955e-02
4.258122173763068119e-02
4.167250944699851800e-02
4.078775171113480091e-02
3.992541592922704830e-02
3.908406925472540649e-02
3.826239999393998836e-02
3.745921955778830359e-02
3.667347142886301370e-02
3.590423566983291792e-02
3.515071924031198947e-02
3.441225315949481001e-02
3.368827374159155674e-02
3.297833292057461563e-02
3.228206021705148920e-02
3.159917136187306852e-02
3.092944507244821395e-02
3.027271274230614040e-02
2.962884667737464284e-02
2.899774839438062912e-02
2.837933874470377482e-02
2.777354878190618770e-02
2.718031196414139039e-02
2.659955763631538517e-02
2.603120528485480811e-02
2.547516271003513744e-02
2.493131990325792025e-02
2.439955180355046771e-02
2.387970656705773465e-02
2.337162437744844112e-02
2.287512160223581503e-02
2.239000125049983581e-02
2.191604713453054742e-02
2.145302898687262427e-02
2.100071331225006332e-02
2.055885494314235729e-02
2.012720306256299274e-02
1.970550355117772767e-02
1.929350121014983266e-02
1.889094180975092740e-02
1.849757392651318888e-02
1.811315054358941801e-02
1.773743039994801762e-02
1.737017908359672624e-02
1.701116987245887557e-02
1.666018433347549177e-02
1.631701269610941196e-02
1.598145402073658516e-02
1.565331618552745496e-02
1.533241693522424676e-02
1.501857992423816235e-02
1.471164034107297347e-02
1.441143370263309187e-02
1.411780960795527839e-02
1.383062194771000897e-02
1.354972944278620695e-02
1.327499728527259393e-02
1.300629404547870571e-02
1.274349336334235083e-02
1.248647219295140331e-02
1.223511067775118200e-02
1.198929207495935678e-02
1.174890128138672551e-02
1.151382625023700257e-02
1.128395631390222142e-02
1.105918275240802551e-02
1.083939846761428072e-02
1.062449757084094060e-02
1.041437627318453352e-02
1.020893190525629102e-02
1.000806323184910696e-02
9.811672845030594559e-03
9.619660055560252943e-03
9.431928090419816613e-03
9.248381758347523629e-03
9.068927503903534415e-03
8.893473461309531203e-03
8.721929504784675657e-03
8.554207293461679740e-03
8.390220309119289510e-03
8.229883885533695320e-03
8.073115228715677105e-03
7.919833427682210214e-03
7.769959455790509395e-03
7.623416162949592234e-03
7.480128259264917645e-03
7.340022290842185271e-03
7.203026608953999599e-03
7.069071332721943435e-03
6.938088307488321504e-03
6.810011059056098048e-03
6.684774745178589939e-03
6.562316105189536231e-03
6.442573408699470150e-03
6.325486404143321195e-03
6.210996267919099978e-03
6.099045554693427462e-03
5.989578149401042495e-03
5.882539221306659627e-03
5.777875180426494950e-03
5.675533636504193069e-03
5.575463360638854837e-03
5.477614249585371908e-03
5.381937292706640008e-03
5.288384541454860255e-03
5.196909081255363105e-03
5.107465005603994967e-03
5.020007392182002093e-03
4.934492280716629153e-03
4.850876652696012314e-03
4.769118411868777940e-03
4.689176366438729815e-03
4.611010211921451329e-03
4.534580514785613303e-03
4.459848696602985996e-03
4.386777018925425153e-03
4.315328567866760778e-03
4.245467239393674319e-03
4.177157724724267496e-03
4.110365495194612251e-03
4.045056787975731538e-03
3.981198590916168456e-03
3.918758627897034330e-03
3.857705344163964156e-03
3.798007891104182576e-03
3.739636111592004042e-03
3.682560525076317148e-03
3.626752312769987441e-03
3.572183302916087655e-03
3.518825956196902638e-03
3.466653351281268058e-03
3.415639170576190153e-03
3.365757686190073983e-03
3.316983746143753464e-03
3.269292760875730508e-03
3.222660689951473145e-03
3.177064029341369888e-03
3.132479798716669706e-03
3.088885529019869125e-03
3.046259250948590847e-03
3.004579482901226228e-03
2.963825220179572284e-03
2.923975923654342779e-03
2.885011509366819382e-03
2.846912338166029954e-03
2.809659205691650286e-03
2.773233332634017501e-03
2.737616355273475577e-03
2.702790316271519444e-03
2.668737655699082723e-03
2.635441202253785420e-03
2.602884164965457714e-03
2.571050124541063298e-03
2.539923025479895458e-03
2.509487168081525610e-03
2.479727200632275697e-03
2.450628112053765406e-03
2.422175224122691262e-03
2.394354184430236288e-03
2.367150959199149085e-03
2.340551826305992122e-03
2.314543368440391546e-03
2.289112466393738998e-03
2.264246292502436475e-03
2.239932304203495761e-03
2.216158237726917335e-03
2.192912101924404666e-03
2.170182172148260591e-03
2.147956984511312228e-03
2.126225329900588434e-03
2.104976248364698321e-03
2.084199023607569146e-03
2.063883177386482970e-03
2.044018464361307963e-03
2.024594866784967806e-03
2.005602589641775069e-03
1.987032055340787196e-03
1.968873899081069467e-03
1.951118964049314286e-03
1.933758296783327779e-03
1.916783142632327852e-03
1.900184941332039301e-03
1.883955322671493349e-03
1.868086102266852677e-03
1.852569277426274752e-03
1.837397023112918859e-03
1.822561687996548940e-03
1.808055790597284940e-03
1.793872015515951546e-03
1.780003209747915704e-03
1.766442379082633352e-03
1.753182684522736068e-03
1.740217439076374717e-03
