-6.642338394836629911e-01
-6.384469482710829480e-01
-6.147505472115201153e-01
-5.924858313282763689e-01
-5.717255378844149361e-01
-5.524960208830004271e-01
-5.346999281780293600e-01
-5.180047234554876479e-01
-5.024681482443367209e-01
-4.878025792340201505e-01
-4.745894835494004482e-01
-4.617958945563438444e-01
-4.503926828532172078e-01
-4.394098391092147171e-01
-4.291759519667575073e-01
-4.197918582963959810e-01
-4.106614316545429411e-01
-4.024586581999218815e-01
-3.946839437156177688e-01
-3.870925915396221662e-01
-3.804050449448013183e-01
-3.739660991397362189e-01
-3.676541314643335667e-01
-3.621248674783221766e-01
-3.568972095185114490e-01
-3.517462474448564969e-01
-3.468908668364503178e-01
-3.424692529919926010e-01
-3.274161937268282863e-01
-3.064072854481745267e-01
-2.888380299677204555e-01
-2.768784464605409390e-01
-2.692649294033069296e-01
-2.639608074230586077e-01
-2.594103916347707539e-01
-2.548135599273240182e-01
-2.499425291957595441e-01
-2.448612532286924548e-01
-2.397145415943549018e-01
-2.346213707001907345e-01
-2.296458929855469400e-01
-2.248074648620281835e-01
-2.201010671034819843e-01
-2.155138498267077374e-01
-2.110340810551427637e-01
-2.066539911340008473e-01
-2.023693400636443762e-01
-1.981779573402415728e-01
-1.940784559686346000e-01
-1.900694902960653465e-01
-1.861494883924796895e-01
-1.823166562512357203e-01
-1.785690785959350713e-01
-1.749048166252920034e-01
-1.713219677165085386e-01
-1.678186886501857877e-01
-1.643931965828953068e-01
-1.610437612601320900e-01
-1.577686966468223595e-01
-1.545663551650080514e-01
-1.514351247263205913e-01
-1.483734275881709586e-01
-1.453797200057351802e-01
-1.424524920157819174e-01
-1.395902670686517411e-01
-1.367916014686132442e-01
-1.340550836859555339e-01
-1.313793336177808690e-01
-1.287630018503924667e-01
-1.262047689475545020e-01
-1.237033447693400845e-01
-1.212574678172280152e-01
-1.188659045994189256e-01
-1.165274490117944595e-01
-1.142409217320996540e-01
-1.120051696265269570e-01
-1.098190651685833075e-01
-1.076815058703979311e-01
-1.055914137265019370e-01
-1.035477346699824608e-01
-1.015494380407875319e-01
-9.959551606591521278e-02
-9.768498335117392628e-02
-9.581687638424929432e-02
-9.399025304879460307e-02
-9.220419214933261998e-02
-9.045779294667211090e-02
-8.875017470365875738e-02
-8.708047624100023754e-02
-8.544785550295497245e-02
-8.385148913267848059e-02
-8.229057205698175892e-02
-8.076431708032671963e-02
-7.927195448782331511e-02
-7.781273165706226180e-02
-7.638591267854266675e-02
-7.499077798454800714e-02
-7.362662398625374749e-02
-7.229276271890183736e-02
-7.098852149484002894e-02
-6.971324256428301780e-02
-6.846628278359112585e-02
-6.724701329092797053e-02
-6.605481918911859651e-02
-6.488909923553620729e-02
-6.374926553889492808e-02
-6.263474326276252668e-02
-6.154497033566119768e-02
-6.047939716761296935e-02
-5.943748637296053516e-02
-5.841871249936492205e-02
-5.742256176280591262e-02
-5.644853178847331066e-02
-5.549613135741804371e-02
-5.456488015881166831e-02
-5.365430854772545999e-02
-5.276395730827720953e-02
-5.189337742204180870e-02
-5.104212984160971800e-02
-5.020978526916008988e-02
-4.939592393996239394e-02
-4.860013541068308740e-02
-4.782201835238986121e-02
-4.706118034816020312e-02
-4.631723769517570588e-02
-4.558981521121197034e-02
-4.487854604543262127e-02
-4.418307149337730166e-02
-4.350304081606770623e-02
-4.283811106311530281e-02
-4.218794689977167778e-02
-4.155222043781003904e-02
-4.093061107016904288e-02
-4.032280530926923845e-02
-3.972849662890576283e-02
-3.914738530967154517e-02
-3.857917828779822145e-02
-3.802358900736146907e-02
-3.748033727577038121e-02
-3.694914912245517158e-02
-3.642975666070302765e-02
-3.592189795255507079e-02
-3.542531687671424123e-02
-3.493976299937084917e-02
-3.446499144791159708e-02
-3.400076278741925861e-02
-3.354684289992704294e-02
-3.310300286635081690e-02
-3.266901885103568048e-02
-3.224467198887648323e-02
-3.182974827493501024e-02
-3.142403845652541605e-02
-3.102733792767109477e-02
-3.063944662592854584e-02
-3.026016893148542053e-02
-2.988931356851054488e-02
-2.952669350869419063e-02
-2.917212587691642156e-02
-2.882543185903063687e-02
-2.848643661167571395e-02
-2.815496917410520439e-02
-2.783086238197274298e-02
-2.751395278301815850e-02
-2.720408055464362818e-02
-2.690108942330970976e-02
-2.660482658572238535e-02
-2.631514263177958668e-02
-2.603189146921192076e-02
-2.575493024991049040e-02
-2.548411929788763075e-02
-2.521932203883148205e-02
-2.496040493123308224e-02
-2.470723739904023830e-02
-2.445969176580087279e-02
-2.421764319027763790e-02
-2.398096960348938822e-02
-2.374955164714664946e-02
-2.352327261345799059e-02
-2.330201838627488087e-02
-2.308567738353906051e-02
-2.287414050100933238e-02
-2.266730105723979705e-02
-2.246505473977888911e-02
-2.226729955256123716e-02
-2.207393576447103101e-02
-2.188486585904669823e-02
-2.169999448529891239e-02
-2.151922840962727790e-02
-2.134247646879661175e-02
-2.116964952396616084e-02
-2.100066041573267483e-02
-2.083542392017712075e-02
-2.067385670588084423e-02
-2.051587729190496034e-02
-2.036140600669389400e-02
-2.021036494789996141e-02
-2.006267794309080088e-02
-1.991827051134098525e-02
-1.977706982566296290e-02
-1.963900467628487689e-02
-1.950400543473485016e-02
-1.937200401872818389e-02
-1.924293385783215626e-02
-1.911672985989243401e-02
-1.899332837820644215e-02
-1.887266717942681638e-02
-1.875468541217317764e-02
-1.863932357634645598e-02
-1.852652349312045033e-02
-1.841622827560351894e-02
-1.830838230014553147e-02
-1.820293117829097085e-02
-1.809982172934487821e-02
-1.799900195355785826e-02
-1.790042100589861462e-02
-1.780402917041179478e-02
-1.770977783514782189e-02
-1.761761946764517361e-02
-1.752750759095977884e-02
-1.743939676022554508e-02
-1.735324253973624664e-02
-1.726900148053456263e-02
-1.718663109850337989e-02
-1.710608985293537998e-02
-1.702733712558801571e-02
-1.695033320019634360e-02
-1.687503924244504461e-02
-1.680141728038408999e-02
-1.672943018527250914e-02
-1.665904165286580252e-02
-1.659021618509548546e-02
-1.652291907217362521e-02
-1.645711637508462388e-02
-1.639277490847357299e-02
-1.632986222390586661e-02
-1.626834659350206991e-02
-1.620819699394582258e-02
-1.614938309082702972e-02
-1.609187522335053799e-02
-1.603564438937521430e-02
-1.598066223078653536e-02
-1.592690101920313239e-02
-1.587433364198087560e-02
-1.582293358854913734e-02
-1.577267493703349288e-02
-1.572353234118972765e-02
-1.567548101761895296e-02
-1.562849673326693889e-02
-1.558255579320322326e-02
-1.553763502867644419e-02
-1.549371178542324756e-02
-1.545076391224764478e-02
-1.540876974984684011e-02
-1.536770811988796837e-02
-1.532755831433574301e-02
-1.528830008499770798e-02
-1.524991363331906769e-02
-1.521237960039467652e-02
-1.517567905720795807e-02
-1.513979349508920436e-02
-1.510470481637105067e-02
-1.507039532527132408e-02
-1.503684771895930083e-02
-1.500404507884267602e-02
-1.497197086202151084e-02
-1.494060889295445449e-02
-1.490994335529549630e-02
-1.487995878392123217e-02
-1.485064005713310209e-02
-1.482197238902616121e-02
-1.479394132203237788e-02
-1.476653271963757064e-02
-1.473973275924311821e-02
-1.471352792519953212e-02
-1.468790500198480231e-02
-1.466285106755105261e-02
-1.463835348679554116e-02
-1.461439990519597387e-02
-1.459097824257549192e-02
-1.456807668701198821e-02
-1.454568368888642382e-02
-1.452378795504971620e-02
-1.450237844313218005e-02
-1.448144435597198409e-02
-1.446097513617106145e-02
-1.444096046077714135e-02
-1.442139023606658910e-02
-1.440225459246091688e-02
-1.438354387954809965e-02
-1.436524866121269284e-02
-1.434735971088585416e-02
-1.432986800688196283e-02
-1.431276472785425469e-02
-1.429604124834105150e-02
-1.427968913442745347e-02
-1.426370013947764193e-02
-1.424806619998664203e-02
-1.423277943150624836e-02
-1.421783212467175872e-02
-1.420321674132019041e-02
-1.418892591067733022e-02
-5.785362271295690917e-02
-6.020977916085090698e-02
-6.263984584532966693e-02
-6.494659260457691374e-02
-6.712926586971157406e-02
-6.963323960308809291e-02
-7.220731195945973013e-02
-7.464340022051629830e-02
-7.694243316473103889e-02
-7.920969578461889427e-02
-8.174400953380178692e-02
-8.413548298069617459e-02
-8.638611489157810297e-02
-8.849800485746550649e-02
-9.056883737205234652e-02
-9.285692028226488759e-02
-9.500422363410976345e-02
-9.701340326544993786e-02
-9.888704202701337209e-02
-1.006276589270402866e-01
-1.025038729659808467e-01
-1.044288863945297408e-01
-1.062195911434482554e-01
-1.078789061351193013e-01
-1.094098371570852990e-01
-1.108154610451128619e-01
-1.121586703244981109e-01
-1.136599474752904015e-01
-1.150386151978519678e-01
-1.162978545934887364e-01
-1.174408166521434538e-01
-1.184706199544844907e-01
-1.193903485902465533e-01
-1.202030502790449873e-01
-1.211244459518452388e-01
-1.220144583375253333e-01
-1.228011016799435140e-01
-1.234874197618358593e-01
-1.240763471056585132e-01
-1.245707164774536579e-01
-1.249732657510103095e-01
-1.252866441840021494e-01
-1.255134181539423466e-01
-1.259412802072628068e-01
-1.263003886675946319e-01
-1.265746242167260505e-01
-1.254210269576283565e-01
-1.188855832549897684e-01
-1.117500832312892101e-01
-1.059790708395542680e-01
-1.018356318358568657e-01
-9.887339910488890382e-02
-9.654164032509182647e-02
-9.444112189155351444e-02
-9.236486559303624944e-02
-9.024669976552512907e-02
-8.809404316846958238e-02
-8.593811999528710999e-02
-8.380767329426053180e-02
-8.172027598252373792e-02
-7.968303143325705662e-02
-7.769644523016427939e-02
-7.575811309732216614e-02
-7.386507175953926918e-02
-7.201485323225931268e-02
-7.020570455272068244e-02
-6.843642770396130004e-02
-6.670613783064371916e-02
-6.501407343793719207e-02
-6.335949172864285828e-02
-6.174163049769987310e-02
-6.015970724197927666e-02
-5.861293196123806837e-02
-5.710052038584123579e-02
-5.562170266725985357e-02
-5.417572729419273259e-02
-5.276186179679953625e-02
-5.137939191660745308e-02
-5.002762038339003681e-02
-4.870586585188085849e-02
-4.741346214676145365e-02
-4.614975776621044190e-02
-4.491411553934376855e-02
-4.370591234894227739e-02
-4.252453886718754461e-02
-4.136939928323979387e-02
-4.023991102017721033e-02
-3.913550444621094471e-02
-3.805562258621719707e-02
-3.699972083780878052e-02
-3.596726669401917320e-02
-3.495773947313018937e-02
-3.397063005542921843e-02
-3.300544062633203879e-02
-3.206168442548218422e-02
-3.113888550145382794e-02
-3.023657847184146874e-02
-2.935430828864937780e-02
-2.849163000880672314e-02
-2.764810856978883180e-02
-2.682331857019004673e-02
-2.601684405517179499e-02
-2.522827830669882587e-02
-2.445722363840996394e-02
-2.370329119505765192e-02
-2.296610075640881377e-02
-2.224528054548979839e-02
-2.154046704109724431e-02
-2.085130479446473117e-02
-2.017744625000794656e-02
-1.951855157004533936e-02
-1.887428846341254740e-02
-1.824433201787822867e-02
-1.762836453629823552e-02
-1.702607537638378687e-02
-1.643716079404011765e-02
-1.586132379019122851e-02
-1.529827396098948356e-02
-1.474772735137008794e-02
-1.420940631183675862e-02
-1.368303935844839003e-02
-1.316836103590013352e-02
-1.266511178365181678e-02
-1.217303780502643207e-02
-1.169189093921829681e-02
-1.122142853613716795e-02
-1.076141333403946021e-02
-1.031161333987640205e-02
-9.871801712288075237e-03
-9.441756647211363429e-03
-9.021261266012992053e-03
-8.610103506126343120e-03
-8.208076014090792683e-03
-7.814976040988241834e-03
-7.430605340191576147e-03
-7.054770067385085497e-03
-6.687280682807994481e-03
-6.327951855664259995e-03
-5.976602370656891594e-03
-5.633055036602385712e-03
-5.297136597062213070e-03
-4.968677642976260245e-03
-4.647512527220953871e-03
-4.333479281072527556e-03
-4.026419532523028977e-03
-3.726178426411763667e-03
-3.432604546329542927e-03
-3.145549838258432374e-03
-2.864869535896374941e-03
-2.590422087662247463e-03
-2.322069085303191116e-03
-2.059675194091781236e-03
-1.803108084574844838e-03
-1.552238365841063228e-03
-1.306939520263838972e-03
-1.067087839698110940e-03
-8.325623630875966796e-04
-6.032448154735803314e-04
-3.790195483359681816e-04
-1.597734812692763740e-04
5.460395503487092128e-05
2.642208745609053722e-04
4.691829904857058864e-04
6.695936684941727890e-04
8.655539789099719883e-04
1.057162747662765412e-03
1.244516606130119385e-03
1.427710039870078162e-03
1.606835436272824325e-03
1.781983131150077782e-03
1.953241454298648705e-03
2.120696774039920740e-03
2.284433540777897065e-03
2.444534329594461042e-03
2.601079881887180534e-03
2.754149146091400269e-03
2.903819317493727681e-03
3.050165877164445760e-03
3.193262630023951942e-03
3.333181742060986608e-03
3.469993776729296542e-03
3.603767730536056035e-03
3.734571067831815583e-03
3.862469754843722569e-03
3.987528292927144946e-03
4.109809751113857601e-03
4.229375797903500711e-03
4.346286732376469786e-03
4.460601514591822081e-03
4.572377795329707340e-03
4.681671945163223825e-03
4.788539082885456821e-03
4.893033103309463172e-03
4.995206704450083635e-03
5.095111414092912128e-03
5.192797615785949006e-03
5.288314574249497468e-03
5.381710460219402137e-03
5.473032374741393369e-03
5.562326372920090023e-03
5.649637487154635096e-03
5.735009749840536131e-03
5.818486215580342957e-03
5.900108982896945520e-03
5.979919215461926285e-03
6.057957162856730804e-03
6.134262180870209136e-03
6.208872751348515351e-03
6.281826501600029644e-03
6.353160223371290272e-03
6.422909891404593452e-03
6.491110681576373054e-03
6.557796988641229063e-03
6.623002443573611231e-03
6.686759930531138707e-03
6.749101603438667496e-03
6.810058902201099329e-03
6.869662568563583704e-03
6.927942661613784026e-03
6.984928572935089619e-03
7.040649041440083522e-03
7.095132167853179794e-03
7.148405428892168345e-03
7.200495691114916497e-03
7.251429224479188917e-03
7.301231715582723325e-03
7.349928280621753629e-03
7.397543478055546018e-03
7.444101320992935200e-03
7.489625289300860800e-03
7.534138341446450227e-03
7.577662926078865269e-03
7.620220993343806981e-03
7.661834005955547866e-03
7.702522950026491344e-03
7.742308345643600376e-03
7.781210257221893301e-03
7.819248303619019680e-03
7.856441668033120607e-03
7.892809107677756231e-03
7.928368963231235966e-03
7.963139168101207588e-03
7.997137257460984472e-03
8.030380377092249944e-03
8.062885292033250551e-03
8.094668395036919151e-03
8.125745714829157862e-03
8.156132924203696177e-03
8.185845347917108938e-03
8.214897970420409479e-03
8.243305443418336154e-03
8.271082093256332257e-03
8.298241928144101109e-03
8.324798645223729920e-03
8.350765637472612468e-03
8.376156000462486872e-03
8.400982538960377610e-03
8.425257773388317162e-03
8.448993946140070932e-03
8.472203027744207304e-03
8.494896722914369036e-03
8.517086476445889787e-03
8.538783478986289310e-03
8.559998672683200027e-03
8.580742756699955009e-03
8.601026192607719167e-03
8.620859209674591739e-03
8.640251810005494804e-03
8.659213773601237563e-03
8.677754663284353853e-03
8.695883829526351860e-03
8.713610415152395205e-03
8.730943359969600692e-03
8.747891405253227504e-03
8.764463098179575695e-03
8.780666796115887962e-03
8.796510670848078917e-03
8.812002712696553886e-03
8.827150734544986221e-03
8.841962375787382200e-03
8.856445106171229043e-03
8.870606229569588663e-03
8.884452887664373577e-03
8.897992063545245855e-03
8.911230585241014523e-03
8.924175129147116081e-03
8.936832223406021569e-03
8.949208251193496721e-03
8.961309453939136915e-03
8.973141934473183312e-03
8.984711660106725617e-03
8.996024465639074208e-03
9.007086056297630705e-03
9.017902010618250586e-03
9.028477783264321488e-03
9.038818707765017280e-03
9.048929999216248632e-03
9.058816756903453893e-03
9.068483966877316504e-03
9.077936504467309931e-03
8.604716610363105644e-02
9.582353239134366873e-02
1.049152864179951905e-01
1.134071706786254907e-01
1.207527834932813349e-01
1.276979941265610208e-01
1.339624635453855461e-01
1.393635709377010201e-01
1.444432999770488557e-01
1.488239573591911835e-01
1.341250889178611239e-01
1.146053353624467697e-01
9.951026107554916678e-02
9.062463772653783778e-02
8.638477985844117413e-02
8.457270123132243356e-02
8.352887764269834037e-02
8.239200792896506087e-02
8.089945015906030434e-02
7.909981347854566636e-02
7.713686910181039025e-02
7.513694866002307293e-02
7.317434332214611814e-02
7.127744254512125011e-02
6.944744426421056716e-02
6.767493355553799717e-02
6.594970005791811474e-02
6.426461068598321447e-02
6.261590733794841768e-02
6.100211263582977494e-02
5.942281951507411009e-02
5.787787538098010387e-02
5.636699883330464900e-02
5.488969666311271922e-02
5.344530862934115945e-02
5.203309607339878795e-02
5.065230539513798647e-02
4.930220239397398174e-02
4.798208322565189476e-02
4.669127281530638385e-02
4.542911916879210921e-02
4.419498812212108163e-02
4.298826002204325647e-02
4.180832818914526072e-02
4.065459847076580147e-02
3.952648924491075633e-02
3.842343148243632101e-02
3.734486870691222649e-02
3.629025683270992175e-02
3.525906392020994318e-02
3.425076989406949934e-02
3.326486625710201039e-02
3.230085581394526173e-02
3.135825240986944706e-02
3.043658068184340593e-02
2.953537581896936715e-02
2.865418332950753211e-02
2.779255881346376356e-02
2.695006773882147044e-02
2.612628522338189541e-02
2.532079581997015438e-02
2.453319330732517400e-02
2.376308048498465553e-02
2.301006897267887652e-02
2.227377901464366872e-02
2.155383928804743832e-02
2.084988671573384522e-02
2.016156628312115728e-02
1.948853085916146810e-02
1.883044102128517139e-02
1.818696488422455459e-02
1.755777793253932018e-02
1.694256285731299272e-02
1.634100939565508170e-02
1.575281417448426424e-02
1.517768055749701972e-02
1.461531849558017626e-02
1.406544438051593460e-02
1.352778090196116167e-02
1.300205690759348442e-02
1.248800726627452562e-02
1.198537273468014419e-02
1.149389982600235172e-02
1.101334068271286881e-02
1.054345295106395852e-02
1.008399965911532803e-02
9.634749097096051429e-03
9.195474700894656905e-03
8.765954937333120256e-03
8.345973192687150544e-03
7.935317663411822764e-03
7.533781249333681984e-03
7.141161449190747135e-03
6.757260258516417650e-03
6.381884069776688762e-03
6.014843574646544511e-03
5.655953668874058593e-03
5.305033358372845953e-03
4.961905668546595649e-03
4.626397554535977008e-03
4.298339814198914866e-03
3.977567002652282468e-03
3.663917349174816707e-03
3.357232675162968860e-03
3.057358314600744364e-03
2.764143036024790945e-03
2.477438966265843590e-03
2.197101515855948151e-03
1.922989306120559405e-03
1.654964097869360273e-03
1.392890721694683975e-03
1.136637009782059948e-03
8.860737292706311052e-04
6.410745170741805055e-04
4.015158160681764343e-04
1.672768131149027226e-04
-6.176062232743362301e-05
-2.857119975216981800e-04
-5.046902548442311343e-04
-7.188058283844611651e-04
-9.281667001173055098e-04
-1.132878454102037580e-03
-1.333044329772103964e-03
-1.528765274079191272e-03
-1.720139992077207580e-03
-1.907264997249136229e-03
-2.090234659591683197e-03
-2.269141253696815852e-03
-2.444075005047618987e-03
-2.615124135554758311e-03
-2.782374908127493995e-03
-2.945911669853806814e-03
-3.105816895000224065e-03
-3.262171226349863673e-03
-3.415053515912092053e-03
-3.564540864676501997e-03
-3.710708661514683371e-03
-3.853630621192483119e-03
-3.993378821547377555e-03
-4.130023739929544746e-03
-4.263634288404372086e-03
-4.394277848968730638e-03
-4.522020307275109730e-03
-4.646926085999147915e-03
-4.769058176967710949e-03
-4.888478173409094296e-03
-5.005246300755494815e-03
-5.119421447057348473e-03
-5.231061192762176404e-03
-5.340221839424064143e-03
-5.446958438651172685e-03
-5.551324819275560429e-03
-5.653373614993739693e-03
-5.753156290666971984e-03
-5.850723168311144917e-03
-5.946123452465812420e-03
-6.039405255120477989e-03
-6.130615619615920053e-03
-6.219800544856823876e-03
-6.307005008243660171e-03
-6.392272988399838596e-03
-6.475647487335756125e-03
-6.557170552149660381e-03
-6.636883296230244866e-03
-6.714825919992950531e-03
-6.791037731153082291e-03
-6.865557164641877819e-03
-6.938421801644611975e-03
-7.009668389019729773e-03
-7.079332857573561455e-03
-7.147450340316829909e-03
-7.214055189828094683e-03
-7.279180996057288411e-03
-7.342860603004375264e-03
-7.405126125326511044e-03
-7.466008964614356813e-03
-7.525539824900118191e-03
-7.583748728693606722e-03
-7.640665031530158302e-03
-7.696317437271726902e-03
-7.750734012333282408e-03
-7.803942199879010388e-03
-7.855968833739623847e-03
-7.906840151620464496e-03
-7.956581808794549460e-03
-8.005218890790199993e-03
-8.052775926077782032e-03
-8.099276898430485261e-03
-8.144745259038188578e-03
-8.189203938324229881e-03
-8.232675357513485892e-03
-8.275181439938883443e-03
-8.316743622190259089e-03
-8.357382864583762228e-03
-8.397119662192586986e-03
-8.435974054929129551e-03
-8.473965637791458505e-03
-8.511113570381922955e-03
-8.547436587053258705e-03
-8.582953006097682191e-03
-8.617680739023914072e-03
-8.651637299581960150e-03
-8.684839812612921151e-03
-8.717305022675869708e-03
-8.749049302497535763e-03
-8.780088661314966458e-03
-8.810438752614224711e-03
-8.840114882576077804e-03
-8.869132017201852847e-03
-8.897504790354560100e-03
-8.925247510892742042e-03
-8.952374170015264809e-03
-8.978898447972838426e-03
-9.004833721433680438e-03
-9.030193069984537857e-03
-9.054989282760939062e-03
-9.079234864888707790e-03
-9.102942043805573036e-03
-9.126122775421574573e-03
-9.148788750153791227e-03
-9.170951398810078814e-03
-9.192621898374220279e-03
-9.213811177625874649e-03
-9.234529922658385459e-03
-9.254788582269579678e-03
-9.274597373314374948e-03
-9.293966285525812054e-03
-9.312905087006217997e-03
-9.331423328907018089e-03
-9.349530350376777932e-03
-9.367235282915498118e-03
-9.384547055458991593e-03
-9.401474398622156059e-03
-9.418025849146083317e-03
-9.434209754280775684e-03
-9.450034275666929773e-03
-9.465507393915828516e-03
-9.480636912383211268e-03
-9.495430461136322720e-03
-9.509895500797060919e-03
-9.524039326319400089e-03
-9.537869070661120219e-03
-9.551391708384926460e-03
-9.564614059167642068e-03
-9.577542791258331079e-03
-9.590184424821401876e-03
-9.602545335236634116e-03
-9.614631756400537910e-03
-9.626449783527668558e-03
-9.638005376691349824e-03
-9.649304363571697962e-03
-9.660352442440789389e-03
-9.671155185020818834e-03
-9.681718039312059432e-03
-9.692046332326675895e-03
-9.702145272789231001e-03
-9.712019953755923751e-03
-9.721675355187642253e-03
-9.731116346459955935e-03
-9.740347688904194001e-03
-9.749374037875124799e-03
-9.758199945557155530e-03
-9.766829863004033996e-03
-9.775268142525384008e-03
-9.783519039519017468e-03
-9.791586715098166138e-03
-9.799475237932675498e-03
-9.807188586339776748e-03
-9.814730650373970633e-03
-9.822105233456390749e-03
-9.829316054759118515e-03
-9.836366750826996963e-03
-9.843260877449466761e-03
-9.850001911442252123e-03
-9.856593252419720841e-03
-9.863038224500186857e-03
-9.869340077987232007e-03
-9.875501991002622049e-03
-9.881527071097018222e-03
-9.887418356818500342e-03
-9.893178819235792787e-03
-9.898811363443282829e-03
-9.904318830021185960e-03
-9.909703996474394927e-03
-9.914969578631360747e-03
-9.920118232096708510e-03
-9.925152553259763977e-03
-9.930075081060696363e-03
-9.934888298017252595e-03
-9.939594631613868358e-03
-9.944196455169418414e-03
-9.948696089511877005e-03
-9.953095803888256654e-03
-9.957397817155211328e-03
-9.961604298974968685e-03
-9.965717370582272139e-03
-9.969739106408415097e-03
-9.973671534527994709e-03
-9.977516638184802389e-03
-9.981276356541002315e-03
-4.189500109276256268e-02
-4.491611676062845504e-02
-4.797147806597390485e-02
-5.112234384476188609e-02
-5.411170509511809001e-02
-5.694305856396741916e-02
-5.961997740062852102e-02
-6.214609539027904361e-02
-6.452935738236842411e-02
-6.710288017621302004e-02
-6.952991239885264463e-02
-7.181415856948980547e-02
-7.395928197219348021e-02
-7.596890257718236228e-02
-7.784659517510572613e-02
-7.959588771029046939e-02
-8.138647655384456669e-02
-8.317260829589123716e-02
-8.483534537176762313e-02
-8.637818355869697484e-02
-8.780449846219351429e-02
-8.911755334299442666e-02
-9.032050629075172310e-02
-9.141641679691403510e-02
-9.240825177533196211e-02
-9.353500248971613473e-02
-9.462631865497250772e-02
-9.561639140309985407e-02
-9.650817171043613030e-02
-9.730459316025630301e-02
-9.800856713724037661e-02
-9.862297851802903637e-02
-9.915068181881991904e-02
-9.959449776386275488e-02
-9.995721024148718215e-02
-1.002443506221437630e-01
-1.006413723405774618e-01
-1.009625236754265742e-01
-1.012103588889488037e-01
-1.013873746335409720e-01
-1.014960079293150130e-01
-1.015386380683755974e-01
-1.015175867945741217e-01
-1.014351222743758996e-01
-1.012934575202297793e-01
-1.010947503567738437e-01
-1.008411057333535865e-01
-1.005345761731488707e-01
-1.001771627561867106e-01
-9.981403229790863918e-02
-9.950205237284315274e-02
-9.914227269762854178e-02
-9.873656826546461929e-02
-9.828676073874387242e-02
-9.779461607977690818e-02
-9.726185349750782194e-02
-9.669014357747762745e-02
-9.608110405470249304e-02
-9.543631100817329127e-02
-9.475729639180752173e-02
-9.404554203277726288e-02
-9.330249320238603872e-02
-9.252954968337334662e-02
-9.172806971533287168e-02
-9.089937681316317963e-02
-9.004475144179746593e-02
-8.916543774332463812e-02
-8.826264432109098834e-02
-8.739764142439998551e-02
-8.656230914465457005e-02
-8.570488166656886619e-02
-8.482648366174405652e-02
-8.392820648414556217e-02
-8.301110996407956577e-02
-8.207622134632686084e-02
-8.112454005998959161e-02
-8.015703422792430644e-02
-7.917464358344172837e-02
-7.817827803757548821e-02
-7.716881961596300243e-02
-7.614712306954274368e-02
-7.511401662064098872e-02
-7.407030412756210325e-02
-7.301676171061632914e-02
-7.195413973215636361e-02
-7.088317109082886702e-02
-6.980455824675857457e-02
-6.871898283482824610e-02
-6.762710410740702116e-02
-6.652955907968483018e-02
-6.542696527148983421e-02
-6.431991777550827294e-02
-6.320899125628809401e-02
-6.209474084275257155e-02
-6.097770312009842542e-02
-5.985839471486453789e-02
-5.873731653948066622e-02
-5.761517757968714903e-02
-5.655550939660081156e-02
-5.549430433464941359e-02
-5.443201621426929648e-02
-5.336908087008396251e-02
-5.230592015006507722e-02
-5.124293823978476325e-02
-5.018052509041659448e-02
-4.911905539172423119e-02
-4.805889057310608337e-02
-4.700037673850587794e-02
-4.594384738695467263e-02
-4.488962265132734331e-02
-4.383800926854863889e-02
-4.278930156925664363e-02
-4.162707874229454319e-02
-3.921384140107786465e-02
-3.656701584430610552e-02
-3.414707022231411315e-02
-3.205880103679614734e-02
-3.024257210196523715e-02
-2.859845452097786733e-02
-2.704475365823100219e-02
-2.553325055857325054e-02
-2.404364356030086469e-02
-2.257228014378664938e-02
-2.112252277901927044e-02
-1.969893441591707983e-02
-1.830476384711587912e-02
-1.694148154039432086e-02
-1.560919716909747734e-02
-1.430727130891362719e-02
-1.303479467713319906e-02
-1.179084272253305699e-02
-1.057459804909743895e-02
-9.385350142868453815e-03
-8.222468665634252716e-03
-7.085370933301859964e-03
-5.973498508954122599e-03
-4.886304783575212696e-03
-3.823250582319026591e-03
-2.783804056642580349e-03
-1.767442085481185643e-03
-7.736516722189890061e-04
1.980692058829447433e-04
1.148211312973934639e-03
2.077254247793369757e-03
2.985666724162783225e-03
3.873906902204460323e-03
4.742422703463589073e-03
5.591652089091070366e-03
6.422023304070378913e-03
7.233955098260302918e-03
8.027856934353927443e-03
8.804129189138087952e-03
9.563163351267611745e-03
1.030534221623469193e-02
1.103104007846233969e-02
1.174062291991706530e-02
1.243444859492104371e-02
1.311286701088221207e-02
1.377622030497960282e-02
1.442484301680480030e-02
1.505906225711317603e-02
1.567919787281990551e-02
1.628556260825675395e-02
1.687846226289568818e-02
1.745819584555619031e-02
1.802505572520018973e-02
1.857932777836879268e-02
1.912129153335584419e-02
1.965122031118760049e-02
2.016938136345647337e-02
2.067603600709144729e-02
2.117143975616730955e-02
2.165584245074381187e-02
2.212948838263351092e-02
2.259261641951226807e-02
2.304546012415009670e-02
2.348824787287018268e-02
2.392120297062838574e-02
2.434454376362182870e-02
2.475848374940081698e-02
2.516323168430645296e-02
2.555899168964703705e-02
2.594596335341670112e-02
2.632434183161080909e-02
2.669431794655618972e-02
2.705607828313461027e-02
2.740980528288794460e-02
2.775567733602279930e-02
2.809386887137232947e-02
2.842455044435698852e-02
2.874788882300371995e-02
2.906404707204401916e-02
2.937318463515925515e-02
2.967545741538923920e-02
2.997101785374578498e-02
3.026001500610231432e-02
3.054259461836661416e-02
3.081889919997227167e-02
3.108906809575451291e-02
3.135323755622465569e-02
3.161154080628048035e-02
3.186410811216067174e-02
3.211106684802889077e-02
3.235254155901579054e-02
3.258865402466337713e-02
3.281952332026616403e-02
3.304526587690492789e-02
3.326599554017306559e-02
3.348182362758045372e-02
3.369285898470142371e-02
3.389920804005441823e-02
3.410097485878171852e-02
3.429826119512657812e-02
3.449116654375927737e-02
3.467978818994055246e-02
3.486422125859878207e-02
3.504455876229073397e-02
3.522089164811426087e-02
3.539330884357383411e-02
3.556189730142733652e-02
3.572674204354253646e-02
3.588792620376857201e-02
3.604553106962526954e-02
3.619963612419496712e-02
3.635031908500341302e-02
3.649765594385900869e-02
3.664172100508977792e-02
3.678258692300850896e-02
3.692032473855633157e-02
3.705500391512739355e-02
3.718669237334992772e-02
3.731545652625190002e-02
3.744136131153297242e-02
3.756447022496978150e-02
3.768484535235305799e-02
3.780254740077637621e-02
3.791763572927031589e-02
3.803016837872696954e-02
3.814020210117430310e-02
3.824779238838438289e-02
3.835299349986698303e-02
3.845585849022903346e-02
3.855643923593898847e-02
3.865478646148190478e-02
3.875094976493986820e-02
3.884497764300842704e-02
3.893691751546235480e-02
3.902681574905209061e-02
3.911471768065588606e-02
3.920066764105545332e-02
3.928470897606484158e-02
3.936688406905197724e-02
3.944723436221764246e-02
3.952580037725539341e-02
3.960262173668738228e-02
3.967773718238820635e-02
3.975118459667736914e-02
3.982300101987590324e-02
3.989322267055062099e-02
3.996188496245700605e-02
4.002902252305595709e-02
4.009466921087412317e-02
4.015885813234820745e-02
4.022162165939935363e-02
4.028299144456148895e-02
4.034299843756716797e-02
4.040167290090135310e-02
4.045904442502301634e-02
4.051514194331407026e-02
4.056999374665615221e-02
4.062362749769032888e-02
4.067607024478103739e-02
4.072734843565051222e-02
4.077748793070945510e-02
4.082651401611236963e-02
4.087445141650114522e-02
4.092132430723616210e-02
4.096715632748804126e-02
4.101197059095262887e-02
4.105578969815582013e-02
4.109863574776007056e-02
4.114053034746589788e-02
4.118149462581222053e-02
4.122154924137255705e-02
4.126071439472589475e-02
4.129900983709955398e-02
4.133645488188975037e-02
4.137306841308596717e-02
4.140886889544326266e-02
4.144387438370067400e-02
4.147810253167971695e-02
4.151157060118748632e-02
4.154429547071103457e-02
4.157629364392967375e-02
4.160758125803631913e-02
4.163817409187942076e-02
4.166808757391393669e-02
4.169733678999243409e-02
4.172593649095990287e-02
4.175390110010468447e-02
1.375700633446426124e-01
1.533490880430923298e-01
1.683534784432554332e-01
1.816232957808958659e-01
1.941235106965111257e-01
2.054732590055268204e-01
2.157942705603677069e-01
2.254800824449754160e-01
2.337938725177277632e-01
2.416086108264279275e-01
2.483807683494685392e-01
2.541720053998464124e-01
2.595680275993412778e-01
2.638817413935763412e-01
2.677232959350739350e-01
2.712116924970029430e-01
2.736322731717586443e-01
2.757936954253317197e-01
2.776052374382245169e-01
2.784101752768695093e-01
2.790271935750108234e-01
2.794392096571396422e-01
2.789753499181708563e-01
2.783814278469805004e-01
2.776699423569053415e-01
2.762880004416379265e-01
2.746730284142180345e-01
2.729884913320841378e-01
2.709857123717402949e-01
2.684228588896995227e-01
2.658359934535998725e-01
2.632333953115337799e-01
2.601489275669095491e-01
2.568157043946972529e-01
2.535044335160674400e-01
2.502204537520764660e-01
2.466140989393452720e-01
2.428904449229909446e-01
2.392168104218086455e-01
2.355970785110423904e-01
2.317844729880897958e-01
2.276539783565163511e-01
2.236026549485496950e-01
2.196330220390452226e-01
2.157470626947977088e-01
2.115852631342223233e-01
2.073669444855039679e-01
2.032476817219817100e-01
1.992282658147472851e-01
1.953092730985750425e-01
1.912497584123444838e-01
1.778173003171048538e-01
1.639777677872686912e-01
1.540442313323473478e-01
1.480862985617708016e-01
1.446095370234345978e-01
1.421346900778417410e-01
1.397635987070797725e-01
1.371577892560396084e-01
1.343127000773469693e-01
1.313458664947555476e-01
1.283726663145832170e-01
1.254621849824422153e-01
1.226392812922054709e-01
1.199025782460345635e-01
1.172412026312794620e-01
1.146445683497550050e-01
1.121058139275643573e-01
1.096216042199398277e-01
1.071906993386149143e-01
1.048126298772253939e-01
1.024869275803108604e-01
1.002128565773579005e-01
9.798943032439755285e-02
9.581552517415148351e-02
9.368998447316245759e-02
9.161167837581940532e-02
8.957952453220152655e-02
8.759248553855192299e-02
8.564955957405362419e-02
8.374977159077712230e-02
8.189216806449883812e-02
8.007581488139270398e-02
7.829979700198652637e-02
7.656321863465520572e-02
7.486520377008498706e-02
7.320489557323339724e-02
7.158145656823977632e-02
6.999406805267027742e-02
6.844192933076653773e-02
6.692425780185251583e-02
6.544028804946466771e-02
6.398927168622114969e-02
6.257047694178896613e-02
6.118318829483571086e-02
5.982670611288187779e-02
5.850034629979261602e-02
5.720343995083543298e-02
5.593533301527719992e-02
5.469538596646295048e-02
5.348297347923369749e-02
5.229748411453849499e-02
5.113832001107621039e-02
5.000489658378182156e-02
4.889664222902334600e-02
4.781299803633620726e-02
4.675341750655426232e-02
4.571736627620626159e-02
4.470432184802253239e-02
4.371377332743509037e-02
4.274522116492462942e-02
4.179817690408671460e-02
4.087216293529660760e-02
3.996671225484438317e-02
3.908136822941643551e-02
3.821568436580746742e-02
3.736922408574794296e-02
3.654156050572954229e-02
3.573227622172181484e-02
3.494096309866900896e-02
3.416722206465960809e-02
3.341066290966820951e-02
3.267090408876827112e-02
3.194757252971025530e-02
3.124030344477679577e-02
3.054874014681430161e-02
2.987253386934951571e-02
2.921134359070132192e-02
2.856483586199765057e-02
2.793268463901199539e-02
2.731457111773427648e-02
2.671018357359278284e-02
2.611921720424681403e-02
2.554137397586897507e-02
2.497636247284273914e-02
2.442389775079645275e-02
2.388370119290184057e-02
2.335550036936306917e-02
2.283902890002487140e-02
2.233402632003400612e-02
2.184023794848233280e-02
2.135741475996733030e-02
2.088531325900366831e-02
2.042369535722587948e-02
1.997232825331485273e-02
1.953098431559441295e-02
1.909944096723159568e-02
1.867748057398799233e-02
1.826489033446310195e-02
1.786146217277595483e-02
1.746699263362794241e-02
1.708128277969778175e-02
1.670413809131443550e-02
1.633536836835669526e-02
1.597478763433302085e-02
1.562221404259123148e-02
1.527746978460831073e-02
1.494038100032102356e-02
1.461077769044383246e-02
1.428849363073614320e-02
1.397336628817313908e-02
1.366523673897668267e-02
1.336394958846875980e-02
1.306935289270239053e-02
1.278129808183470217e-02
1.249963988520064184e-02
1.222423625804935909e-02
1.195494830991084001e-02
1.169164023454971613e-02
1.143417924147671627e-02
1.118243548897979167e-02
1.093628201864293992e-02
1.069559469131942109e-02
1.046025212452628139e-02
1.023013563122932013e-02
1.000512915998630348e-02
9.785119236422001876e-03
9.569994905999523738e-03
9.359647678066185250e-03
9.153971471137722915e-03
8.952862559401308928e-03
8.756219520403840662e-03
8.563943183904187961e-03
8.375936581859422247e-03
8.192104899521490680e-03
8.012355427622130932e-03
7.836597515616716692e-03
7.664742525969270304e-03
7.496703789448888600e-03
7.332396561423593084e-03
7.171737979120296202e-03
7.014647019836894870e-03
6.861044460081178187e-03
6.710852835615677137e-03
6.563996402393579288e-03
6.420401098357508829e-03
6.279994506091179929e-03
6.142705816295501720e-03
6.008465792080475154e-03
5.877206734046902525e-03
5.748862446144586968e-03
5.623368202288370199e-03
5.500660713716909456e-03
5.380678097073765542e-03
5.263359843199255650e-03
5.148646786614419213e-03
5.036481075683107989e-03
4.926806143436657237e-03
4.819566679046483060e-03
4.714708599928840727e-03
4.612179024471085853e-03
4.511926245362118948e-03
4.413899703516577233e-03
4.318049962575454259e-03
4.224328683975819843e-03
4.132688602571876757e-03
4.043083502799582618e-03
3.955468195368849749e-03
3.869798494473331019e-03
3.786031195507577607e-03
3.704124053278246009e-03
3.624035760698474107e-03
3.545725927956544510e-03
3.469155062146844770e-03
3.394284547352022230e-03
3.321076625170116259e-03
3.249494375670236579e-03
3.179501698775233365e-03
3.111063296054261684e-03
3.044144652922353700e-03
2.978712021233009821e-03
2.914732402260034050e-03
2.852173530054402661e-03
2.791003855172835557e-03
2.731192528765857830e-03
2.672709387021576788e-03
2.615524935952739938e-03
2.559610336522633034e-03
2.504937390101380501e-03
2.451478524244210533e-03
2.399206778786355798e-03
2.348095792248372504e-03
2.298119788538333097e-03
2.249253563955777580e-03
2.201472474479437835e-03
2.154752423338290868e-03
2.109069848860611884e-03
2.064401712591035221e-03
2.020725487671182208e-03
1.978019147479415096e-03
1.936261154523055694e-03
1.895430449575963294e-03
1.855506441058141220e-03
1.816468994650710655e-03
1.778298423143587215e-03
1.740975476504091901e-03
1.704481332171159380e-03
1.668797585562264985e-03
1.633906240791072051e-03
1.599789701592024826e-03
1.566430762446779923e-03
1.533812599906925200e-03
1.501918764109211324e-03
1.470733170480631458e-03
1.440240091625133445e-03
1.410424149394406967e-03
1.381270307129200958e-03
1.352763862079164880e-03
1.324890437986780967e-03
1.297635977836275600e-03
1.270986736766399616e-03
1.244929275136419378e-03
1.219450451750647701e-03
1.194537417229302179e-03
1.170177607528799513e-03
1.146358737606600897e-03
1.123068795223725047e-03
1.100296034888703645e-03
1.078028971932765145e-03
1.056256376718689438e-03
1.034967268976672017e-03
1.014150912268751981e-03
9.937968085715898070e-04
9.738946929840341937e-04
9.544345285497080056e-04
9.354065011950574160e-04
9.168010147806437971e-04
8.986086862607933767e-04
8.808203409522707972e-04
8.634270079073136372e-04
8.464199153883633642e-04
8.297904864460470264e-04
8.135303345917499485e-04
7.976312595707746311e-04
7.820852432234293161e-04
7.668844454447043546e-04
7.520212002278814367e-04
7.374880118002913321e-04
7.232775508410060894e-04
