7.059891132437538630e+00
1.000000000000000000e+01
1.000000000000000000e+01
1.000000000000000000e+01
1.000000000000000000e+01
1.000000000000000000e+01
1.000000000000000000e+01
1.000000000000000000e+01
1.000000000000000000e+01
1.000000000000000000e+01
1.000000000000000000e+01
1.000000000000000000e+01
1.000000000000000000e+01
1.000000000000000000e+01
1.000000000000000000e+01
1.000000000000000000e+01
1.000000000000000000e+01
1.000000000000000000e+01
1.000000000000000000e+01
1.000000000000000000e+01
9.882556750341908725e+00
9.600900768142318853e+00
9.213875213747607873e+00
8.766467009355741524e+00
8.293023426550027111e+00
7.820276675315739112e+00
7.365653516238921839e+00
6.940875879247047742e+00
6.553171377824982713e+00
6.206301296215347207e+00
5.901420678527506958e+00
5.637787095836175766e+00
5.413418771261065743e+00
5.225486860641866294e+00
5.070443374651555146e+00
4.944546417056121079e+00
4.844054429371827730e+00
4.765364442476696993e+00
4.705105352871606250e+00
4.660195761139862114e+00
4.627874436531426383e+00
4.605710156721040782e+00
4.591596531328035802e+00
4.583736296843498259e+00
4.580618713996091884e+00
4.580992883565840224e+00
4.583839143373793945e+00
4.588340156262066039e+00
4.593852846669414625e+00
4.599881978666951809e+00
4.606055879319860935e+00
4.612104586844902876e+00
4.617840532926804187e+00
4.623141743391880887e+00
4.627937451718825201e+00
4.632195966971493384e+00
4.635914588814157078e+00
4.639111354513977048e+00
4.641818400532081057e+00
4.644076711488135167e+00
4.645932056844181979e+00
4.647431920322782517e+00
4.648623249328853291e+00
4.649550874892680596e+00
4.650256459457262181e+00
4.650777877913904845e+00
4.651148903815964353e+00
4.651399142138538778e+00
4.651554135529919698e+00
4.651635590149780342e+00
4.651661678295656799e+00
4.651647384508931005e+00
4.651604869839057521e+00
4.651543835567488294e+00
4.651471873099274568e+00
4.651394791070512902e+00
4.651316914141053083e+00
4.651241350579818246e+00
4.651170227749356734e+00
4.651104896009932155e+00
4.651046102621928746e+00
4.650994137849195909e+00
4.650948955871518464e+00
4.650910273292344854e+00
4.650877648053766578e+00
4.650850541485005429e+00
4.650828366048976648e+00
4.650810521141498732e+00
4.650796419061162368e+00
4.650785503021158007e+00
4.650777258827571536e+00
4.650771221626925467e+00
4.650766978873592805e+00
4.650764170516579199e+00
4.650762487189629368e+00
4.650761667048767478e+00
4.650761491763814703e+00
4.650761782055819360e+00
4.650762393076160350e+00
4.650763209843797874e+00
4.650764142892618302e+00
4.650765124229284453e+00
4.650766103661549522e+00
4.650767045526142951e+00
4.650767925822074211e+00
4.650768729738487650e+00
4.650769449554926993e+00
4.650770082884289280e+00
4.650770631224730778e+00
4.650771098785084767e+00
4.650771491548389314e+00
4.650771816539603698e+00
4.650772081265752256e+00
4.650772293299486826e+00
4.650772459980205831e+00
4.650772588209904690e+00
4.650772684323987605e+00
4.650772754020240818e+00
4.650772802331855083e+00
4.650772833632778713e+00
4.650772851665908370e+00
4.650772859584462182e+00
4.650772860011342047e+00
4.650772855088846747e+00
4.650772846537898353e+00
4.650772835721904030e+00
4.650772823691204927e+00
4.650772811242553040e+00
4.650772798956589682e+00
4.650772787240700090e+00
4.650772776363822025e+00
4.650772766486414689e+00
4.650772757685751380e+00
4.650772749977044818e+00
4.650772743330751524e+00
4.650772737686552638e+00
4.650772732964460587e+00
4.650772729073437084e+00
4.650772725917941663e+00
4.650772723402762487e+00
4.650772721436438495e+00
4.650772719933569554e+00
4.650772718816216234e+00
4.650772718014631657e+00
4.650772717467493322e+00
4.650772717121728128e+00
4.650772716932113582e+00
4.650772716860688050e+00
4.650772716874005397e+00
4.650772716949195029e+00
4.650772717065651207e+00
4.650772717207181550e+00
4.650772717361331132e+00
4.650772717518762533e+00
4.650772717672720269e+00
4.650772717818501434e+00
4.650772717951046076e+00
4.650772718071299217e+00
4.650772718178354914e+00
4.650772718272052408e+00
4.650772718352779833e+00
4.650772718421285923e+00
4.650772718478562773e+00
4.650772718525726823e+00
4.650772718563946917e+00
4.650772718594383903e+00
4.650772718616120294e+00
4.650772718632891767e+00
4.650772718643482406e+00
4.650772718649277770e+00
4.650772718653471749e+00
4.650772718656375204e+00
4.650772718658255478e+00
4.650772718659341720e+00
4.650772718659813343e+00
4.650772718659832883e+00
4.650772718659530902e+00
4.650772718659008653e+00
4.650772718658354954e+00
4.650772718657631088e+00
4.650772718654850202e+00
4.650772718652738114e+00
4.650772718651180249e+00
4.650772718650074466e+00
4.650772718649332838e+00
4.650772718648872761e+00
4.650772718648632065e+00
4.650772718648560122e+00
4.650772718648612525e+00
4.650772718648745752e+00
4.650772718648937598e+00
4.650772718649156090e+00
4.650772718649387016e+00
4.650772718649621496e+00
4.650772718649852422e+00
4.650772718650069137e+00
4.650772718650268978e+00
4.650772718650443949e+00
4.650772718650598492e+00
4.650772718650731719e+00
4.650772718650842741e+00
4.650772718650937776e+00
4.650772718651022153e+00
4.650772718651093207e+00
4.650772718651152715e+00
4.650772718649162307e+00
4.650772718647824711e+00
4.650772718647002257e+00
4.650772718646569714e+00
4.650772718646432047e+00
4.650772718646508430e+00
4.650772718646736692e+00
4.650772718647066206e+00
4.650772718647460557e+00
4.650772718647882442e+00
4.650772718646276616e+00
4.650772718645317383e+00
4.650772718644855530e+00
4.650772718644765824e+00
4.650772718644940795e+00
4.650772718645296067e+00
4.650772718645766801e+00
4.650772718646307702e+00
4.650772718646874360e+00
4.650772718647440129e+00
4.650772718647981918e+00
4.650772718648489956e+00
4.650772718648953585e+00
4.650772718649367476e+00
4.650772718649734294e+00
4.650772718650050486e+00
4.650772718650324045e+00
4.650772718650550530e+00
4.650772718650737048e+00
4.650772718650888926e+00
4.650772718651012383e+00
4.650772718651109194e+00
4.650772718651186466e+00
4.650772718651247750e+00
4.650772718651291271e+00
4.650772718651322357e+00
4.650772718649307080e+00
4.650772718647946391e+00
4.650772718645062476e+00
4.650772718643239045e+00
4.650772718642230075e+00
4.650772718641846382e+00
4.650772718639887948e+00
4.650772718638914505e+00
4.650772718638674696e+00
4.650772718638965131e+00
4.650772718639625936e+00
4.650772718640524772e+00
4.650772718641562165e+00
4.650772718642658177e+00
4.650772718643760406e+00
4.650772718644822667e+00
4.650772718645812986e+00
4.650772718646720705e+00
4.650772718647536053e+00
4.650772718648251036e+00
4.650772718648875426e+00
4.650772718649405668e+00
4.650772718649855086e+00
4.650772718650225457e+00
4.650772718650525661e+00
4.650772718650767246e+00
4.650772718650954651e+00
4.650772718651102977e+00
4.650772718649176518e+00
4.650772718647886883e+00
4.650772718645060699e+00
4.650772718643274573e+00
4.650772718642297576e+00
4.650772718641935199e+00
4.650772718642024017e+00
4.650772718642427250e+00
4.650772718643039205e+00
4.650772718643779058e+00
4.650772718644582859e+00
4.650772718645400872e+00
4.650772718646203785e+00
4.650772718646961401e+00
4.650772718647662174e+00
4.650772718648291892e+00
4.650772718648853221e+00
4.650772718649338167e+00
4.650772718649755610e+00
4.650772718650109994e+00
4.650772718650403981e+00
4.650772718648614301e+00
4.650772718647432136e+00
4.650772718646734027e+00
4.650772718646404513e+00
4.650772718646349446e+00
4.650772718646490667e+00
4.650772718646764226e+00
4.650772718647126602e+00
4.650772718647540493e+00
4.650772718647965931e+00
4.650772718648391368e+00
6.583739218110814306e+00
9.879069972729052296e+00
1.000000000000000000e+01
1.000000000000000000e+01
1.000000000000000000e+01
1.000000000000000000e+01
1.000000000000000000e+01
1.000000000000000000e+01
1.000000000000000000e+01
1.000000000000000000e+01
1.000000000000000000e+01
1.000000000000000000e+01
1.000000000000000000e+01
1.000000000000000000e+01
1.000000000000000000e+01
1.000000000000000000e+01
1.000000000000000000e+01
1.000000000000000000e+01
1.000000000000000000e+01
1.000000000000000000e+01
1.000000000000000000e+01
1.000000000000000000e+01
1.000000000000000000e+01
1.000000000000000000e+01
1.000000000000000000e+01
1.000000000000000000e+01
1.000000000000000000e+01
1.000000000000000000e+01
1.000000000000000000e+01
1.000000000000000000e+01
1.000000000000000000e+01
1.000000000000000000e+01
1.000000000000000000e+01
9.989809992262843608e+00
9.902415156881783531e+00
9.762973093740923147e+00
9.591228874484269085e+00
9.402383725508906664e+00
9.208181229131879419e+00
9.017030795174019175e+00
8.834617812458983366e+00
8.664697955507181248e+00
8.509521539659489875e+00
8.370187875466923444e+00
8.246937507556600266e+00
8.139390176549305522e+00
8.046735797738923779e+00
7.967885465195157835e+00
7.901588741662813220e+00
7.846522843927679958e+00
7.801358759381379571e+00
7.764808624095735468e+00
7.735658106469409212e+00
7.712786999082066330e+00
7.695180667529738727e+00
7.681934602551636182e+00
7.672253892283466215e+00
7.665449085522508810e+00
7.660929621859619232e+00
7.658195754795432464e+00
7.656829674759701554e+00
7.656486363654188665e+00
7.656884574274677391e+00
7.657798200768546337e+00
7.659048241671703394e+00
7.660495440074980067e+00
7.662033674416220741e+00
7.663584104566593780e+00
7.665090059835479863e+00
7.666512632875934763e+00
7.667826922749717333e+00
7.669018875200204199e+00
7.670082654565435476e+00
7.671018498762432358e+00
7.671830962104853491e+00
7.672527531388707800e+00
7.673117519479492721e+00
7.673611223517593949e+00
7.674019296075513807e+00
7.674352274628620130e+00
7.674620252311641799e+00
7.674832661456907346e+00
7.674998136743402810e+00
7.675124450248205221e+00
7.675218490428965978e+00
7.675286277415742653e+00
7.675333007633018845e+00
7.675363111131787264e+00
7.675380319009417640e+00
7.675387735691668212e+00
7.675387911999382418e+00
7.675382916269053446e+00
7.675374401645544076e+00
7.675363668335561940e+00
7.675351720130556998e+00
7.675339314902164922e+00
7.675327009065106232e+00
7.675315196211135671e+00
7.675304140258692343e+00
7.675294003552641797e+00
7.675284870397216075e+00
7.675276766523341010e+00
7.675269674987556634e+00
7.675263548979367911e+00
7.675258321983776000e+00
7.675253915707987318e+00
7.675250246141102295e+00
7.675247228073764028e+00
7.675244778573565796e+00
7.675242818214049301e+00
7.675241274631765975e+00
7.675240081361148548e+00
7.675239178964101683e+00
7.675238515055264443e+00
7.675238044078083632e+00
7.675237726910871139e+00
7.675237530364969807e+00
7.675237426623270132e+00
7.675237392655313684e+00
7.675237409635805363e+00
7.675237462385497977e+00
7.675237538847218488e+00
7.675237629604926504e+00
7.675237727449960801e+00
7.675237826995888746e+00
7.675237924341162810e+00
7.675238016777504058e+00
7.675238102540930640e+00
7.675238180601731131e+00
7.675238250489376135e+00
7.675238312148466413e+00
7.675238365821729580e+00
7.675238411956219586e+00
7.675238451129485107e+00
7.675238483992360194e+00
7.675238511225637161e+00
7.675238533508164984e+00
7.675238551494105721e+00
7.675238565797545931e+00
7.675238576982958527e+00
7.675238585560029136e+00
7.675238591981861980e+00
7.675238596645697520e+00
7.675238599895239489e+00
7.675238602024224477e+00
7.675238603280677196e+00
7.675238603871493481e+00
7.675238603967106776e+00
7.675238603706126206e+00
7.675238603199656673e+00
7.675238602535409349e+00
7.675238601781354753e+00
7.675238600989099602e+00
7.675238600196763628e+00
7.675238599431549069e+00
7.675238598711927374e+00
7.675238598049515915e+00
7.675238597450642075e+00
7.675238596917628442e+00
7.675238596449899475e+00
7.675238596044793304e+00
7.675238595698265165e+00
7.675238595405419417e+00
7.675238595160911892e+00
7.675238594959291838e+00
7.675238594795187552e+00
7.675238594663476022e+00
7.675238594559385064e+00
7.675238594478591914e+00
7.675238594417170823e+00
7.675238594371684542e+00
7.675238594339124809e+00
7.675238594316908802e+00
7.675238594302835615e+00
7.675238594295056949e+00
7.675238594292037142e+00
7.675238594292524752e+00
7.675238594295487715e+00
7.675238594300116013e+00
7.675238594305769269e+00
7.675238594311959872e+00
7.675238594318326335e+00
7.675238594324604868e+00
7.675238594330601849e+00
7.675238594336196485e+00
7.675238594341299958e+00
7.675238594345880294e+00
7.675238594349930388e+00
7.675238594353474220e+00
7.675238594356529553e+00
7.675238594359128363e+00
7.675238594361307065e+00
7.675238594363121614e+00
7.675238594364608424e+00
7.675238594365811906e+00
7.675238594366768474e+00
7.675238594367530531e+00
7.675238594368117617e+00
7.675238594368556377e+00
7.675238594368864575e+00
7.675238594369067968e+00
7.675238594369195866e+00
7.675238594369267808e+00
7.675238594369292677e+00
7.675238594369289125e+00
7.675238594369266032e+00
7.675238594369225176e+00
7.675238594369181655e+00
7.675238594369125700e+00
7.675238594369064415e+00
7.675238594369012013e+00
7.675238594368955170e+00
7.675238594368900991e+00
7.675238594368848588e+00
7.675238594368804179e+00
7.675238594368762435e+00
7.675238594368726019e+00
7.675238594368695821e+00
7.675238594368674505e+00
7.675238594368651412e+00
7.675238594368625655e+00
7.675238594368612333e+00
7.675238594368604339e+00
7.675238594368598122e+00
7.675238594368594569e+00
7.675238594368591905e+00
7.675238594368592793e+00
7.675238594368593681e+00
7.675238594368591905e+00
7.675238594368594569e+00
7.675238594368595457e+00
7.675238594368596345e+00
7.675238594368597234e+00
7.675238594368598122e+00
7.675238594368599898e+00
7.675238594368600786e+00
7.675238594368600786e+00
7.675238594368600786e+00
7.675238594368600786e+00
7.675238594368601674e+00
7.675238594368601674e+00
7.675238594368601674e+00
7.675238594368601674e+00
7.675238594368601674e+00
7.675238594368601674e+00
7.675238594368601674e+00
7.675238594368601674e+00
7.675238594368601674e+00
7.675238594368601674e+00
7.675238594368600786e+00
7.675238594368600786e+00
7.675238594368600786e+00
7.675238594368600786e+00
7.675238594368600786e+00
7.675238594368600786e+00
7.675238594368600786e+00
7.675238594368600786e+00
7.675238594368599898e+00
7.675238594368600786e+00
7.675238594368600786e+00
7.675238594368600786e+00
7.675238594368600786e+00
7.675238594368600786e+00
7.675238594368600786e+00
7.675238594368600786e+00
7.675238594368600786e+00
7.675238594368601674e+00
7.675238594368601674e+00
7.675238594368601674e+00
7.675238594368601674e+00
7.675238594368601674e+00
7.675238594368601674e+00
7.675238594368601674e+00
7.675238594368600786e+00
7.675238594368600786e+00
7.675238594368600786e+00
7.675238594368600786e+00
7.675238594368600786e+00
7.675238594368600786e+00
7.675238594368600786e+00
7.675238594368600786e+00
7.675238594368599898e+00
7.675238594368600786e+00
7.675238594368600786e+00
7.675238594368600786e+00
7.675238594368600786e+00
7.675238594368600786e+00
7.675238594368600786e+00
7.675238594368600786e+00
7.675238594368600786e+00
7.675238594368601674e+00
7.675238594368601674e+00
7.675238594368601674e+00
7.675238594368601674e+00
7.675238594368601674e+00
7.675238594368601674e+00
7.675238594368601674e+00
7.675238594368600786e+00
7.675238594368600786e+00
7.675238594368600786e+00
0.000000000000000000e+00
0.000000000000000000e+00
0.000000000000000000e+00
1.104431233870800111e-01
3.994595884900537519e-01
8.072468627042798106e-01
1.285860124857185705e+00
1.798229726542771356e+00
2.317234919274152816e+00
2.823661148779563312e+00
3.303207835977223006e+00
3.746625168605921541e+00
4.148593934070227363e+00
4.506787009549857004e+00
4.821093820486490600e+00
5.093218436564789897e+00
5.325738409279376029e+00
5.521727709360110481e+00
5.684681427567221057e+00
5.818270183002060669e+00
5.926158729350962773e+00
6.011876827354432962e+00
6.078732000806308378e+00
6.129755273563858964e+00
6.167672359524795311e+00
6.194894025330584419e+00
6.213520464200741777e+00
6.225355526836226616e+00
6.231927414519908837e+00
6.234513291814736569e+00
6.234165786688382838e+00
6.231739912651074853e+00
6.227919292143699437e+00
6.223240980405892131e+00
6.218118390493260428e+00
6.212862047645725916e+00
6.207698054571211266e+00
6.202784270698742830e+00
6.198224278277406185e+00
6.194079271942252163e+00
6.190378051042823238e+00
6.187125297796586487e+00
6.184308336028769837e+00
6.181902570026095667e+00
6.179875787094426087e+00
6.178191489339442732e+00
6.176811446355702451e+00
6.175697532761407871e+00
6.174813083446728079e+00
6.174123767790271167e+00
6.173598148141770992e+00
6.173207971803385874e+00
6.172928265471321119e+00
6.172737284795151602e+00
6.172616363170437381e+00
6.172549694400713882e+00
6.172524075335283023e+00
6.172528629595640304e+00
6.172554527580135897e+00
6.172594713813327694e+00
6.172643649265426191e+00
6.172697073542392943e+00
6.172751789730217098e+00
6.172805473174850732e+00
6.172856503163921538e+00
6.172903820384828322e+00
6.172946801804119588e+00
6.172985158162502373e+00
6.173018848256416113e+00
6.173048009676593395e+00
6.173072901449185856e+00
6.173093861776079549e+00
6.173111271529859501e+00
6.173125528948826712e+00
6.173137030441000483e+00
6.173146156952006969e+00
6.173153264804613016e+00
6.173158680052434732e+00
6.173162695525078014e+00
6.173165569915771478e+00
6.173167528357338618e+00
6.173168764019894894e+00
6.173169440394594254e+00
6.173169693981021666e+00
6.173169637166509460e+00
6.173169361139260403e+00
6.173168938721694587e+00
6.173168427045649942e+00
6.173167870019431014e+00
6.173167300558351833e+00
6.173166742567132381e+00
6.173166212674555453e+00
6.173165721729679589e+00
6.173165276074622732e+00
6.173164878612705131e+00
6.173164529692510172e+00
6.173164227829300188e+00
6.173163970284615054e+00
6.173163753524169017e+00
6.173163573572649554e+00
6.173163426282320287e+00
6.173163307530666444e+00
6.173163213360322032e+00
6.173163140072945865e+00
6.173163084286884761e+00
6.173163042966927527e+00
6.173163013433183188e+00
6.173162993354696759e+00
6.173162980732452176e+00
6.173162973875394144e+00
6.173162971372366137e+00
6.173162972062094411e+00
6.173162975002861153e+00
6.173162979443074683e+00
6.173162984793497898e+00
6.173162990601632316e+00
6.173162996528628987e+00
6.173163002328715621e+00
6.173163007831253601e+00
6.173163012925241944e+00
6.173163017546146492e+00
6.173163021664856309e+00
6.173163025278562088e+00
6.173163028403291008e+00
6.173163031067939066e+00
6.173163033309510439e+00
6.173163035169497270e+00
6.173163036691092564e+00
6.173163037917166918e+00
6.173163038888819010e+00
6.173163039644441241e+00
6.173163040219103337e+00
6.173163040644266353e+00
6.173163040947693858e+00
6.173163041153513220e+00
6.173163041282418995e+00
6.173163041351893199e+00
6.173163041376539262e+00
6.173163041368348480e+00
6.173163041337047297e+00
6.173163041290390396e+00
6.173163041234456472e+00
6.173163041173898691e+00
6.173163041112215588e+00
6.173163041051931366e+00
6.173163040994800177e+00
6.173163040941953561e+00
6.173163040894042553e+00
6.173163040851364691e+00
6.173163040813937741e+00
6.173163040781583177e+00
6.173163040754008790e+00
6.173163040730825557e+00
6.173163040711602711e+00
6.173163040695885506e+00
6.173163040683231628e+00
6.173163040673205870e+00
6.173163040665418322e+00
6.173163040659504830e+00
6.173163040655130551e+00
6.173163040652008604e+00
6.173163040649890299e+00
6.173163040648570465e+00
6.173163040647868804e+00
6.173163040647629884e+00
6.173163040647726696e+00
6.173163040648062427e+00
6.173163040648558031e+00
6.173163040649146893e+00
6.173163040649781941e+00
6.173163040650423206e+00
6.173163040651052924e+00
6.173163040651648004e+00
6.173163040652196010e+00
6.173163040652690725e+00
6.173163040653133038e+00
6.173163040653522948e+00
6.173163040653860456e+00
6.173163040654144673e+00
6.173163040654383593e+00
6.173163040654581657e+00
6.173163040654744194e+00
6.173163040654879197e+00
6.173163040654985778e+00
6.173163040655069267e+00
6.173163040655126110e+00
6.173163040655165190e+00
6.173163040655194500e+00
6.173163040655213152e+00
6.173163040655223810e+00
6.173163040655220257e+00
6.173163040655207823e+00
6.173163040655200717e+00
6.173163040655194500e+00
6.173163040655190947e+00
6.173163040655187395e+00
6.173163040655184730e+00
6.173163040655182066e+00
6.173163040655180289e+00
6.173163040655179401e+00
6.173163040655179401e+00
6.173163040655179401e+00
6.173163040655180289e+00
6.173163040655179401e+00
6.173163040655179401e+00
6.173163040655177625e+00
6.173163040655178513e+00
6.173163040655178513e+00
6.173163040655178513e+00
6.173163040655178513e+00
6.173163040655178513e+00
6.173163040655178513e+00
6.173163040655178513e+00
6.173163040655178513e+00
6.173163040655178513e+00
6.173163040655178513e+00
6.173163040655178513e+00
6.173163040655179401e+00
6.173163040655179401e+00
6.173163040655179401e+00
6.173163040655179401e+00
6.173163040655180289e+00
6.173163040655179401e+00
6.173163040655179401e+00
6.173163040655177625e+00
6.173163040655178513e+00
6.173163040655178513e+00
6.173163040655178513e+00
6.173163040655178513e+00
6.173163040655178513e+00
6.173163040655178513e+00
6.173163040655178513e+00
6.173163040655178513e+00
6.173163040655178513e+00
6.173163040655178513e+00
6.173163040655178513e+00
6.173163040655179401e+00
6.173163040655179401e+00
6.173163040655179401e+00
6.173163040655179401e+00
6.173163040655180289e+00
6.173163040655179401e+00
6.173163040655179401e+00
6.173163040655177625e+00
6.173163040655178513e+00
6.173163040655178513e+00
6.173163040655178513e+00
6.173163040655178513e+00
6.173163040655178513e+00
6.173163040655178513e+00
6.173163040655178513e+00
6.173163040655178513e+00
6.173163040655178513e+00
6.173163040655178513e+00
6.173163040655178513e+00
6.173163040655179401e+00
6.173163040655179401e+00
6.173163040655179401e+00
6.173163040655179401e+00
6.173163040655180289e+00
6.173163040655179401e+00
6.173163040655179401e+00
6.173163040655177625e+00
6.173163040655178513e+00
6.173163040655178513e+00
6.173163040655178513e+00
6.173163040655178513e+00
6.173163040655178513e+00
6.173163040655178513e+00
6.173163040655178513e+00
6.173163040655178513e+00
6.173163040655178513e+00
6.173163040655178513e+00
6.173163040655178513e+00
6.173163040655179401e+00
6.173163040655179401e+00
6.173163040655179401e+00
6.173163040655179401e+00
6.173163040655180289e+00
6.173163040655179401e+00
6.173163040655179401e+00
6.173163040655177625e+00
6.173163040655178513e+00
6.173163040655178513e+00
6.173163040655178513e+00
6.173163040655178513e+00
6.173163040655178513e+00
6.173163040655178513e+00
6.173163040655178513e+00
6.173163040655178513e+00
6.173163040655178513e+00
6.173163040655178513e+00
6.173163040655178513e+00
6.173163040655179401e+00
6.173163040655179401e+00
6.173163040655179401e+00
6.173163040655179401e+00
6.173163040655180289e+00
6.173163040655179401e+00
6.173163040655179401e+00
7.055798018585083931e+00
1.000000000000000000e+01
1.000000000000000000e+01
1.000000000000000000e+01
1.000000000000000000e+01
1.000000000000000000e+01
1.000000000000000000e+01
1.000000000000000000e+01
1.000000000000000000e+01
1.000000000000000000e+01
1.000000000000000000e+01
1.000000000000000000e+01
1.000000000000000000e+01
1.000000000000000000e+01
1.000000000000000000e+01
1.000000000000000000e+01
1.000000000000000000e+01
1.000000000000000000e+01
1.000000000000000000e+01
1.000000000000000000e+01
1.000000000000000000e+01
1.000000000000000000e+01
1.000000000000000000e+01
1.000000000000000000e+01
1.000000000000000000e+01
1.000000000000000000e+01
1.000000000000000000e+01
1.000000000000000000e+01
1.000000000000000000e+01
1.000000000000000000e+01
1.000000000000000000e+01
1.000000000000000000e+01
1.000000000000000000e+01
1.000000000000000000e+01
1.000000000000000000e+01
1.000000000000000000e+01
1.000000000000000000e+01
1.000000000000000000e+01
1.000000000000000000e+01
1.000000000000000000e+01
1.000000000000000000e+01
1.000000000000000000e+01
1.000000000000000000e+01
1.000000000000000000e+01
1.000000000000000000e+01
1.000000000000000000e+01
1.000000000000000000e+01
1.000000000000000000e+01
1.000000000000000000e+01
1.000000000000000000e+01
1.000000000000000000e+01
1.000000000000000000e+01
1.000000000000000000e+01
1.000000000000000000e+01
1.000000000000000000e+01
1.000000000000000000e+01
1.000000000000000000e+01
1.000000000000000000e+01
1.000000000000000000e+01
1.000000000000000000e+01
1.000000000000000000e+01
1.000000000000000000e+01
1.000000000000000000e+01
1.000000000000000000e+01
1.000000000000000000e+01
1.000000000000000000e+01
1.000000000000000000e+01
1.000000000000000000e+01
1.000000000000000000e+01
1.000000000000000000e+01
1.000000000000000000e+01
9.979839402299031548e+00
9.938151065613682889e+00
9.882474032043093715e+00
9.818778533359358462e+00
9.751564302030715226e+00
9.684050564045225684e+00
9.618546083979953920e+00
9.556633421765058145e+00
9.499324447767939716e+00
9.447190175583676464e+00
9.400467997350027360e+00
9.359149243511090788e+00
9.323049810893911271e+00
9.291866374730705758e+00
9.265220455269313149e+00
9.242692366449823282e+00
9.223846811473148222e+00
9.208251675983680329e+00
9.195491341329663726e+00
9.185175657262096394e+00
9.176945505297394945e+00
9.170475751754366911e+00
9.165476236308323976e+00
9.161691334163130307e+00
9.158898490681576021e+00
9.156906104183269335e+00
9.155550984069272147e+00
9.154695602777751517e+00
9.154225288381441672e+00
9.154045469697594584e+00
9.154079039518974170e+00
9.154263903745643915e+00
9.154550732301903082e+00
9.154900942428758626e+00
9.155284889774797819e+00
9.155680291194441267e+00
9.156070857089039450e+00
9.156445111250407720e+00
9.156795396133771803e+00
9.157117031884576264e+00
9.157407618176392816e+00
9.157666463536294543e+00
9.157894117881873797e+00
9.158092000762911411e+00
9.158262106819533344e+00
9.158406775526019672e+00
9.158528514250136254e+00
9.158629869009653035e+00
9.158713329185200536e+00
9.158781262651867650e+00
9.158835870763125442e+00
9.158879164703254361e+00
9.158912952642110028e+00
9.158938839529984222e+00
9.158958231386423066e+00
9.158972346189342417e+00
9.158982227523980058e+00
9.158988760071713031e+00
9.158992685903220021e+00
9.158994620796370612e+00
9.158995070086858092e+00
9.158994443598793112e+00
9.158993069425156008e+00
9.158991206499942805e+00
9.158989055520930123e+00
9.158986769627498248e+00
9.158984462631368118e+00
9.158982216490471728e+00
9.158980087754631683e+00
9.158978112937836258e+00
9.158976313059181251e+00
9.158974697420196875e+00
9.158973266549846670e+00
9.158972014743337553e+00
9.158970932013254185e+00
9.158970005993793961e+00
9.158969222379589326e+00
9.158968566265963673e+00
9.158968022810904941e+00
9.158967577705729113e+00
9.158967217478823031e+00
9.158966929744455143e+00
9.158966703255570607e+00
9.158966527963478654e+00
9.158966395006123307e+00
9.158966296660691953e+00
9.158966226272216460e+00
9.158966178167460725e+00
9.158966147561084625e+00
9.158966130459415211e+00
9.158966123565635442e+00
9.158966124189172220e+00
9.158966130160942853e+00
9.158966139755772673e+00
9.158966151622315977e+00
9.158966164720622416e+00
9.158966178267466063e+00
9.158966191688689307e+00
9.158966204578362635e+00
9.158966216664110149e+00
9.158966227777829872e+00
9.158966237831494439e+00
9.158966246797096034e+00
9.158966254690492192e+00
9.158966261543390885e+00
9.158966267442462339e+00
9.158966272451250390e+00
9.158966276674197715e+00
9.158966280196905174e+00
9.158966283088641802e+00
9.158966285449441358e+00
9.158966287353321079e+00
9.158966288868199968e+00
9.158966290055390758e+00
9.158966290969473789e+00
9.158966291658405368e+00
9.158966292163860601e+00
9.158966292521643737e+00
9.158966292762176664e+00
9.158966292911051355e+00
9.158966292989582314e+00
9.158966293015273763e+00
9.158966293002386294e+00
9.158966292962368527e+00
9.158966292904290540e+00
9.158966292835215128e+00
9.158966292760569061e+00
9.158966292684407762e+00
9.158966292609669324e+00
9.158966292538421428e+00
9.158966292471983905e+00
9.158966292411189869e+00
9.158966292356412353e+00
9.158966292307749057e+00
9.158966292265038334e+00
9.158966292228006623e+00
9.158966292196247139e+00
9.158966292169303358e+00
9.158966292146683230e+00
9.158966292127885822e+00
9.158966292112438623e+00
9.158966292099893991e+00
9.158966292089823824e+00
9.158966292081856864e+00
9.158966292075673366e+00
9.158966292056074820e+00
9.158966292042411084e+00
9.158966292033445811e+00
9.158966292028138056e+00
9.158966292025590761e+00
9.158966292025116473e+00
9.158966292026136102e+00
9.158966292028184242e+00
9.158966292030900291e+00
9.158966292034000034e+00
9.158966292037282741e+00
9.158966292040590318e+00
9.158966292043796642e+00
9.158966292046834212e+00
9.158966292049653291e+00
9.158966292052205915e+00
9.158966292054502745e+00
9.158966292056534897e+00
9.158966292058314806e+00
9.158966292059851355e+00
9.158966292061156977e+00
9.158966292047397317e+00
9.158966292038195789e+00
9.158966292032546974e+00
9.158966292029615985e+00
9.158966292028736689e+00
9.158966292029349532e+00
9.158966292030996215e+00
9.158966292033339229e+00
9.158966292036096135e+00
9.158966292039053769e+00
9.158966292042062918e+00
9.158966292045016999e+00
9.158966292047834301e+00
9.158966292050456204e+00
9.158966292052854286e+00
9.158966292055010783e+00
9.158966292042061141e+00
9.158966292033614565e+00
9.158966292028663858e+00
9.158966292026370581e+00
9.158966292026045508e+00
9.158966292027141520e+00
9.158966292029207423e+00
9.158966292031896828e+00
9.158966292034961043e+00
9.158966292038181578e+00
9.158966292041426982e+00
9.158966292044578239e+00
9.158966292047542979e+00
9.158966292050275015e+00
9.158966292052761915e+00
9.158966292054984137e+00
9.158966292042089563e+00
9.158966292033685619e+00
9.158966292028754452e+00
9.158966292026470057e+00
9.158966292026160971e+00
9.158966292027253431e+00
9.158966292029319334e+00
9.158966292032015843e+00
9.158966292035069401e+00
9.158966292038284607e+00
9.158966292041503365e+00
9.158966292044626201e+00
9.158966292047573177e+00
9.158966292050291003e+00
9.158966292052754810e+00
9.158966292054973479e+00
9.158966292056934577e+00
9.158966292058645209e+00
9.158966292060119585e+00
9.158966292061377246e+00
9.158966292062435954e+00
9.158966292063327685e+00
9.158966292064070203e+00
9.158966292064681269e+00
9.158966292065182202e+00
9.158966292065580106e+00
9.158966292065899850e+00
9.158966292066143211e+00
9.158966292066329729e+00
9.158966292066461179e+00
9.158966292066562431e+00
0.000000000000000000e+00
0.000000000000000000e+00
0.000000000000000000e+00
0.000000000000000000e+00
0.000000000000000000e+00
0.000000000000000000e+00
0.000000000000000000e+00
0.000000000000000000e+00
0.000000000000000000e+00
0.000000000000000000e+00
0.000000000000000000e+00
0.000000000000000000e+00
0.000000000000000000e+00
0.000000000000000000e+00
0.000000000000000000e+00
0.000000000000000000e+00
0.000000000000000000e+00
0.000000000000000000e+00
0.000000000000000000e+00
0.000000000000000000e+00
0.000000000000000000e+00
0.000000000000000000e+00
0.000000000000000000e+00
0.000000000000000000e+00
0.000000000000000000e+00
0.000000000000000000e+00
0.000000000000000000e+00
0.000000000000000000e+00
0.000000000000000000e+00
0.000000000000000000e+00
0.000000000000000000e+00
0.000000000000000000e+00
0.000000000000000000e+00
0.000000000000000000e+00
0.000000000000000000e+00
0.000000000000000000e+00
0.000000000000000000e+00
0.000000000000000000e+00
0.000000000000000000e+00
0.000000000000000000e+00
0.000000000000000000e+00
0.000000000000000000e+00
0.000000000000000000e+00
0.000000000000000000e+00
2.892868738390321978e-02
1.669533061303508370e-01
3.773196876261863397e-01
6.311176405594753902e-01
9.061210907794243763e-01
1.186165233353293713e+00
1.459354913194086167e+00
1.717146052016252478e+00
1.954053976034572093e+00
2.166981835173707349e+00
2.354650786959199049e+00
2.517124514028897142e+00
2.655419204033410363e+00
2.771189373412361601e+00
2.866479782443003277e+00
2.943533913487152986e+00
3.004650097356978744e+00
3.052077073782188510e+00
3.087941626809228346e+00
3.114201825119953249e+00
3.132620267281576165e+00
3.144752619672188221e+00
3.151947409994791283e+00
3.155353890773485936e+00
3.155935304487822002e+00
3.154485494754308395e+00
3.151647245975502276e+00
3.147931146580912998e+00
3.143734100274736321e+00
3.139356876920872175e+00
3.135020284939094903e+00
3.130879772465958499e+00
3.127038308114060694e+00
3.123557584035768553e+00
3.120467559946491942e+00
3.117774476732515954e+00
3.115467472667462268e+00
3.113523928669933216e+00
3.111913757390250002e+00
3.110602712514342283e+00
3.109554910653629101e+00
3.108734693300407415e+00
3.108107925115714210e+00
3.107642875973676055e+00
3.107310751567927465e+00
3.107085947748649435e+00
3.106946123052187758e+00
3.106872117380521381e+00
3.106847766662265808e+00
3.106859662910289810e+00
3.106896874712184786e+00
3.106950650844769957e+00
3.107014134590715848e+00
3.107082073739706019e+00
3.107150559481308250e+00
3.107216793652960884e+00
3.107278873365822314e+00
3.107335605689367064e+00
3.107386348515613683e+00
3.107430870602552631e+00
3.107469252904299761e+00
3.107501789681883064e+00
3.107528915530393121e+00
3.107551148076690861e+00
3.107569052128928089e+00
3.107583186609818693e+00
3.107594089131645365e+00
3.107602281282258794e+00
3.107608230345452416e+00
3.107612355067927545e+00
3.107615023539668453e+00
3.107616553401648662e+00
3.107617214652455218e+00
3.107617232766661797e+00
3.107616792866680022e+00
3.107616044244904785e+00
3.107615104960570473e+00
3.107614066312537116e+00
3.107612997051419690e+00
3.107611947243981820e+00
3.107610951979290714e+00
3.107610033867446830e+00
3.107609206011467951e+00
3.107608474249025310e+00
3.107607839026552021e+00
3.107607296939707719e+00
3.107606841977246237e+00
3.107606466505976606e+00
3.107606162033624386e+00
3.107605919784456106e+00
3.107605731119500003e+00
3.107605587830068572e+00
3.107605482329901747e+00
3.107605407767792371e+00
3.107605358079330138e+00
3.107605327993371525e+00
3.107605313006048586e+00
3.107605309332718946e+00
3.107605313846053985e+00
3.107605324006690317e+00
3.107605337791256694e+00
3.107605353621274435e+00
3.107605370295483560e+00
3.107605386927137392e+00
3.107605402887371415e+00
3.107605417754868871e+00
3.107605431272201013e+00
3.107605443308354864e+00
3.107605453827272157e+00
3.107605462861802170e+00
3.107605470492517341e+00
3.107605476830859637e+00
3.107605482005880049e+00
3.107605486154191521e+00
3.107605489412515798e+00
3.107605491912380558e+00
3.107605493776554706e+00
3.107605495116839034e+00
3.107605496032929349e+00
3.107605496612058982e+00
3.107605496929275457e+00
3.107605497048023135e+00
3.107605497021067809e+00
3.107605496891543417e+00
3.107605496694081371e+00
3.107605496455907446e+00
3.107605496197983097e+00
3.107605495935958917e+00
3.107605495681118768e+00
3.107605495441193799e+00
3.107605495221142711e+00
3.107605495023704201e+00
3.107605494849957406e+00
3.107605494699753557e+00
3.107605494572081017e+00
3.107605494465354390e+00
3.107605494377618349e+00
3.107605494306787453e+00
3.107605494250690104e+00
3.107605494207246188e+00
3.107605494174478178e+00
3.107605494150561753e+00
3.107605494133862667e+00
3.107605494122940737e+00
3.107605494116546296e+00
3.107605494113615752e+00
3.107605494113264477e+00
3.107605494114757949e+00
3.107605494117495315e+00
3.107605494121024492e+00
3.107605494124977774e+00
3.107605494129067392e+00
3.107605494133109936e+00
3.107605494136962410e+00
3.107605494140530222e+00
3.107605494143744984e+00
3.107605494146600034e+00
3.107605494149073166e+00
3.107605494151183034e+00
3.107605494152966941e+00
3.107605494154447090e+00
3.107605494155653680e+00
3.107605494156620463e+00
3.107605494157379855e+00
3.107605494157962056e+00
3.107605494158399040e+00
3.107605494158714787e+00
3.107605494158929282e+00
3.107605494159064730e+00
3.107605494159125126e+00
3.107605494159129123e+00
3.107605494159093151e+00
3.107605494159041637e+00
3.107605494158983905e+00
3.107605494158923509e+00
3.107605494158864001e+00
3.107605494158804937e+00
3.107605494158752091e+00
3.107605494158705017e+00
3.107605494158664161e+00
3.107605494158630410e+00
3.107605494158601989e+00
3.107605494158581116e+00
3.107605494158563797e+00
3.107605494158551362e+00
3.107605494158542037e+00
3.107605494158522053e+00
3.107605494158507842e+00
3.107605494158497184e+00
3.107605494158477200e+00
3.107605494158461656e+00
3.107605494158453219e+00
3.107605494158450110e+00
3.107605494158449666e+00
3.107605494158453219e+00
3.107605494158456771e+00
3.107605494158460324e+00
3.107605494158465209e+00
3.107605494158468762e+00
3.107605494158471870e+00
3.107605494158474535e+00
3.107605494158476311e+00
3.107605494158479420e+00
3.107605494158481640e+00
3.107605494158485637e+00
3.107605494158488746e+00
3.107605494158490966e+00
3.107605494158492299e+00
3.107605494158493631e+00
3.107605494158494519e+00
3.107605494158494963e+00
3.107605494158494963e+00
3.107605494158494963e+00
3.107605494158495407e+00
3.107605494158495407e+00
3.107605494158495407e+00
3.107605494158495407e+00
3.107605494158495407e+00
3.107605494158495407e+00
3.107605494158495407e+00
3.107605494158495407e+00
3.107605494158495407e+00
3.107605494158495407e+00
3.107605494158495407e+00
3.107605494158495407e+00
3.107605494158495407e+00
3.107605494158495407e+00
3.107605494158495407e+00
3.107605494158495407e+00
3.107605494158495407e+00
3.107605494158495407e+00
3.107605494158495407e+00
3.107605494158495407e+00
3.107605494158495407e+00
3.107605494158495407e+00
3.107605494158495407e+00
3.107605494158495407e+00
3.107605494158495407e+00
3.107605494158495407e+00
3.107605494158495407e+00
3.107605494158495407e+00
3.107605494158495407e+00
3.107605494158495407e+00
3.107605494158495407e+00
3.107605494158495407e+00
3.107605494158495407e+00
3.107605494158495407e+00
3.107605494158495407e+00
3.107605494158495407e+00
3.107605494158495407e+00
3.107605494158495407e+00
3.107605494158495407e+00
3.107605494158495407e+00
3.107605494158495407e+00
3.107605494158495407e+00
