1.479155544871898764e-01
2.916826111451478187e-01
4.307392817932574891e-01
5.658025494441154546e-01
6.968565629551356500e-01
8.239305912168927160e-01
9.471763740937089171e-01
1.066979627871197378e+00
1.183334610064787906e+00
1.296579788326175375e+00
1.406183410809998202e+00
1.513227055440467872e+00
1.616787383435326797e+00
1.717880880438577895e+00
1.816224402056837883e+00
1.911761546522696920e+00
2.005131888646324079e+00
2.095703925810725732e+00
2.184018792374826656e+00
2.270361802692287156e+00
2.354052229215688463e+00
2.435784110524969126e+00
2.515717040716318298e+00
2.593232422463283893e+00
2.668847657183878397e+00
2.742823152603080850e+00
2.814974732458843221e+00
2.885198150006092810e+00
2.937501329722222110e+00
2.963739365845641238e+00
2.970708533480222791e+00
2.968083091888326308e+00
2.962961573280862293e+00
2.958851863377895519e+00
2.956647038878764899e+00
2.955957953324071408e+00
2.956076262375830321e+00
2.956443005445226202e+00
2.956762564974358298e+00
2.956945426011928113e+00
2.957010294231274372e+00
2.957008109006881380e+00
2.956982431944719991e+00
2.956957847693446162e+00
2.956942860102528936e+00
2.956936960833624006e+00
2.956936564128467726e+00
2.956938310779422707e+00
2.956940180808785623e+00
2.956941395723076127e+00
2.956941918460192831e+00
2.956941994625845727e+00
2.956941880387633503e+00
2.956941739873456765e+00
2.956941642419607774e+00
2.956941597048170056e+00
2.956941587538540972e+00
2.956941594589116207e+00
2.956941605004782758e+00
2.956941612742436831e+00
2.956941616613447454e+00
2.956941617633953356e+00
2.956941617239124742e+00
2.956941616478945267e+00
2.956941615870803286e+00
2.956941615545370716e+00
2.956941615444224514e+00
2.956941615462243433e+00
2.956941615516718969e+00
2.956941615564026904e+00
2.956941615591030637e+00
2.956941615600567896e+00
2.956941615600203299e+00
2.956941615596381912e+00
2.956941615592741712e+00
2.956941615590528372e+00
2.956941615589661954e+00
2.956941615589607775e+00
2.956941615589867123e+00
2.956941615590143346e+00
2.956941615590323647e+00
2.956941615590400474e+00
2.956941615590410244e+00
2.956941615590389816e+00
2.956941615590370276e+00
2.956941615590356509e+00
2.956941615590351624e+00
2.956941615590351180e+00
2.956941615590350736e+00
2.956941615590352956e+00
2.956941615590352956e+00
2.956941615590352956e+00
2.956941615590352068e+00
2.956941615590353845e+00
2.956941615590353400e+00
2.956941615590352956e+00
2.956941615590352068e+00
2.956941615590353845e+00
2.956941615590353400e+00
2.956941615590352956e+00
2.956941615590352068e+00
2.956941615590352068e+00
2.956941615590353845e+00
2.956941615590353400e+00
2.956941615590352956e+00
2.956941615590352068e+00
2.956941615590352068e+00
2.956941615590353845e+00
2.956941615590353400e+00
2.956941615590352956e+00
2.956941615590352068e+00
2.956941615590352068e+00
2.956941615590353845e+00
2.956941615590353400e+00
2.956941615590352956e+00
2.956941615590352068e+00
2.956941615590352068e+00
2.956941615590353845e+00
2.956941615590353400e+00
2.956941615590352956e+00
2.956941615590352068e+00
2.956941615590352068e+00
2.956941615590353845e+00
2.956941615590353400e+00
2.956941615590352956e+00
2.956941615590352068e+00
2.956941615590352068e+00
2.956941615590353845e+00
2.956941615590353400e+00
2.956941615590352956e+00
2.956941615590352068e+00
2.956941615590352068e+00
2.956941615590353845e+00
2.956941615590353400e+00
2.956941615590352956e+00
2.956941615590352068e+00
2.956941615590352068e+00
2.956941615590353400e+00
2.956941615590352956e+00
2.956941615590352956e+00
2.956941615590352068e+00
2.956941615590353845e+00
2.956941615590353400e+00
2.956941615590352956e+00
2.956941615590352068e+00
2.956941615590352068e+00
2.956941615590353400e+00
2.956941615590352956e+00
2.956941615590352956e+00
2.956941615590352068e+00
2.956941615590353845e+00
2.956941615590353400e+00
2.956941615590352956e+00
2.956941615590352068e+00
2.956941615590352068e+00
2.956941615590353845e+00
2.956941615590353400e+00
2.956941615590352956e+00
2.956941615590352068e+00
2.956941615590352068e+00
2.956941615590353845e+00
2.956941615590353400e+00
2.956941615590352956e+00
2.956941615590352068e+00
2.956941615590352068e+00
2.956941615590353845e+00
2.956941615590353400e+00
2.956941615590353845e+00
2.956941615590354289e+00
2.956941615590353845e+00
2.956941615590353845e+00
2.956941615590354289e+00
2.956941615590353845e+00
2.956941615590353845e+00
2.956941615590353845e+00
2.956941615590353845e+00
2.956941615590353845e+00
2.956941615590353845e+00
2.956941615590354289e+00
2.956941615590353845e+00
2.956941615590353845e+00
2.956941615590354289e+00
2.956941615590353845e+00
2.956941615590353845e+00
2.956941615590353845e+00
2.956941615590353845e+00
2.956941615590353845e+00
2.956941615590353845e+00
2.956941615590353845e+00
2.956941615590353845e+00
2.956941615590354289e+00
2.956941615590353845e+00
2.956941615590353845e+00
2.956941615590353845e+00
2.956941615590353845e+00
2.956941615590353845e+00
2.956941615590354289e+00
2.956941615590353845e+00
2.956941615590353845e+00
2.956941615590353845e+00
2.956941615590353845e+00
2.956941615590354289e+00
2.956941615590353845e+00
2.956941615590353845e+00
2.956941615590354289e+00
2.956941615590353845e+00
2.956941615590353845e+00
2.956941615590353845e+00
2.956941615590353845e+00
2.956941615590353845e+00
2.956941615590353845e+00
2.956941615590353845e+00
2.956941615590353845e+00
2.956941615590353845e+00
2.956941615590353845e+00
2.956941615590354289e+00
2.956941615590354289e+00
2.956941615590354289e+00
2.956941615590354289e+00
2.956941615590354289e+00
2.956941615590354289e+00
2.956941615590354289e+00
2.956941615590354289e+00
2.956941615590354289e+00
2.956941615590354289e+00
2.956941615590354289e+00
2.956941615590354289e+00
2.956941615590352956e+00
2.956941615590353400e+00
2.956941615590352956e+00
2.956941615590352068e+00
2.956941615590352068e+00
2.956941615590353400e+00
2.956941615590352956e+00
2.956941615590352068e+00
2.956941615590353845e+00
2.956941615590353400e+00
2.956941615590352956e+00
2.956941615590352068e+00
2.956941615590352068e+00
2.956941615590353845e+00
2.956941615590353400e+00
2.956941615590352956e+00
2.956941615590352068e+00
2.956941615590352068e+00
2.956941615590353400e+00
2.956941615590352956e+00
2.956941615590352068e+00
2.956941615590353845e+00
2.956941615590353400e+00
2.956941615590352956e+00
2.956941615590352068e+00
2.956941615590352068e+00
2.956941615590353845e+00
2.956941615590353400e+00
2.956941615590352956e+00
2.956941615590352068e+00
2.956941615590352068e+00
2.956941615590353845e+00
2.956941615590353400e+00
2.956941615590352956e+00
2.956941615590352068e+00
2.956941615590353845e+00
2.956941615590353400e+00
2.956941615590352956e+00
2.956941615590352068e+00
2.956941615590352068e+00
2.956941615590353400e+00
2.956941615590352956e+00
2.956941615590352068e+00
2.956941615590353845e+00
2.956941615590353400e+00
2.956941615590352956e+00
2.956941615590352068e+00
2.956941615590353845e+00
2.956941615590353400e+00
2.956941615590352956e+00
2.956941615590352068e+00
2.956941615590352068e+00
2.956941615590353845e+00
2.956941615590353400e+00
2.956941615590352956e+00
2.956941615590352068e+00
2.956941615590352068e+00
2.956941615590353845e+00
2.956941615590353400e+00
2.956941615590352956e+00
2.956941615590352068e+00
2.956941615590352068e+00
2.956941615590353845e+00
2.956941615590353400e+00
2.956941615590352956e+00
2.956941615590352068e+00
2.956941615590353845e+00
2.956941615590353400e+00
2.956941615590352956e+00
2.956941615590352068e+00
2.956941615590352068e+00
2.956941615590353845e+00
2.956941615590353400e+00
2.956941615590352956e+00
3.024123753609193610e+00
3.089343417908285261e+00
3.152988567084126004e+00
3.215289754090634222e+00
3.276280315314878511e+00
3.335546736070813090e+00
3.393371370005262122e+00
3.449992759873732773e+00
3.505439760532058191e+00
3.559636209239498861e+00
3.612311760098500191e+00
3.663904147761683383e+00
3.714438598390564561e+00
3.763939632758641185e+00
3.812335595598531857e+00
3.859393630278380449e+00
3.905496652791462964e+00
3.950666340713842040e+00
3.994923904255085034e+00
4.038290089112845038e+00
4.080519024370922843e+00
4.121719750713461750e+00
4.162097125212588011e+00
4.201669494985232234e+00
4.240454648044395647e+00
4.278469839602731639e+00
4.315672057685017826e+00
4.351860258889015398e+00
4.387334127923348426e+00
4.422109069012612359e+00
4.456200103782560262e+00
4.489621882722756752e+00
4.522388696229463712e+00
4.554514485247056044e+00
4.585800140254213453e+00
4.616401981054754522e+00
4.646407875251939323e+00
4.675830308234044885e+00
4.704681529805127660e+00
4.732973554338864020e+00
4.760718161402037296e+00
4.787926896799775456e+00
4.814611073998399604e+00
4.840496572076168569e+00
4.865866502959389273e+00
4.890749961533859214e+00
4.913452935855040060e+00
4.927539503306142876e+00
4.933639946380020902e+00
4.934735600280935941e+00
4.933634880389304200e+00
4.932115421174688485e+00
4.930967531720150454e+00
4.930350320268905406e+00
4.930138688657677903e+00
4.930147384346802220e+00
4.930233145652056947e+00
4.930317351152912586e+00
4.930371967344505002e+00
4.930397006201826748e+00
4.930402666990826965e+00
4.930399334765688479e+00
4.930393883121912957e+00
4.930389540419056971e+00
4.930387097616522496e+00
4.930386187158349642e+00
4.930386147602643376e+00
4.930386438057474230e+00
4.930386748318894341e+00
4.930386958836931122e+00
4.930387060548571121e+00
4.930387087663812729e+00
4.930387078325861872e+00
4.930387058960026714e+00
4.930387042625224758e+00
4.930387033022128662e+00
4.930387029175211211e+00
4.930387028745950140e+00
4.930387029706571056e+00
4.930387030841145268e+00
4.930387031647866181e+00
4.930387032057384822e+00
4.930387032181415385e+00
4.930387032158956018e+00
4.930387032091000599e+00
4.930387032029943661e+00
4.930387031992434999e+00
4.930387031976410483e+00
4.930387031973719303e+00
4.930387031976799506e+00
4.930387031980916213e+00
4.930387031983993751e+00
4.930387031985626223e+00
4.930387031986174229e+00
4.930387031986140478e+00
4.930387031985903334e+00
4.930387031985677737e+00
4.930387031985530299e+00
4.930387031985466351e+00
4.930387031985451252e+00
4.930387031985460133e+00
4.930387031985477897e+00
4.930387031985489443e+00
4.930387031985493884e+00
4.930387031985495661e+00
4.930387031985495661e+00
4.930387031985495661e+00
4.930387031985493884e+00
4.930387031985493884e+00
4.930387031985493884e+00
4.930387031985493884e+00
4.930387031985493884e+00
4.930387031985496549e+00
4.930387031985496549e+00
4.930387031985495661e+00
4.930387031985495661e+00
4.930387031985495661e+00
4.930387031985495661e+00
4.930387031985495661e+00
4.930387031985495661e+00
4.930387031985495661e+00
4.930387031985495661e+00
4.930387031985495661e+00
4.930387031985495661e+00
4.930387031985493884e+00
4.930387031985493884e+00
4.930387031985493884e+00
4.930387031985493884e+00
4.930387031985493884e+00
4.930387031985493884e+00
4.930387031985496549e+00
4.930387031985496549e+00
4.930387031985495661e+00
4.930387031985495661e+00
4.930387031985495661e+00
4.930387031985495661e+00
4.930387031985495661e+00
4.930387031985495661e+00
4.930387031985495661e+00
4.930387031985495661e+00
4.930387031985495661e+00
4.930387031985495661e+00
4.930387031985495661e+00
4.930387031985495661e+00
4.930387031985495661e+00
4.930387031985495661e+00
4.930387031985495661e+00
4.930387031985493884e+00
4.930387031985493884e+00
4.930387031985493884e+00
4.930387031985493884e+00
4.930387031985493884e+00
4.930387031985493884e+00
4.930387031985493884e+00
4.930387031985493884e+00
4.930387031985493884e+00
4.930387031985496549e+00
4.930387031985496549e+00
4.930387031985495661e+00
4.930387031985495661e+00
4.930387031985495661e+00
4.930387031985495661e+00
4.930387031985495661e+00
4.930387031985495661e+00
4.930387031985495661e+00
4.930387031985495661e+00
4.930387031985495661e+00
4.930387031985495661e+00
4.930387031985495661e+00
4.930387031985493884e+00
4.930387031985493884e+00
4.930387031985493884e+00
4.930387031985493884e+00
4.930387031985493884e+00
4.930387031985493884e+00
4.930387031985493884e+00
4.930387031985493884e+00
4.930387031985493884e+00
4.930387031985493884e+00
4.930387031985493884e+00
4.930387031985493884e+00
4.930387031985493884e+00
4.930387031985493884e+00
4.930387031985496549e+00
4.930387031985495661e+00
4.930387031985495661e+00
4.930387031985495661e+00
4.930387031985495661e+00
4.930387031985495661e+00
4.930387031985495661e+00
4.930387031985495661e+00
4.930387031985495661e+00
4.930387031985495661e+00
4.930387031985495661e+00
4.930387031985495661e+00
4.930387031985495661e+00
4.930387031985495661e+00
4.930387031985495661e+00
4.930387031985495661e+00
4.930387031985495661e+00
4.930387031985495661e+00
4.930387031985495661e+00
4.930387031985495661e+00
4.930387031985495661e+00
4.930387031985495661e+00
4.930387031985495661e+00
4.930387031985495661e+00
4.930387031985495661e+00
4.930387031985495661e+00
4.930387031985495661e+00
4.930387031985495661e+00
4.930387031985495661e+00
4.930387031985495661e+00
4.930387031985495661e+00
4.930387031985495661e+00
4.930387031985495661e+00
4.930387031985495661e+00
4.930387031985495661e+00
4.930387031985495661e+00
4.930387031985495661e+00
4.930387031985495661e+00
4.930387031985495661e+00
4.930387031985495661e+00
4.930387031985495661e+00
4.930387031985495661e+00
4.930387031985495661e+00
4.930387031985495661e+00
4.930387031985495661e+00
4.930387031985495661e+00
4.930387031985495661e+00
4.930387031985495661e+00
4.930387031985495661e+00
4.930387031985495661e+00
4.930387031985495661e+00
4.930387031985493884e+00
4.930387031985493884e+00
4.930387031985493884e+00
4.930387031985493884e+00
4.930387031985493884e+00
4.930387031985496549e+00
4.930387031985496549e+00
4.930387031985495661e+00
4.930387031985495661e+00
4.930387031985495661e+00
4.930387031985495661e+00
4.930387031985495661e+00
4.930387031985495661e+00
4.930387031985495661e+00
4.930387031985495661e+00
4.930387031985495661e+00
4.930387031985493884e+00
4.930387031985493884e+00
4.930387031985493884e+00
4.930387031985493884e+00
4.930387031985493884e+00
4.930387031985493884e+00
4.930387031985493884e+00
4.930387031985493884e+00
4.930387031985496549e+00
4.930387031985496549e+00
4.930387031985495661e+00
4.930387031985495661e+00
4.930387031985495661e+00
4.930387031985495661e+00
4.930387031985495661e+00
4.930387031985493884e+00
4.930387031985493884e+00
4.930387031985493884e+00
4.930387031985493884e+00
4.930387031985493884e+00
4.930387031985496549e+00
4.930387031985496549e+00
4.930387031985500101e+00
4.930387031985498325e+00
4.930387031985500990e+00
4.930387031985500101e+00
4.930387031985498325e+00
4.930387031985497437e+00
4.930387031985495661e+00
4.930387031985495661e+00
4.930387031985495661e+00
4.930387031985495661e+00
4.930387031985495661e+00
4.930387031985493884e+00
4.930387031985493884e+00
4.930387031985493884e+00
4.930387031985493884e+00
4.930387031985493884e+00
4.930387031985493884e+00
4.930387031985493884e+00
4.930387031985493884e+00
4.930387031985496549e+00
4.930387031985496549e+00
4.930387031985495661e+00
4.930387031985495661e+00
4.930387031985495661e+00
4.930387031985495661e+00
4.930387031985495661e+00
4.930387031985495661e+00
4.930387031985495661e+00
4.832777216318704383e+00
4.736113038442733902e+00
4.641127892564045787e+00
4.547854033526250284e+00
4.455693737551344569e+00
4.365342691476697290e+00
4.276471488205017657e+00
4.188849528477248008e+00
4.102971882940825488e+00
4.018414987329378185e+00
3.960586482725398039e+00
3.933416506367462873e+00
3.927131115503771142e+00
3.930682435448612733e+00
3.936528739813744959e+00
3.941108720594942660e+00
3.943584431229025800e+00
3.944407320267290906e+00
3.944334771921899296e+00
3.943963252167037581e+00
3.943616626303994011e+00
3.943403510173372872e+00
3.943315384962443826e+00
3.943304276431450095e+00
3.943325108730322714e+00
3.943350057193669045e+00
3.943367537254909294e+00
3.943376030336326998e+00
3.943378211576351600e+00
3.943377318541286147e+00
3.943375629926907155e+00
3.943374259405393545e+00
3.943373496366863851e+00
3.943373230250727612e+00
3.943373239173185052e+00
3.943373344723672957e+00
3.943373447444502577e+00
3.943373512251157287e+00
3.943373540023822343e+00
3.943373544380909923e+00
3.943373538674101564e+00
3.943373531363659090e+00
3.943373526096238368e+00
3.943373523462035735e+00
3.943373522729531899e+00
3.943373522950341048e+00
3.943373523437885719e+00
3.943373523847172102e+00
3.943373524081077441e+00
3.943373524167323563e+00
3.943373524168912070e+00
3.943373524139329511e+00
3.943373524109019090e+00
3.943373524089335280e+00
3.943373524080576509e+00
3.943373524078921388e+00
3.943373524080348247e+00
3.943373524082509629e+00
3.943373524084037740e+00
3.943373524084909043e+00
3.943373524085107107e+00
3.943373524085021842e+00
3.943373524084954784e+00
3.943373524084883286e+00
3.943373524084840653e+00
3.943373524084821558e+00
3.943373524084818449e+00
3.943373524084821558e+00
3.943373524084824222e+00
3.943373524084825998e+00
3.943373524084829107e+00
3.943373524084739401e+00
3.943373524084775372e+00
3.943373524084809567e+00
3.943373524084829995e+00
3.943373524084834436e+00
3.943373524084834880e+00
3.943373524084832660e+00
3.943373524084830439e+00
3.943373524084828219e+00
3.943373524084738069e+00
3.943373524084774484e+00
3.943373524084716308e+00
3.943373524084770043e+00
3.943373524084810899e+00
3.943373524084833992e+00
3.943373524084750947e+00
3.943373524084782922e+00
3.943373524084813120e+00
3.943373524084830439e+00
3.943373524084834436e+00
3.943373524084834880e+00
3.943373524084832660e+00
3.943373524084830439e+00
3.943373524084828219e+00
3.943373524084738069e+00
3.943373524084774484e+00
3.943373524084716308e+00
3.943373524084770043e+00
3.943373524084810899e+00
3.943373524084833992e+00
3.943373524084750947e+00
3.943373524084782922e+00
3.943373524084813120e+00
3.943373524084830439e+00
3.943373524084834436e+00
3.943373524084834880e+00
3.943373524084832660e+00
3.943373524084830439e+00
3.943373524084826443e+00
3.943373524084828219e+00
3.943373524084829107e+00
3.943373524084829995e+00
3.943373524084829107e+00
3.943373524084739401e+00
3.943373524084773596e+00
3.943373524084805570e+00
3.943373524084829107e+00
3.943373524084746951e+00
3.943373524084783810e+00
3.943373524084814008e+00
3.943373524084831327e+00
3.943373524084834436e+00
3.943373524084743842e+00
3.943373524084777149e+00
3.943373524084717197e+00
3.943373524084769155e+00
3.943373524084810011e+00
3.943373524084832660e+00
3.943373524084836657e+00
3.943373524084746062e+00
3.943373524084779369e+00
3.943373524084810011e+00
3.943373524084828219e+00
3.943373524084832216e+00
3.943373524084832660e+00
3.943373524084831327e+00
3.943373524084829995e+00
3.943373524084829107e+00
3.943373524084739401e+00
3.943373524084773596e+00
3.943373524084805570e+00
3.943373524084829107e+00
3.943373524084746951e+00
3.943373524084783810e+00
3.943373524084814008e+00
3.943373524084831327e+00
3.943373524084834436e+00
3.943373524084743842e+00
3.943373524084777149e+00
3.943373524084717197e+00
3.943373524084769155e+00
3.943373524084810011e+00
3.943373524084832660e+00
3.943373524084836657e+00
3.943373524084836212e+00
3.943373524084740289e+00
3.943373524084774484e+00
3.943373524084807347e+00
3.943373524084829995e+00
3.943373524084833992e+00
3.943373524084833992e+00
3.943373524084831327e+00
3.943373524084829107e+00
3.943373524084828219e+00
3.943373524084829107e+00
3.943373524084739401e+00
3.943373524084773596e+00
3.943373524084805570e+00
3.943373524084829107e+00
3.943373524084746951e+00
3.943373524084783810e+00
3.943373524084814008e+00
3.943373524084831327e+00
3.943373524084834436e+00
3.943373524084743842e+00
3.943373524084777149e+00
3.943373524084717197e+00
3.943373524084769155e+00
3.943373524084810011e+00
3.943373524084832660e+00
3.943373524084836657e+00
3.943373524084746062e+00
3.943373524084779369e+00
3.943373524084810011e+00
3.943373524084828219e+00
3.943373524084832216e+00
3.943373524084834436e+00
3.943373524084832216e+00
3.943373524084829995e+00
3.943373524084828219e+00
3.943373524084829107e+00
3.943373524084739401e+00
3.943373524084773596e+00
3.943373524084805570e+00
3.943373524084829107e+00
3.943373524084746951e+00
3.943373524084783810e+00
3.943373524084814008e+00
3.943373524084831327e+00
3.943373524084834436e+00
3.943373524084834880e+00
3.943373524084832660e+00
3.943373524084830439e+00
3.943373524084828219e+00
3.943373524084738069e+00
3.943373524084774484e+00
3.943373524084716308e+00
3.943373524084770043e+00
3.943373524084810899e+00
3.943373524084833992e+00
3.943373524084750947e+00
3.943373524084782922e+00
3.943373524084813120e+00
3.943373524084830439e+00
3.943373524084834436e+00
3.943373524084834880e+00
3.943373524084832660e+00
3.943373524084830439e+00
3.943373524084826443e+00
3.943373524084828219e+00
3.943373524084828219e+00
3.943373524084829107e+00
3.943373524084829995e+00
3.943373524084829107e+00
3.943373524084739401e+00
3.943373524084773596e+00
3.943373524084805570e+00
3.943373524084829107e+00
3.943373524084746951e+00
3.943373524084783810e+00
3.943373524084814008e+00
3.943373524084831327e+00
3.943373524084834436e+00
3.943373524084743842e+00
3.943373524084777593e+00
3.943373524084809567e+00
3.943373524084828219e+00
3.943373524084832660e+00
3.943373524084834880e+00
3.943373524084832660e+00
3.943373524084830439e+00
3.943373524084826443e+00
3.943373524084828219e+00
3.943373524084828219e+00
3.943373524084829107e+00
3.943373524084829995e+00
3.943373524084739401e+00
3.943373524084773152e+00
3.943373524084805126e+00
3.943373524084825998e+00
3.943373524084832660e+00
3.943373524084833992e+00
3.943373524084830439e+00
3.943373524084829107e+00
3.943373524084828219e+00
3.943373524084829107e+00
3.943373524084829995e+00
3.943373524084829107e+00
3.943373524084739401e+00
3.943373524084773596e+00
3.943373524084805570e+00
3.943373524084829107e+00
3.943373524084746951e+00
3.943373524084783810e+00
3.943373524084814008e+00
3.943373524084831327e+00
3.943373524084834436e+00
3.943373524084743842e+00
3.943373524084777593e+00
3.943373524084809567e+00
3.943373524084828219e+00
3.943373524084832660e+00
3.943373524084834880e+00
3.943373524084832660e+00
3.943373524084830439e+00
3.943373524084826443e+00
3.943373524084826443e+00
3.943373524084828219e+00
3.943373524084828219e+00
3.943373524084828219e+00
3.943373524084828219e+00
3.943373524084829107e+00
3.943373524084829995e+00
3.943373524084829107e+00
3.943373524084739401e+00
3.943373524084773596e+00
3.943373524084805570e+00
3.943373524084829107e+00
3.943373524084746951e+00
3.943373524084783810e+00
3.943373524084814008e+00
3.943373524084831327e+00
3.943373524084834436e+00
3.943373524084743842e+00
3.943373524084777149e+00
3.943373524084717197e+00
3.943373524084769155e+00
3.943373524084810011e+00
3.943373524084832660e+00
3.987778193912718372e+00
4.031288138293867007e+00
4.073730557155481158e+00
4.115067136922536228e+00
4.155577322329879308e+00
4.195279554150286749e+00
4.234191709604320231e+00
4.272331128944617973e+00
4.309710375605035004e+00
4.346016385657699210e+00
4.381605518048139913e+00
4.416493240419264943e+00
4.450694635907484376e+00
4.484224414675548331e+00
4.517096925022444864e+00
4.549326164089058544e+00
4.580759571423245191e+00
4.611459655829517779e+00
4.641561738192862663e+00
4.671078342244438630e+00
4.700021756154068697e+00
4.728404032602797180e+00
4.756236989333280540e+00
4.783532210129449069e+00
4.810301046180748052e+00
4.836318506375524962e+00
4.861768630260198343e+00
4.886730611977069927e+00
4.911214588587493601e+00
4.935230423909778175e+00
4.958787719778660730e+00
4.981895826665363458e+00
5.004563853700482845e+00
5.026800678138950929e+00
5.048614954303490165e+00
5.070012335035042561e+00
5.090818302750973245e+00
5.111229302180600342e+00
5.131253234618120551e+00
5.150897826788999545e+00
5.170170638028204202e+00
5.189079063417251447e+00
5.207630338533823178e+00
5.225831540300815981e+00
5.243689593275844274e+00
5.261211274293261297e+00
5.278403214657532594e+00
5.295271904099939420e+00
5.311823694103567028e+00
5.328021584937063793e+00
5.343816694749761176e+00
5.359315782215985813e+00
5.374524607338495130e+00
5.389448813906303926e+00
5.404093935628904610e+00
5.418465390870892406e+00
5.432568488121594541e+00
5.446408433741853017e+00
5.459990324211025481e+00
5.473319151961111295e+00
5.486399814668776465e+00
5.499237104901762763e+00
5.511835722197426790e+00
5.524200272193304784e+00
5.536335262816340475e+00
5.548245115549049089e+00
5.559934161577976042e+00
5.571406643821323890e+00
5.582606622493544002e+00
5.593547429597427900e+00
5.604285927301445369e+00
5.614825974116338436e+00
5.625171351212739701e+00
5.635325763084490625e+00
5.645292841013235474e+00
5.655076140647940619e+00
5.664679147792661240e+00
5.674105277736028796e+00
5.683357878880291203e+00
5.692440232951965662e+00
5.701355556490988796e+00
5.710107002157847056e+00
5.718697658576610721e+00
5.727130555671947398e+00
5.735408664608533158e+00
5.743534891373629492e+00
5.751512091587044573e+00
5.759343062682253489e+00
5.767030547218218395e+00
5.774577234449640883e+00
5.781985759262638247e+00
5.789258706746763572e+00
5.796398611799816969e+00
5.803407959803536187e+00
5.810289187165076363e+00
5.817044684231270857e+00
5.823676792510111611e+00
5.830187582316811223e+00
5.836516239673382955e+00
5.842729429471224201e+00
5.848829296118509546e+00
5.854817944312337374e+00
5.860697436320801756e+00
5.866469796911517598e+00
5.872137011148583774e+00
5.877701026617349278e+00
5.883163752594526841e+00
5.888527063258443661e+00
5.893792796088217045e+00
5.898962753719858121e+00
5.904038704976086294e+00
5.909022383965854885e+00
5.913779473506701301e+00
5.916875887846027915e+00
5.918340915878824937e+00
5.918726476971672312e+00
5.918591470937057508e+00
5.918311912557149057e+00
5.918072531734341446e+00
5.917927188793631110e+00
5.917864274311131823e+00
5.917852219055882657e+00
5.917862658203321580e+00
5.917877816765689580e+00
5.917889662596090616e+00
5.917896376419296445e+00
5.917898994768123089e+00
5.917899254695543121e+00
5.917898570593378871e+00
5.917897766407757665e+00
5.917897190403025753e+00
5.917896887148002882e+00
5.917896783716780185e+00
5.917896787285081395e+00
5.917896828588476765e+00
5.917896869913201741e+00
5.917896897534540734e+00
5.917896911006804039e+00
5.917896914862972757e+00
5.917896913941937953e+00
5.917896911588888642e+00
5.917896909495444113e+00
5.917896908191342398e+00
5.917896907606948531e+00
5.917896907478222168e+00
5.917896907557955721e+00
5.917896907687056895e+00
5.917896907791277528e+00
5.917896907851870836e+00
5.917896907876485812e+00
5.917896907879855561e+00
5.917896907874371060e+00
5.917896907867493006e+00
5.917896907862386868e+00
5.917896907859621969e+00
5.917896907858620992e+00
5.917896907858599675e+00
5.917896907858936295e+00
5.917896907859297784e+00
5.917896907859549138e+00
5.917896907859668154e+00
5.917896907859709010e+00
5.917896907859704569e+00
5.917896907859684141e+00
5.917896907859662825e+00
5.917896907859650391e+00
5.917896907859644173e+00
5.917896907859641509e+00
5.917896907859642397e+00
5.917896907859647726e+00
5.917896907859647726e+00
5.917896907859650391e+00
5.917896907859647726e+00
5.917896907859403477e+00
5.917896907859486966e+00
5.917896907859567790e+00
5.917896907859621969e+00
5.917896907859652167e+00
5.917896907859663713e+00
5.917896907859660161e+00
5.917896907859412359e+00
5.917896907859492295e+00
5.917896907859572231e+00
5.917896907859626410e+00
5.917896907859655720e+00
5.917896907859662825e+00
5.917896907859661049e+00
5.917896907859655720e+00
5.917896907859652167e+00
5.917896907859651279e+00
5.917896907859652167e+00
5.917896907859650391e+00
5.917896907859647726e+00
5.917896907859648614e+00
5.917896907859646838e+00
5.917896907859644173e+00
5.917896907859645950e+00
5.917896907859646838e+00
5.917896907859647726e+00
5.917896907859647726e+00
5.917896907859646838e+00
5.917896907859406141e+00
5.917896907859486966e+00
5.917896907859568678e+00
5.917896907859622857e+00
5.917896907859653943e+00
5.917896907859663713e+00
5.917896907859663713e+00
5.917896907859658384e+00
5.917896907859653943e+00
5.917896907859652167e+00
5.917896907859650391e+00
5.917896907859647726e+00
5.917896907859646838e+00
5.917896907859644173e+00
5.917896907859645950e+00
5.917896907859646838e+00
5.917896907859647726e+00
5.917896907859647726e+00
5.917896907859646838e+00
5.917896907859647726e+00
5.917896907859646838e+00
5.917896907859406141e+00
5.917896907859486966e+00
5.917896907859568678e+00
5.917896907859622857e+00
5.917896907859652167e+00
5.917896907859661049e+00
5.917896907859660161e+00
5.917896907859658384e+00
5.917896907859412359e+00
5.917896907859491407e+00
5.917896907859572231e+00
5.917896907859625522e+00
5.917896907859655720e+00
5.917896907859662825e+00
5.917896907859661049e+00
5.917896907859655720e+00
5.917896907859652167e+00
5.917896907859651279e+00
5.917896907859652167e+00
5.917896907859651279e+00
5.917896907859651279e+00
5.917896907859652167e+00
5.917896907859650391e+00
5.917896907859647726e+00
5.917896907859648614e+00
5.917896907859647726e+00
5.917896907859403477e+00
5.917896907859486966e+00
5.917896907859567790e+00
5.917896907859621969e+00
5.917896907859651279e+00
5.917896907859419464e+00
5.917896907859502953e+00
5.917896907859340416e+00
5.917896907859473643e+00
5.917896907859335975e+00
5.917896907859479860e+00
5.917896907859589106e+00
5.917896907859647726e+00
5.917896907859667266e+00
5.917896907859427458e+00
5.917896907859502953e+00
5.917896907859580224e+00
5.917896907859626410e+00
5.917896907859653943e+00
5.917896907859660161e+00
5.917896907859660161e+00
5.917896907859660161e+00
5.917896907859655720e+00
5.917896907859652167e+00
5.917896907859652167e+00
5.917896907859650391e+00
5.917896907859647726e+00
5.917896907859646838e+00
5.917896907859406141e+00
5.917896907859486966e+00
5.917896907859567790e+00
5.917896907859621969e+00
5.917896907859651279e+00
5.917896907859419464e+00
5.917896907859502953e+00
5.917896907859340416e+00
5.917896907859473643e+00
5.917896907859335975e+00
5.917896907859479860e+00
5.917896907859589106e+00
5.917896907859648614e+00
5.917896907859670819e+00
5.917896907859671707e+00
5.917896907859665490e+00
5.917896907859658384e+00
5.917896907859653943e+00
5.917896907859650391e+00
5.917896907859651279e+00
5.917896907859651279e+00
5.917896907859652167e+00
5.917896907859650391e+00
5.917896907859647726e+00
5.805588986570523247e+00
5.694469105377840457e+00
5.585392537433610194e+00
5.477336767954358976e+00
5.371205581139442131e+00
5.266558285083934088e+00
5.163458110468618578e+00
5.062241394252436244e+00
4.962115384368460447e+00
4.863898362932528308e+00
4.766993327404405179e+00
4.671409652024240522e+00
4.577681917418045643e+00
4.485073040329595528e+00
4.394144290292875787e+00
4.304966874395053544e+00
4.216779401871682431e+00
4.130344835092941480e+00
4.045527771859781296e+00
3.961627800042309744e+00
3.879420886228513776e+00
3.798848178304300216e+00
3.719197960768172884e+00
3.641176112157545663e+00
3.564756083239406514e+00
3.489346799973602753e+00
3.415348355496528487e+00
3.342887710718451810e+00
3.271680495288554980e+00
3.201449975655060953e+00
3.132698088495259547e+00
3.065399744974601326e+00
2.999056181093502804e+00
2.933868608449216708e+00
2.870076540621491201e+00
2.807654814994548165e+00
2.746223941290397264e+00
2.685959833520987772e+00
2.627001296146610709e+00
2.569324331178470366e+00
2.512654900483521025e+00
2.456841332019852775e+00
2.402254621515861555e+00
2.348871802439416179e+00
2.296669937994268995e+00
2.245265147912249404e+00
2.194852927923002905e+00
2.145565556673845187e+00
2.097381046133648841e+00
2.050277699543404442e+00
2.003992800830363574e+00
1.974344307615379712e+00
1.962354078247044109e+00
1.961428370763571793e+00
1.964869323248105593e+00
1.968550866113615294e+00
1.970885331814719255e+00
1.971822608980257963e+00
1.971888847004459322e+00
1.971613886252177705e+00
1.971322499409285278e+00
1.971138680635634799e+00
1.971065421394843975e+00
1.971060734384800339e+00
1.971082704394125251e+00
1.971105764433314755e+00
1.971120235393167164e+00
1.971125960435350155e+00
1.971126288089836365e+00
1.971124533741037688e+00
1.971122708972118165e+00
1.971121569582416466e+00
1.971121122232152745e+00
1.971121099734294502e+00
1.971121239833971250e+00
1.971121384229113538e+00
1.971121473839956728e+00
1.971121508824219770e+00
1.971121510367722873e+00
1.971121499201496929e+00
1.971121487783297210e+00
1.971121480722063168e+00
1.971121477989276505e+00
1.971121477888376106e+00
1.971121478692309470e+00
1.971121479630515427e+00
1.971121480132007608e+00
1.971121480312399088e+00
1.971121480393689174e+00
1.971121480287593375e+00
1.971121480274816262e+00
1.971121480268412496e+00
1.971121480266809556e+00
1.971121480267569614e+00
1.971121480268890336e+00
1.971121480269898196e+00
1.971121480270400683e+00
1.971121480270525250e+00
1.971121480270463300e+00
1.971121480270358273e+00
1.971121480270278559e+00
1.971121480270238369e+00
1.971121480270229487e+00
1.971121480270234150e+00
1.971121480270241699e+00
1.971121480270248583e+00
1.971121480270252135e+00
1.971121480270253912e+00
1.971121480270253690e+00
1.971121480270252135e+00
1.971121480270251913e+00
1.971121480270251691e+00
1.971121480270251691e+00
1.971121480270251913e+00
1.971121480270251913e+00
1.971121480270251913e+00
1.971121480270251913e+00
1.971121480270251913e+00
1.971121480270251913e+00
1.971121480270251913e+00
1.971121480270251913e+00
1.971121480270251913e+00
1.971121480270251913e+00
1.971121480270251913e+00
1.971121480270251913e+00
1.971121480270251913e+00
1.971121480270251913e+00
1.971121480270251913e+00
1.971121480270251913e+00
1.971121480270251913e+00
1.971121480270251913e+00
1.971121480270251913e+00
1.971121480270251913e+00
1.971121480270251913e+00
1.971121480270251913e+00
1.971121480270251913e+00
1.971121480270251913e+00
1.971121480270251913e+00
1.971121480270251913e+00
1.971121480270251913e+00
1.971121480270251913e+00
1.971121480270251913e+00
1.971121480270251913e+00
1.971121480270251913e+00
1.971121480270251913e+00
1.971121480270251913e+00
1.971121480270251913e+00
1.971121480270251913e+00
1.971121480270251913e+00
1.971121480270251913e+00
1.971121480270251913e+00
1.971121480270251913e+00
1.971121480270251913e+00
1.971121480270251913e+00
1.971121480270251913e+00
1.971121480270251913e+00
1.971121480270251913e+00
1.971121480270251913e+00
1.971121480270251913e+00
1.971121480270251913e+00
1.971121480270251913e+00
1.971121480270251913e+00
1.971121480270251913e+00
1.971121480270251913e+00
1.971121480270251913e+00
1.971121480270251913e+00
1.971121480270251913e+00
1.971121480270251913e+00
1.971121480270251913e+00
1.971121480270251913e+00
1.971121480270251913e+00
1.971121480270251913e+00
1.971121480270251913e+00
1.971121480270251913e+00
1.971121480270251913e+00
1.971121480270251913e+00
1.971121480270251913e+00
1.971121480270251913e+00
1.971121480270251913e+00
1.971121480270251913e+00
1.971121480270251913e+00
1.971121480270251913e+00
1.971121480270251913e+00
1.971121480270251913e+00
1.971121480270251913e+00
1.971121480270251913e+00
1.971121480270251913e+00
1.971121480270251913e+00
1.971121480270251913e+00
1.971121480270251913e+00
1.971121480270251913e+00
1.971121480270251913e+00
1.971121480270251913e+00
1.971121480270251913e+00
1.971121480270251913e+00
1.971121480270251913e+00
1.971121480270251913e+00
1.971121480270251913e+00
1.971121480270251913e+00
1.971121480270251913e+00
1.971121480270251913e+00
1.971121480270251913e+00
1.971121480270251913e+00
1.971121480270251913e+00
1.971121480270251913e+00
1.971121480270251913e+00
1.971121480270251913e+00
1.971121480270251913e+00
1.971121480270251913e+00
1.971121480270251913e+00
1.971121480270251913e+00
1.971121480270251913e+00
1.971121480270251913e+00
1.971121480270251913e+00
1.971121480270251913e+00
1.971121480270251913e+00
1.971121480270251913e+00
1.971121480270251913e+00
1.971121480270251913e+00
1.971121480270251913e+00
1.971121480270251913e+00
1.971121480270251913e+00
1.971121480270251913e+00
1.971121480270251913e+00
1.971121480270251913e+00
1.971121480270251913e+00
1.971121480270251913e+00
1.971121480270251913e+00
1.971121480270251913e+00
1.971121480270251913e+00
1.971121480270251913e+00
1.971121480270251913e+00
1.971121480270251913e+00
1.971121480270251913e+00
1.971121480270251913e+00
1.971121480270251913e+00
1.971121480270251913e+00
1.971121480270251913e+00
1.971121480270251913e+00
1.971121480270251913e+00
1.971121480270251913e+00
1.971121480270251913e+00
1.971121480270251913e+00
1.971121480270251913e+00
1.971121480270251913e+00
1.971121480270251913e+00
1.971121480270251913e+00
1.971121480270251913e+00
1.971121480270251913e+00
1.971121480270251913e+00
1.971121480270251913e+00
1.971121480270251913e+00
1.971121480270251913e+00
1.971121480270251913e+00
1.971121480270251913e+00
1.971121480270251913e+00
1.971121480270251913e+00
1.971121480270251913e+00
1.971121480270251913e+00
1.971121480270251913e+00
1.971121480270251913e+00
1.971121480270251913e+00
1.971121480270251913e+00
1.971121480270251913e+00
1.971121480270251913e+00
1.971121480270251913e+00
1.971121480270251913e+00
1.971121480270251913e+00
1.971121480270251913e+00
1.971121480270251913e+00
1.971121480270251913e+00
1.971121480270251913e+00
1.971121480270251913e+00
1.971121480270251913e+00
1.971121480270251913e+00
1.971121480270251913e+00
1.971121480270251913e+00
1.971121480270251913e+00
1.971121480270251913e+00
1.971121480270251913e+00
1.971121480270251913e+00
1.971121480270251913e+00
1.971121480270251913e+00
1.971121480270251913e+00
1.971121480270251913e+00
1.971121480270251913e+00
1.971121480270251913e+00
1.971121480270251913e+00
1.971121480270251913e+00
1.971121480270251913e+00
1.971121480270251913e+00
1.971121480270251913e+00
1.971121480270251913e+00
1.971121480270251913e+00
1.971121480270251913e+00
1.971121480270251913e+00
1.971121480270251913e+00
1.971121480270251913e+00
1.971121480270251913e+00
