1.047231777576754230e-01
2.499953082217965805e-01
3.901271231127365069e-01
5.265595839410162071e-01
6.585766529127290436e-01
7.870361026975886132e-01
9.111716259490315606e-01
1.032154934976322824e+00
1.149339324277205421e+00
1.263739531215873235e+00
1.374156479894811378e+00
1.481946428029386364e+00
1.586546294090529496e+00
1.688336063741138426e+00
1.787650431644068894e+00
1.883837943516350144e+00
1.977840374257024303e+00
2.069296365212040190e+00
2.158202767267626943e+00
2.245121166307275651e+00
2.327826977239204176e+00
2.404464611014140552e+00
2.474192824674172897e+00
2.536391544717626623e+00
2.590328405310613480e+00
2.636880924792723402e+00
2.676456331290218760e+00
2.709600570896502525e+00
2.736938733496464327e+00
2.759129633011784488e+00
2.776832101092063354e+00
2.790661238165284441e+00
2.801162393623547242e+00
2.808974035367825639e+00
2.814580847054673374e+00
2.818409135120090614e+00
2.820828020127450486e+00
2.822152364366159016e+00
2.822646836773274437e+00
2.822530634278566986e+00
2.821982509934250594e+00
2.821145836420784647e+00
2.820133500138289229e+00
2.819032512532267720e+00
2.817908240795344632e+00
2.816808216974877155e+00
2.815765506921719119e+00
2.814801642400081683e+00
2.813929134600301474e+00
2.813153597296274899e+00
2.812475514008564215e+00
2.811891686657124190e+00
2.811396404056403675e+00
2.810982368081678562e+00
2.810641412041364084e+00
2.810365046177560000e+00
2.810144858441347093e+00
2.809972799038895630e+00
2.809841368203857659e+00
2.809743732917303394e+00
2.809673784018977383e+00
2.809626151965785024e+00
2.809596189960501533e+00
2.809579937339505395e+00
2.809574067046855195e+00
2.809575824276668410e+00
2.809582966475874244e+00
2.809593694067885394e+00
2.809606594495146936e+00
2.809620576151412585e+00
2.809634821639730440e+00
2.809648737590750844e+00
2.809661912205210221e+00
2.809674078336928282e+00
2.809685081860277656e+00
2.809694854972480282e+00
2.809703391888944690e+00
2.809710737055823415e+00
2.809716964204630241e+00
2.809722166319497560e+00
2.809726447216190692e+00
2.809729914534375261e+00
2.809732674730934576e+00
2.809734829547263946e+00
2.809736473254691003e+00
2.809737692461955483e+00
2.809738563973399383e+00
2.809739155319909365e+00
2.809739525292469509e+00
2.809739723709780979e+00
2.809739792209357212e+00
2.809739765744021511e+00
2.809739672286343470e+00
2.809739534381421322e+00
2.809739369746834470e+00
2.809739192008187114e+00
2.809739011373223239e+00
2.809738835237522991e+00
2.809738668536611694e+00
2.809738514951226396e+00
2.809738376001189586e+00
2.809738252871493813e+00
2.809738145384246710e+00
2.809738052976862743e+00
2.809737974699263230e+00
2.809737909359162789e+00
2.809737855634631742e+00
2.809737812159230241e+00
2.809737777584401019e+00
2.809737750623403585e+00
2.809737730080424267e+00
2.809737714868063119e+00
2.809737704015897730e+00
2.809737696672315987e+00
2.809737692101548223e+00
2.809737689677290096e+00
2.809737688874187622e+00
2.809737689258105409e+00
2.809737690475818450e+00
2.809737692244749230e+00
2.809737694343034331e+00
2.809737696418950659e+00
2.809737698717046150e+00
2.809737700957927409e+00
2.809737703076472304e+00
2.809737705030614041e+00
2.809737706796289647e+00
2.809737708363165165e+00
2.809737709731090938e+00
2.809737710725879190e+00
2.809737711731658649e+00
2.809737712576372282e+00
2.809737713275346493e+00
2.809737713844819851e+00
2.809737714301096645e+00
2.809737714478624415e+00
2.809737714764282135e+00
2.809737714803113739e+00
2.809737714977912137e+00
2.809737715111120249e+00
2.809737715209780884e+00
2.809737715280181014e+00
2.809737715327837115e+00
2.809737715176198858e+00
2.809737715201404029e+00
2.809737715219646326e+00
2.809737715232252242e+00
2.809737715240375966e+00
2.809737715245002043e+00
2.809737715246960921e+00
2.809737715246943601e+00
2.809737715245517187e+00
2.809737715243136424e+00
2.809737715240160583e+00
2.809737715236865885e+00
2.809737715233466382e+00
2.809737715048793216e+00
2.809737714873720371e+00
2.809737714893184801e+00
2.809737714737216674e+00
2.809737714775291106e+00
2.809737714818218990e+00
2.809737714681731724e+00
2.809737714735738301e+00
2.809737714791479046e+00
2.809737714846434642e+00
2.809737714898832728e+00
2.809737714947497356e+00
2.809737714991725976e+00
2.809737715031177530e+00
2.809737715065786290e+00
2.809737715095671717e+00
2.809737715121102486e+00
2.809737715142426762e+00
2.809737715160038896e+00
2.809737715174363437e+00
2.809737715185820495e+00
2.809737715194807972e+00
2.809737715201708674e+00
2.809737715206865882e+00
2.809737715210594011e+00
2.809737715213163067e+00
2.809737715033494787e+00
2.809737715043869155e+00
2.809737715057245122e+00
2.809737715072279762e+00
2.809737714906634931e+00
2.809737714931638042e+00
2.809737714959544164e+00
2.809737714988510771e+00
2.809737715017179394e+00
2.809737715044592576e+00
2.809737715070113051e+00
2.809737715093352239e+00
2.809737715114121404e+00
2.809737715132367697e+00
2.809737715148149739e+00
2.809737715161598537e+00
2.809737715172894390e+00
2.809737715182237139e+00
2.809737715008528980e+00
2.809737715024068994e+00
2.809737715041856099e+00
2.809737715060598884e+00
2.809737715079345666e+00
2.809737715097412991e+00
2.809737715114337231e+00
2.809737715129831503e+00
2.809737715143741266e+00
2.809737715156011895e+00
2.809737715166666483e+00
2.809737715175783190e+00
2.809737715002146974e+00
2.809737715017970761e+00
2.809737715036181527e+00
2.809737715055434126e+00
2.809737714893413951e+00
2.809737714921488383e+00
2.809737714951956455e+00
2.809737714983025825e+00
2.809737715013395309e+00
2.809737715042162076e+00
2.809737714887421856e+00
2.809737714920911067e+00
2.809737714955268029e+00
2.809737714988995716e+00
2.809737715021047855e+00
2.809737715050740547e+00
2.809737715077662568e+00
2.809737715101631839e+00
2.809737715122617274e+00
2.809737715140710801e+00
2.809737715156081617e+00
2.809737715168945993e+00
2.809737715179557505e+00
2.809737715188174167e+00
2.809737715195049557e+00
2.809737715200428365e+00
2.809737715204547293e+00
2.809737715207615061e+00
2.809737715209823072e+00
2.809737715211334308e+00
2.809737715212293985e+00
2.809737715212823783e+00
2.809737715213028952e+00
2.809737715212993425e+00
2.809737715212788700e+00
2.809737715212470288e+00
2.809737715212079934e+00
2.809737715211652276e+00
2.809737715211216624e+00
2.809737715210789855e+00
2.809737715210384845e+00
2.809737715210010034e+00
2.809737715209669418e+00
2.809737715209367881e+00
2.809737715209103648e+00
2.809737715208875386e+00
2.809737715208683539e+00
2.809737715027204707e+00
2.809737715036515038e+00
2.809737715049398954e+00
2.809737715064368313e+00
2.809737715080282250e+00
2.809737715096293886e+00
2.809737715111791267e+00
2.809737715126356949e+00
2.809737715139732472e+00
2.809737715151765958e+00
2.809737715162406779e+00
2.809737715171669148e+00
2.809737715179604134e+00
2.809737715186306772e+00
2.809737715191881868e+00
2.809737715196450214e+00
2.809737715200132602e+00
2.809737715203050712e+00
2.809737715205316455e+00
2.809737715207035080e+00
2.809737715208297182e+00
2.809737715209189357e+00
2.809737715209784437e+00
2.809737715210148590e+00
2.809737715210331999e+00
2.809737715029060112e+00
2.809737715038449490e+00
2.809737715051321416e+00
2.809737715066211283e+00
2.809737715082001319e+00
2.809737714916542561e+00
2.809737714941319631e+00
2.809737714968711497e+00
2.809737714996977775e+00
2.809737715024835936e+00
2.809737715051394247e+00
2.809737715076055853e+00
2.809737715098468147e+00
2.809737715118457047e+00
2.809737715135990133e+00
2.809737715151133131e+00
2.809737715164014382e+00
2.835032323588694059e+00
2.903161644935781993e+00
2.971493017052611929e+00
3.038364872595907595e+00
3.103127741451130017e+00
3.166481378912059164e+00
3.228498303230467048e+00
3.289211625312429721e+00
3.348068878940615889e+00
3.405632598827445179e+00
3.461999365535681772e+00
3.517197798419347876e+00
3.571042144369888316e+00
3.623482897134878478e+00
3.674845965360824529e+00
3.725156421590539502e+00
3.774438638330996465e+00
3.822524044470345661e+00
3.869375116471872822e+00
3.915275871594718016e+00
3.960247886842144016e+00
4.004312272387980265e+00
4.047489674620051936e+00
4.089438213846392500e+00
4.130460529990008567e+00
4.170663483289534845e+00
4.210065298476024509e+00
4.248683646971354477e+00
4.286535672826923715e+00
4.323505342849973232e+00
4.359538805947252627e+00
4.394861278145159034e+00
4.429488080507917758e+00
4.463172777180869133e+00
4.495037465414262634e+00
4.524516005730911949e+00
4.551284515665849462e+00
4.575089504122693107e+00
4.595966519091042812e+00
4.614118614399417950e+00
4.629708148796437328e+00
4.642937763139179275e+00
4.654032089896438684e+00
4.663223930006189732e+00
4.670744063591310891e+00
4.676814049001472462e+00
4.681641371033734345e+00
4.685416443091527050e+00
4.688311041105848176e+00
4.690477808421204209e+00
4.692050547870328714e+00
4.693145061218397807e+00
4.693860364811870411e+00
4.694280118609281516e+00
4.694474173260827499e+00
4.694500137691726138e+00
4.694404911981060913e+00
4.694226157264943744e+00
4.693993644327821180e+00
4.693730495331355002e+00
4.693454294391163906e+00
4.693178066489664957e+00
4.692911136524667626e+00
4.692659865201144420e+00
4.692428278594893420e+00
4.692218588128048928e+00
4.692031644781748945e+00
4.691867288250857193e+00
4.691724641850358424e+00
4.691602345951951136e+00
4.691498740966761893e+00
4.691412007862954425e+00
4.691340276875912707e+00
4.691281702587652980e+00
4.691234521355564624e+00
4.691197086148148898e+00
4.691167891013795277e+00
4.691145575610337737e+00
4.691128939613679272e+00
4.691116929227429289e+00
4.691108634475508410e+00
4.691103278985249148e+00
4.691100207924891130e+00
4.691098873897365351e+00
4.691098829358541167e+00
4.691099709281608021e+00
4.691101221215248529e+00
4.691103134518447071e+00
4.691105270570965047e+00
4.691107494010919865e+00
4.691109705004687491e+00
4.691111832515765911e+00
4.691113828514889228e+00
4.691115663060632102e+00
4.691117320167871974e+00
4.691118794379973700e+00
4.691120087960150897e+00
4.691121208620773864e+00
4.691122167714620872e+00
4.691122978816772537e+00
4.691123656635348915e+00
4.691124216193197860e+00
4.691124672232058757e+00
4.691125038794792701e+00
4.691125328950667139e+00
4.691125554631121020e+00
4.691125726550999353e+00
4.691125854192815581e+00
4.691125945836964739e+00
4.691126008624642907e+00
4.691126048640215984e+00
4.691126071006978648e+00
4.691126079987026465e+00
4.691126079082554412e+00
4.691126071133689734e+00
4.691126058410859834e+00
4.691126042700164867e+00
4.691126025380786935e+00
4.691126007494147210e+00
4.691125989804781682e+00
4.691125972853264159e+00
4.691125957001618829e+00
4.691125942471785493e+00
4.691125929378277881e+00
4.691125917754390251e+00
4.691125907574366316e+00
4.691125898771312919e+00
4.691125891250685243e+00
4.691125884901627963e+00
4.691125879605270832e+00
4.691125875241033860e+00
4.691125871691172122e+00
4.691125868843935898e+00
4.691125866595636573e+00
4.691125864851782623e+00
4.691125863527867423e+00
4.691125862549185399e+00
4.691125861850699685e+00
4.691125861376174377e+00
4.691125861078107029e+00
4.691125860916238288e+00
4.691125860857466634e+00
4.691125860874404196e+00
4.691125860944965531e+00
4.691125861051524737e+00
4.691125861180255541e+00
4.691125861320518453e+00
4.691125861464300328e+00
4.691125861605663694e+00
4.691125861740680136e+00
4.691125861866448865e+00
4.691125861981510603e+00
4.691125862084957632e+00
4.691125862176609651e+00
4.691125862256635415e+00
4.691125862325792539e+00
4.691125862384774692e+00
4.691125862434484262e+00
4.691125862475796104e+00
4.691125862509847977e+00
4.691125862537491642e+00
4.691125862559620607e+00
4.691125862577054662e+00
4.691125862590539874e+00
4.691125862600745045e+00
4.691125862608260810e+00
4.691125862613592545e+00
4.691125862617097297e+00
4.691125862619238696e+00
4.691125862620421749e+00
4.691125862620724618e+00
4.691125862620453724e+00
4.691125862619777820e+00
4.691125862618837239e+00
4.691125862617738562e+00
4.691125862616564390e+00
4.691125862615463049e+00
4.691125862614385689e+00
4.691125862613365172e+00
4.691125862612415709e+00
4.691125862611552400e+00
4.691125862610777908e+00
4.691125862610006969e+00
4.691125862609413666e+00
4.691125862608906516e+00
4.691125862608386932e+00
4.691125862608030772e+00
4.691125862607736785e+00
4.691125862607501418e+00
4.691125862607225194e+00
4.691125862607080421e+00
4.691125862606969399e+00
4.691125862606890351e+00
4.691125862606837060e+00
4.691125862606798869e+00
4.691125862606777552e+00
4.691125862606766894e+00
4.691125862606764230e+00
4.691125862606764230e+00
4.691125862606685182e+00
4.691125862606698504e+00
4.691125862606718044e+00
4.691125862606648766e+00
4.691125862606675412e+00
4.691125862606702945e+00
4.691125862606642549e+00
4.691125862606672747e+00
4.691125862606703834e+00
4.691125862606644326e+00
4.691125862606676300e+00
4.691125862606707386e+00
4.691125862606648766e+00
4.691125862606593699e+00
4.691125862606630115e+00
4.691125862606663866e+00
4.691125862606698504e+00
4.691125862606733143e+00
4.691125862606762453e+00
4.691125862606788210e+00
4.691125862606811303e+00
4.691125862606832619e+00
4.691125862606849495e+00
4.691125862606864594e+00
4.691125862606877917e+00
4.691125862606886798e+00
4.691125862606808639e+00
4.691125862606819297e+00
4.691125862606829955e+00
4.691125862606841501e+00
4.691125862606851271e+00
4.691125862606861041e+00
4.691125862606870811e+00
4.691125862606880581e+00
4.691125862606885022e+00
4.691125862606805086e+00
4.691125862606814856e+00
4.691125862606825514e+00
4.691125862606836172e+00
4.691125862606845942e+00
4.691125862606855712e+00
4.691125862606865482e+00
4.691125862606874364e+00
4.691125862606796204e+00
4.691125862606807750e+00
4.691125862606819297e+00
4.691125862606743802e+00
4.691125862606758901e+00
4.691125862606776664e+00
4.691125862606705610e+00
4.691125862606638108e+00
4.691125862606576824e+00
4.691125862606609687e+00
4.691125862606553731e+00
4.691125862606591035e+00
4.691125862606628338e+00
4.691125862606663866e+00
4.691125862606611463e+00
4.691125862606646990e+00
4.691125862606593699e+00
4.691125862606631003e+00
4.691125862606667418e+00
4.691125862606702057e+00
4.691125862606647878e+00
4.691125862606683405e+00
4.691125862606717156e+00
4.691125862606747354e+00
4.691125862606774888e+00
4.691125862606712715e+00
4.691125862606651431e+00
4.691125862606680741e+00
4.691125862606623009e+00
4.691125862606655872e+00
4.691125862606690511e+00
4.691125862606720709e+00
4.691125862606750019e+00
4.691125862606775776e+00
4.691125862606713603e+00
4.691125862606741137e+00
4.691125862606766894e+00
4.691125862606789987e+00
4.691125862606811303e+00
4.691125862606829955e+00
4.691125862606847718e+00
4.691125862606861041e+00
4.691125862606871699e+00
4.691125862606880581e+00
4.691125862606802421e+00
4.691125862606813079e+00
4.691125862606737584e+00
4.691125862606754460e+00
4.691125862606683405e+00
4.691125862606705610e+00
4.691125862606728703e+00
4.691125862606751795e+00
4.691125862606774000e+00
4.691125862606796204e+00
4.691125862606726926e+00
4.691125862606748242e+00
4.691125862606770447e+00
4.691125862606791763e+00
4.597014523339693959e+00
4.504202609597456330e+00
4.412898177154294110e+00
4.324933281771605742e+00
4.241741468579759200e+00
4.165167406119188342e+00
4.096071976223105260e+00
4.034483097899205895e+00
3.980198324119302633e+00
3.933338119893750040e+00
3.893419942620083951e+00
3.859856730323744767e+00
3.832007164912362374e+00
3.809213495764101953e+00
3.790720401979566390e+00
3.775994095925947924e+00
3.764525423514259117e+00
3.755788804000142811e+00
3.749312470402293762e+00
3.744679712599592758e+00
3.741527822091601063e+00
3.739545446191747224e+00
3.738468896454705259e+00
3.738077821525321642e+00
3.738190597074023902e+00
3.738659668344093578e+00
3.739367020746812820e+00
3.740219907090405194e+00
3.741146902088021253e+00
3.742094334411828704e+00
3.743023111109786250e+00
3.743905938242218845e+00
3.744724906868369452e+00
3.745469460699474951e+00
3.746134662751091415e+00
3.746719769666861488e+00
3.747227062345098947e+00
3.747660904056422382e+00
3.748026991693672372e+00
3.748331782348201635e+00
3.748582041798437459e+00
3.748784522582958800e+00
3.748945731057746755e+00
3.749071768675468874e+00
3.749168235708453700e+00
3.749240167494997777e+00
3.749292032276234199e+00
3.749327727717784331e+00
3.749350608396180284e+00
3.749363522846135055e+00
3.749368857762136908e+00
3.749368585916581509e+00
3.749364315183204344e+00
3.749357334362789729e+00
3.749348661207937639e+00
3.749339082549295821e+00
3.749329192779093045e+00
3.749319427821801831e+00
3.749310094988041797e+00
3.749301398836699661e+00
3.749293463274721017e+00
3.749286350190782713e+00
3.749280074956361730e+00
3.749274619142616061e+00
3.749269940871528650e+00
3.749265982699796496e+00
3.749262679935208897e+00
3.749259960683832826e+00
3.749257753068628407e+00
3.749255989284713486e+00
3.749254604797096491e+00
3.749253540270118812e+00
3.749252742096039093e+00
3.749252162050561221e+00
3.749251758484755115e+00
3.749251495275366164e+00
3.749251341665285508e+00
3.749251271814274311e+00
3.749251264305081044e+00
3.749251301634986877e+00
3.749251369714803328e+00
3.749251457390803566e+00
3.749251555999803642e+00
3.749251658963582479e+00
3.749251761425699936e+00
3.749251859931328479e+00
3.749251952149143641e+00
3.749252036632992446e+00
3.749252112620415467e+00
3.749252179864585255e+00
3.749252238496016076e+00
3.749252288910447817e+00
3.749252331679374883e+00
3.749252367479875669e+00
3.749252397040766294e+00
3.749252421102250210e+00
3.749252440386686480e+00
3.749252455578318877e+00
3.749252467310097980e+00
3.749252476156079261e+00
3.749252482628058658e+00
3.749252487175337656e+00
3.749252490186752773e+00
3.749252491994254477e+00
3.749252492877474641e+00
3.749252493068801151e+00
3.749252492758699429e+00
3.749252492100953571e+00
3.749252491217736072e+00
3.749252490204317390e+00
3.749252489133377608e+00
3.749252488058920640e+00
3.749252487019676394e+00
3.749252486042097932e+00
3.749252485142942515e+00
3.749252484331427659e+00
3.749252483611074993e+00
3.749252482981194845e+00
3.749252482438125256e+00
3.749252481976196982e+00
3.749252481588502661e+00
3.749252481267501214e+00
3.749252481005459714e+00
3.749252480794774467e+00
3.749252480628209927e+00
3.749252480499035922e+00
3.749252480401136456e+00
3.749252480329034576e+00
3.749252480277911914e+00
3.749252480243582930e+00
3.749252480222467820e+00
3.749252480211542782e+00
3.749252480208287164e+00
3.749252480210630623e+00
3.749252480216895389e+00
3.749252480225740758e+00
3.749252480236125784e+00
3.749252480247242225e+00
3.749252480258494558e+00
3.749252480269448018e+00
3.749252480279799737e+00
3.749252480289363643e+00
3.749252480298024715e+00
3.749252480305738100e+00
3.749252480312500246e+00
3.749252480318346237e+00
3.749252480323333803e+00
3.749252480327529113e+00
3.749252480331012549e+00
3.749252480333865378e+00
3.749252480336166649e+00
3.749252480337991411e+00
3.749252480339414717e+00
3.749252480340496962e+00
3.749252480341298543e+00
3.749252480341871863e+00
3.749252480342263993e+00
3.749252480342509131e+00
3.749252480342641913e+00
3.749252480342691207e+00
3.749252480342677885e+00
3.749252480342618821e+00
3.749252480342530447e+00
3.749252480342424310e+00
3.749252480342306626e+00
3.749252480342188942e+00
3.749252480342071259e+00
3.749252480341963345e+00
3.749252480341861204e+00
3.749252480341769722e+00
3.749252480341689786e+00
3.749252480341617844e+00
3.749252480341555227e+00
3.749252480341500604e+00
3.749252480341457971e+00
3.749252480341419336e+00
3.749252480341388694e+00
3.749252480341362492e+00
3.749252480341343396e+00
3.749252480341327853e+00
3.749252480341315419e+00
3.749252480341306537e+00
3.749252480341299432e+00
3.749252480341294547e+00
3.749252480341290106e+00
3.749252480341287441e+00
3.749252480341285665e+00
3.749252480341285665e+00
3.749252480341287441e+00
3.749252480341287885e+00
3.749252480341289662e+00
3.749252480341290994e+00
3.749252480341295879e+00
3.749252480341297211e+00
3.749252480341298543e+00
3.749252480341299432e+00
3.749252480341300320e+00
3.749252480341304761e+00
3.749252480341306537e+00
3.749252480341307869e+00
3.749252480341310534e+00
3.749252480341310534e+00
3.749252480341310534e+00
3.749252480341310534e+00
3.749252480341310534e+00
3.749252480341309202e+00
3.749252480341309202e+00
3.749252480341309202e+00
3.749252480341309202e+00
3.749252480341309202e+00
3.749252480341309202e+00
3.749252480341309202e+00
3.749252480341309202e+00
3.749252480341309202e+00
3.749252480341309202e+00
3.749252480341309202e+00
3.749252480341309202e+00
3.749252480341309202e+00
3.749252480341309202e+00
3.749252480341309202e+00
3.749252480341309202e+00
3.749252480341309202e+00
3.749252480341309202e+00
3.749252480341309202e+00
3.749252480341309202e+00
3.749252480341309202e+00
3.749252480341309202e+00
3.749252480341309202e+00
3.749252480341309202e+00
3.749252480341309202e+00
3.749252480341309202e+00
3.749252480341309202e+00
3.749252480341309202e+00
3.749252480341309202e+00
3.749252480341309202e+00
3.749252480341309202e+00
3.749252480341309202e+00
3.749252480341309202e+00
3.749252480341309202e+00
3.749252480341309202e+00
3.749252480341309202e+00
3.749252480341309202e+00
3.749252480341309202e+00
3.749252480341309202e+00
3.749252480341309202e+00
3.749252480341309202e+00
3.749252480341309202e+00
3.749252480341309202e+00
3.749252480341309202e+00
3.749252480341309202e+00
3.749252480341309202e+00
3.749252480341309202e+00
3.749252480341309202e+00
3.749252480341309202e+00
3.749252480341309202e+00
3.749252480341309202e+00
3.749252480341309202e+00
3.749252480341309202e+00
3.749252480341309202e+00
3.749252480341309202e+00
3.749252480341309202e+00
3.749252480341309202e+00
3.749252480341309202e+00
3.749252480341309202e+00
3.749252480341309202e+00
3.749252480341309202e+00
3.749252480341309202e+00
3.749252480341309202e+00
3.749252480341309202e+00
3.749252480341309202e+00
3.749252480341309202e+00
3.749252480341309202e+00
3.749252480341309202e+00
3.749252480341309202e+00
3.749252480341309202e+00
3.749252480341309202e+00
3.749252480341309202e+00
3.749252480341309202e+00
3.749252480341309202e+00
3.749252480341309202e+00
3.749252480341309202e+00
3.749252480341309202e+00
3.749252480341309202e+00
3.749252480341309202e+00
3.749252480341309202e+00
3.749252480341309202e+00
3.749252480341309202e+00
3.749252480341309202e+00
3.749252480341309202e+00
3.749252480341309202e+00
3.749252480341309202e+00
3.749252480341309202e+00
3.749252480341309202e+00
3.749252480341309202e+00
3.749252480341309202e+00
3.749252480341309202e+00
3.749252480341309202e+00
3.749252480341309202e+00
3.749252480341309202e+00
3.749252480341309202e+00
3.759390279554164493e+00
3.807920846577777407e+00
3.855068592871949917e+00
3.901259292210621954e+00
3.946514665639420105e+00
3.990855966618957584e+00
4.034303983796231563e+00
4.076654444647977549e+00
4.117932503640533426e+00
4.158385479414345554e+00
4.198031772349381185e+00
4.236889221193379740e+00
4.274975129524881901e+00
4.312278123888793502e+00
4.348533388169327552e+00
4.384072871423770223e+00
4.418912013966697749e+00
4.453065872428506822e+00
4.486549131257982381e+00
4.519376113803298622e+00
4.551560792989987725e+00
4.582930559933263481e+00
4.613588327732401240e+00
4.643648978729100207e+00
4.673125020156533971e+00
4.702028723674978039e+00
4.730372125479519241e+00
4.758167026882056838e+00
4.785424995319337071e+00
4.812157365742521620e+00
4.838117987144468835e+00
4.863533569388151179e+00
4.888461728944567319e+00
4.912912583347237572e+00
4.936895977697395743e+00
4.960421495877214149e+00
4.983498471126652341e+00
5.006135996026018553e+00
5.028342931923241110e+00
5.050127917842062608e+00
5.071483340837052545e+00
5.092261370286029099e+00
5.112644990789591226e+00
5.132642090610287866e+00
5.152260386050452112e+00
5.171507424165377564e+00
5.190390588655139581e+00
5.208917105753116950e+00
5.227094036800598253e+00
5.244928299516429249e+00
5.262426657969803578e+00
5.279595735277697877e+00
5.296442012831497514e+00
5.312971830966384701e+00
5.329138185268307737e+00
5.344912362508119408e+00
5.360390921765836758e+00
5.375579617980066338e+00
5.390484088738209500e+00
5.405109858120429323e+00
5.419462336707630001e+00
5.433546826986813016e+00
5.447368522966470117e+00
5.460932516977526241e+00
5.474243797839302594e+00
5.487307251406412512e+00
5.500127666157936801e+00
5.512709736114282499e+00
5.525058056270471418e+00
5.537177127167296042e+00
5.549061129279807325e+00
5.560388577844313396e+00
5.570947369597687882e+00
5.580571215496946458e+00
5.589191121039147170e+00
5.596853918291111896e+00
5.603582932769106684e+00
5.609425107335101579e+00
5.614442785442805395e+00
5.618707323167610568e+00
5.622294224118912886e+00
5.625279521523136594e+00
5.627737155551630899e+00
5.629737189450527701e+00
5.631344630801254247e+00
5.632618763732151201e+00
5.633612850454984056e+00
5.634374117808114590e+00
5.634943936811549037e+00
5.635358146536290747e+00
5.635647460752943871e+00
5.635837927630779731e+00
5.635951409276969137e+00
5.636006061721716698e+00
5.636016796455664668e+00
5.635995718845909330e+00
5.635952531639245144e+00
5.635894902123030903e+00
5.635828791068221655e+00
5.635758743644541546e+00
5.635688143672522799e+00
5.635619432973386189e+00
5.635554300530812633e+00
5.635493840280446420e+00
5.635438684717838598e+00
5.635389115263744308e+00
5.635345152894859488e+00
5.635306630570679154e+00
5.635273253207667921e+00
5.635244642342561505e+00
5.635220372659310861e+00
5.635199998901947005e+00
5.635183075943019482e+00
5.635169173157375866e+00
5.635157884251153604e+00
5.635148833515272848e+00
5.635141679316264529e+00
5.635136115494214337e+00
5.635131871230208311e+00
5.635128709751853648e+00
5.635126426381457776e+00
5.635124846050647562e+00
5.635123820572146336e+00
5.635123225814879788e+00
5.635122958901543022e+00
5.635122935512455911e+00
5.635123087353059113e+00
5.635123359821089473e+00
5.635123709891731281e+00
5.635124104227660524e+00
5.635124517511377995e+00
5.635124930990794923e+00
5.635125331224601020e+00
5.635125709011822082e+00
5.635126058486893186e+00
5.635126376364051559e+00
5.635126661312185092e+00
5.635126913443611940e+00
5.635127133901124630e+00
5.635127324529089599e+00
5.635127487614377984e+00
5.635127625687053055e+00
5.635127741369741372e+00
5.635127837266052708e+00
5.635127915881957605e+00
5.635127979572269297e+00
5.635128030507289942e+00
5.635128070654867649e+00
5.635128101773992704e+00
5.635128125417423917e+00
5.635128142939415774e+00
5.635128155508462022e+00
5.635128164122082950e+00
5.635128169622992900e+00
5.635128172715718975e+00
5.635128173982988820e+00
5.635128173901294169e+00
5.635128172855931261e+00
5.635128171153930943e+00
5.635128169036494050e+00
5.635128166690123841e+00
5.635128164255627681e+00
5.635128161836717275e+00
5.635128159507433843e+00
5.635128157317701891e+00
5.635128155298847474e+00
5.635128153467773515e+00
5.635128151830512522e+00
5.635128150385113166e+00
5.635128149123881158e+00
5.635128148035568607e+00
5.635128147106316376e+00
5.635128146321103593e+00
5.635128145664510591e+00
5.635128145121237608e+00
5.635128144676888162e+00
5.635128144317737231e+00
5.635128144031251729e+00
5.635128143806100276e+00
5.635128143632179842e+00
5.635128143500513609e+00
5.635128143403520973e+00
5.635128143334456219e+00
5.635128143287545299e+00
5.635128143258176792e+00
5.635128143242265075e+00
5.635128143236508791e+00
5.635128143238214093e+00
5.635128143245213828e+00
5.635128143255776045e+00
5.635128143268543610e+00
5.635128143282484459e+00
5.635128143296816106e+00
5.635128143310961235e+00
5.635128143324518391e+00
5.635128143337206907e+00
5.635128143348782537e+00
5.635128143359332320e+00
5.635128143368746123e+00
5.635128143377038157e+00
5.635128143384259936e+00
5.635128143390484290e+00
5.635128143395784939e+00
5.635128143400259582e+00
5.635128143403992595e+00
5.635128143407076351e+00
5.635128143409590784e+00
5.635128143411619384e+00
5.635128143413232316e+00
5.635128143414410928e+00
5.635128143415387925e+00
5.635128143416127777e+00
5.635128143416670454e+00
5.635128143417061253e+00
5.635128143417323265e+00
5.635128143417491131e+00
5.635128143417581725e+00
5.635128143417609259e+00
5.635128143417600377e+00
5.635128143417474256e+00
5.635128143417328594e+00
5.635128143417267310e+00
5.635128143417200697e+00
5.635128143417048818e+00
5.635128143416989310e+00
5.635128143416932467e+00
5.635128143416881841e+00
5.635128143416832103e+00
5.635128143416785917e+00
5.635128143416746838e+00
5.635128143416715751e+00
5.635128143416688218e+00
5.635128143416669566e+00
5.635128143416650914e+00
5.635128143416637592e+00
5.635128143416623381e+00
5.635128143416524793e+00
5.635128143416436863e+00
5.635128143416440416e+00
5.635128143416363145e+00
5.635128143416379132e+00
5.635128143416397783e+00
5.635128143416418212e+00
5.635128143416435975e+00
5.635128143416455515e+00
5.635128143416474167e+00
5.635128143416494595e+00
5.635128143416425317e+00
5.635128143416442192e+00
5.635128143416460844e+00
5.635128143416478608e+00
5.635128143416405777e+00
5.635128143416338276e+00
5.635128143416359592e+00
5.635128143416297419e+00
5.635128143416324953e+00
5.635128143416351598e+00
5.635128143416380020e+00
5.635128143416320512e+00
5.635128143416346269e+00
5.635128143416373803e+00
5.635128143416404889e+00
5.635128143416427982e+00
5.635128143416452851e+00
5.635128143416474167e+00
5.635128143416497259e+00
5.635128143416515023e+00
5.635128143416443969e+00
5.635128143416463509e+00
5.635128143416482160e+00
5.635128143416497259e+00
5.635128143416512358e+00
5.635128143416526569e+00
5.635128143416539004e+00
5.635128143416460844e+00
5.635128143416472390e+00
5.635128143416485713e+00
5.635128143416412883e+00
5.635128143416342716e+00
5.635128143416363145e+00
5.635128143416296531e+00
5.635128143416322288e+00
5.635128143416348045e+00
5.635128143416375579e+00
5.635128143416404889e+00
5.635128143416430646e+00
5.635128143416368474e+00
5.635128143416393343e+00
5.635128143416332946e+00
5.635128143416270774e+00
5.635128143416300084e+00
5.635128143416328506e+00
5.635128143416356039e+00
5.635128143416386237e+00
5.635128143416413771e+00
5.635128143416350710e+00
5.635128143416373803e+00
5.635128143416398672e+00
5.635128143416426205e+00
5.635128143416447521e+00
5.526645646839344117e+00
5.419595191081182151e+00
5.314465991578578574e+00
5.210463195750572929e+00
5.108422682285055139e+00
5.007762420234128875e+00
4.908673818213251216e+00
4.811424516680010477e+00
4.714981631650978500e+00
4.620406666723594569e+00
4.527349566697977501e+00
4.435591054914783449e+00
4.345635809866953636e+00
4.256974612111263490e+00
4.169740065217572678e+00
4.084243974689669265e+00
3.999865620940894484e+00
3.916886073149649761e+00
3.835585275726299148e+00
3.755496211613035484e+00
3.676731420701428554e+00
3.599580598292795752e+00
3.523779669621962096e+00
3.449067812129232191e+00
3.375905619879364661e+00
3.304267383294519966e+00
3.233450054931929607e+00
3.164023666541562640e+00
3.096062298598786011e+00
3.029403318582040594e+00
2.963567952344824175e+00
2.899139447976347039e+00
2.836092877243592270e+00
2.774284722994033725e+00
2.713414042189187469e+00
2.653860220189431463e+00
2.595598863857346394e+00
2.538606420118861617e+00
2.482265818538732738e+00
2.427119716425475637e+00
2.373188029593647830e+00
2.320447802585686947e+00
2.268749943359841481e+00
2.217814802964251264e+00
2.168514691338872868e+00
2.122232661827615718e+00
2.079842758716088813e+00
2.041822702631661102e+00
2.008149948593616951e+00
1.978889187273416450e+00
1.953986857540565447e+00
1.933138005272839743e+00
1.915971348574901034e+00
1.902082365166013478e+00
1.891058165675394642e+00
1.882495558305943728e+00
1.876013569093921030e+00
1.871261525510518720e+00
1.867923680432178601e+00
1.865721166995087055e+00
1.864412020986557561e+00
1.863789759560175563e+00
1.863681058939086199e+00
1.863942807845073490e+00
1.864458879315990414e+00
1.865136795090814426e+00
1.865904452714639783e+00
1.866707019157061831e+00
1.867504057333588596e+00
1.868266933070602986e+00
1.868976516072374805e+00
1.869621180277562633e+00
1.870195096745721264e+00
1.870696786898723873e+00
1.871127934669472914e+00
1.871492417219835280e+00
1.871795527227452460e+00
1.872043367825367177e+00
1.872242386176323992e+00
1.872399035244778798e+00
1.872519520565670392e+00
1.872609641415816428e+00
1.872674685784672333e+00
1.872719374095636935e+00
1.872747849502720330e+00
1.872763680039869705e+00
1.872769890599123022e+00
1.872769003091629969e+00
1.872763085722156662e+00
1.872753805934018079e+00
1.872742481701848760e+00
1.872730123057838147e+00
1.872717497700462586e+00
1.872705160692315962e+00
1.872693497708771915e+00
1.872682759997434720e+00
1.872673087423446292e+00
1.872664538636584108e+00
1.872657117577306130e+00
1.872650782312306417e+00
1.872645461068342509e+00
1.872641065404428984e+00
1.872637497837545961e+00
1.872634654148342959e+00
1.872632435511810689e+00
1.872630746856573491e+00
1.872629500272448677e+00
1.872628616290505255e+00
1.872628024476116870e+00
1.872627663509475848e+00
1.872627480897446128e+00
1.872627432433377370e+00
1.872627481497588509e+00
1.872627598270762750e+00
1.872627758914991558e+00
1.872627944762827346e+00
1.872628141542790781e+00
1.872628338660232039e+00
1.872628528544937332e+00
1.872628706071120419e+00
1.872628868051006590e+00
1.872629012800096637e+00
1.872629139770084050e+00
1.872629249243918270e+00
1.872629342086780779e+00
1.872629419546372853e+00
1.872629483095932468e+00
1.872629534313751565e+00
1.872629574793187146e+00
1.872629606077962583e+00
1.872629629617853952e+00
1.872629646740654463e+00
1.872629658636808747e+00
1.872629666353651912e+00
1.872629670796712942e+00
1.872629672736059847e+00
1.872629672815922630e+00
1.872629671566350185e+00
1.872629669415828424e+00
1.872629666704175522e+00
1.872629663695065450e+00
1.872629660587857403e+00
1.872629657528480207e+00
1.872629654619214712e+00
1.872629651927327110e+00
1.872629649492560500e+00
1.872629647333515779e+00
1.872629645453007141e+00
1.872629643842486979e+00
1.872629642485613699e+00
1.872629641361108987e+00
1.872629640444998245e+00
1.872629639712272143e+00
1.872629639138139401e+00
1.872629638698908305e+00
1.872629638372554917e+00
1.872629638139086117e+00
1.872629637980730344e+00
1.872629637881959352e+00
1.872629637829434923e+00
1.872629637811890291e+00
1.872629637819970050e+00
1.872629637846010109e+00
1.872629637883879816e+00
1.872629637928751700e+00
1.872629637976918060e+00
1.872629638025606669e+00
1.872629638072823122e+00
1.872629638117198514e+00
1.872629638157866205e+00
1.872629638194345691e+00
1.872629638226454896e+00
1.872629638254228457e+00
1.872629638277858888e+00
1.872629638297635735e+00
1.872629638313914047e+00
1.872629638327080404e+00
1.872629638337527824e+00
1.872629638345640002e+00
1.872629638351778203e+00
1.872629638356276160e+00
1.872629638359431858e+00
1.872629638361511306e+00
1.872629638362745208e+00
1.872629638363328741e+00
1.872629638363425997e+00
1.872629638363173088e+00
1.872629638362678373e+00
1.872629638362032445e+00
1.872629638361301252e+00
1.872629638360537196e+00
1.872629638359779580e+00
1.872629638359060600e+00
1.872629638358386917e+00
1.872629638357773629e+00
1.872629638357228954e+00
1.872629638356752890e+00
1.872629638356343440e+00
1.872629638355997050e+00
1.872629638355708170e+00
1.872629638355478576e+00
1.872629638355289394e+00
1.872629638355139514e+00
1.872629638355024939e+00
1.872629638354938564e+00
1.872629638354876391e+00
1.872629638354833759e+00
1.872629638354812442e+00
1.872629638354796455e+00
1.872629638354789572e+00
1.872629638354789572e+00
1.872629638354794235e+00
1.872629638354807557e+00
1.872629638354817994e+00
1.872629638354828430e+00
1.872629638354845305e+00
1.872629638354855519e+00
1.872629638354865067e+00
1.872629638354873283e+00
1.872629638354880610e+00
1.872629638354887271e+00
1.872629638354893045e+00
1.872629638354897930e+00
1.872629638354908366e+00
1.872629638354912363e+00
1.872629638354915249e+00
1.872629638354917248e+00
1.872629638354924131e+00
1.872629638354924353e+00
1.872629638354924797e+00
1.872629638354924797e+00
1.872629638354924131e+00
1.872629638354923687e+00
1.872629638354922799e+00
1.872629638354921910e+00
1.872629638354920800e+00
1.872629638354919912e+00
1.872629638354919468e+00
1.872629638354919024e+00
1.872629638354918802e+00
1.872629638354918802e+00
1.872629638354918802e+00
1.872629638354918802e+00
1.872629638354918802e+00
1.872629638354918802e+00
1.872629638354918802e+00
1.872629638354918802e+00
1.872629638354918802e+00
1.872629638354918802e+00
1.872629638354918802e+00
1.872629638354918802e+00
1.872629638354918802e+00
1.872629638354918802e+00
1.872629638354918802e+00
1.872629638354918802e+00
1.872629638354918802e+00
1.872629638354918802e+00
1.872629638354918802e+00
1.872629638354918802e+00
1.872629638354918802e+00
1.872629638354918802e+00
1.872629638354918802e+00
1.872629638354918802e+00
1.872629638354918802e+00
1.872629638354918802e+00
1.872629638354918802e+00
1.872629638354918802e+00
1.872629638354918802e+00
1.872629638354918802e+00
1.872629638354918802e+00
1.872629638354918802e+00
1.872629638354918802e+00
1.872629638354918802e+00
1.872629638354918802e+00
1.872629638354918802e+00
1.872629638354918802e+00
1.872629638354918802e+00
1.872629638354918802e+00
1.872629638354918802e+00
1.872629638354918802e+00
1.872629638354918802e+00
1.872629638354918802e+00
1.872629638354918802e+00
1.872629638354918802e+00
1.872629638354918802e+00
1.872629638354918802e+00
1.872629638354918802e+00
1.872629638354918802e+00
1.872629638354918802e+00
1.872629638354918802e+00
1.872629638354918802e+00
1.872629638354918802e+00
1.872629638354918802e+00
1.872629638354918802e+00
1.872629638354918802e+00
1.872629638354918802e+00
1.872629638354918802e+00
1.872629638354918802e+00
1.872629638354918802e+00
