8.229740523956688425e-02
2.128582476958945924e-01
3.543107205448626784e-01
4.918124968369176342e-01
6.248204915930850589e-01
7.544304652059903304e-01
8.794255568466832207e-01
1.001336672309109943e+00
1.119367489615789024e+00
1.234477895590049501e+00
1.345922918728240436e+00
1.454371943999418493e+00
1.559889225243460631e+00
1.662293757661735816e+00
1.762341802602370944e+00
1.859226463922521999e+00
1.953786846853120096e+00
2.046022696273558150e+00
2.135451168067949101e+00
2.222877354069654920e+00
2.308085992936044661e+00
2.390833413654734674e+00
2.471754624181857984e+00
2.550717435750843975e+00
2.626721529196005989e+00
2.698647004935160965e+00
2.765051169212678239e+00
2.824557042277642704e+00
2.876622787594481867e+00
2.921051836631045173e+00
2.957726866829673451e+00
2.986767541388470448e+00
3.008491670053278000e+00
3.023376654811483544e+00
3.032022231535572043e+00
3.035115341966198255e+00
3.033397752903962630e+00
3.027636947746928708e+00
3.018600581531226013e+00
3.007034707651965011e+00
2.993645837139828458e+00
2.979086773045269254e+00
2.963946064018629478e+00
2.948740862477662983e+00
2.933912866459217561e+00
2.919827021462634509e+00
2.906772605375066210e+00
2.894966306903747899e+00
2.884556909154162518e+00
2.875631225758469078e+00
2.868220897739980568e+00
2.862309753009269819e+00
2.857841425201722352e+00
2.854726974926346195e+00
2.852852296942355537e+00
2.852085132321988681e+00
2.852281548246833776e+00
2.853291775243172790e+00
2.854965338793916896e+00
2.857155441331355572e+00
2.859722581309814160e+00
2.862537424713345935e+00
2.865482956449816765e+00
2.868455959055982607e+00
2.871367883320539161e+00
2.874145161228255141e+00
2.876729057089673525e+00
2.879075115254832173e+00
2.881152285576365379e+00
2.882941799796332472e+00
2.884435868438555151e+00
2.885636252159817339e+00
2.886552796795719189e+00
2.887201928297622011e+00
2.887605216451602619e+00
2.887787984492176996e+00
2.887778029376994571e+00
2.887604466738441289e+00
2.887296704256967494e+00
2.886883555178153316e+00
2.886392522295282870e+00
2.885849204518242228e+00
2.885276856326139061e+00
2.884696077975084094e+00
2.884124627391736251e+00
2.883577340880350448e+00
2.883066149271749978e+00
2.882600172273368511e+00
2.882185881826469398e+00
2.881827313054820205e+00
2.881526314682026690e+00
2.881282823918694724e+00
2.881095153252801300e+00
2.880960281522964461e+00
2.880874141307823155e+00
2.880831888804840979e+00
2.880828158266284245e+00
2.880857292502726708e+00
2.880913547180397938e+00
2.880991267734646311e+00
2.881085034111735776e+00
2.881189783299084706e+00
2.881300896266407285e+00
2.881414264856772878e+00
2.881526331579046474e+00
2.881634107877550921e+00
2.881735174751297368e+00
2.881827664806852152e+00
2.881910234325780085e+00
2.881982022340450644e+00
2.882042602532795872e+00
2.882091930761939480e+00
2.882130289390938849e+00
2.882158229171893904e+00
2.882176516041988545e+00
2.882186074605614934e+00
2.882187939042133884e+00
2.882183207697896155e+00
2.882173001624082964e+00
2.882158429765243834e+00
2.882140559168807403e+00
2.882120390944447053e+00
2.882098841692952718e+00
2.882076730113826368e+00
2.882054768397248612e+00
2.882033557807058166e+00
2.882013588669860127e+00
2.881995242359820075e+00
2.881978797206284248e+00
2.881964435776623201e+00
2.881952254365558019e+00
2.881942272954887585e+00
2.881934445821431545e+00
2.881928672997051688e+00
2.881924811118266927e+00
2.881922683990584932e+00
2.881922092385213130e+00
2.881922823607123707e+00
2.881924658880055556e+00
2.881927380782958181e+00
2.881930779461100656e+00
2.881934657247251952e+00
2.881938832096044401e+00
2.881943141085278715e+00
2.881947441872167115e+00
2.881951613300889559e+00
2.881955556460254364e+00
2.881959193394811436e+00
2.881962466613153584e+00
2.881965337555993933e+00
2.881967784859055914e+00
2.881969802387450486e+00
2.881971397131514845e+00
2.881972587044655754e+00
2.881973398893272531e+00
2.881973866177991006e+00
2.881974027174628361e+00
2.881973923132612914e+00
2.881973596658439885e+00
2.881973090302462293e+00
2.881972445358657264e+00
2.881971700879685017e+00
2.881970892902919523e+00
2.881970053877954463e+00
2.881969212281640935e+00
2.881968392403575496e+00
2.881967614282602064e+00
2.881966893773564742e+00
2.881966242722904692e+00
2.881965669231861149e+00
2.881965177867113148e+00
2.881964770522384978e+00
2.881964446094239740e+00
2.881964201393027114e+00
2.881964031322200359e+00
2.881963929770721577e+00
2.881963889268357892e+00
2.881963901832251818e+00
2.881963959166528699e+00
2.881964052825278344e+00
2.881964174937147405e+00
2.881964317673073595e+00
2.881964473893273038e+00
2.881964637143106245e+00
2.881964801733909898e+00
2.881964962789994367e+00
2.881965116265497340e+00
2.881965258935161422e+00
2.881965388363174174e+00
2.881965502854261008e+00
2.881965601391031750e+00
2.881965683442017756e+00
2.881965749366273588e+00
2.881965799600099132e+00
2.881965835064018489e+00
2.881965856960366335e+00
2.881965866696976519e+00
2.881965865696976437e+00
2.881965855818334976e+00
2.881965838566111326e+00
2.881965815533471531e+00
2.881965788239424953e+00
2.881965758096763253e+00
2.881965726387834437e+00
2.881965694247635934e+00
2.881965662653605875e+00
2.881965632421432666e+00
2.881965604206101261e+00
2.881965578507311943e+00
2.881965555559054426e+00
2.881965535705497405e+00
2.881965519167056122e+00
2.881965505813701256e+00
2.881965495548216794e+00
2.881965488200224357e+00
2.881965483541963913e+00
2.881965481303352838e+00
2.881965481066505852e+00
2.881965482761981612e+00
2.881965485948703165e+00
2.881965490313059597e+00
2.881965495554900336e+00
2.881965501394063267e+00
2.881965507575324992e+00
2.881965513871931339e+00
2.881965519968299638e+00
2.881965525944530704e+00
2.881965531545021886e+00
2.881965536666904359e+00
2.881965541116815466e+00
2.881965545092201708e+00
2.881965548447306791e+00
2.881965551179627827e+00
2.881965553185252382e+00
2.881965554739238655e+00
2.881965555761178965e+00
2.881965556182168875e+00
2.881965556183987864e+00
2.881965555948770241e+00
2.881965555295352033e+00
2.881965554528162610e+00
2.881965553582186867e+00
2.881965552391562824e+00
2.881965551130544423e+00
2.881965549964955908e+00
2.881965548809800826e+00
2.881965547576847975e+00
2.881965546536065403e+00
2.881965545584435073e+00
2.881965544735650475e+00
2.881965543998434853e+00
2.881965543377033701e+00
2.881965542871774311e+00
2.881965542479634657e+00
2.881965542194827812e+00
2.881965542009386372e+00
2.881965541913710904e+00
2.881965541897089089e+00
2.881965541948165566e+00
2.881965542055364704e+00
2.881965542207239661e+00
2.881965542392797897e+00
2.881965542601728103e+00
2.881965542824599158e+00
2.881965543052995127e+00
2.881965543279601860e+00
2.881965543378772310e+00
2.881965543590064183e+00
2.881965543786869866e+00
2.881965543965769871e+00
2.881965544124357237e+00
2.881965544261168244e+00
2.881965544375571842e+00
2.881965544467675056e+00
2.881965544538196422e+00
2.881965544588362071e+00
2.881965544619791597e+00
2.881965544634396803e+00
2.881965544634277343e+00
2.881965544621640340e+00
2.881965544598718676e+00
2.881965544567701709e+00
2.881965544530681100e+00
2.881965544489608178e+00
2.881965544446253524e+00
2.881965544402189217e+00
2.881965544358775944e+00
2.881965544317147465e+00
2.881965544278219049e+00
2.881965544123216816e+00
2.881965544097218057e+00
2.881965544077829566e+00
2.881965544064610363e+00
2.881965544057012885e+00
2.881965544054416739e+00
2.881965544056144246e+00
2.881965544061497742e+00
2.881965543950309350e+00
2.881965543966479082e+00
2.881965543867187840e+00
2.881965543895836479e+00
2.883177572531043342e+00
2.927927739466383628e+00
2.994842089346171576e+00
3.061001828482575515e+00
3.125247104744242055e+00
3.188133463703194614e+00
3.249694708298480172e+00
3.309803008641946764e+00
3.368164665285569459e+00
3.425310069693284554e+00
3.481268567510177991e+00
3.536068404502328733e+00
3.589347959308367031e+00
3.641412174840531257e+00
3.692407479783518465e+00
3.742358701149773648e+00
3.791289974450004152e+00
3.838877161450236830e+00
3.885396268292561128e+00
3.930972592421199341e+00
3.975627548691658575e+00
4.019382086086371153e+00
4.062187649552432056e+00
4.103755358607240389e+00
4.144491486983609363e+00
4.184414635717596198e+00
4.223542834653733813e+00
4.261893569512373858e+00
4.299483807251665013e+00
4.336080298586844073e+00
4.371865488755820373e+00
4.406945043893934155e+00
4.441334151963062915e+00
4.475047624815234215e+00
4.508099909417242479e+00
4.540505098665916783e+00
4.572189767092886825e+00
4.603056933600319311e+00
4.633322604329761951e+00
4.662999367891954350e+00
4.692099577407175204e+00
4.719979931342412449e+00
4.746085349832843470e+00
4.769989624540860618e+00
4.791387552633291413e+00
4.810085066768194473e+00
4.825874505588537922e+00
4.838826468251604673e+00
4.849082635777456574e+00
4.856773295276486380e+00
4.862076415519525519e+00
4.865205978156617483e+00
4.866401108399183606e+00
4.865916119269851237e+00
4.864011660966299111e+00
4.860946978412388653e+00
4.856973359231147036e+00
4.852328745764751261e+00
4.847233491159045116e+00
4.841887203098848680e+00
4.836466584889426379e+00
4.831124200696947035e+00
4.825988050665741547e+00
4.821161849768568430e+00
4.816725903132158315e+00
4.812697521579222482e+00
4.809156361646361511e+00
4.806128994726229564e+00
4.803619464835120922e+00
4.801617545882782778e+00
4.800101116872204088e+00
4.799038510865335283e+00
4.798390751285522171e+00
4.798113667085048384e+00
4.798159827742301431e+00
4.798480274071929230e+00
4.799026038088391566e+00
4.799749435644034001e+00
4.800605139357581486e+00
4.801551019955485167e+00
4.802548794117285524e+00
4.803564461852706913e+00
4.804568572414235739e+00
4.805536329654393590e+00
4.806447558980786461e+00
4.807286557231740254e+00
4.808041848339508206e+00
4.808705857031663200e+00
4.809274536562799796e+00
4.809746956179028921e+00
4.810124865882646539e+00
4.810412241290298319e+00
4.810614869756800083e+00
4.810739916570597074e+00
4.810795539043509983e+00
4.810790521238478057e+00
4.810733950622139155e+00
4.810634933410459446e+00
4.810502351450453240e+00
4.810344660921270332e+00
4.810169731993544140e+00
4.809984727632377499e+00
4.809796018962757103e+00
4.809609134033330236e+00
4.809428736400038318e+00
4.809258629690435605e+00
4.809101784194146134e+00
4.808960381522484617e+00
4.808835873492223634e+00
4.808729051577365077e+00
4.808640123535235844e+00
4.808568794124759904e+00
4.808514347181605864e+00
4.808475726683243856e+00
4.808451614813709085e+00
4.808440505409119936e+00
4.808440771529147284e+00
4.808450726236982220e+00
4.808468675986985019e+00
4.808492966302412519e+00
4.808522019676140680e+00
4.808554365842550027e+00
4.808588664748157271e+00
4.808623722692979996e+00
4.808658502225102715e+00
4.808692126449885862e+00
4.808723878464824963e+00
4.808753196654962814e+00
4.808779666584208634e+00
4.808803010199356187e+00
4.808823073028652750e+00
4.808839810008928239e+00
4.808853270517853495e+00
4.808863583123905272e+00
4.808870940498119140e+00
4.808875584861953101e+00
4.808877794276773088e+00
4.808877870011127875e+00
4.808876125161858361e+00
4.808872874643342676e+00
4.808868426606404789e+00
4.808863075303690948e+00
4.808857095375541846e+00
4.808850737496596750e+00
4.808844225298727793e+00
4.808837753461748576e+00
4.808831486850380088e+00
4.808825560565598956e+00
4.808820080774088623e+00
4.808815126178853205e+00
4.808810749997618927e+00
4.808806982321742751e+00
4.808803832737162942e+00
4.808801293099585372e+00
4.808799340367803765e+00
4.808797939411789457e+00
4.808797045725143882e+00
4.808796607984842097e+00
4.808796570412106064e+00
4.808796874903006113e+00
4.808797462905422648e+00
4.808798277030735591e+00
4.808799262396671104e+00
4.808800367706170142e+00
4.808801546071413746e+00
4.808802755600598999e+00
4.808803959765834080e+00
4.808805127575132232e+00
4.808806233572856748e+00
4.808807257694374115e+00
4.808808184999027624e+00
4.808809005308128270e+00
4.808809712770227840e+00
4.808810305376868044e+00
4.808810784447572040e+00
4.808811154103882046e+00
4.808811420746685883e+00
4.808811592550673808e+00
4.808811678986494087e+00
4.808811690379772408e+00
4.808811637511778869e+00
4.808811531267900286e+00
4.808811382334863715e+00
4.808811200948000852e+00
4.808810996687737038e+00
4.808810778323431734e+00
4.808810553701684753e+00
4.808810329675508477e+00
4.808810112070152520e+00
4.808809905681132868e+00
4.808809714299629334e+00
4.808809540760996093e+00
4.808809387010900771e+00
4.808809254185214321e+00
4.808809142699739247e+00
4.808809052345762503e+00
4.808808982387643205e+00
4.808808931659754649e+00
4.808808898661364850e+00
4.808808881645159516e+00
4.808808878699984746e+00
4.808808887825773759e+00
4.808808906998957688e+00
4.808808934229695353e+00
4.808808967609310869e+00
4.808809005348682497e+00
4.808809045807760363e+00
4.808809087517142089e+00
4.808809129191096154e+00
4.808809169735034139e+00
4.808809208245587996e+00
4.808809244006556405e+00
4.808809276480070061e+00
4.808809305294469816e+00
4.808809330229478540e+00
4.808809351199992754e+00
4.808809368237877635e+00
4.808809381474185685e+00
4.808809391120941967e+00
4.808809397453616796e+00
4.808809400794470612e+00
4.808809401497150304e+00
4.808809399932703066e+00
4.808809396477228937e+00
4.808809391501105424e+00
4.808809385360404143e+00
4.808809378389124589e+00
4.808809370893836643e+00
4.808809363149933347e+00
4.808809355398448560e+00
4.808809347845108384e+00
4.808809340660023857e+00
4.808809333978463663e+00
4.808809327902425323e+00
4.808809322502868078e+00
4.808809317822414720e+00
4.808809313878402492e+00
4.808809310666183556e+00
4.808809308162483198e+00
4.808809306328655886e+00
4.808809305114347232e+00
4.808809304460045730e+00
4.808809304300326382e+00
4.808809304566355358e+00
4.808809305188161076e+00
4.808809306096954117e+00
4.808809307226280971e+00
4.808809308513763980e+00
4.808809309902070339e+00
4.808809311339663495e+00
4.808809312781324508e+00
4.808809314188393635e+00
4.808809315528841388e+00
4.808809316777124643e+00
4.808809317913903314e+00
4.808809318925554521e+00
4.808809319804019822e+00
4.808809320545700317e+00
4.808809321151215954e+00
4.808809321624699429e+00
4.808809321973147810e+00
4.808809322205830128e+00
4.808809322333699399e+00
4.808809322368857053e+00
4.808809322324068880e+00
4.808809322212322712e+00
4.808809322046458057e+00
4.808809321838843687e+00
4.808809321601124509e+00
4.808809321344025278e+00
4.808809321077186283e+00
4.808809320809098509e+00
4.808809320547016597e+00
4.808809320296968615e+00
4.808809320063785364e+00
4.808809319851121700e+00
4.808809319661570214e+00
4.808809319496627488e+00
4.808809319357179923e+00
4.808809319243062319e+00
4.808809319153465545e+00
4.808809319087291811e+00
4.808809319042750552e+00
4.808809319017828265e+00
4.808809319010284078e+00
4.808809319017751882e+00
4.808809319037722574e+00
4.808809319067996135e+00
4.808809319106169156e+00
4.808809319149984773e+00
4.808809319197615118e+00
4.808809319247071556e+00
4.808809319296948992e+00
4.808809319345703770e+00
4.808809319392376658e+00
4.808809319435970231e+00
4.808809319475694899e+00
4.808809319511241576e+00
4.808809319542212357e+00
4.808809319568466023e+00
4.712416939961004303e+00
4.617891790486392090e+00
4.524861025303998474e+00
4.433151305581121804e+00
4.343244124846748377e+00
4.254608440680918591e+00
4.167793856368720462e+00
4.085145831424385143e+00
4.007770276423348932e+00
3.937170300139143375e+00
3.874536445917292404e+00
3.820395004444700593e+00
3.774701899137360428e+00
3.737578346291109632e+00
3.708917924860479776e+00
3.688250247624857536e+00
3.674954672099500552e+00
3.668299909914158441e+00
3.667480767228973537e+00
3.671651413501495043e+00
3.679954774884599988e+00
3.691547826545982236e+00
3.705622696875279676e+00
3.721423630677447747e+00
3.738259983896892180e+00
3.755515477828992754e+00
3.772654036852409298e+00
3.789222529562774611e+00
3.804826690878396089e+00
3.819090718353344904e+00
3.831930139276831682e+00
3.843207194093484436e+00
3.852847098688651606e+00
3.860830719555611079e+00
3.867186835705991310e+00
3.871984222048464819e+00
3.875323860526387332e+00
3.877331402594487830e+00
3.878150090828609731e+00
3.877934251933532028e+00
3.876843452389858946e+00
3.875037377342023248e+00
3.872671468835728881e+00
3.869893322689495818e+00
3.866839835842576178e+00
3.863635069730058103e+00
3.860388768265397896e+00
3.857195509405804135e+00
3.854134372366638139e+00
3.851269091935762834e+00
3.848648591418702747e+00
3.846307863875962685e+00
3.844269081574681390e+00
3.842542897685369052e+00
3.841129869541764830e+00
3.840021941401317473e+00
3.839203946310110194e+00
3.838655074777854281e+00
3.838350281323998914e+00
3.838261594367874618e+00
3.838359314533423827e+00
3.838613079099875147e+00
3.838992790506489339e+00
3.839469391776040297e+00
3.840015507128776928e+00
3.840605934698114510e+00
3.841218011637057561e+00
3.841831854394633705e+00
3.842430488075379458e+00
3.842999866984635471e+00
3.843528835952620515e+00
3.844008998349450312e+00
3.844434526809720865e+00
3.844801955455714904e+00
3.845109912471307290e+00
3.845358849151443437e+00
3.845550756985646856e+00
3.845688884582830092e+00
3.845777460997931829e+00
3.845821440360128296e+00
3.845826250347410102e+00
3.845797580237540814e+00
3.845741186531695277e+00
3.845662723083668411e+00
3.845567607641443342e+00
3.845460903975099765e+00
3.845347239662133099e+00
3.845230744209246154e+00
3.845115010564815528e+00
3.845003077050633156e+00
3.844897426999716039e+00
3.844800003633701113e+00
3.844712237435750080e+00
3.844635083307692547e+00
3.844569065277353204e+00
3.844514325433626922e+00
3.844470679885173325e+00
3.844437668240903161e+00
3.844414608492673135e+00
3.844400650385068730e+00
3.844394821079387459e+00
3.844396071624119227e+00
3.844403316063496945e+00
3.844415466316760455e+00
3.844431462529897647e+00
3.844450297612954870e+00
3.844471036822742160e+00
3.844492832901984958e+00
3.844514934467800238e+00
3.844536694664026033e+00
3.844557571667571505e+00
3.844577128663636323e+00
3.844595028438220208e+00
3.844611030206665170e+00
3.844624980266703851e+00
3.844636803628484589e+00
3.844646494356569022e+00
3.844654105470102223e+00
3.844659738976349050e+00
3.844663534894376511e+00
3.844665663559752034e+00
3.844666313948446046e+00
3.844665688632013190e+00
3.844663993998357565e+00
3.844661434853333670e+00
3.844658209407522786e+00
3.844654504631517700e+00
3.844650492636310091e+00
3.844646328323399587e+00
3.844642147724005365e+00
3.844638067098909318e+00
3.844634182710463310e+00
3.844630571172980016e+00
3.844627290286149357e+00
3.844624380256909557e+00
3.844621865218817547e+00
3.844619754963360503e+00
3.844618046952648083e+00
3.844616727796777766e+00
3.844615775633002386e+00
3.844615162093026228e+00
3.844614853358883089e+00
3.844614812544190574e+00
3.844615000948142569e+00
3.844615379379005216e+00
3.844615909294278211e+00
3.844616553753769317e+00
3.844617278187386855e+00
3.844618050984322633e+00
3.844618843914108908e+00
3.844619632392997310e+00
3.844620395611560770e+00
3.844621116540436034e+00
3.844621781832382457e+00
3.844622381638558739e+00
3.844622909356846474e+00
3.844623361329216227e+00
3.844623736503795630e+00
3.844624036076294882e+00
3.844624263123439967e+00
3.844624422239675265e+00
3.844624519186540024e+00
3.844624560562321935e+00
3.844624553498063868e+00
3.844624505384205637e+00
3.844624423630800258e+00
3.844624315462800368e+00
3.844624187750853128e+00
3.844624046876822465e+00
3.844623898632665515e+00
3.844623748150362008e+00
3.844623599860227614e+00
3.844623457474565242e+00
3.844623323993233477e+00
3.844623201727867201e+00
3.844623092341170167e+00
3.844622996898077627e+00
3.844622915925585804e+00
3.844622849478329218e+00
3.844622797207309262e+00
3.844622758429336429e+00
3.844622732195328130e+00
3.844622717355653752e+00
3.844622712621235117e+00
3.844622716619367164e+00
3.844622727943552754e+00
3.844622745196788927e+00
3.844622767028207821e+00
3.844622792163028269e+00
3.844622819425931759e+00
3.844622847758295325e+00
3.844622876229698338e+00
3.844622904044177503e+00
3.844622930541941930e+00
3.844622955197098957e+00
3.844622977612085712e+00
3.844622997509403284e+00
3.844623014721355592e+00
3.844623029178283247e+00
3.844623040895911448e+00
3.844623049962210715e+00
3.844623056524294036e+00
3.844623060775574697e+00
3.844623062943674618e+00
3.844623063279113406e+00
3.844623062045077866e+00
3.844623059508388785e+00
3.844623055931704059e+00
3.844623051566957272e+00
3.844623046650106790e+00
3.844623041397082996e+00
3.844623036000889726e+00
3.844623030629732430e+00
3.844623025426158414e+00
3.844623020506962696e+00
3.844623015963837265e+00
3.844623011864613638e+00
3.844623008254951291e+00
3.844623005160400009e+00
3.844623002588682947e+00
3.844623000532133794e+00
3.844622998970198324e+00
3.844622997871920855e+00
3.844622997198302361e+00
3.844622996904577761e+00
3.844622996942307580e+00
3.844622997261206265e+00
3.844622997810803078e+00
3.844622998541853409e+00
3.844622999407487196e+00
3.844623000364133514e+00
3.844623001372218241e+00
3.844623002396649447e+00
3.844623003407095396e+00
3.844623004378129316e+00
3.844623005289160123e+00
3.844623006124293418e+00
3.844623006872073478e+00
3.844623007525114211e+00
3.844623008079707027e+00
3.844623008535379416e+00
3.844623008894430427e+00
3.844623009161437288e+00
3.844623009342800213e+00
3.844623009446314299e+00
3.844623009480725884e+00
3.844623009455367946e+00
3.844623009379811052e+00
3.844623009263576918e+00
3.844623009115868406e+00
3.844623008945387888e+00
3.844623008760157390e+00
3.844623008567418676e+00
3.844623008373533768e+00
3.844623008183952972e+00
3.844623008003197562e+00
3.844623007834879314e+00
3.844623007681737814e+00
3.844623007545677762e+00
3.844623007427875105e+00
3.844623007328819231e+00
3.844623007248424429e+00
3.844623007186108499e+00
3.844623007140875348e+00
3.844623007111421575e+00
3.844623007096207079e+00
3.844623007093530553e+00
3.844623007101597878e+00
3.844623007118596725e+00
3.844623007142734306e+00
3.844623007172289775e+00
3.844623007205662191e+00
3.844623007241373625e+00
3.844623007278094473e+00
3.844623007314682095e+00
3.844623007350159938e+00
3.844623007383725533e+00
3.844623007414746052e+00
3.844623007442757423e+00
3.844623007467445674e+00
3.844623007488630506e+00
3.844623007506259071e+00
3.844623007520377556e+00
3.844623007531124514e+00
3.844623007538703785e+00
3.844623007543386262e+00
3.844623007545468596e+00
3.844623007545284299e+00
3.844623007543175763e+00
3.844623007539483606e+00
3.844623007534547554e+00
3.844623007528678471e+00
3.844623007522180114e+00
3.844623007515325153e+00
3.844623007508351620e+00
3.844623007501465572e+00
3.844623007494842426e+00
3.844623007488620736e+00
3.844623007482915078e+00
3.844623007477802723e+00
3.827820926321115813e+00
3.853815125851194789e+00
3.900031239103078029e+00
3.945311449284320204e+00
3.989677022379516380e+00
4.033148759473708544e+00
4.075534443658069605e+00
4.116834917931353921e+00
4.157309806873674241e+00
4.196977526327903441e+00
4.235855929769920536e+00
4.273962334818096842e+00
4.311294537132037696e+00
4.347569238993017393e+00
4.383127739805178003e+00
4.417985490348910638e+00
4.452157557405563182e+00
4.485658635271577488e+00
4.518503056850567745e+00
4.550704804341878962e+00
4.582098948610402012e+00
4.612772925566012816e+00
4.642849446614105702e+00
4.672341025310460694e+00
4.701259939642079999e+00
4.729618232121470811e+00
4.757427710356530781e+00
4.784699948047767215e+00
4.811446286368175507e+00
4.837428679827603162e+00
4.862857493065777525e+00
4.887798608062788652e+00
4.912262149828706903e+00
4.936257970630991920e+00
4.959795661225445684e+00
4.982884561449586691e+00
5.005533770220635503e+00
5.027752154977225274e+00
5.049548360601071373e+00
5.070919812225245238e+00
5.091708544474308873e+00
5.112102656660518107e+00
5.132110038746901637e+00
5.151738409096585869e+00
5.170995321548587320e+00
5.189888164342207233e+00
5.208424163263237539e+00
5.226610390423349628e+00
5.244453765121313005e+00
5.261961057579605416e+00
5.279138894267437543e+00
5.295993757486082920e+00
5.312531990988148323e+00
5.328710426484775553e+00
5.344492621514504549e+00
5.359979044517382718e+00
5.375175452992257519e+00
5.390087483931390366e+00
5.404720665651248090e+00
5.419080413924559636e+00
5.433172032926183448e+00
5.447000719363914278e+00
5.460571568134350962e+00
5.473889569990976867e+00
5.486959616135541395e+00
5.499786496204106534e+00
5.512374904489000471e+00
5.524729439376083739e+00
5.536854610857704806e+00
5.548754832121906233e+00
5.560434431497183638e+00
5.571897648783790125e+00
5.583083703537833564e+00
5.594015685210941946e+00
5.604745527004764583e+00
5.615277082892377258e+00
5.625614132893364427e+00
5.635760373865934980e+00
5.645719434448343677e+00
5.655494869396934909e+00
5.665090162112020877e+00
5.674508726559984062e+00
5.683753902963311511e+00
5.692828972283598077e+00
5.701737150616219552e+00
5.710481582895076791e+00
5.719065359125475645e+00
5.727491506083727479e+00
5.735762988863140954e+00
5.743796247411228073e+00
5.751422668867938626e+00
5.758508720482495846e+00
5.764954175473860687e+00
5.770689754265569071e+00
5.775674345068415150e+00
5.779891901953024380e+00
5.783348169606994382e+00
5.786067340272834869e+00
5.788088732473763542e+00
5.789463574493693976e+00
5.790251958644866193e+00
5.790520016432307848e+00
5.790337358194662443e+00
5.789774797246397320e+00
5.788902379714732760e+00
5.787787720757352261e+00
5.786494648353435188e+00
5.785082140707359599e+00
5.783603545114806010e+00
5.782106049145030013e+00
5.780630391532855406e+00
5.779210775748704343e+00
5.777874958848854270e+00
5.776644500423011586e+00
5.775535121385249049e+00
5.774557164231508999e+00
5.773716121312838290e+00
5.773013207215750953e+00
5.772445955777211424e+00
5.772008824139139627e+00
5.771693785314010228e+00
5.771490894605379118e+00
5.771388824791562122e+00
5.771375357084751911e+00
5.771437820708292143e+00
5.771563481256946737e+00
5.771739871235099351e+00
5.771955069673473382e+00
5.772197920880386413e+00
5.772458208119586764e+00
5.772726772380898375e+00
5.772995589716550136e+00
5.773257808338183139e+00
5.773507749910771203e+00
5.773740882263655116e+00
5.773953763493271829e+00
5.774143970855577734e+00
5.774310012683899984e+00
5.774451228734512220e+00
5.774567685032214293e+00
5.774660065796580533e+00
5.774729564591462250e+00
5.774777779773017095e+00
5.774806615159654655e+00
5.774818185640953949e+00
5.774814733375083442e+00
5.774798552082446079e+00
5.774771921310770217e+00
5.774737050736564292e+00
5.774696034421147317e+00
5.774650815379808400e+00
5.774603155588934555e+00
5.774554622743598209e+00
5.774506575833477484e+00
5.774460160221144278e+00
5.774416313568005776e+00
5.774375770148363785e+00
5.774339071985873595e+00
5.774306585236348432e+00
5.774278515366149556e+00
5.774254924955649848e+00
5.774235754183794533e+00
5.774220839976086594e+00
5.774209935301589880e+00
5.774202727765165299e+00
5.774198857126252804e+00
5.774197931457091038e+00
5.774199541732013330e+00
5.774203274707165434e+00
5.774208724016101080e+00
5.774215499460817469e+00
5.774223234529190840e+00
5.774231592207603292e+00
5.774240269192195463e+00
5.774248998627163232e+00
5.774257551516910780e+00
5.774265736971059937e+00
5.774273401447501897e+00
5.774280427159850682e+00
5.774286729812353691e+00
5.774292255818411768e+00
5.774296979149177389e+00
5.774300897946293532e+00
5.774304031019393157e+00
5.774306414333946869e+00
5.774308097580383325e+00
5.774309140898338022e+00
5.774309611817868948e+00
5.774309582462140433e+00
5.774309127044559453e+00
5.774308319680479862e+00
5.774307232522762234e+00
5.774305934220898884e+00
5.774304488695223725e+00
5.774302954211034233e+00
5.774301382732049071e+00
5.774299819528537547e+00
5.774298303012609601e+00
5.774296864771985227e+00
5.774295529770947510e+00
5.774294316690430584e+00
5.774293238377373072e+00
5.774292302375686248e+00
5.774291511513526487e+00
5.774290864524721734e+00
5.774290356681502701e+00
5.774289980423357171e+00
5.774289725964159459e+00
5.774289581867404486e+00
5.774289535578395416e+00
5.774289573906755457e+00
5.774289683454152389e+00
5.774289850984384742e+00
5.774290063735470824e+00
5.774290309673025590e+00
5.774290577688802273e+00
5.774290857746184003e+00
5.774291140977261705e+00
5.774291419735907205e+00
5.774291687612418400e+00
5.774291939414278652e+00
5.774292171118882600e+00
5.774292379803902975e+00
5.774292563559738412e+00
5.774292721389175931e+00
5.774292853098612177e+00
5.774292959185273411e+00
5.774293040722582759e+00
5.774293099248958505e+00
5.774293136659935044e+00
5.774293155108249032e+00
5.774293156910970559e+00
5.774293144466837724e+00
5.774293120183743078e+00
5.774293086415741350e+00
5.774293045411954317e+00
5.774292999274384997e+00
5.774292949926571161e+00
5.774292899090936793e+00
5.774292848274673595e+00
5.774292798763139167e+00
5.774292751619849895e+00
5.774292707692105786e+00
5.774292667621250708e+00
5.774292631856591917e+00
5.774292600672452203e+00
5.774292574186668858e+00
5.774292552380761556e+00
5.774292535120073566e+00
5.774292522174824249e+00
5.774292513239357660e+00
5.774292507951312103e+00
5.774292505909094153e+00
5.774292506687803694e+00
5.774292509853416355e+00
5.774292514975152280e+00
5.774292521635909559e+00
5.774292529440717914e+00
5.774292538023887644e+00
5.774292547053442526e+00
5.774292556234926543e+00
5.774292565313279724e+00
5.774292574073509599e+00
5.774292582340258662e+00
5.774292589976349532e+00
5.774292596880899353e+00
5.774292602986388800e+00
5.774292608255318093e+00
5.774292612676893199e+00
5.774292616263626776e+00
5.774292619047116659e+00
5.774292621074769372e+00
5.774292622406093756e+00
5.774292623109760214e+00
5.774292623260035562e+00
5.774292622934380503e+00
5.774292622210939641e+00
5.774292621166474682e+00
5.774292619874612953e+00
5.774292618404428090e+00
5.774292616819381330e+00
5.774292615176524812e+00
5.774292613525987328e+00
5.774292611910743389e+00
5.774292610366551948e+00
5.774292608922131365e+00
5.774292607599355698e+00
5.774292606414054063e+00
5.774292605375928034e+00
5.774292604489837721e+00
5.774292603755839970e+00
5.774292603170213312e+00
5.774292602725922485e+00
5.774292602413642506e+00
5.774292602221819060e+00
5.774292602137625074e+00
5.774292602147389708e+00
5.774292602237069083e+00
5.774292602392650409e+00
5.774292602600519686e+00
5.663746956995253434e+00
5.555020104638259681e+00
5.447441762916938046e+00
5.341869048421784782e+00
5.237514966999579080e+00
5.134963058516001766e+00
5.034034318965456833e+00
4.934445076793589458e+00
4.836757533136977649e+00
4.740062477843366651e+00
4.645000723235407136e+00
4.551686396006282109e+00
4.459451052611346888e+00
4.369026074795232084e+00
4.280115663349346455e+00
4.192421335918792735e+00
4.106472419394979312e+00
4.021882200354089498e+00
3.938458549973506972e+00
3.856720591462587500e+00
3.776398087528801906e+00
3.697206137262382786e+00
3.619635113384319425e+00
3.543609244853588081e+00
3.468487129579989947e+00
3.394921527511949311e+00
3.322886551141079003e+00
3.251881011680372691e+00
3.182066720297299423e+00
3.113724025204718249e+00
3.046827884965275679e+00
2.980676007834677677e+00
2.915881374678063409e+00
2.852475256028624173e+00
2.790432358111329503e+00
2.729230326367046100e+00
2.669333957706272464e+00
2.610736359751841817e+00
2.553413767231895726e+00
2.496914478767749745e+00
2.441446473897951996e+00
2.387198900813711333e+00
2.334148797183763335e+00
2.282273241630284222e+00
2.231046234981193699e+00
2.180950956549763564e+00
2.131974345877791333e+00
2.084180108927966568e+00
2.038793742031268064e+00
1.996468400230791307e+00
1.958185550167884870e+00
1.924565634136162551e+00
1.895902650649077703e+00
1.872299144310050512e+00
1.853692032142843615e+00
1.839879485359234179e+00
1.830547891023337925e+00
1.825298069680437063e+00
1.823670066481199337e+00
1.825165998468821549e+00
1.829270561207356094e+00
1.835468945068179591e+00
1.843262014948674254e+00
1.852178730281346608e+00
1.861785839001260934e+00
1.871695003686639991e+00
1.881567503185125334e+00
1.891116766686550488e+00
1.900108973545127977e+00
1.908362022037229488e+00
1.915743108778039883e+00
1.922165228060625175e+00
1.927582843409187285e+00
1.931986985658846967e+00
1.935400012428198258e+00
1.937870232518688951e+00
1.939466561908630426e+00
1.940273394832494613e+00
1.940385772473813164e+00
1.939904968461511503e+00
1.938934556331840309e+00
1.937577001393135712e+00
1.935930787222221561e+00
1.934088115309830824e+00
1.932133107178169329e+00
1.930140545094633175e+00
1.928175056108037744e+00
1.926290731361878006e+00
1.924531113313354691e+00
1.922929492842702315e+00
1.921509470145861043e+00
1.920285714658807485e+00
1.919264877997150842e+00
1.918446602721768590e+00
1.917824592640160475e+00
1.917387684553595761e+00
1.917120925091822636e+00
1.917006575530797896e+00
1.917025059259301667e+00
1.917155816563436366e+00
1.917378065485558558e+00
1.917671444583992191e+00
1.918016557875037664e+00
1.918395396265345276e+00
1.918791665472954655e+00
1.919191014354194369e+00
1.919581160599784342e+00
1.919951944737444016e+00
1.920295310816713119e+00
1.920605226525156972e+00
1.920877561649126708e+00
1.921109917318663429e+00
1.921301442167026918e+00
1.921452617302611632e+00
1.921565045171978792e+00
1.921641237522018653e+00
1.921684398494618362e+00
1.921698228955408316e+00
1.921686732572979839e+00
1.921654071664943286e+00
1.921604395778595986e+00
1.921541740236803797e+00
1.921469914582467409e+00
1.921392425805009907e+00
1.921312420397610410e+00
1.921232645100494407e+00
1.921155426132494792e+00
1.921082663623998599e+00
1.921015839572161266e+00
1.920956036963939129e+00
1.920903967315820360e+00
1.920860007664360491e+00
1.920824236716899724e+00
1.920796481743248574e+00
1.920776351016048267e+00
1.920763296053048519e+00
1.920756636327230593e+00
1.920755607638855667e+00
1.920759390179955117e+00
1.920767143613755445e+00
1.920778043408484015e+00
1.920791293004545874e+00
1.920806146301417217e+00
1.920821922136322968e+00
1.920838014659944415e+00
1.920853899920216268e+00
1.920869139030628281e+00
1.920883378343774206e+00
1.920896347076215704e+00
1.920907852838856344e+00
1.920917775520656789e+00
1.920926059954756626e+00
1.920932707767456726e+00
1.920937768774366505e+00
1.920941332246643096e+00
1.920943519543362621e+00
1.920944472196540964e+00
1.920944350378657406e+00
1.920943315121192096e+00
1.920941536732474919e+00
1.920939180108638622e+00
1.920936401510555447e+00
1.920933347327980822e+00
1.920930148872055820e+00
1.920926922806794668e+00
1.920923768764389195e+00
1.920920769236369008e+00
1.920917990029684219e+00
1.920915479739936149e+00
1.920913272495437418e+00
1.920911387802139103e+00
1.920909832844576837e+00
1.920908603966727579e+00
1.920907688097298394e+00
1.920907065461537000e+00
1.920906710311094168e+00
1.920906592860526452e+00
1.920906683152072025e+00
1.920906945153796785e+00
1.920907345244452946e+00
1.920907850781112813e+00
1.920908430917713572e+00
1.920909057247382590e+00
1.920909704275606700e+00
1.920910349735985845e+00
1.920910974762881640e+00
1.920911563937411914e+00
1.920912105224519717e+00
1.920912589819376404e+00
1.920913011921329572e+00
1.920913368453001535e+00
1.920913658741100427e+00
1.920913884174130892e+00
1.920914047850915241e+00
1.920914154230912274e+00
1.920914208797477318e+00
1.920914217741285679e+00
1.920914187670576423e+00
1.920914125352676249e+00
1.920914037489765969e+00
1.920913930530342206e+00
1.920913810516604592e+00
1.920913682966843172e+00
1.920913552791058576e+00
1.920913424237290723e+00
1.920913300865622730e+00
1.920913185546464286e+00
1.920913080479501378e+00
1.920912987229636437e+00
1.920912906776308882e+00
1.920912839572706199e+00
1.920912785611632811e+00
1.920912744495074209e+00
1.920912715504853541e+00
1.920912697672059855e+00
1.920912689843715215e+00
1.920912690744306595e+00
1.920912699032192972e+00
1.920912713349230083e+00
1.920912732363448061e+00
1.920912754804462441e+00
1.920912779492023326e+00
1.920912805357040343e+00
1.920912831456623504e+00
1.920912856983147954e+00
1.920912881267403005e+00
1.920912903777965752e+00
1.920912924115809828e+00
1.920912942006309798e+00
1.920912957288803957e+00
1.920912969903858736e+00
1.920912979879981330e+00
1.920912987319483900e+00
1.920912992384337770e+00
1.920912995282383795e+00
1.920912996254280580e+00
1.920912995561432357e+00
1.920912993475133446e+00
1.920912990267045872e+00
1.920912986201100070e+00
1.920912981526861962e+00
1.920912976474238976e+00
1.920912971249812085e+00
1.920912966034133085e+00
1.920912960980129203e+00
1.920912956213121303e+00
1.920912951830842319e+00
1.920912947905129897e+00
1.920912944483335050e+00
1.920912941590807055e+00
1.920912939233414773e+00
1.920912937400308218e+00
1.920912936066753618e+00
1.920912935196960269e+00
1.920912934746806133e+00
1.920912934666393346e+00
1.920912934902345270e+00
1.920912935400127308e+00
1.920912936105513946e+00
1.920912936966356677e+00
1.920912937933759723e+00
1.920912938962981320e+00
1.920912940014359416e+00
1.920912941053391165e+00
1.920912942051186789e+00
1.920912942984428717e+00
1.920912943835223929e+00
1.920912944590816185e+00
1.920912945243183678e+00
1.920912945788571857e+00
1.920912946226956519e+00
1.920912946561482260e+00
1.920912946797898480e+00
1.920912946943927446e+00
1.920912947008917016e+00
1.920912947003150295e+00
1.920912946937458621e+00
1.920912946822868950e+00
1.920912946670090271e+00
1.920912946489396367e+00
1.920912946290284307e+00
1.920912946081526629e+00
1.920912945870705935e+00
1.920912945664371430e+00
1.920912945467952326e+00
1.920912945285769613e+00
1.920912945121069137e+00
1.920912944976092218e+00
1.920912944852157578e+00
1.920912944749763263e+00
1.920912944668693889e+00
1.920912944608136552e+00
1.920912944566793179e+00
1.920912944542992662e+00
1.920912944534797218e+00
1.920912944540098755e+00
1.920912944556706581e+00
1.920912944582367166e+00
1.920912944615067230e+00
