3.441586043352367619e-01
5.960666284368222323e-01
8.044235145926577069e-01
1.008153577750565910e+00
1.207359562251993923e+00
1.402141930872895514e+00
1.592598915488720568e+00
1.778826566614327698e+00
1.960918801843799963e+00
2.138967453214595693e+00
2.313062313519920199e+00
2.483291181592671482e+00
2.649739906583801208e+00
2.812492431257420211e+00
2.971630834324482606e+00
3.127235371836396549e+00
3.279384517659438725e+00
3.428155003050386895e+00
3.573621855353322552e+00
3.715858435837125828e+00
3.850243973214292126e+00
3.973204270362034052e+00
4.083506611777307782e+00
4.180728338758409990e+00
4.265052777982243803e+00
4.337135753747341838e+00
4.397872853271637794e+00
4.448318547522937649e+00
4.489602089024457676e+00
4.522864749663805028e+00
4.549214580604711955e+00
4.569695334140534193e+00
4.585268234760478734e+00
4.596803838525970853e+00
4.605067081081474001e+00
4.610722573197241658e+00
4.614339126001517855e+00
4.616396465680791650e+00
4.617293267604237528e+00
4.617355840384735011e+00
4.616846958775780330e+00
4.615974481561470277e+00
4.614899502375634732e+00
4.613743871226565041e+00
4.612596992691769593e+00
4.611521860553973617e+00
4.610560327696464178e+00
4.609737638234940427e+00
4.609066267970622910e+00
4.608549131222554607e+00
4.608182218538956931e+00
4.607956732044408810e+00
4.607860784365078288e+00
4.607880724095434033e+00
4.608002146332995430e+00
4.608210641609719715e+00
4.608492330708123141e+00
4.608834227150309104e+00
4.609224463350730439e+00
4.609652411339106415e+00
4.610108723632519556e+00
4.610585315719078814e+00
4.611075307403728729e+00
4.611572936994053684e+00
4.612073459095245020e+00
4.612573034503578029e+00
4.613068618547105260e+00
4.613557852038042029e+00
4.614038958590737316e+00
4.614510649581831103e+00
4.614972038841922419e+00
4.615422566632438439e+00
4.615861933393940575e+00
4.616290042821294293e+00
4.616706953672548686e+00
4.617112839571249516e+00
4.617507955982149248e+00
4.617892613685026681e+00
4.618267157276939372e+00
4.618631948746201310e+00
4.618987354953953961e+00
4.619333738365160258e+00
4.619671450472946361e+00
4.620000827382528819e+00
4.620322187100689426e+00
4.620635828177342752e+00
4.620942029253257921e+00
4.621241049426074277e+00
4.621533129090579450e+00
4.621818491084844105e+00
4.622097342082762239e+00
4.622369874082599139e+00
4.622636265856881366e+00
4.622896684435005454e+00
4.623151286464829646e+00
4.623400219477423079e+00
4.623643623033145467e+00
4.623881629743268107e+00
4.624114366167495938e+00
4.624341953606998068e+00
4.624564508730413692e+00
4.624782144186941224e+00
4.624994969030459480e+00
4.625203089144852342e+00
4.625406607557047245e+00
4.625605624697606721e+00
4.625800238610410453e+00
4.625990545119917030e+00
4.626176637963589577e+00
4.626358608896137703e+00
4.626536547771292973e+00
4.626710542606025101e+00
4.626880679631274695e+00
4.627047043332592757e+00
4.627209716483432267e+00
4.627368780173303442e+00
4.627524313832516611e+00
4.627676395254846753e+00
4.627825100619119780e+00
4.627970504510443561e+00
4.628112679941586372e+00
4.628251698374837630e+00
4.628387629759318500e+00
4.628520542514170444e+00
4.628650503586351661e+00
4.628777578467517806e+00
4.628901831219349283e+00
4.629023324499430103e+00
4.629142119587558390e+00
4.629258276412370421e+00
4.629371853592940234e+00
4.629482908425578636e+00
4.629591496944452267e+00
4.629697673940444957e+00
4.629801492987623668e+00
4.629903006469450411e+00
4.630002265619459045e+00
4.630099320506682936e+00
4.630194220109302705e+00
4.630287012291338655e+00
4.630377743860522699e+00
4.630466460584073296e+00
4.630553207211794309e+00
4.630638027498701348e+00
4.630720964241962001e+00
4.630802059262474124e+00
4.630881353459818328e+00
4.630958886825101928e+00
4.631034698461146348e+00
4.631108826602227779e+00
4.631181308633387061e+00
4.631252181109307919e+00
4.631321479772780414e+00
4.631389239572749617e+00
4.631455494681962826e+00
4.631520278514226874e+00
4.631583623741276412e+00
4.631645562324050225e+00
4.631706125503499472e+00
4.631765343809997049e+00
4.631823247119378983e+00
4.631879864619921960e+00
4.631935224860645128e+00
4.631989355772442529e+00
4.632042284641844532e+00
4.632094038158331095e+00
4.632144642419735447e+00
4.632194122945169745e+00
4.632242504687703821e+00
4.632289812046778366e+00
4.632336068880379187e+00
4.632381298516955681e+00
4.632425523767096820e+00
4.632468766934967341e+00
4.632511049829502348e+00
4.632552393775362987e+00
4.632592819623664759e+00
4.632632347762472236e+00
4.632670998127070838e+00
4.632708790210008587e+00
4.632745743070926459e+00
4.632781875346171141e+00
4.632817205258192850e+00
4.632851750639525257e+00
4.632885528901677041e+00
4.632918557077663202e+00
4.632950851822704941e+00
4.632982429437325855e+00
4.633013305835387285e+00
4.633043496585795396e+00
4.633073016912398145e+00
4.633101881701524150e+00
4.633130105509368768e+00
4.633157702569226544e+00
4.633184686798587748e+00
4.633211071806079495e+00
4.633236870898274518e+00
4.633262097086352505e+00
4.633286763092623772e+00
4.633310881356918820e+00
4.633334464042841105e+00
4.633357523058665883e+00
4.633380070023231490e+00
4.633402116305536111e+00
4.633423673022574185e+00
4.633444751044846655e+00
4.633465361001761096e+00
4.633485513286919932e+00
4.633505218063307396e+00
4.633524485268360138e+00
4.633543324618941917e+00
4.633561745616210814e+00
4.633579757550384315e+00
4.633597369520190412e+00
4.633614590397330701e+00
4.633631428864693369e+00
4.633647893412827123e+00
4.633663992358909134e+00
4.633679733810747159e+00
4.633695125704542228e+00
4.633710175800933584e+00
4.633724891688768999e+00
4.633739280788806703e+00
4.633753350372135316e+00
4.633767107523648399e+00
4.633780559179287550e+00
4.633793712121591746e+00
4.633806572982973826e+00
4.633819148248947251e+00
4.633831444261298671e+00
4.633843467221201884e+00
4.633855223192280270e+00
4.633866718103612392e+00
4.633877957752678078e+00
4.633888947808253000e+00
4.633899693813241072e+00
4.633910201187453559e+00
4.633920475230331348e+00
4.633930521123612145e+00
4.633940343933933725e+00
4.633949948615393666e+00
4.633959340012044237e+00
4.633968522860338446e+00
4.633977501791520126e+00
4.633986281333965174e+00
4.633994865915464167e+00
4.634003259865462354e+00
4.634011467417244567e+00
4.634019492710073962e+00
4.634027339791283673e+00
4.634035012618317850e+00
4.634042515060730949e+00
4.634049850902141721e+00
4.634057023842143685e+00
4.634064037498171196e+00
4.634070895407324642e+00
4.634077601028155691e+00
4.634084157742414334e+00
4.634090568856750636e+00
4.634096837604388952e+00
4.634102967161536135e+00
4.634108960608880778e+00
4.634114820966892090e+00
4.634120551189448989e+00
4.634126154165236322e+00
4.634131632719117100e+00
4.634136989613489632e+00
4.634142227549616244e+00
4.634147349168936003e+00
4.634152357054353466e+00
4.634157253731501669e+00
0.000000000000000000e+00
0.000000000000000000e+00
0.000000000000000000e+00
0.000000000000000000e+00
0.000000000000000000e+00
0.000000000000000000e+00
0.000000000000000000e+00
0.000000000000000000e+00
0.000000000000000000e+00
0.000000000000000000e+00
0.000000000000000000e+00
0.000000000000000000e+00
0.000000000000000000e+00
0.000000000000000000e+00
0.000000000000000000e+00
0.000000000000000000e+00
0.000000000000000000e+00
0.000000000000000000e+00
0.000000000000000000e+00
0.000000000000000000e+00
0.000000000000000000e+00
0.000000000000000000e+00
0.000000000000000000e+00
0.000000000000000000e+00
0.000000000000000000e+00
0.000000000000000000e+00
0.000000000000000000e+00
0.000000000000000000e+00
0.000000000000000000e+00
0.000000000000000000e+00
0.000000000000000000e+00
0.000000000000000000e+00
0.000000000000000000e+00
0.000000000000000000e+00
0.000000000000000000e+00
0.000000000000000000e+00
0.000000000000000000e+00
0.000000000000000000e+00
0.000000000000000000e+00
0.000000000000000000e+00
0.000000000000000000e+00
0.000000000000000000e+00
0.000000000000000000e+00
0.000000000000000000e+00
0.000000000000000000e+00
0.000000000000000000e+00
0.000000000000000000e+00
0.000000000000000000e+00
0.000000000000000000e+00
0.000000000000000000e+00
0.000000000000000000e+00
0.000000000000000000e+00
0.000000000000000000e+00
0.000000000000000000e+00
0.000000000000000000e+00
0.000000000000000000e+00
0.000000000000000000e+00
0.000000000000000000e+00
0.000000000000000000e+00
0.000000000000000000e+00
0.000000000000000000e+00
0.000000000000000000e+00
0.000000000000000000e+00
0.000000000000000000e+00
0.000000000000000000e+00
0.000000000000000000e+00
0.000000000000000000e+00
0.000000000000000000e+00
0.000000000000000000e+00
0.000000000000000000e+00
0.000000000000000000e+00
0.000000000000000000e+00
0.000000000000000000e+00
0.000000000000000000e+00
0.000000000000000000e+00
0.000000000000000000e+00
0.000000000000000000e+00
0.000000000000000000e+00
0.000000000000000000e+00
0.000000000000000000e+00
0.000000000000000000e+00
0.000000000000000000e+00
0.000000000000000000e+00
0.000000000000000000e+00
0.000000000000000000e+00
0.000000000000000000e+00
0.000000000000000000e+00
0.000000000000000000e+00
0.000000000000000000e+00
0.000000000000000000e+00
0.000000000000000000e+00
0.000000000000000000e+00
0.000000000000000000e+00
0.000000000000000000e+00
0.000000000000000000e+00
0.000000000000000000e+00
0.000000000000000000e+00
0.000000000000000000e+00
0.000000000000000000e+00
0.000000000000000000e+00
0.000000000000000000e+00
0.000000000000000000e+00
0.000000000000000000e+00
0.000000000000000000e+00
0.000000000000000000e+00
0.000000000000000000e+00
0.000000000000000000e+00
0.000000000000000000e+00
0.000000000000000000e+00
0.000000000000000000e+00
0.000000000000000000e+00
0.000000000000000000e+00
0.000000000000000000e+00
0.000000000000000000e+00
0.000000000000000000e+00
0.000000000000000000e+00
0.000000000000000000e+00
0.000000000000000000e+00
0.000000000000000000e+00
0.000000000000000000e+00
0.000000000000000000e+00
0.000000000000000000e+00
0.000000000000000000e+00
0.000000000000000000e+00
0.000000000000000000e+00
0.000000000000000000e+00
0.000000000000000000e+00
0.000000000000000000e+00
0.000000000000000000e+00
0.000000000000000000e+00
0.000000000000000000e+00
0.000000000000000000e+00
0.000000000000000000e+00
0.000000000000000000e+00
0.000000000000000000e+00
0.000000000000000000e+00
0.000000000000000000e+00
0.000000000000000000e+00
0.000000000000000000e+00
0.000000000000000000e+00
0.000000000000000000e+00
0.000000000000000000e+00
0.000000000000000000e+00
0.000000000000000000e+00
0.000000000000000000e+00
0.000000000000000000e+00
0.000000000000000000e+00
0.000000000000000000e+00
0.000000000000000000e+00
0.000000000000000000e+00
0.000000000000000000e+00
0.000000000000000000e+00
0.000000000000000000e+00
0.000000000000000000e+00
0.000000000000000000e+00
0.000000000000000000e+00
0.000000000000000000e+00
0.000000000000000000e+00
0.000000000000000000e+00
0.000000000000000000e+00
0.000000000000000000e+00
0.000000000000000000e+00
0.000000000000000000e+00
0.000000000000000000e+00
0.000000000000000000e+00
0.000000000000000000e+00
0.000000000000000000e+00
0.000000000000000000e+00
0.000000000000000000e+00
0.000000000000000000e+00
0.000000000000000000e+00
0.000000000000000000e+00
0.000000000000000000e+00
0.000000000000000000e+00
0.000000000000000000e+00
0.000000000000000000e+00
0.000000000000000000e+00
0.000000000000000000e+00
0.000000000000000000e+00
0.000000000000000000e+00
0.000000000000000000e+00
0.000000000000000000e+00
0.000000000000000000e+00
0.000000000000000000e+00
0.000000000000000000e+00
0.000000000000000000e+00
0.000000000000000000e+00
0.000000000000000000e+00
0.000000000000000000e+00
0.000000000000000000e+00
0.000000000000000000e+00
0.000000000000000000e+00
0.000000000000000000e+00
0.000000000000000000e+00
0.000000000000000000e+00
0.000000000000000000e+00
0.000000000000000000e+00
0.000000000000000000e+00
0.000000000000000000e+00
0.000000000000000000e+00
0.000000000000000000e+00
0.000000000000000000e+00
0.000000000000000000e+00
0.000000000000000000e+00
0.000000000000000000e+00
0.000000000000000000e+00
0.000000000000000000e+00
0.000000000000000000e+00
0.000000000000000000e+00
0.000000000000000000e+00
0.000000000000000000e+00
0.000000000000000000e+00
0.000000000000000000e+00
0.000000000000000000e+00
0.000000000000000000e+00
0.000000000000000000e+00
0.000000000000000000e+00
0.000000000000000000e+00
0.000000000000000000e+00
0.000000000000000000e+00
0.000000000000000000e+00
0.000000000000000000e+00
0.000000000000000000e+00
0.000000000000000000e+00
0.000000000000000000e+00
0.000000000000000000e+00
0.000000000000000000e+00
0.000000000000000000e+00
0.000000000000000000e+00
0.000000000000000000e+00
0.000000000000000000e+00
0.000000000000000000e+00
0.000000000000000000e+00
0.000000000000000000e+00
0.000000000000000000e+00
0.000000000000000000e+00
0.000000000000000000e+00
0.000000000000000000e+00
0.000000000000000000e+00
0.000000000000000000e+00
0.000000000000000000e+00
0.000000000000000000e+00
0.000000000000000000e+00
0.000000000000000000e+00
0.000000000000000000e+00
0.000000000000000000e+00
0.000000000000000000e+00
0.000000000000000000e+00
0.000000000000000000e+00
0.000000000000000000e+00
0.000000000000000000e+00
0.000000000000000000e+00
0.000000000000000000e+00
0.000000000000000000e+00
0.000000000000000000e+00
0.000000000000000000e+00
0.000000000000000000e+00
0.000000000000000000e+00
0.000000000000000000e+00
0.000000000000000000e+00
0.000000000000000000e+00
0.000000000000000000e+00
0.000000000000000000e+00
0.000000000000000000e+00
0.000000000000000000e+00
0.000000000000000000e+00
0.000000000000000000e+00
0.000000000000000000e+00
0.000000000000000000e+00
0.000000000000000000e+00
0.000000000000000000e+00
0.000000000000000000e+00
0.000000000000000000e+00
0.000000000000000000e+00
0.000000000000000000e+00
0.000000000000000000e+00
0.000000000000000000e+00
0.000000000000000000e+00
0.000000000000000000e+00
0.000000000000000000e+00
0.000000000000000000e+00
0.000000000000000000e+00
0.000000000000000000e+00
0.000000000000000000e+00
0.000000000000000000e+00
0.000000000000000000e+00
0.000000000000000000e+00
0.000000000000000000e+00
0.000000000000000000e+00
0.000000000000000000e+00
0.000000000000000000e+00
0.000000000000000000e+00
0.000000000000000000e+00
0.000000000000000000e+00
0.000000000000000000e+00
0.000000000000000000e+00
0.000000000000000000e+00
0.000000000000000000e+00
0.000000000000000000e+00
0.000000000000000000e+00
0.000000000000000000e+00
0.000000000000000000e+00
0.000000000000000000e+00
0.000000000000000000e+00
0.000000000000000000e+00
0.000000000000000000e+00
0.000000000000000000e+00
0.000000000000000000e+00
0.000000000000000000e+00
0.000000000000000000e+00
0.000000000000000000e+00
0.000000000000000000e+00
0.000000000000000000e+00
0.000000000000000000e+00
0.000000000000000000e+00
0.000000000000000000e+00
0.000000000000000000e+00
0.000000000000000000e+00
0.000000000000000000e+00
0.000000000000000000e+00
0.000000000000000000e+00
0.000000000000000000e+00
0.000000000000000000e+00
0.000000000000000000e+00
0.000000000000000000e+00
0.000000000000000000e+00
0.000000000000000000e+00
0.000000000000000000e+00
0.000000000000000000e+00
