1.047231777576754230e-01
2.499953082217965805e-01
3.901271231127365069e-01
5.265595839410162071e-01
6.585766529127290436e-01
7.870361026975886132e-01
9.111716259490315606e-01
1.032154934976322824e+00
1.149339324277205421e+00
1.263739531215873235e+00
1.374156479894811378e+00
1.481946428029386364e+00
1.586546294090529496e+00
1.688336063741138426e+00
1.787650431644068894e+00
1.883837943516350144e+00
1.977840374257024303e+00
2.069296365212040190e+00
2.158202767267626943e+00
2.245121166307275651e+00
2.327826977239204176e+00
2.404464611014140552e+00
2.474192824674172897e+00
2.536391544717626623e+00
2.590328405310613480e+00
2.636880924792723402e+00
2.676456331290218760e+00
2.709600570896502525e+00
2.736938733496464327e+00
2.759129633011784488e+00
2.776832101092063354e+00
2.790661238165284441e+00
2.801162393623547242e+00
2.808974035367825639e+00
2.814580847054673374e+00
2.818409135120090614e+00
2.820828020127450486e+00
2.822152364366159016e+00
2.822646836773274437e+00
2.822530634278566986e+00
2.821982509934250594e+00
2.821145836420784647e+00
2.820133500138289229e+00
2.819032512532267720e+00
2.817908240795344632e+00
2.816808216974877155e+00
2.815765506921719119e+00
2.814801642400081683e+00
2.813929134600301474e+00
2.813153597296274899e+00
2.812475514008564215e+00
2.811891686657124190e+00
2.811396404056403675e+00
2.810982368081678562e+00
2.810641412041364084e+00
2.810365046177560000e+00
2.810144858441347093e+00
2.809972799038895630e+00
2.809841368203857659e+00
2.809743732917303394e+00
2.809673784018977383e+00
2.809626151965785024e+00
2.809596189960501533e+00
2.809579937339505395e+00
2.809574067046855195e+00
2.809575824276668410e+00
2.809582966475874244e+00
2.809593694067885394e+00
2.809606594495146936e+00
2.809620576151412585e+00
2.809634821639730440e+00
2.809648737590750844e+00
2.809661912205210221e+00
2.809674078336928282e+00
2.809685081860277656e+00
2.809694854972480282e+00
2.809703391888944690e+00
2.809710737055823415e+00
2.809716964204630241e+00
2.809722166319497560e+00
2.809726447216190692e+00
2.809729914534375261e+00
2.809732674730934576e+00
2.809734829547263946e+00
2.809736473254691003e+00
2.809737692461955483e+00
2.809738563973399383e+00
2.809739155319909365e+00
2.809739525292469509e+00
2.809739723709780979e+00
2.809739792209357212e+00
2.809739765744021511e+00
2.809739672286343470e+00
2.809739534381421322e+00
2.809739369746834470e+00
2.809739192008187114e+00
2.809739011373223239e+00
2.809738835237522991e+00
2.809738668536611694e+00
2.809738514951226396e+00
2.809738376001189586e+00
2.809738252871493813e+00
2.809738145384246710e+00
2.809738052976862743e+00
2.809737974699263230e+00
2.809737909359162789e+00
2.809737855634631742e+00
2.809737812159230241e+00
2.809737777584401019e+00
2.809737750623403585e+00
2.809737730080424267e+00
2.809737714868063119e+00
2.809737704015897730e+00
2.809737696672315987e+00
2.809737692101548223e+00
2.809737689677290096e+00
2.809737688874187622e+00
2.809737689258105409e+00
2.809737690475818450e+00
2.809737692244749230e+00
2.809737694343034331e+00
2.809737696418950659e+00
2.809737698717046150e+00
2.809737700957927409e+00
2.809737703076472304e+00
2.809737705030614041e+00
2.809737706796289647e+00
2.809737708363165165e+00
2.809737709731090938e+00
2.809737710725879190e+00
2.809737711731658649e+00
2.809737712576372282e+00
2.809737713275346493e+00
2.809737713844819851e+00
2.809737714301096645e+00
2.809737714478624415e+00
2.809737714764282135e+00
2.809737714803113739e+00
2.809737714977912137e+00
2.809737715111120249e+00
2.809737715209780884e+00
2.809737715280181014e+00
2.809737715327837115e+00
2.809737715176198858e+00
2.809737715201404029e+00
2.809737715219646326e+00
2.809737715232252242e+00
2.809737715240375966e+00
2.809737715245002043e+00
2.809737715246960921e+00
2.809737715246943601e+00
2.809737715245517187e+00
2.809737715243136424e+00
2.809737715240160583e+00
2.809737715236865885e+00
2.809737715233466382e+00
2.809737715048793216e+00
2.809737714873720371e+00
2.809737714893184801e+00
2.809737714737216674e+00
2.809737714775291106e+00
2.809737714818218990e+00
2.809737714681731724e+00
2.809737714735738301e+00
2.809737714791479046e+00
2.809737714846434642e+00
2.809737714898832728e+00
2.809737714947497356e+00
2.809737714991725976e+00
2.809737715031177530e+00
2.809737715065786290e+00
2.809737715095671717e+00
2.809737715121102486e+00
2.809737715142426762e+00
2.809737715160038896e+00
2.809737715174363437e+00
2.809737715185820495e+00
2.809737715194807972e+00
2.809737715201708674e+00
2.809737715206865882e+00
2.809737715210594011e+00
2.809737715213163067e+00
2.809737715033494787e+00
2.809737715043869155e+00
2.809737715057245122e+00
2.809737715072279762e+00
2.809737714906634931e+00
2.809737714931638042e+00
2.809737714959544164e+00
2.809737714988510771e+00
2.809737715017179394e+00
2.809737715044592576e+00
2.809737715070113051e+00
2.809737715093352239e+00
2.809737715114121404e+00
2.809737715132367697e+00
2.809737715148149739e+00
2.809737715161598537e+00
2.809737715172894390e+00
2.809737715182237139e+00
2.809737715008528980e+00
2.809737715024068994e+00
2.809737715041856099e+00
2.809737715060598884e+00
2.809737715079345666e+00
2.809737715097412991e+00
2.809737715114337231e+00
2.809737715129831503e+00
2.809737715143741266e+00
2.809737715156011895e+00
2.809737715166666483e+00
2.809737715175783190e+00
2.809737715002146974e+00
2.809737715017970761e+00
2.809737715036181527e+00
2.809737715055434126e+00
2.809737714893413951e+00
2.809737714921488383e+00
2.809737714951956455e+00
2.809737714983025825e+00
2.809737715013395309e+00
2.809737715042162076e+00
2.809737714887421856e+00
2.809737714920911067e+00
2.809737714955268029e+00
2.809737714988995716e+00
2.809737715021047855e+00
2.809737715050740547e+00
2.809737715077662568e+00
2.809737715101631839e+00
2.809737715122617274e+00
2.809737715140710801e+00
2.809737715156081617e+00
2.809737715168945993e+00
2.809737715179557505e+00
2.809737715188174167e+00
2.809737715195049557e+00
2.809737715200428365e+00
2.809737715204547293e+00
2.809737715207615061e+00
2.809737715209823072e+00
2.809737715211334308e+00
2.809737715212293985e+00
2.809737715212823783e+00
2.809737715213028952e+00
2.809737715212993425e+00
2.809737715212788700e+00
2.809737715212470288e+00
2.809737715212079934e+00
2.809737715211652276e+00
2.809737715211216624e+00
2.809737715210789855e+00
2.809737715210384845e+00
2.809737715210010034e+00
2.809737715209669418e+00
2.809737715209367881e+00
2.809737715209103648e+00
2.809737715208875386e+00
2.809737715208683539e+00
2.809737715027204707e+00
2.809737715036515038e+00
2.809737715049398954e+00
2.809737715064368313e+00
2.809737715080282250e+00
2.809737715096293886e+00
2.809737715111791267e+00
2.809737715126356949e+00
2.809737715139732472e+00
2.809737715151765958e+00
2.809737715162406779e+00
2.809737715171669148e+00
0.000000000000000000e+00
0.000000000000000000e+00
0.000000000000000000e+00
0.000000000000000000e+00
0.000000000000000000e+00
0.000000000000000000e+00
0.000000000000000000e+00
0.000000000000000000e+00
0.000000000000000000e+00
0.000000000000000000e+00
0.000000000000000000e+00
0.000000000000000000e+00
0.000000000000000000e+00
0.000000000000000000e+00
0.000000000000000000e+00
0.000000000000000000e+00
0.000000000000000000e+00
0.000000000000000000e+00
0.000000000000000000e+00
0.000000000000000000e+00
0.000000000000000000e+00
0.000000000000000000e+00
0.000000000000000000e+00
0.000000000000000000e+00
0.000000000000000000e+00
0.000000000000000000e+00
0.000000000000000000e+00
0.000000000000000000e+00
0.000000000000000000e+00
0.000000000000000000e+00
0.000000000000000000e+00
0.000000000000000000e+00
0.000000000000000000e+00
0.000000000000000000e+00
0.000000000000000000e+00
0.000000000000000000e+00
0.000000000000000000e+00
0.000000000000000000e+00
0.000000000000000000e+00
0.000000000000000000e+00
0.000000000000000000e+00
0.000000000000000000e+00
0.000000000000000000e+00
0.000000000000000000e+00
0.000000000000000000e+00
0.000000000000000000e+00
0.000000000000000000e+00
0.000000000000000000e+00
0.000000000000000000e+00
0.000000000000000000e+00
0.000000000000000000e+00
0.000000000000000000e+00
0.000000000000000000e+00
0.000000000000000000e+00
0.000000000000000000e+00
0.000000000000000000e+00
0.000000000000000000e+00
0.000000000000000000e+00
0.000000000000000000e+00
0.000000000000000000e+00
0.000000000000000000e+00
0.000000000000000000e+00
0.000000000000000000e+00
0.000000000000000000e+00
0.000000000000000000e+00
0.000000000000000000e+00
0.000000000000000000e+00
0.000000000000000000e+00
0.000000000000000000e+00
0.000000000000000000e+00
0.000000000000000000e+00
0.000000000000000000e+00
0.000000000000000000e+00
0.000000000000000000e+00
0.000000000000000000e+00
0.000000000000000000e+00
0.000000000000000000e+00
0.000000000000000000e+00
0.000000000000000000e+00
0.000000000000000000e+00
0.000000000000000000e+00
0.000000000000000000e+00
0.000000000000000000e+00
0.000000000000000000e+00
0.000000000000000000e+00
0.000000000000000000e+00
0.000000000000000000e+00
0.000000000000000000e+00
0.000000000000000000e+00
0.000000000000000000e+00
0.000000000000000000e+00
0.000000000000000000e+00
0.000000000000000000e+00
0.000000000000000000e+00
0.000000000000000000e+00
0.000000000000000000e+00
0.000000000000000000e+00
0.000000000000000000e+00
0.000000000000000000e+00
0.000000000000000000e+00
0.000000000000000000e+00
0.000000000000000000e+00
0.000000000000000000e+00
0.000000000000000000e+00
0.000000000000000000e+00
0.000000000000000000e+00
0.000000000000000000e+00
0.000000000000000000e+00
0.000000000000000000e+00
0.000000000000000000e+00
0.000000000000000000e+00
0.000000000000000000e+00
0.000000000000000000e+00
0.000000000000000000e+00
0.000000000000000000e+00
0.000000000000000000e+00
0.000000000000000000e+00
0.000000000000000000e+00
0.000000000000000000e+00
0.000000000000000000e+00
0.000000000000000000e+00
0.000000000000000000e+00
0.000000000000000000e+00
0.000000000000000000e+00
0.000000000000000000e+00
0.000000000000000000e+00
0.000000000000000000e+00
0.000000000000000000e+00
0.000000000000000000e+00
0.000000000000000000e+00
0.000000000000000000e+00
0.000000000000000000e+00
0.000000000000000000e+00
0.000000000000000000e+00
0.000000000000000000e+00
0.000000000000000000e+00
0.000000000000000000e+00
0.000000000000000000e+00
0.000000000000000000e+00
0.000000000000000000e+00
0.000000000000000000e+00
0.000000000000000000e+00
0.000000000000000000e+00
0.000000000000000000e+00
0.000000000000000000e+00
0.000000000000000000e+00
0.000000000000000000e+00
0.000000000000000000e+00
0.000000000000000000e+00
0.000000000000000000e+00
0.000000000000000000e+00
0.000000000000000000e+00
0.000000000000000000e+00
0.000000000000000000e+00
0.000000000000000000e+00
0.000000000000000000e+00
0.000000000000000000e+00
0.000000000000000000e+00
0.000000000000000000e+00
0.000000000000000000e+00
0.000000000000000000e+00
0.000000000000000000e+00
0.000000000000000000e+00
0.000000000000000000e+00
0.000000000000000000e+00
0.000000000000000000e+00
0.000000000000000000e+00
0.000000000000000000e+00
0.000000000000000000e+00
0.000000000000000000e+00
0.000000000000000000e+00
0.000000000000000000e+00
0.000000000000000000e+00
0.000000000000000000e+00
0.000000000000000000e+00
0.000000000000000000e+00
0.000000000000000000e+00
0.000000000000000000e+00
0.000000000000000000e+00
0.000000000000000000e+00
0.000000000000000000e+00
0.000000000000000000e+00
0.000000000000000000e+00
0.000000000000000000e+00
0.000000000000000000e+00
0.000000000000000000e+00
0.000000000000000000e+00
0.000000000000000000e+00
0.000000000000000000e+00
0.000000000000000000e+00
0.000000000000000000e+00
0.000000000000000000e+00
0.000000000000000000e+00
0.000000000000000000e+00
0.000000000000000000e+00
0.000000000000000000e+00
0.000000000000000000e+00
0.000000000000000000e+00
0.000000000000000000e+00
0.000000000000000000e+00
0.000000000000000000e+00
0.000000000000000000e+00
0.000000000000000000e+00
0.000000000000000000e+00
0.000000000000000000e+00
0.000000000000000000e+00
0.000000000000000000e+00
0.000000000000000000e+00
0.000000000000000000e+00
0.000000000000000000e+00
0.000000000000000000e+00
0.000000000000000000e+00
0.000000000000000000e+00
0.000000000000000000e+00
0.000000000000000000e+00
0.000000000000000000e+00
0.000000000000000000e+00
0.000000000000000000e+00
0.000000000000000000e+00
0.000000000000000000e+00
0.000000000000000000e+00
0.000000000000000000e+00
0.000000000000000000e+00
0.000000000000000000e+00
0.000000000000000000e+00
0.000000000000000000e+00
0.000000000000000000e+00
0.000000000000000000e+00
0.000000000000000000e+00
0.000000000000000000e+00
0.000000000000000000e+00
0.000000000000000000e+00
0.000000000000000000e+00
0.000000000000000000e+00
0.000000000000000000e+00
0.000000000000000000e+00
0.000000000000000000e+00
0.000000000000000000e+00
0.000000000000000000e+00
0.000000000000000000e+00
0.000000000000000000e+00
0.000000000000000000e+00
0.000000000000000000e+00
0.000000000000000000e+00
0.000000000000000000e+00
0.000000000000000000e+00
0.000000000000000000e+00
0.000000000000000000e+00
0.000000000000000000e+00
0.000000000000000000e+00
0.000000000000000000e+00
0.000000000000000000e+00
0.000000000000000000e+00
0.000000000000000000e+00
0.000000000000000000e+00
0.000000000000000000e+00
0.000000000000000000e+00
0.000000000000000000e+00
0.000000000000000000e+00
0.000000000000000000e+00
0.000000000000000000e+00
0.000000000000000000e+00
0.000000000000000000e+00
0.000000000000000000e+00
0.000000000000000000e+00
0.000000000000000000e+00
0.000000000000000000e+00
0.000000000000000000e+00
0.000000000000000000e+00
0.000000000000000000e+00
0.000000000000000000e+00
0.000000000000000000e+00
0.000000000000000000e+00
0.000000000000000000e+00
0.000000000000000000e+00
0.000000000000000000e+00
0.000000000000000000e+00
0.000000000000000000e+00
0.000000000000000000e+00
0.000000000000000000e+00
0.000000000000000000e+00
0.000000000000000000e+00
0.000000000000000000e+00
0.000000000000000000e+00
0.000000000000000000e+00
0.000000000000000000e+00
0.000000000000000000e+00
0.000000000000000000e+00
0.000000000000000000e+00
0.000000000000000000e+00
0.000000000000000000e+00
0.000000000000000000e+00
0.000000000000000000e+00
0.000000000000000000e+00
0.000000000000000000e+00
0.000000000000000000e+00
0.000000000000000000e+00
0.000000000000000000e+00
0.000000000000000000e+00
0.000000000000000000e+00
0.000000000000000000e+00
0.000000000000000000e+00
0.000000000000000000e+00
0.000000000000000000e+00
0.000000000000000000e+00
0.000000000000000000e+00
0.000000000000000000e+00
0.000000000000000000e+00
0.000000000000000000e+00
0.000000000000000000e+00
0.000000000000000000e+00
0.000000000000000000e+00
0.000000000000000000e+00
0.000000000000000000e+00
0.000000000000000000e+00
0.000000000000000000e+00
0.000000000000000000e+00
0.000000000000000000e+00
0.000000000000000000e+00
0.000000000000000000e+00
0.000000000000000000e+00
0.000000000000000000e+00
0.000000000000000000e+00
0.000000000000000000e+00
0.000000000000000000e+00
0.000000000000000000e+00
0.000000000000000000e+00
0.000000000000000000e+00
0.000000000000000000e+00
