0.000000000000000000e+00
0.000000000000000000e+00
0.000000000000000000e+00
4.461255922609930202e-02
4.461255922609930202e-02
4.461255922609930202e-02
1.776541247281171465e-01
1.776541247281171465e-01
1.776541247281171465e-01
3.967505666178561263e-01
3.967505666178561263e-01
3.967505666178561263e-01
6.979921036993030903e-01
6.979921036993030903e-01
6.979921036993030903e-01
1.076003073606695448e+00
1.076003073606695448e+00
1.076003073606695448e+00
1.524037861626789114e+00
1.524037861626789114e+00
1.524037861626789114e+00
2.034101276353224019e+00
2.034101276353224019e+00
2.034101276353224019e+00
2.597091224066581105e+00
2.597091224066581105e+00
2.597091224066581105e+00
3.202961135812436577e+00
3.202961135812436577e+00
3.202961135812436577e+00
3.840899248662359433e+00
3.840899248662359433e+00
3.840899248662359433e+00
4.499521541879508035e+00
4.499521541879508035e+00
4.499521541879508035e+00
5.167074885038372756e+00
5.167074885038372756e+00
5.167074885038372756e+00
5.831646772915650700e+00
5.831646772915650700e+00
5.831646772915650700e+00
6.481377904428169856e+00
6.481377904428169856e+00
6.481377904428169856e+00
7.104673812141674816e+00
7.104673812141674816e+00
7.104673812141674816e+00
7.690411765816863365e+00
7.690411765816863365e+00
7.690411765816863365e+00
8.228139257794012451e+00
8.228139257794012451e+00
8.228139257794012451e+00
8.708260528239788911e+00
8.708260528239788911e+00
8.708260528239788911e+00
9.122207801708801966e+00
9.122207801708801966e+00
9.122207801708801966e+00
9.462594179299406605e+00
9.462594179299406605e+00
9.462594179299406605e+00
9.723345458039593936e+00
9.723345458039593936e+00
9.723345458039593936e+00
9.899808525182933749e+00
9.899808525182933749e+00
9.899808525182933749e+00
9.988834393115766375e+00
9.988834393115766375e+00
9.988834393115766375e+00
9.988834393115766375e+00
9.988834393115766375e+00
9.988834393115766375e+00
9.899808525182933749e+00
9.899808525182933749e+00
9.899808525182933749e+00
9.723345458039593936e+00
9.723345458039593936e+00
9.723345458039593936e+00
9.462594179299406605e+00
9.462594179299406605e+00
9.462594179299406605e+00
9.122207801708801966e+00
9.122207801708801966e+00
9.122207801708801966e+00
8.708260528239788911e+00
8.708260528239788911e+00
8.708260528239788911e+00
8.228139257794012451e+00
8.228139257794012451e+00
8.228139257794012451e+00
7.690411765816863365e+00
7.690411765816863365e+00
7.690411765816863365e+00
7.104673812141674816e+00
7.104673812141674816e+00
7.104673812141674816e+00
6.481377904428169856e+00
6.481377904428169856e+00
6.481377904428169856e+00
5.831646772915649812e+00
5.831646772915649812e+00
5.831646772915649812e+00
5.167074885038371868e+00
5.167074885038371868e+00
5.167074885038371868e+00
4.499521541879508035e+00
4.499521541879508035e+00
4.499521541879508035e+00
3.840899248662357657e+00
3.840899248662357657e+00
3.840899248662357657e+00
3.202961135812434357e+00
3.202961135812434357e+00
3.202961135812434357e+00
2.597091224066580217e+00
2.597091224066580217e+00
2.597091224066580217e+00
2.034101276353222243e+00
2.034101276353222243e+00
2.034101276353222243e+00
1.524037861626790225e+00
1.524037861626790225e+00
1.524037861626790225e+00
1.076003073606696780e+00
1.076003073606696780e+00
1.076003073606696780e+00
6.979921036993042005e-01
6.979921036993042005e-01
6.979921036993042005e-01
3.967505666178566814e-01
3.967505666178566814e-01
3.967505666178566814e-01
1.776541247281177016e-01
1.776541247281177016e-01
1.776541247281177016e-01
4.461255922609985713e-02
4.461255922609985713e-02
4.461255922609985713e-02
0.000000000000000000e+00
0.000000000000000000e+00
0.000000000000000000e+00
0.000000000000000000e+00
0.000000000000000000e+00
0.000000000000000000e+00
0.000000000000000000e+00
0.000000000000000000e+00
0.000000000000000000e+00
0.000000000000000000e+00
0.000000000000000000e+00
0.000000000000000000e+00
0.000000000000000000e+00
0.000000000000000000e+00
0.000000000000000000e+00
7.937323358440945276e-01
7.937323358440945276e-01
7.937323358440945276e-01
7.937323358440945276e-01
7.937323358440945276e-01
7.937323358440945276e-01
7.937323358440945276e-01
7.937323358440945276e-01
7.937323358440945276e-01
7.937323358440945276e-01
7.937323358440945276e-01
7.937323358440945276e-01
2.922924934990568602e+00
2.922924934990568602e+00
2.922924934990568602e+00
2.922924934990568602e+00
2.922924934990568602e+00
2.922924934990568602e+00
2.922924934990568602e+00
2.922924934990568602e+00
2.922924934990568602e+00
2.922924934990568602e+00
2.922924934990568602e+00
2.922924934990568602e+00
5.711574191366425524e+00
5.711574191366425524e+00
5.711574191366425524e+00
5.711574191366425524e+00
5.711574191366425524e+00
5.711574191366425524e+00
5.711574191366425524e+00
5.711574191366425524e+00
5.711574191366425524e+00
5.711574191366425524e+00
5.711574191366425524e+00
5.711574191366425524e+00
8.274303669726425170e+00
8.274303669726425170e+00
8.274303669726425170e+00
8.274303669726425170e+00
8.274303669726425170e+00
8.274303669726425170e+00
8.274303669726425170e+00
8.274303669726425170e+00
8.274303669726425170e+00
8.274303669726425170e+00
8.274303669726425170e+00
8.274303669726425170e+00
9.797464868072488287e+00
9.797464868072488287e+00
9.797464868072488287e+00
9.797464868072488287e+00
9.797464868072488287e+00
9.797464868072488287e+00
9.797464868072488287e+00
9.797464868072488287e+00
9.797464868072488287e+00
9.797464868072488287e+00
9.797464868072488287e+00
9.797464868072488287e+00
9.797464868072488287e+00
9.797464868072488287e+00
9.797464868072488287e+00
9.797464868072488287e+00
9.797464868072488287e+00
9.797464868072488287e+00
9.797464868072488287e+00
9.797464868072488287e+00
9.797464868072488287e+00
9.797464868072488287e+00
9.797464868072488287e+00
9.797464868072488287e+00
8.274303669726425170e+00
8.274303669726425170e+00
8.274303669726425170e+00
8.274303669726425170e+00
8.274303669726425170e+00
8.274303669726425170e+00
8.274303669726425170e+00
8.274303669726425170e+00
8.274303669726425170e+00
8.274303669726425170e+00
8.274303669726425170e+00
8.274303669726425170e+00
5.711574191366426412e+00
5.711574191366426412e+00
5.711574191366426412e+00
5.711574191366426412e+00
5.711574191366426412e+00
5.711574191366426412e+00
5.711574191366426412e+00
5.711574191366426412e+00
5.711574191366426412e+00
5.711574191366426412e+00
5.711574191366426412e+00
5.711574191366426412e+00
2.922924934990569490e+00
2.922924934990569490e+00
2.922924934990569490e+00
2.922924934990569490e+00
2.922924934990569490e+00
2.922924934990569490e+00
2.922924934990569490e+00
2.922924934990569490e+00
2.922924934990569490e+00
2.922924934990569490e+00
2.922924934990569490e+00
2.922924934990569490e+00
7.937323358440934173e-01
7.937323358440934173e-01
7.937323358440934173e-01
7.937323358440934173e-01
7.937323358440934173e-01
7.937323358440934173e-01
7.937323358440934173e-01
7.937323358440934173e-01
7.937323358440934173e-01
7.937323358440934173e-01
7.937323358440934173e-01
7.937323358440934173e-01
0.000000000000000000e+00
0.000000000000000000e+00
0.000000000000000000e+00
0.000000000000000000e+00
0.000000000000000000e+00
0.000000000000000000e+00
0.000000000000000000e+00
0.000000000000000000e+00
0.000000000000000000e+00
0.000000000000000000e+00
0.000000000000000000e+00
0.000000000000000000e+00
0.000000000000000000e+00
0.000000000000000000e+00
0.000000000000000000e+00
4.461255922609930202e-02
4.461255922609930202e-02
4.461255922609930202e-02
1.776541247281171465e-01
1.776541247281171465e-01
1.776541247281171465e-01
3.967505666178561263e-01
3.967505666178561263e-01
3.967505666178561263e-01
6.979921036993030903e-01
6.979921036993030903e-01
6.979921036993030903e-01
1.076003073606695448e+00
1.076003073606695448e+00
1.076003073606695448e+00
1.524037861626789114e+00
1.524037861626789114e+00
1.524037861626789114e+00
2.034101276353224019e+00
2.034101276353224019e+00
2.034101276353224019e+00
2.597091224066581105e+00
2.597091224066581105e+00
2.597091224066581105e+00
3.202961135812436577e+00
3.202961135812436577e+00
3.202961135812436577e+00
3.840899248662359433e+00
3.840899248662359433e+00
3.840899248662359433e+00
4.499521541879508035e+00
4.499521541879508035e+00
4.499521541879508035e+00
5.167074885038372756e+00
5.167074885038372756e+00
5.167074885038372756e+00
5.831646772915650700e+00
5.831646772915650700e+00
5.831646772915650700e+00
6.481377904428169856e+00
6.481377904428169856e+00
6.481377904428169856e+00
7.104673812141674816e+00
7.104673812141674816e+00
7.104673812141674816e+00
7.690411765816863365e+00
7.690411765816863365e+00
7.690411765816863365e+00
8.228139257794012451e+00
8.228139257794012451e+00
8.228139257794012451e+00
8.708260528239788911e+00
8.708260528239788911e+00
8.708260528239788911e+00
9.122207801708801966e+00
9.122207801708801966e+00
9.122207801708801966e+00
9.462594179299406605e+00
9.462594179299406605e+00
9.462594179299406605e+00
9.723345458039593936e+00
9.723345458039593936e+00
9.723345458039593936e+00
9.899808525182933749e+00
9.899808525182933749e+00
9.899808525182933749e+00
9.988834393115766375e+00
9.988834393115766375e+00
9.988834393115766375e+00
9.988834393115766375e+00
9.988834393115766375e+00
9.988834393115766375e+00
9.899808525182933749e+00
9.899808525182933749e+00
9.899808525182933749e+00
9.723345458039593936e+00
9.723345458039593936e+00
9.723345458039593936e+00
9.462594179299406605e+00
9.462594179299406605e+00
9.462594179299406605e+00
9.122207801708801966e+00
9.122207801708801966e+00
9.122207801708801966e+00
8.708260528239788911e+00
8.708260528239788911e+00
8.708260528239788911e+00
8.228139257794012451e+00
8.228139257794012451e+00
8.228139257794012451e+00
7.690411765816863365e+00
7.690411765816863365e+00
7.690411765816863365e+00
7.104673812141674816e+00
7.104673812141674816e+00
7.104673812141674816e+00
6.481377904428169856e+00
6.481377904428169856e+00
6.481377904428169856e+00
5.831646772915649812e+00
5.831646772915649812e+00
5.831646772915649812e+00
5.167074885038371868e+00
5.167074885038371868e+00
5.167074885038371868e+00
4.499521541879508035e+00
4.499521541879508035e+00
4.499521541879508035e+00
3.840899248662357657e+00
3.840899248662357657e+00
3.840899248662357657e+00
3.202961135812434357e+00
3.202961135812434357e+00
3.202961135812434357e+00
2.597091224066580217e+00
2.597091224066580217e+00
2.597091224066580217e+00
2.034101276353222243e+00
2.034101276353222243e+00
2.034101276353222243e+00
1.524037861626790225e+00
1.524037861626790225e+00
1.524037861626790225e+00
1.076003073606696780e+00
1.076003073606696780e+00
1.076003073606696780e+00
6.979921036993042005e-01
6.979921036993042005e-01
6.979921036993042005e-01
3.967505666178566814e-01
3.967505666178566814e-01
3.967505666178566814e-01
1.776541247281177016e-01
1.776541247281177016e-01
1.776541247281177016e-01
4.461255922609985713e-02
4.461255922609985713e-02
4.461255922609985713e-02
0.000000000000000000e+00
0.000000000000000000e+00
0.000000000000000000e+00
0.000000000000000000e+00
0.000000000000000000e+00
0.000000000000000000e+00
0.000000000000000000e+00
0.000000000000000000e+00
0.000000000000000000e+00
0.000000000000000000e+00
0.000000000000000000e+00
0.000000000000000000e+00
0.000000000000000000e+00
0.000000000000000000e+00
0.000000000000000000e+00
7.937323358440945276e-01
7.937323358440945276e-01
7.937323358440945276e-01
7.937323358440945276e-01
7.937323358440945276e-01
7.937323358440945276e-01
7.937323358440945276e-01
7.937323358440945276e-01
7.937323358440945276e-01
7.937323358440945276e-01
7.937323358440945276e-01
7.937323358440945276e-01
2.922924934990568602e+00
2.922924934990568602e+00
2.922924934990568602e+00
2.922924934990568602e+00
2.922924934990568602e+00
2.922924934990568602e+00
2.922924934990568602e+00
2.922924934990568602e+00
2.922924934990568602e+00
2.922924934990568602e+00
2.922924934990568602e+00
2.922924934990568602e+00
5.711574191366425524e+00
5.711574191366425524e+00
5.711574191366425524e+00
5.711574191366425524e+00
5.711574191366425524e+00
5.711574191366425524e+00
5.711574191366425524e+00
5.711574191366425524e+00
5.711574191366425524e+00
5.711574191366425524e+00
5.711574191366425524e+00
5.711574191366425524e+00
8.274303669726425170e+00
8.274303669726425170e+00
8.274303669726425170e+00
8.274303669726425170e+00
8.274303669726425170e+00
8.274303669726425170e+00
8.274303669726425170e+00
8.274303669726425170e+00
8.274303669726425170e+00
8.274303669726425170e+00
8.274303669726425170e+00
8.274303669726425170e+00
9.797464868072488287e+00
9.797464868072488287e+00
9.797464868072488287e+00
9.797464868072488287e+00
9.797464868072488287e+00
9.797464868072488287e+00
9.797464868072488287e+00
9.797464868072488287e+00
9.797464868072488287e+00
9.797464868072488287e+00
9.797464868072488287e+00
9.797464868072488287e+00
9.797464868072488287e+00
9.797464868072488287e+00
9.797464868072488287e+00
9.797464868072488287e+00
9.797464868072488287e+00
9.797464868072488287e+00
9.797464868072488287e+00
9.797464868072488287e+00
9.797464868072488287e+00
9.797464868072488287e+00
9.797464868072488287e+00
9.797464868072488287e+00
8.274303669726425170e+00
8.274303669726425170e+00
8.274303669726425170e+00
8.274303669726425170e+00
8.274303669726425170e+00
8.274303669726425170e+00
8.274303669726425170e+00
8.274303669726425170e+00
8.274303669726425170e+00
8.274303669726425170e+00
8.274303669726425170e+00
8.274303669726425170e+00
5.711574191366426412e+00
5.711574191366426412e+00
5.711574191366426412e+00
5.711574191366426412e+00
5.711574191366426412e+00
5.711574191366426412e+00
5.711574191366426412e+00
5.711574191366426412e+00
5.711574191366426412e+00
5.711574191366426412e+00
5.711574191366426412e+00
5.711574191366426412e+00
2.922924934990569490e+00
2.922924934990569490e+00
2.922924934990569490e+00
2.922924934990569490e+00
2.922924934990569490e+00
2.922924934990569490e+00
2.922924934990569490e+00
2.922924934990569490e+00
2.922924934990569490e+00
2.922924934990569490e+00
2.922924934990569490e+00
2.922924934990569490e+00
7.937323358440934173e-01
7.937323358440934173e-01
7.937323358440934173e-01
7.937323358440934173e-01
7.937323358440934173e-01
7.937323358440934173e-01
7.937323358440934173e-01
7.937323358440934173e-01
7.937323358440934173e-01
7.937323358440934173e-01
7.937323358440934173e-01
7.937323358440934173e-01
0.000000000000000000e+00
0.000000000000000000e+00
0.000000000000000000e+00
0.000000000000000000e+00
0.000000000000000000e+00
0.000000000000000000e+00
0.000000000000000000e+00
0.000000000000000000e+00
0.000000000000000000e+00
0.000000000000000000e+00
0.000000000000000000e+00
0.000000000000000000e+00
