0.000000000000000000e+00
2.917634312259819937e-02
5.753439504838039897e-02
8.496332333372003109e-02
1.116045528778517593e-01
1.374549570429005052e-01
1.625203091175320691e-01
1.868305397899840681e-01
2.104617315975936542e-01
2.334127518352793751e-01
2.557503632473380750e-01
2.773696777822721171e-01
2.984840366856322813e-01
3.189113113826181900e-01
3.388520036665094715e-01
3.582502633057112473e-01
3.770949650516019491e-01
3.955122650354874203e-01
4.133775993661656378e-01
4.307977067959344875e-01
4.478288655810536145e-01
