0.000000000000000000e+00
1.684424486403492474e-04
1.684424486403492474e-04
1.684424486403492474e-04
2.979203233075139196e-04
2.979203233075139196e-04
2.979203233075139196e-04
6.840382663648634197e-04
6.840382663648634197e-04
6.840382663648634197e-04
1.319899552527216934e-03
1.319899552527216934e-03
1.319899552527216934e-03
2.194136103811992599e-03
2.194136103811992599e-03
2.194136103811992599e-03
3.291127985118115148e-03
3.291127985118115148e-03
3.291127985118115148e-03
4.591274903757395533e-03
4.591274903757395533e-03
4.591274903757395533e-03
6.071349253836412149e-03
6.071349253836412149e-03
6.071349253836412149e-03
7.704912993612033321e-03
7.704912993612033321e-03
7.704912993612033321e-03
9.462791760859573173e-03
9.462791760859573173e-03
9.462791760859573173e-03
1.131359559261523387e-02
1.131359559261523387e-02
1.131359559261523387e-02
1.322428237732287994e-02
1.322428237732287994e-02
1.322428237732287994e-02
1.516074734678157267e-02
1.516074734678157267e-02
1.516074734678157267e-02
1.708843189349649669e-02
1.708843189349649669e-02
1.708843189349649669e-02
1.897294254285119067e-02
1.897294254285119067e-02
1.897294254285119067e-02
2.078066131352917373e-02
2.078066131352917373e-02
2.078066131352917373e-02
2.247934767860724006e-02
2.247934767860724006e-02
2.247934767860724006e-02
2.403871032476152803e-02
2.403871032476152803e-02
2.403871032476152803e-02
2.543094755321689826e-02
2.543094755321689826e-02
2.543094755321689826e-02
2.663124124258994807e-02
2.663124124258994807e-02
2.663124124258994807e-02
2.761819758761377072e-02
2.761819758761377072e-02
2.761819758761377072e-02
2.837422736009549695e-02
2.837422736009549695e-02
2.837422736009549695e-02
2.888585807355988425e-02
2.888585807355988425e-02
2.888585807355988425e-02
2.914397300523094425e-02
2.914397300523094425e-02
2.914397300523094425e-02
2.914397300523094425e-02
2.914397300523094425e-02
2.914397300523094425e-02
2.888585807355988425e-02
2.888585807355988425e-02
2.888585807355988425e-02
2.837422736009549695e-02
2.837422736009549695e-02
2.837422736009549695e-02
2.761819758761377072e-02
2.761819758761377072e-02
2.761819758761377072e-02
2.663124124258994807e-02
2.663124124258994807e-02
2.663124124258994807e-02
2.543094755321689826e-02
2.543094755321689826e-02
2.543094755321689826e-02
2.403871032476152803e-02
2.403871032476152803e-02
2.403871032476152803e-02
2.247934767860724006e-02
2.247934767860724006e-02
2.247934767860724006e-02
2.078066131352917373e-02
2.078066131352917373e-02
2.078066131352917373e-02
1.897294254285119067e-02
1.897294254285119067e-02
1.897294254285119067e-02
1.708843189349649669e-02
1.708843189349649669e-02
1.708843189349649669e-02
1.516074734678157267e-02
1.516074734678157267e-02
1.516074734678157267e-02
1.322428237732287994e-02
1.322428237732287994e-02
1.322428237732287994e-02
1.131359559261523387e-02
1.131359559261523387e-02
1.131359559261523387e-02
9.462791760859528070e-03
9.462791760859528070e-03
9.462791760859528070e-03
7.704912993612033321e-03
7.704912993612033321e-03
7.704912993612033321e-03
6.071349253836412149e-03
6.071349253836412149e-03
6.071349253836412149e-03
4.591274903757395533e-03
4.591274903757395533e-03
4.591274903757395533e-03
3.291127985118115148e-03
3.291127985118115148e-03
3.291127985118115148e-03
2.194136103811992599e-03
2.194136103811992599e-03
2.194136103811992599e-03
1.319899552527216934e-03
1.319899552527216934e-03
1.319899552527216934e-03
6.840382663648634197e-04
6.840382663648634197e-04
6.840382663648634197e-04
2.979203233075139196e-04
2.979203233075139196e-04
2.979203233075139196e-04
1.684424486403492474e-04
1.684424486403492474e-04
1.684424486403492474e-04
1.684424486403492474e-04
1.684424486403492474e-04
1.684424486403492474e-04
1.684424486403492474e-04
1.684424486403492474e-04
1.684424486403492474e-04
1.684424486403492474e-04
1.684424486403492474e-04
1.684424486403492474e-04
1.684424486403492474e-04
1.684424486403492474e-04
1.684424486403492474e-04
2.471979299619063517e-03
2.471979299619063517e-03
2.471979299619063517e-03
2.471979299619063517e-03
2.471979299619063517e-03
2.471979299619063517e-03
2.471979299619063517e-03
2.471979299619063517e-03
2.471979299619063517e-03
2.471979299619063517e-03
2.471979299619063517e-03
2.471979299619063517e-03
8.650304725588666560e-03
8.650304725588666560e-03
8.650304725588666560e-03
8.650304725588666560e-03
8.650304725588666560e-03
8.650304725588666560e-03
8.650304725588666560e-03
8.650304725588666560e-03
8.650304725588666560e-03
8.650304725588666560e-03
8.650304725588666560e-03
8.650304725588666560e-03
1.674015407836174779e-02
1.674015407836174779e-02
1.674015407836174779e-02
1.674015407836174779e-02
1.674015407836174779e-02
1.674015407836174779e-02
1.674015407836174779e-02
1.674015407836174779e-02
1.674015407836174779e-02
1.674015407836174779e-02
1.674015407836174779e-02
1.674015407836174779e-02
2.417257908611334175e-02
2.417257908611334175e-02
2.417257908611334175e-02
2.417257908611334175e-02
2.417257908611334175e-02
2.417257908611334175e-02
2.417257908611334175e-02
2.417257908611334175e-02
2.417257908611334175e-02
2.417257908611334175e-02
2.417257908611334175e-02
2.417257908611334175e-02
2.858912777283691489e-02
2.858912777283691489e-02
2.858912777283691489e-02
2.858912777283691489e-02
2.858912777283691489e-02
2.858912777283691489e-02
2.858912777283691489e-02
2.858912777283691489e-02
2.858912777283691489e-02
2.858912777283691489e-02
2.858912777283691489e-02
2.858912777283691489e-02
2.858912777283691489e-02
2.858912777283691489e-02
2.858912777283691489e-02
2.858912777283691489e-02
2.858912777283691489e-02
2.858912777283691489e-02
2.858912777283691489e-02
2.858912777283691489e-02
2.858912777283691489e-02
2.858912777283691489e-02
2.858912777283691489e-02
2.858912777283691489e-02
2.417257908611334175e-02
2.417257908611334175e-02
2.417257908611334175e-02
2.417257908611334175e-02
2.417257908611334175e-02
2.417257908611334175e-02
2.417257908611334175e-02
2.417257908611334175e-02
2.417257908611334175e-02
2.417257908611334175e-02
2.417257908611334175e-02
2.417257908611334175e-02
1.674015407836184841e-02
1.674015407836184841e-02
1.674015407836184841e-02
1.674015407836184841e-02
1.674015407836184841e-02
1.674015407836184841e-02
1.674015407836184841e-02
1.674015407836184841e-02
1.674015407836184841e-02
1.674015407836184841e-02
1.674015407836184841e-02
1.674015407836184841e-02
8.650304725588666560e-03
8.650304725588666560e-03
8.650304725588666560e-03
8.650304725588666560e-03
8.650304725588666560e-03
8.650304725588666560e-03
8.650304725588666560e-03
8.650304725588666560e-03
8.650304725588666560e-03
8.650304725588666560e-03
8.650304725588666560e-03
8.650304725588666560e-03
2.471979299619063517e-03
2.471979299619063517e-03
2.471979299619063517e-03
2.471979299619063517e-03
2.471979299619063517e-03
2.471979299619063517e-03
2.471979299619063517e-03
2.471979299619063517e-03
2.471979299619063517e-03
2.471979299619063517e-03
2.471979299619063517e-03
2.471979299619063517e-03
1.684424486403492474e-04
1.684424486403492474e-04
1.684424486403492474e-04
1.684424486403492474e-04
1.684424486403492474e-04
1.684424486403492474e-04
1.684424486403492474e-04
1.684424486403492474e-04
1.684424486403492474e-04
1.684424486403492474e-04
1.684424486403492474e-04
1.684424486403492474e-04
1.684424486403492474e-04
1.684424486403492474e-04
1.684424486403492474e-04
2.979203233075139196e-04
2.979203233075139196e-04
2.979203233075139196e-04
6.840382663648634197e-04
6.840382663648634197e-04
6.840382663648634197e-04
1.319899552527216934e-03
1.319899552527216934e-03
1.319899552527216934e-03
2.194136103811992599e-03
2.194136103811992599e-03
2.194136103811992599e-03
3.291127985118115148e-03
3.291127985118115148e-03
3.291127985118115148e-03
4.591274903757395533e-03
4.591274903757395533e-03
4.591274903757395533e-03
6.071349253836412149e-03
6.071349253836412149e-03
6.071349253836412149e-03
7.704912993612033321e-03
7.704912993612033321e-03
7.704912993612033321e-03
9.462791760859573173e-03
9.462791760859573173e-03
9.462791760859573173e-03
1.131359559261523387e-02
1.131359559261523387e-02
1.131359559261523387e-02
1.322428237732287994e-02
1.322428237732287994e-02
1.322428237732287994e-02
1.516074734678157267e-02
1.516074734678157267e-02
1.516074734678157267e-02
1.708843189349649669e-02
1.708843189349649669e-02
1.708843189349649669e-02
1.897294254285119067e-02
1.897294254285119067e-02
1.897294254285119067e-02
2.078066131352917373e-02
2.078066131352917373e-02
2.078066131352917373e-02
2.247934767860724006e-02
2.247934767860724006e-02
2.247934767860724006e-02
2.403871032476152803e-02
2.403871032476152803e-02
2.403871032476152803e-02
2.543094755321689826e-02
2.543094755321689826e-02
2.543094755321689826e-02
2.663124124258994807e-02
2.663124124258994807e-02
2.663124124258994807e-02
2.761819758761377072e-02
2.761819758761377072e-02
2.761819758761377072e-02
2.837422736009549695e-02
2.837422736009549695e-02
2.837422736009549695e-02
2.888585807355988425e-02
2.888585807355988425e-02
2.888585807355988425e-02
2.914397300523094425e-02
2.914397300523094425e-02
2.914397300523094425e-02
2.914397300523094425e-02
2.914397300523094425e-02
2.914397300523094425e-02
2.888585807355988425e-02
2.888585807355988425e-02
2.888585807355988425e-02
2.837422736009549695e-02
2.837422736009549695e-02
2.837422736009549695e-02
2.761819758761377072e-02
2.761819758761377072e-02
2.761819758761377072e-02
2.663124124258994807e-02
2.663124124258994807e-02
2.663124124258994807e-02
2.543094755321689826e-02
2.543094755321689826e-02
2.543094755321689826e-02
2.403871032476152803e-02
2.403871032476152803e-02
2.403871032476152803e-02
2.247934767860724006e-02
2.247934767860724006e-02
2.247934767860724006e-02
2.078066131352917373e-02
2.078066131352917373e-02
2.078066131352917373e-02
1.897294254285119067e-02
1.897294254285119067e-02
1.897294254285119067e-02
1.708843189349649669e-02
1.708843189349649669e-02
1.708843189349649669e-02
1.516074734678157267e-02
1.516074734678157267e-02
1.516074734678157267e-02
1.322428237732287994e-02
1.322428237732287994e-02
1.322428237732287994e-02
1.131359559261523387e-02
1.131359559261523387e-02
1.131359559261523387e-02
9.462791760859528070e-03
9.462791760859528070e-03
9.462791760859528070e-03
7.704912993612033321e-03
7.704912993612033321e-03
7.704912993612033321e-03
6.071349253836412149e-03
6.071349253836412149e-03
6.071349253836412149e-03
4.591274903757395533e-03
4.591274903757395533e-03
4.591274903757395533e-03
3.291127985118115148e-03
3.291127985118115148e-03
3.291127985118115148e-03
2.194136103811992599e-03
2.194136103811992599e-03
2.194136103811992599e-03
1.319899552527216934e-03
1.319899552527216934e-03
1.319899552527216934e-03
6.840382663648634197e-04
6.840382663648634197e-04
6.840382663648634197e-04
2.979203233075139196e-04
2.979203233075139196e-04
2.979203233075139196e-04
1.684424486403492474e-04
1.684424486403492474e-04
1.684424486403492474e-04
1.684424486403492474e-04
1.684424486403492474e-04
1.684424486403492474e-04
1.684424486403492474e-04
1.684424486403492474e-04
1.684424486403492474e-04
1.684424486403492474e-04
1.684424486403492474e-04
1.684424486403492474e-04
1.684424486403492474e-04
1.684424486403492474e-04
1.684424486403492474e-04
2.471979299619063517e-03
2.471979299619063517e-03
2.471979299619063517e-03
2.471979299619063517e-03
2.471979299619063517e-03
2.471979299619063517e-03
2.471979299619063517e-03
2.471979299619063517e-03
2.471979299619063517e-03
2.471979299619063517e-03
2.471979299619063517e-03
2.471979299619063517e-03
8.650304725588666560e-03
8.650304725588666560e-03
8.650304725588666560e-03
8.650304725588666560e-03
8.650304725588666560e-03
8.650304725588666560e-03
8.650304725588666560e-03
8.650304725588666560e-03
8.650304725588666560e-03
8.650304725588666560e-03
8.650304725588666560e-03
8.650304725588666560e-03
1.674015407836174779e-02
1.674015407836174779e-02
1.674015407836174779e-02
1.674015407836174779e-02
1.674015407836174779e-02
1.674015407836174779e-02
1.674015407836174779e-02
1.674015407836174779e-02
1.674015407836174779e-02
1.674015407836174779e-02
1.674015407836174779e-02
1.674015407836174779e-02
2.417257908611334175e-02
2.417257908611334175e-02
2.417257908611334175e-02
2.417257908611334175e-02
2.417257908611334175e-02
2.417257908611334175e-02
2.417257908611334175e-02
2.417257908611334175e-02
2.417257908611334175e-02
2.417257908611334175e-02
2.417257908611334175e-02
2.417257908611334175e-02
2.858912777283691489e-02
2.858912777283691489e-02
2.858912777283691489e-02
2.858912777283691489e-02
2.858912777283691489e-02
2.858912777283691489e-02
2.858912777283691489e-02
2.858912777283691489e-02
2.858912777283691489e-02
2.858912777283691489e-02
2.858912777283691489e-02
2.858912777283691489e-02
2.858912777283691489e-02
2.858912777283691489e-02
2.858912777283691489e-02
2.858912777283691489e-02
2.858912777283691489e-02
2.858912777283691489e-02
2.858912777283691489e-02
2.858912777283691489e-02
2.858912777283691489e-02
2.858912777283691489e-02
2.858912777283691489e-02
2.858912777283691489e-02
2.417257908611334175e-02
2.417257908611334175e-02
2.417257908611334175e-02
2.417257908611334175e-02
2.417257908611334175e-02
2.417257908611334175e-02
2.417257908611334175e-02
2.417257908611334175e-02
2.417257908611334175e-02
2.417257908611334175e-02
2.417257908611334175e-02
2.417257908611334175e-02
1.674015407836184841e-02
1.674015407836184841e-02
1.674015407836184841e-02
1.674015407836184841e-02
1.674015407836184841e-02
1.674015407836184841e-02
1.674015407836184841e-02
1.674015407836184841e-02
1.674015407836184841e-02
1.674015407836184841e-02
1.674015407836184841e-02
1.674015407836184841e-02
8.650304725588666560e-03
8.650304725588666560e-03
8.650304725588666560e-03
8.650304725588666560e-03
8.650304725588666560e-03
8.650304725588666560e-03
8.650304725588666560e-03
8.650304725588666560e-03
8.650304725588666560e-03
8.650304725588666560e-03
8.650304725588666560e-03
8.650304725588666560e-03
2.471979299619063517e-03
2.471979299619063517e-03
2.471979299619063517e-03
2.471979299619063517e-03
2.471979299619063517e-03
2.471979299619063517e-03
2.471979299619063517e-03
2.471979299619063517e-03
2.471979299619063517e-03
2.471979299619063517e-03
2.471979299619063517e-03
2.471979299619063517e-03
1.684424486403492474e-04
1.684424486403492474e-04
1.684424486403492474e-04
1.684424486403492474e-04
1.684424486403492474e-04
1.684424486403492474e-04
1.684424486403492474e-04
1.684424486403492474e-04
1.684424486403492474e-04
1.684424486403492474e-04
1.684424486403492474e-04
1.684424486403492474e-04
