0.000000000000000000e+00
2.145956795678049297e-04
2.145956795678049297e-04
2.145956795678049297e-04
3.795504918937727128e-04
3.795504918937727128e-04
3.795504918937727128e-04
8.714647513488360834e-04
8.714647513488360834e-04
8.714647513488360834e-04
1.681552029919674380e-03
1.681552029919674380e-03
1.681552029919674380e-03
2.795329396256478627e-03
2.795329396256478627e-03
2.795329396256478627e-03
4.192897053040478376e-03
4.192897053040478376e-03
4.192897053040478376e-03
5.849284227386922393e-03
5.849284227386922393e-03
5.849284227386922393e-03
7.734898949387589845e-03
7.734898949387589845e-03
7.734898949387589845e-03
9.816059153861730890e-03
9.816059153861730890e-03
9.816059153861730890e-03
1.205559670333509678e-02
1.205559670333509678e-02
1.205559670333509678e-02
1.441352078499180851e-02
1.441352078499180851e-02
1.441352078499180851e-02
1.684773574870935056e-02
1.684773574870935056e-02
1.684773574870935056e-02
1.931479211979972646e-02
1.931479211979972646e-02
1.931479211979972646e-02
2.177066223231453532e-02
2.177066223231453532e-02
2.177066223231453532e-02
2.417152879959241774e-02
2.417152879959241774e-02
2.417152879959241774e-02
2.647456251343616868e-02
2.647456251343616868e-02
2.647456251343616868e-02
2.863868894254562730e-02
2.863868894254562730e-02
2.863868894254562730e-02
3.062531695374618584e-02
3.062531695374618584e-02
3.062531695374618584e-02
3.239902718279832894e-02
3.239902718279832894e-02
3.239902718279832894e-02
3.392820134305959967e-02
3.392820134305959967e-02
3.392820134305959967e-02
3.518558372661994421e-02
3.518558372661994421e-02
3.518558372661994421e-02
3.614876565676166525e-02
3.614876565676166525e-02
3.614876565676166525e-02
3.680058318571529513e-02
3.680058318571529513e-02
3.680058318571529513e-02
3.712942160866422592e-02
3.712942160866422592e-02
3.712942160866422592e-02
3.712942160866422592e-02
3.712942160866422592e-02
3.712942160866422592e-02
3.680058318571529513e-02
3.680058318571529513e-02
3.680058318571529513e-02
3.614876565676166525e-02
3.614876565676166525e-02
3.614876565676166525e-02
3.518558372661994421e-02
3.518558372661994421e-02
3.518558372661994421e-02
3.392820134305959967e-02
3.392820134305959967e-02
3.392820134305959967e-02
3.239902718279832894e-02
3.239902718279832894e-02
3.239902718279832894e-02
3.062531695374618584e-02
3.062531695374618584e-02
3.062531695374618584e-02
2.863868894254562730e-02
2.863868894254562730e-02
2.863868894254562730e-02
2.647456251343616868e-02
2.647456251343616868e-02
2.647456251343616868e-02
2.417152879959241774e-02
2.417152879959241774e-02
2.417152879959241774e-02
2.177066223231453532e-02
2.177066223231453532e-02
2.177066223231453532e-02
1.931479211979972646e-02
1.931479211979972646e-02
1.931479211979972646e-02
1.684773574870935056e-02
1.684773574870935056e-02
1.684773574870935056e-02
1.441352078499180851e-02
1.441352078499180851e-02
1.441352078499180851e-02
1.205559670333503954e-02
1.205559670333503954e-02
1.205559670333503954e-02
9.816059153861730890e-03
9.816059153861730890e-03
9.816059153861730890e-03
7.734898949387589845e-03
7.734898949387589845e-03
7.734898949387589845e-03
5.849284227386922393e-03
5.849284227386922393e-03
5.849284227386922393e-03
4.192897053040478376e-03
4.192897053040478376e-03
4.192897053040478376e-03
2.795329396256478627e-03
2.795329396256478627e-03
2.795329396256478627e-03
1.681552029919674380e-03
1.681552029919674380e-03
1.681552029919674380e-03
8.714647513488360834e-04
8.714647513488360834e-04
8.714647513488360834e-04
3.795504918937727128e-04
3.795504918937727128e-04
3.795504918937727128e-04
2.145956795678049297e-04
2.145956795678049297e-04
2.145956795678049297e-04
2.145956795678049297e-04
2.145956795678049297e-04
2.145956795678049297e-04
2.145956795678049297e-04
2.145956795678049297e-04
2.145956795678049297e-04
2.145956795678049297e-04
2.145956795678049297e-04
2.145956795678049297e-04
2.145956795678049297e-04
2.145956795678049297e-04
2.145956795678049297e-04
3.149301627714687270e-03
3.149301627714687270e-03
3.149301627714687270e-03
3.149301627714687270e-03
3.149301627714687270e-03
3.149301627714687270e-03
3.149301627714687270e-03
3.149301627714687270e-03
3.149301627714687270e-03
3.149301627714687270e-03
3.149301627714687270e-03
3.149301627714687270e-03
1.102048822039996059e-02
1.102048822039996059e-02
1.102048822039996059e-02
1.102048822039996059e-02
1.102048822039996059e-02
1.102048822039996059e-02
1.102048822039996059e-02
1.102048822039996059e-02
1.102048822039996059e-02
1.102048822039996059e-02
1.102048822039996059e-02
1.102048822039996059e-02
2.132695629583286623e-02
2.132695629583286623e-02
2.132695629583286623e-02
2.132695629583286623e-02
2.132695629583286623e-02
2.132695629583286623e-02
2.132695629583286623e-02
2.132695629583286623e-02
2.132695629583286623e-02
2.132695629583286623e-02
2.132695629583286623e-02
2.132695629583286623e-02
3.079586575570840076e-02
3.079586575570840076e-02
3.079586575570840076e-02
3.079586575570840076e-02
3.079586575570840076e-02
3.079586575570840076e-02
3.079586575570840076e-02
3.079586575570840076e-02
3.079586575570840076e-02
3.079586575570840076e-02
3.079586575570840076e-02
3.079586575570840076e-02
3.642254878259423151e-02
3.642254878259423151e-02
3.642254878259423151e-02
3.642254878259423151e-02
3.642254878259423151e-02
3.642254878259423151e-02
3.642254878259423151e-02
3.642254878259423151e-02
3.642254878259423151e-02
3.642254878259423151e-02
3.642254878259423151e-02
3.642254878259423151e-02
3.642254878259423151e-02
3.642254878259423151e-02
3.642254878259423151e-02
3.642254878259423151e-02
3.642254878259423151e-02
3.642254878259423151e-02
3.642254878259423151e-02
3.642254878259423151e-02
3.642254878259423151e-02
3.642254878259423151e-02
3.642254878259423151e-02
3.642254878259423151e-02
3.079586575570840076e-02
3.079586575570840076e-02
3.079586575570840076e-02
3.079586575570840076e-02
3.079586575570840076e-02
3.079586575570840076e-02
3.079586575570840076e-02
3.079586575570840076e-02
3.079586575570840076e-02
3.079586575570840076e-02
3.079586575570840076e-02
3.079586575570840076e-02
2.132695629583299460e-02
2.132695629583299460e-02
2.132695629583299460e-02
2.132695629583299460e-02
2.132695629583299460e-02
2.132695629583299460e-02
2.132695629583299460e-02
2.132695629583299460e-02
2.132695629583299460e-02
2.132695629583299460e-02
2.132695629583299460e-02
2.132695629583299460e-02
1.102048822039996059e-02
1.102048822039996059e-02
1.102048822039996059e-02
1.102048822039996059e-02
1.102048822039996059e-02
1.102048822039996059e-02
1.102048822039996059e-02
1.102048822039996059e-02
1.102048822039996059e-02
1.102048822039996059e-02
1.102048822039996059e-02
1.102048822039996059e-02
3.149301627714687270e-03
3.149301627714687270e-03
3.149301627714687270e-03
3.149301627714687270e-03
3.149301627714687270e-03
3.149301627714687270e-03
3.149301627714687270e-03
3.149301627714687270e-03
3.149301627714687270e-03
3.149301627714687270e-03
3.149301627714687270e-03
3.149301627714687270e-03
2.145956795678049297e-04
2.145956795678049297e-04
2.145956795678049297e-04
2.145956795678049297e-04
2.145956795678049297e-04
2.145956795678049297e-04
2.145956795678049297e-04
2.145956795678049297e-04
2.145956795678049297e-04
2.145956795678049297e-04
2.145956795678049297e-04
2.145956795678049297e-04
2.145956795678049297e-04
2.145956795678049297e-04
2.145956795678049297e-04
3.795504918937727128e-04
3.795504918937727128e-04
3.795504918937727128e-04
8.714647513488360834e-04
8.714647513488360834e-04
8.714647513488360834e-04
1.681552029919674380e-03
1.681552029919674380e-03
1.681552029919674380e-03
2.795329396256478627e-03
2.795329396256478627e-03
2.795329396256478627e-03
4.192897053040478376e-03
4.192897053040478376e-03
4.192897053040478376e-03
5.849284227386922393e-03
5.849284227386922393e-03
5.849284227386922393e-03
7.734898949387589845e-03
7.734898949387589845e-03
7.734898949387589845e-03
9.816059153861730890e-03
9.816059153861730890e-03
9.816059153861730890e-03
1.205559670333509678e-02
1.205559670333509678e-02
1.205559670333509678e-02
1.441352078499180851e-02
1.441352078499180851e-02
1.441352078499180851e-02
1.684773574870935056e-02
1.684773574870935056e-02
1.684773574870935056e-02
1.931479211979972646e-02
1.931479211979972646e-02
1.931479211979972646e-02
2.177066223231453532e-02
2.177066223231453532e-02
2.177066223231453532e-02
2.417152879959241774e-02
2.417152879959241774e-02
2.417152879959241774e-02
2.647456251343616868e-02
2.647456251343616868e-02
2.647456251343616868e-02
2.863868894254562730e-02
2.863868894254562730e-02
2.863868894254562730e-02
3.062531695374618584e-02
3.062531695374618584e-02
3.062531695374618584e-02
3.239902718279832894e-02
3.239902718279832894e-02
3.239902718279832894e-02
3.392820134305959967e-02
3.392820134305959967e-02
3.392820134305959967e-02
3.518558372661994421e-02
3.518558372661994421e-02
3.518558372661994421e-02
3.614876565676166525e-02
3.614876565676166525e-02
3.614876565676166525e-02
3.680058318571529513e-02
3.680058318571529513e-02
3.680058318571529513e-02
3.712942160866422592e-02
3.712942160866422592e-02
3.712942160866422592e-02
3.712942160866422592e-02
3.712942160866422592e-02
3.712942160866422592e-02
3.680058318571529513e-02
3.680058318571529513e-02
3.680058318571529513e-02
3.614876565676166525e-02
3.614876565676166525e-02
3.614876565676166525e-02
3.518558372661994421e-02
3.518558372661994421e-02
3.518558372661994421e-02
3.392820134305959967e-02
3.392820134305959967e-02
3.392820134305959967e-02
3.239902718279832894e-02
3.239902718279832894e-02
3.239902718279832894e-02
3.062531695374618584e-02
3.062531695374618584e-02
3.062531695374618584e-02
2.863868894254562730e-02
2.863868894254562730e-02
2.863868894254562730e-02
2.647456251343616868e-02
2.647456251343616868e-02
2.647456251343616868e-02
2.417152879959241774e-02
2.417152879959241774e-02
2.417152879959241774e-02
2.177066223231453532e-02
2.177066223231453532e-02
2.177066223231453532e-02
1.931479211979972646e-02
1.931479211979972646e-02
1.931479211979972646e-02
1.684773574870935056e-02
1.684773574870935056e-02
1.684773574870935056e-02
1.441352078499180851e-02
1.441352078499180851e-02
1.441352078499180851e-02
1.205559670333503954e-02
1.205559670333503954e-02
1.205559670333503954e-02
9.816059153861730890e-03
9.816059153861730890e-03
9.816059153861730890e-03
7.734898949387589845e-03
7.734898949387589845e-03
7.734898949387589845e-03
5.849284227386922393e-03
5.849284227386922393e-03
5.849284227386922393e-03
4.192897053040478376e-03
4.192897053040478376e-03
4.192897053040478376e-03
2.795329396256478627e-03
2.795329396256478627e-03
2.795329396256478627e-03
1.681552029919674380e-03
1.681552029919674380e-03
1.681552029919674380e-03
8.714647513488360834e-04
8.714647513488360834e-04
8.714647513488360834e-04
3.795504918937727128e-04
3.795504918937727128e-04
3.795504918937727128e-04
2.145956795678049297e-04
2.145956795678049297e-04
2.145956795678049297e-04
2.145956795678049297e-04
2.145956795678049297e-04
2.145956795678049297e-04
2.145956795678049297e-04
2.145956795678049297e-04
2.145956795678049297e-04
2.145956795678049297e-04
2.145956795678049297e-04
2.145956795678049297e-04
2.145956795678049297e-04
2.145956795678049297e-04
2.145956795678049297e-04
3.149301627714687270e-03
3.149301627714687270e-03
3.149301627714687270e-03
3.149301627714687270e-03
3.149301627714687270e-03
3.149301627714687270e-03
3.149301627714687270e-03
3.149301627714687270e-03
3.149301627714687270e-03
3.149301627714687270e-03
3.149301627714687270e-03
3.149301627714687270e-03
1.102048822039996059e-02
1.102048822039996059e-02
1.102048822039996059e-02
1.102048822039996059e-02
1.102048822039996059e-02
1.102048822039996059e-02
1.102048822039996059e-02
1.102048822039996059e-02
1.102048822039996059e-02
1.102048822039996059e-02
1.102048822039996059e-02
1.102048822039996059e-02
2.132695629583286623e-02
2.132695629583286623e-02
2.132695629583286623e-02
2.132695629583286623e-02
2.132695629583286623e-02
2.132695629583286623e-02
2.132695629583286623e-02
2.132695629583286623e-02
2.132695629583286623e-02
2.132695629583286623e-02
2.132695629583286623e-02
2.132695629583286623e-02
3.079586575570840076e-02
3.079586575570840076e-02
3.079586575570840076e-02
3.079586575570840076e-02
3.079586575570840076e-02
3.079586575570840076e-02
3.079586575570840076e-02
3.079586575570840076e-02
3.079586575570840076e-02
3.079586575570840076e-02
3.079586575570840076e-02
3.079586575570840076e-02
3.642254878259423151e-02
3.642254878259423151e-02
3.642254878259423151e-02
3.642254878259423151e-02
3.642254878259423151e-02
3.642254878259423151e-02
3.642254878259423151e-02
3.642254878259423151e-02
3.642254878259423151e-02
3.642254878259423151e-02
3.642254878259423151e-02
3.642254878259423151e-02
3.642254878259423151e-02
3.642254878259423151e-02
3.642254878259423151e-02
3.642254878259423151e-02
3.642254878259423151e-02
3.642254878259423151e-02
3.642254878259423151e-02
3.642254878259423151e-02
3.642254878259423151e-02
3.642254878259423151e-02
3.642254878259423151e-02
3.642254878259423151e-02
3.079586575570840076e-02
3.079586575570840076e-02
3.079586575570840076e-02
3.079586575570840076e-02
3.079586575570840076e-02
3.079586575570840076e-02
3.079586575570840076e-02
3.079586575570840076e-02
3.079586575570840076e-02
3.079586575570840076e-02
3.079586575570840076e-02
3.079586575570840076e-02
2.132695629583299460e-02
2.132695629583299460e-02
2.132695629583299460e-02
2.132695629583299460e-02
2.132695629583299460e-02
2.132695629583299460e-02
2.132695629583299460e-02
2.132695629583299460e-02
2.132695629583299460e-02
2.132695629583299460e-02
2.132695629583299460e-02
2.132695629583299460e-02
1.102048822039996059e-02
1.102048822039996059e-02
1.102048822039996059e-02
1.102048822039996059e-02
1.102048822039996059e-02
1.102048822039996059e-02
1.102048822039996059e-02
1.102048822039996059e-02
1.102048822039996059e-02
1.102048822039996059e-02
1.102048822039996059e-02
1.102048822039996059e-02
3.149301627714687270e-03
3.149301627714687270e-03
3.149301627714687270e-03
3.149301627714687270e-03
3.149301627714687270e-03
3.149301627714687270e-03
3.149301627714687270e-03
3.149301627714687270e-03
3.149301627714687270e-03
3.149301627714687270e-03
3.149301627714687270e-03
3.149301627714687270e-03
2.145956795678049297e-04
2.145956795678049297e-04
2.145956795678049297e-04
2.145956795678049297e-04
2.145956795678049297e-04
2.145956795678049297e-04
2.145956795678049297e-04
2.145956795678049297e-04
2.145956795678049297e-04
2.145956795678049297e-04
2.145956795678049297e-04
2.145956795678049297e-04
