8.121493939708528398e-01
9.301295594162307667e-01
1.045489829004777604e+00
1.158288380772391823e+00
1.268582100839550586e+00
1.376426612099893143e+00
1.481876302271738277e+00
1.584984351326685026e+00
1.685802758309124627e+00
1.784382367560195526e+00
1.880772894359398650e+00
1.975022949996811716e+00
2.067180066288544005e+00
2.157290719547792612e+00
2.245400354023595391e+00
2.331553404819092901e+00
2.415793320300867020e+00
2.498162584010647613e+00
2.578702736090444425e+00
2.657454394231909323e+00
2.734457274160489781e+00
2.809750209664705345e+00
2.883371172180651865e+00
2.955357289941606069e+00
3.022853522045193753e+00
3.077494978906971657e+00
3.118768780619865399e+00
3.147693469140485867e+00
3.166120518336942968e+00
3.176131429923192862e+00
3.179755719000779468e+00
3.178797971500750386e+00
3.174757852940679026e+00
3.168813260702549428e+00
3.161841668045497489e+00
3.154461523053612826e+00
3.147081260653880719e+00
3.139947987298254528e+00
3.133191271040594916e+00
3.126859864984810944e+00
3.120950788891131200e+00
3.115431174532317549e+00
3.110253809359527555e+00
3.105367528236806063e+00
3.100723617489969719e+00
3.096279290945754603e+00
3.091999133754246731e+00
3.087855230388569350e+00
3.083826518692160956e+00
3.079897756997159064e+00
3.076058367629006529e+00
3.072301320397011537e+00
3.068622147078846396e+00
3.065018126931181808e+00
3.061487649877968842e+00
3.058029744054665766e+00
3.054643744110127734e+00
3.051329072995846214e+00
3.048085110485033500e+00
3.044911124547435843e+00
3.041806245676993647e+00
3.038769468502135140e+00
3.035799668966970621e+00
3.032895628798827570e+00
3.030056061762152364e+00
3.027279638342887935e+00
3.024565007073296563e+00
3.021910811786895579e+00
3.019315704787008947e+00
3.016778356315751530e+00
3.014297460906378845e+00
3.011871741259123159e+00
3.009499950251848244e+00
3.007180871620904306e+00
3.004913319752739564e+00
3.002696138926831182e+00
3.000528202263299082e+00
2.998408410550371883e+00
2.996335691066268847e+00
2.994308996463420414e+00
2.992327303749411804e+00
2.990389613376112088e+00
2.988494948434953002e+00
2.986642353946239226e+00
2.984830896229327291e+00
2.983059662337923523e+00
2.981327759546462897e+00
2.979634314875345691e+00
2.977978474645099904e+00
2.976359404051661883e+00
2.974776286757824462e+00
2.973228324495438279e+00
2.971714736677723678e+00
2.970234760018223952e+00
2.968787648156877346e+00
2.967372671292288100e+00
2.965989115820197863e+00
2.964636283978120179e+00
2.963313493496973816e+00
2.962020077258563422e+00
2.960755382960287729e+00
2.959518772786485119e+00
2.958309623087233664e+00
2.957127324063280049e+00
2.955971279458301293e+00
2.954840906257866884e+00
2.953735634395091125e+00
2.952654906462845563e+00
2.951598177432271264e+00
2.950564914377989734e+00
2.949554596209237989e+00
2.948566713406690631e+00
2.947600767765540919e+00
2.946656272144210220e+00
2.945732750218517992e+00
2.944829736241870943e+00
2.943946774810004108e+00
2.943083420631277480e+00
2.942239238302527760e+00
2.941413802088983065e+00
2.940606695710073382e+00
2.939817512129129895e+00
2.939045853348211779e+00
2.938291330207402297e+00
2.937553562188555567e+00
2.936832177223397178e+00
2.936126811505891165e+00
2.935437109308765447e+00
2.934762722804116652e+00
2.934103311887991783e+00
2.933458544008730851e+00
2.932828093999523045e+00
2.932211643914454768e+00
2.931608882867883015e+00
2.931019506877751368e+00
2.930443218712290410e+00
2.929879727740124729e+00
2.929328749783564945e+00
2.928790006975701132e+00
2.928263227619902764e+00
2.927748146052887801e+00
2.927244502510752522e+00
2.926752042997968761e+00
2.926270519159292149e+00
2.925799688154373523e+00
2.925339312535701008e+00
2.924889160128476551e+00
2.924449003913622391e+00
2.924018621913294869e+00
2.923597797078940630e+00
2.923186317181835747e+00
2.922783974706057109e+00
2.922390566743689799e+00
2.922005894892765632e+00
2.921629765157241820e+00
2.921261987848884800e+00
2.920902377491709778e+00
2.920550752728444444e+00
2.920206936229071903e+00
2.919870754601406215e+00
2.919542038303646336e+00
2.919220621558879181e+00
2.918906342271472276e+00
2.918599041945329819e+00
2.918298565603817174e+00
2.918004761711876505e+00
2.917717482099494219e+00
2.917436581887109970e+00
2.917161919412276205e+00
2.916893356158313022e+00
2.916630756684463144e+00
2.916373988557590557e+00
2.916122922285396601e+00
2.915877431251117091e+00
2.915637391649672061e+00
2.915402682425226821e+00
2.915173185210142126e+00
2.914948784265282367e+00
2.914729366421642709e+00
2.914514821023279634e+00
2.914305039871502689e+00
2.914099917170306586e+00
2.913899349473020983e+00
2.913703235630135335e+00
2.913511476738148698e+00
2.913323976090102629e+00
2.913140639126290843e+00
2.912961373387079611e+00
2.912786088465907142e+00
2.912614695963785749e+00
2.912447109444728177e+00
2.912283244392159354e+00
2.912123018166295818e+00
2.911966349962330725e+00
2.911813160770094999e+00
2.911663373333834848e+00
2.911516912113347288e+00
2.911373703245888400e+00
2.911233674508924896e+00
2.911096755283570037e+00
2.910962876519241682e+00
2.910831970698876336e+00
2.910703971804597057e+00
2.910578815284519560e+00
2.910456438020204040e+00
2.910336778294685622e+00
2.910219775761623495e+00
2.910105371414762665e+00
2.909993507558306991e+00
2.909884127777550233e+00
2.909777176910383290e+00
2.909672601019892113e+00
2.909570347366788212e+00
2.909470364382912955e+00
2.909372601645091816e+00
2.909277009850122830e+00
2.909183540789538114e+00
2.909092147325389011e+00
2.909002783366478884e+00
2.908915403844979153e+00
2.908829964694112036e+00
2.908746422825556621e+00
2.908664736107811954e+00
2.908584863344812366e+00
2.908506764255564647e+00
2.908430399453461046e+00
2.908355730426511521e+00
2.908282719517925496e+00
2.908211329907126164e+00
2.908141525591038334e+00
2.908073271366347079e+00
2.908006532811366451e+00
2.907941276268779074e+00
2.907877468828662604e+00
2.907815078311898116e+00
2.907754073253941751e+00
2.907694422888957408e+00
2.907636097134302933e+00
2.907579066575359583e+00
2.907523302450697233e+00
2.907468776637569086e+00
2.907415461637731013e+00
2.907363330563570436e+00
2.907312357124548718e+00
2.907262515613942888e+00
2.907213780895877786e+00
2.907166128392652205e+00
2.907119534072345246e+00
2.907073974436691355e+00
2.907029426509236458e+00
2.906985867823603353e+00
2.906943276412575994e+00
2.906901630796645541e+00
2.906860909973270068e+00
2.906821093406291023e+00
2.906782161015573962e+00
2.906744093166887311e+00
2.906706870661858844e+00
2.906670474728705766e+00
2.906634887012393254e+00
2.906600089565472889e+00
2.906566064839035235e+00
2.906532795673864022e+00
2.906500265291779517e+00
2.906468457287183504e+00
2.906437355618784135e+00
2.906406944601506392e+00
2.906377208898581088e+00
2.906348133513814158e+00
2.906319703784018937e+00
2.906291905371625184e+00
2.906264724257305421e+00
2.906238146733314931e+00
2.906212159396202921e+00
2.906186749140150294e+00
2.906161903150362491e+00
2.906137608896607993e+00
2.906113854126902041e+00
2.906090626861329351e+00
2.906067915386003619e+00
2.906045708247017245e+00
2.906023994245078956e+00
2.906002762429487962e+00
2.905982002092709404e+00
2.905961702764974230e+00
2.905941854209006081e+00
2.905922446414856086e+00
2.905903469594716348e+00
2.905884914178255229e+00
2.905866770807824295e+00
2.905849030333460981e+00
2.905831683808233645e+00
2.905814722484141299e+00
2.905798137807334314e+00
2.905781921413899127e+00
2.905766065125504394e+00
2.905750560945687955e+00
2.905735401055455469e+00
2.905720577809432825e+00
2.905706083732014999e+00
2.905691911513598402e+00
3.018838378616200746e+00
3.087816279093027472e+00
3.155262439764354720e+00
3.221210874811760050e+00
3.285694843089747685e+00
3.348746864898718201e+00
3.410398738385481021e+00
3.470681555579568478e+00
3.529625718073446716e+00
3.587260952354526466e+00
3.643616324796707051e+00
3.698720256319017352e+00
3.752600536718738500e+00
3.805284338686248269e+00
3.856798231508642871e+00
3.907168194469054168e+00
3.956419629948422223e+00
4.004577376236320596e+00
4.051665720057306075e+00
4.097708408819105586e+00
4.142728662588810451e+00
4.186749185803132711e+00
4.229792178718618345e+00
4.271879348607587445e+00
4.313031920705464373e+00
4.353270648915004593e+00
4.392615826272820989e+00
4.431087295183484542e+00
4.468704457426373011e+00
4.505486283940294712e+00
4.541451324390841648e+00
4.576617716525278823e+00
4.611003195319708148e+00
4.644625101923094412e+00
4.677500392402690110e+00
4.709645646295251176e+00
4.741077074968361060e+00
4.771810529796086442e+00
4.801861510153079493e+00
4.831245171231159041e+00
4.857709900589292751e+00
4.879150766199497724e+00
4.895553497897259909e+00
4.907373153570495639e+00
4.915290612130784886e+00
4.920053351532147623e+00
4.922378709439345634e+00
4.922902577832378945e+00
4.922160499769444364e+00
4.920572535144041915e+00
4.918458318269054885e+00
4.916051427448971722e+00
4.913515313902006909e+00
4.910958688187516685e+00
4.908449209079872588e+00
4.906024977563150813e+00
4.903703745147502957e+00
4.901489991885237707e+00
4.899380154089808315e+00
4.897366327703204902e+00
4.895438770120109417e+00
4.893587492449722909e+00
4.891803190368523957e+00
4.890077714426270816e+00
4.888404235445055868e+00
4.886777222077342664e+00
4.885192312286225302e+00
4.883646136305887175e+00
4.882136129219709630e+00
4.880660351557644105e+00
4.879217333158846870e+00
4.877805943147937917e+00
4.876425286779386248e+00
4.875074626713024273e+00
4.873753325213668219e+00
4.872460803581351030e+00
4.871196514939517996e+00
4.869959927067295524e+00
4.868750512479036452e+00
4.867567743485004428e+00
4.866411090497076763e+00
4.865280022348323463e+00
4.864174007680889034e+00
4.863092516786299946e+00
4.862035023558558322e+00
4.861001007238207272e+00
4.859989953978583799e+00
4.859001357983477654e+00
4.858034722411025186e+00
4.857089559988610361e+00
4.856165393395590613e+00
4.855261755438117000e+00
4.854378189163897517e+00
4.853514247753358823e+00
4.852669494407820139e+00
4.851843502174831180e+00
4.851035853743604243e+00
4.850246141224475949e+00
4.849473965922162400e+00
4.848718938109297660e+00
4.847980676804305666e+00
4.847258809555867742e+00
4.846552972235051548e+00
4.845862808835346591e+00
4.845187971280377148e+00
4.844528119238809438e+00
4.843882919945834864e+00
4.843252048030618262e+00
4.842635185349108085e+00
4.842032020821728011e+00
4.841442250275478365e+00
4.840865576290101835e+00
4.840301708048034612e+00
4.839750361187895145e+00
4.839211257661344412e+00
4.838684125593159635e+00
4.838168699144423712e+00
4.837664718378730022e+00
4.837171929131311110e+00
4.836690082881051289e+00
4.836218936625289011e+00
4.835758252757373477e+00
4.835307798946908875e+00
4.834867348022643618e+00
4.834436677857930853e+00
4.834015571258728272e+00
4.833603815854075059e+00
4.833201203988993555e+00
4.832807532619761481e+00
4.832422603211519174e+00
4.832046221638132799e+00
4.831678198084295772e+00
4.831318346949798226e+00
4.830966486755921885e+00
4.830622440053912392e+00
4.830286033335492668e+00
4.829957096945351580e+00
4.829635464995589267e+00
4.829320975282049844e+00
4.829013469202524611e+00
4.828712791676764482e+00
4.828418791068266103e+00
4.828131319107806796e+00
4.827850230818660826e+00
4.827575384443492545e+00
4.827306641372865137e+00
4.827043866075334755e+00
4.826786926029098979e+00
4.826535691655169380e+00
4.826290036252017579e+00
4.826049835931681464e+00
4.825814969557280953e+00
4.825585318681935298e+00
4.825360767489019764e+00
4.825141202733762569e+00
4.824926513686134122e+00
4.824716592075001032e+00
4.824511332033522670e+00
4.824310630045766324e+00
4.824114384894497398e+00
4.823922497610135807e+00
4.823734871420843895e+00
4.823551411703721925e+00
4.823372025937089802e+00
4.823196623653824844e+00
4.823025116395741385e+00
4.822857417668974023e+00
4.822693442900364502e+00
4.822533109394803397e+00
4.822376336293529242e+00
4.822223044533351377e+00
4.822073156806774286e+00
4.821926597523011004e+00
4.821783292769862506e+00
4.821643170276439960e+00
4.821506159376721001e+00
4.821372190973909788e+00
4.821241197505590215e+00
4.821113112909652720e+00
4.820987872590979606e+00
4.820865413388866649e+00
4.820745673545173915e+00
4.820628592673175561e+00
4.820514111727107753e+00
4.820402172972391597e+00
4.820292719956516869e+00
4.820185697480569686e+00
4.820081051571396991e+00
4.819978729454388322e+00
4.819878679526856224e+00
4.819780851332017058e+00
4.819685195533541133e+00
4.819591663890673061e+00
4.819500209233904542e+00
4.819410785441183620e+00
4.819323347414656844e+00
4.819237851057922128e+00
4.819154253253795872e+00
4.819072511842563244e+00
4.818992585600716971e+00
4.818914434220171294e+00
4.818838018287929792e+00
4.818763299266212385e+00
4.818690239473015779e+00
4.818618802063113549e+00
4.818548951009472781e+00
4.818480651085086386e+00
4.818413867845205978e+00
4.818348567609971767e+00
4.818284717447426146e+00
4.818222285156906537e+00
4.818161239252807704e+00
4.818101548948700241e+00
4.818043184141806101e+00
4.817986115397814295e+00
4.817930313936042985e+00
4.817875751614917768e+00
4.817822400917783909e+00
4.817770234939030338e+00
4.817719227370515611e+00
4.817669352488302970e+00
4.817620585139690270e+00
4.817572900730518803e+00
4.817526275212777875e+00
4.817480685072469626e+00
4.817436107317752736e+00
4.817392519467351697e+00
4.817349899539213887e+00
4.817308226039423324e+00
4.817267477951367560e+00
4.817227634725130159e+00
4.817188676267132763e+00
4.817150582929999203e+00
4.817113335502648752e+00
4.817076915200605214e+00
4.817041303656526274e+00
4.817006482910938026e+00
4.816972435403179986e+00
4.816939143962546410e+00
4.816906591799630988e+00
4.816874762497853624e+00
4.816843640005187943e+00
4.816813208626059328e+00
4.816783453013436578e+00
4.816754358161086103e+00
4.816725909396007310e+00
4.816698092371029638e+00
4.816670893057581893e+00
4.816644297738613467e+00
4.816618293001678985e+00
4.816592865732171269e+00
4.816568003106708851e+00
4.816543692586672698e+00
4.816519921911876168e+00
4.816496679094387723e+00
4.816473952412478887e+00
4.816451730404721410e+00
4.816430001864199006e+00
4.816408755832860322e+00
4.816387981595990020e+00
4.816367668676807767e+00
4.816347806831180911e+00
4.816328386042463272e+00
4.816309396516438746e+00
4.816290828676384805e+00
4.816272673158241702e+00
4.816254920805890016e+00
4.816237562666533023e+00
4.816220589986182965e+00
4.816203994205243255e+00
4.816187766954197258e+00
4.816171900049381449e+00
4.816156385488859826e+00
4.816141215448389801e+00
4.816126382277479578e+00
4.816111878495520138e+00
4.816097696788022908e+00
4.816083830002924060e+00
4.816070271146982051e+00
4.816057013382247121e+00
4.816044050022616929e+00
4.816031374530460596e+00
4.816018980513323555e+00
4.816006861720704357e+00
4.815995012040900747e+00
4.815983425497930348e+00
4.815972096248512635e+00
4.815961018579125508e+00
4.815950186903121377e+00
4.815939595757913416e+00
4.815929239802216877e+00
4.815919113813357022e+00
4.815909212684633900e+00
4.815899531422751956e+00
4.815890065145293164e+00
4.815880809078262992e+00
4.815871758553676329e+00
4.815862909007211812e+00
4.815854255975898113e+00
4.815845795095873072e+00
4.644972465718773869e+00
4.540791574887637516e+00
4.438924149910860706e+00
4.339318817410689810e+00
4.241925344818922916e+00
4.146694615043818644e+00
4.053578601704701079e+00
3.972036106481711126e+00
3.906062352936900517e+00
3.855409591775552869e+00
3.818556725760800408e+00
3.793313467644165993e+00
3.777329645807367964e+00
3.768380330500650910e+00
3.764519535089414948e+00
3.764143460107674422e+00
3.765995430615700634e+00
3.769136575737496386e+00
3.772899368603984893e+00
3.776835539049832491e+00
3.780665553160987624e+00
3.784233684625240457e+00
3.787470492186387538e+00
3.790363068225969467e+00
3.792932549714590262e+00
3.795217925067749132e+00
3.797264988960063370e+00
3.799119307119209754e+00
3.800822158627923386e+00
3.802408577760803432e+00
3.803906796904816368e+00
3.805338552241146477e+00
3.806719861732001498e+00
3.808062004796534783e+00
3.809372527868201797e+00
3.810656172111281048e+00
3.811915669922306460e+00
3.813152391593197077e+00
3.814366845204478551e+00
3.815559045129227833e+00
3.816728770240767954e+00
3.817875734273955768e+00
3.818999689495868655e+00
3.820100482130825981e+00
3.821178074703677208e+00
3.822232547157784932e+00
3.823264085587864347e+00
3.824272964859934287e+00
3.825259528960703204e+00
3.826224173094007863e+00
3.827167326974420636e+00
3.828089441155801520e+00
3.828990976271276381e+00
3.829872394978389938e+00
3.830734156238579491e+00
3.831576711859301820e+00
3.832400503466765418e+00
3.833205961523574956e+00
3.833993504869306346e+00
3.834763540759843714e+00
3.835516465209358739e+00
3.836252663492793591e+00
3.836972510711202489e+00
3.837676372357163856e+00
3.838364604843480077e+00
3.839037555976920757e+00
3.839695565371161745e+00
3.840338964800852573e+00
3.840968078503046890e+00
3.841583223434190231e+00
3.842184709491196504e+00
3.842772839704616139e+00
3.843347910410794377e+00
3.843910211408696931e+00
3.844460026105818606e+00
3.844997631656476234e+00
3.845523299094832481e+00
3.846037293464226181e+00
3.846539873943820353e+00
3.847031293973127042e+00
3.847511801374710494e+00
3.847981638475137522e+00
3.848441042224165720e+00
3.848890244312083375e+00
3.849329471285093618e+00
3.849758944658648652e+00
3.850178881028645250e+00
3.850589492180415352e+00
3.850990985195478444e+00
3.851383562556032647e+00
3.851767422247184935e+00
3.852142757856940491e+00
3.852509758673967166e+00
3.852868609783192344e+00
3.853219492159248194e+00
3.853562582757827926e+00
3.853898054604997458e+00
3.854226076884502916e+00
3.854546815023125905e+00
3.854860430774135871e+00
3.855167082298875503e+00
3.855466924246532034e+00
3.855760107832132633e+00
3.856046780912803840e+00
3.856327088062335928e+00
3.856601170644090804e+00
3.856869166882293865e+00
3.857131211931736470e+00
3.857387437945937858e+00
3.857637974143786064e+00
3.857882946874707564e+00
3.858122479682384309e+00
3.858356693367060331e+00
3.858585706046457453e+00
3.858809633215348978e+00
3.859028587803803312e+00
3.859242680234136635e+00
3.859452018476599910e+00
3.859656708103829104e+00
3.859856852344089706e+00
3.860052552133337311e+00
3.860243906166116457e+00
3.860431010945339469e+00
3.860613960830949765e+00
3.860792848087511331e+00
3.860967762930739511e+00
3.861138793572998384e+00
3.861306026267785185e+00
3.861469545353234611e+00
3.861629433294644365e+00
3.861785770726070766e+00
3.861938636490990451e+00
3.862088107682062343e+00
3.862234259680008108e+00
3.862377166191626188e+00
3.862516899286963845e+00
3.862653529435665867e+00
3.862787125542508360e+00
3.862917754982153173e+00
3.863045483633124277e+00
3.863170375911029630e+00
3.863292494801051191e+00
3.863411901889704403e+00
3.863528657395902233e+00
3.863642820201320216e+00
3.863754447880093590e+00
3.863863596727853622e+00
3.863970321790115570e+00
3.864074676890042248e+00
3.864176714655585432e+00
3.864276486546028622e+00
3.864374042877937843e+00
3.864469432850537345e+00
3.864562704570521312e+00
3.864653905076316232e+00
3.864743080361800587e+00
3.864830275399503190e+00
3.864915534163280597e+00
3.864998899650495812e+00
3.865080413903703604e+00
3.865160118031849112e+00
3.865238052231005028e+00
3.865314255804638055e+00
3.865388767183433494e+00
3.865461623944677516e+00
3.865532862831202454e+00
3.865602519769923529e+00
3.865670629889953247e+00
3.865737227540317900e+00
3.865802346307282367e+00
3.865866019031285905e+00
3.865928277823505343e+00
3.865989154082049239e+00
3.866048678507791880e+00
3.866106881119856453e+00
3.866163791270754935e+00
3.866219437661190916e+00
3.866273848354530251e+00
3.866327050790961284e+00
3.866379071801326006e+00
3.866429937620654567e+00
3.866479673901397351e+00
3.866528305726357750e+00
3.866575857621346479e+00
3.866622353567547687e+00
3.866667817013612840e+00
3.866712270887489034e+00
3.866755737607977750e+00
3.866798239096043144e+00
3.866839796785868533e+00
3.866880431635664195e+00
3.866920164138237581e+00
3.866959014331326383e+00
3.866997001807708667e+00
3.867034145725076755e+00
3.867070464815705044e+00
3.867105977395894012e+00
3.867140701375208156e+00
3.867174654265506994e+00
3.867207853189779332e+00
3.867240314890774577e+00
3.867272055739450209e+00
3.867303091743226062e+00
3.867333438554056091e+00
3.867363111476324722e+00
3.867392125474563347e+00
3.867420495180996731e+00
3.867448234902923332e+00
3.867475358629929971e+00
3.867501880040948414e+00
3.867527812511150742e+00
3.867553169118699063e+00
3.867577962651337131e+00
3.867602205612841626e+00
3.867625910229326891e+00
3.867649088455411999e+00
3.867671751980247929e+00
3.867693912233414633e+00
3.867715580390683527e+00
3.867736767379653884e+00
3.867757483885264858e+00
3.867777740355182292e+00
3.867797547005069170e+00
3.867816913823736602e+00
3.867835850578183798e+00
3.867854366818518130e+00
3.867872471882777941e+00
3.867890174901637224e+00
3.867907484803013052e+00
3.867924410316566419e+00
3.867940959978105386e+00
3.867957142133890525e+00
3.867972964944841774e+00
3.867988436390657370e+00
3.868003564273835959e+00
3.868018356223610787e+00
3.868032819699800395e+00
3.868046961996568278e+00
3.868060790246101721e+00
3.868074311422208478e+00
3.868087532343834845e+00
3.868100459678504244e+00
3.868113099945678979e+00
3.868125459520048270e+00
3.868137544634743463e+00
3.868149361384483509e+00
3.868160915728643179e+00
3.868172213494264877e+00
3.868183260378993182e+00
3.868194061953948992e+00
3.868204623666539721e+00
3.868214950843207323e+00
3.868225048692111923e+00
3.868234922305761714e+00
3.868244576663577572e+00
3.868254016634408377e+00
3.868263246978982384e+00
3.868272272352310193e+00
3.868281097306033089e+00
3.868289726290716324e+00
3.868298163658095312e+00
3.868306413663270327e+00
3.868314480466851002e+00
3.868322368137056433e+00
3.868330080651765090e+00
3.868337621900522105e+00
3.868344995686499921e+00
3.868352205728417204e+00
3.868359255662414231e+00
3.868366149043886093e+00
3.868372889349274590e+00
3.868379479977824609e+00
3.868385924253296526e+00
3.868392225425640873e+00
3.868398386672640576e+00
3.868404411101511453e+00
3.868410301750469404e+00
3.868416061590263855e+00
3.868421693525673888e+00
3.868427200396975074e+00
3.868432584981370770e+00
3.868437849994394107e+00
3.868442998091274898e+00
3.868448031868281678e+00
3.868452953864028654e+00
3.868457766560757793e+00
3.868462472385588047e+00
3.868467073711743698e+00
3.868471572859746743e+00
3.868475972098589732e+00
3.868480273646879741e+00
3.868484479673956145e+00
3.868488592300986184e+00
3.868492613602033892e+00
3.868496545605106363e+00
3.868500390293175162e+00
3.868504149605177744e+00
3.868507825436996672e+00
3.868511419642412630e+00
3.868514934034040120e+00
3.947814982898401936e+00
3.996163806042912103e+00
4.043438983621993721e+00
4.089664357266634909e+00
4.134863239174848104e+00
4.179058423868384331e+00
4.222272199688374528e+00
4.264526360035700847e+00
4.305842214361757847e+00
4.346240598915146691e+00
4.385741887249739790e+00
4.424366000499379226e+00
4.462132417424434117e+00
4.499060184235244009e+00
4.535167924197435418e+00
4.570473847023929892e+00
4.604995758058394451e+00
4.638751067254764493e+00
4.671756797957362650e+00
4.704029595486040272e+00
4.735585735530686513e+00
4.766441132359314103e+00
4.796611346843884682e+00
4.826111594307900710e+00
4.854956752199743875e+00
4.883161367595608482e+00
4.910739664535821447e+00
4.937705551198262377e+00
4.964072626912471975e+00
4.989854189018020136e+00
5.008338148155816683e+00
5.018887366373625980e+00
5.020329549950115045e+00
5.017275931612108941e+00
5.012979813789198325e+00
5.009065842957862280e+00
5.006001909932260574e+00
5.003674206861332685e+00
5.001798368734539757e+00
5.000127602062384824e+00
4.998514698379330490e+00
4.996899600443309275e+00
4.995274431969122020e+00
4.993652622787567275e+00
4.992050315978814545e+00
4.990478708617045456e+00
4.988943026753706711e+00
4.987444246924053637e+00
4.985981210786943230e+00
4.984552141225587540e+00
4.983155411859570449e+00
4.981789779354090619e+00
4.980454334662623772e+00
4.979148376714628732e+00
4.977871298559060520e+00
4.976622518352549207e+00
4.975401450569317596e+00
4.974207501696407796e+00
4.973040076169329637e+00
4.971898583824799545e+00
4.970782445192285515e+00
4.969691094054497604e+00
4.968623978028564814e+00
4.967580558133898094e+00
4.966560308052103245e+00
4.965562713443474330e+00
4.964587271433849480e+00
4.963633490255396907e+00
4.962700888983417435e+00
4.961788997316554983e+00
4.960897355368147466e+00
4.960025513454912272e+00
4.959173031880702354e+00
4.958339480717998349e+00
4.957524439590540233e+00
4.956727497459605836e+00
4.955948252415169897e+00
4.955186311472291827e+00
4.954441290372523454e+00
4.953712813390069414e+00
4.953000513142383987e+00
4.952304030405001001e+00
4.951623013930442241e+00
4.950957120271120004e+00
4.950306013606146749e+00
4.949669365571966573e+00
4.949046855096755237e+00
4.948438168238490142e+00
4.947842998026615646e+00
4.947261044307245115e+00
4.946692013591775350e+00
4.946135618908883202e+00
4.945591579659795123e+00
4.945059621476786127e+00
4.944539476084803375e+00
4.944030881166175284e+00
4.943533580228320901e+00
4.943047322474392047e+00
4.942571862676797600e+00
4.942106961053530867e+00
4.941652383147236982e+00
4.941207899706983042e+00
4.940773286572631484e+00
4.940348324561804283e+00
4.939932799359335824e+00
4.939526501409196690e+00
4.939129225808806645e+00
4.938740772205704843e+00
4.938360944696500887e+00
4.937989551728086290e+00
4.937626406001022872e+00
4.937271324375092085e+00
4.936924127776929794e+00
4.936584641109717175e+00
4.936252693164878025e+00
4.935928116535735377e+00
4.935610747533083043e+00
4.935300426102640081e+00
4.934996995744326043e+00
4.934700303433340096e+00
4.934410199542987208e+00
4.934126537769218501e+00
4.933849175056847614e+00
4.933577971527404848e+00
4.933312790408598048e+00
4.933053497965331324e+00
4.932799963432263013e+00
4.932552058947858420e+00
4.932309659489904519e+00
4.932072642812465268e+00
4.931840889384225157e+00
4.931614282328208532e+00
4.931392707362840078e+00
4.931176052744307370e+00
4.930964209210205951e+00
4.930757069924445624e+00
4.930554530423356674e+00
4.930356488563017336e+00
4.930162844467737671e+00
4.929973500479692738e+00
4.929788361109669559e+00
4.929607332988908297e+00
4.929430324822027032e+00
4.929257247340963488e+00
4.929088013259963930e+00
4.928922537231565926e+00
4.928760735803551896e+00
4.928602527376863662e+00
4.928447832164452258e+00
4.928296572151038113e+00
4.928148671053767416e+00
4.928004054283743329e+00
4.927862648908409859e+00
4.927724383614762615e+00
4.927589188673395348e+00
4.927456995903328973e+00
4.927327738637626631e+00
4.927201351689775244e+00
4.927077771320806931e+00
4.926956935207158494e+00
4.926838782409238782e+00
4.926723253340693276e+00
4.926610289738358794e+00
4.926499834632877217e+00
4.926391832319965580e+00
4.926286228332324768e+00
4.926182969412166379e+00
4.926082003484360428e+00
4.925983279630169243e+00
4.925886748061567566e+00
4.925792360096136413e+00
4.925700068132507603e+00
4.925609825626364291e+00
4.925521587066961082e+00
4.925435307954176167e+00
4.925350944776067941e+00
4.925268454986931665e+00
4.925187796985841082e+00
4.925108930095672299e+00
4.925031814542585984e+00
4.924956411435972292e+00
4.924882682748831897e+00
4.924810591298606433e+00
4.924740100728418390e+00
4.924671175488741781e+00
4.924603780819473364e+00
4.924537882732398231e+00
4.924473447994053288e+00
4.924410444108965557e+00
4.924348839303264391e+00
4.924288602508657853e+00
4.924229703346761688e+00
4.924172112113785360e+00
4.924115799765544033e+00
4.924060737902816065e+00
4.924006898757020245e+00
4.923954255176213657e+00
4.923902780611391528e+00
4.923852449103104156e+00
4.923803235268363387e+00
4.923755114287843959e+00
4.923708061893361965e+00
4.923662054355639306e+00
4.923617068472335490e+00
4.923573081556348541e+00
4.923530071424370824e+00
4.923488016385701549e+00
4.923446895231309739e+00
4.923406687223137901e+00
4.923367372083640170e+00
4.923328929985562930e+00
4.923291341541936816e+00
4.923254587796306758e+00
4.923218650213170733e+00
4.923183510668625473e+00
4.923149151441236882e+00
4.923115555203094296e+00
4.923082705011076143e+00
4.923050584298302113e+00
4.923019176865781610e+00
4.922988466874241631e+00
4.922958438836141148e+00
4.922929077607858694e+00
4.922900368382054914e+00
4.922872296680206539e+00
4.922844848345302005e+00
4.922818009534706718e+00
4.922791766713180195e+00
4.922766106646043305e+00
4.922741016392512492e+00
4.922716483299171664e+00
4.922692494993587076e+00
4.922669039378070543e+00
4.922646104623579433e+00
4.922623679163748101e+00
4.922601751689058780e+00
4.922580311141131482e+00
4.922559346707155115e+00
4.922538847814429630e+00
4.922518804125033398e+00
4.922499205530611377e+00
4.922480042147278745e+00
4.922461304310634667e+00
4.922442982570884418e+00
4.922425067688083189e+00
4.922407550627467820e+00
4.922390422554902223e+00
4.922373674832424939e+00
4.922357299013891740e+00
4.922341286840712371e+00
4.922325630237691207e+00
4.922310321308954073e+00
4.922295352333961205e+00
4.922280715763617032e+00
4.922266404216465219e+00
4.922252410474962758e+00
4.922238727481841991e+00
4.922225348336548123e+00
4.922212266291765559e+00
4.922199474750006409e+00
4.922186967260293144e+00
4.922174737514896314e+00
4.922162779346160200e+00
4.922151086723387081e+00
4.922139653749800559e+00
4.922128474659568376e+00
4.922117543814895413e+00
4.922106855703181516e+00
4.922096404934240610e+00
4.922086186237581984e+00
4.922076194459752863e+00
4.922066424561738707e+00
4.922056871616422136e+00
4.922047530806101356e+00
4.922038397420057443e+00
4.922029466852173130e+00
4.922020734598622660e+00
4.922012196255589167e+00
4.922003847517049557e+00
4.921995684172601138e+00
4.921987702105337092e+00
4.921979897289774364e+00
4.921972265789818834e+00
4.921964803756782025e+00
4.921957507427440426e+00
4.921950373122138345e+00
4.921943397242931617e+00
4.921936576271771280e+00
4.921929906768733431e+00
4.921923385370280180e+00
4.921917008787564107e+00
4.921910773804775374e+00
4.921904677277509244e+00
4.921898716131189566e+00
4.921892887359515356e+00
4.921887188022943782e+00
4.921881615247206909e+00
4.921876166221864857e+00
4.921870838198887377e+00
4.921865628491265632e+00
4.747264608227966143e+00
4.640812193540811315e+00
4.536723686711691350e+00
4.434946594235618988e+00
4.335429588290971914e+00
4.238122480854046970e+00
4.142976198388438114e+00
4.049942757096457235e+00
3.958975238720143341e+00
3.870027766879622355e+00
3.783055483936920815e+00
3.698014528373533949e+00
3.614862012670360336e+00
3.533556001678833880e+00
3.454055491472359574e+00
3.376320388667371830e+00
3.300311490203600151e+00
3.225990463573333855e+00
3.153319827489724503e+00
3.082262932984371595e+00
3.012783944924657842e+00
2.944847823941518783e+00
2.878420308758524282e+00
2.813467898913368348e+00
2.749957837863047150e+00
2.687858096464209368e+00
2.627137356820343328e+00
2.567764996487662543e+00
2.509711073031711592e+00
2.452946308926918562e+00
2.397442076791467702e+00
2.343170384950051144e+00
2.290103863317218380e+00
2.238215749594202109e+00
2.187479875772261995e+00
2.137870654935737136e+00
2.089363068358154329e+00
2.041932652884881350e+00
1.995555488595967875e+00
1.950208187327030940e+00
1.911702125860068602e+00
1.881609780604365456e+00
1.859626822614055319e+00
1.844755860249472246e+00
1.835693098186221173e+00
1.831095190248828386e+00
1.829731302977173124e+00
1.830559727929756075e+00
1.832753137547862288e+00
1.835691596789061242e+00
1.838937631423245733e+00
1.842203431585426099e+00
1.845316810506799854e+00
1.848189871732853762e+00
1.850792399704931146e+00
1.853130659075654441e+00
1.855231459185534781e+00
1.857130867319294110e+00
1.858866747622850424e+00
1.860474262749552743e+00
1.861983543581843037e+00
1.863418846227281378e+00
1.864798654270299227e+00
1.866136318805122318e+00
1.867440942676220628e+00
1.868718318770393738e+00
1.869971804549805050e+00
1.871203071668121609e+00
1.872412707873920779e+00
1.873600672993003258e+00
1.874766624555626482e+00
1.875910135301100956e+00
1.877030826271377517e+00
1.878128437455806266e+00
1.879202856360182139e+00
1.880254117427026417e+00
1.881282386399224960e+00
1.882287936799371231e+00
1.883271124407825292e+00
1.884232363165061708e+00
1.885172104347761390e+00
1.886090819758085457e+00
1.886988988949117152e+00
1.887867090092839151e+00
1.888725593895704602e+00
1.889564959910352338e+00
1.890385634624969668e+00
1.891188050793120468e+00
1.891972627568033083e+00
1.892739771107729174e+00
1.893489875410219847e+00
1.894223323215938892e+00
1.894940486876066199e+00
1.895641729131160913e+00
1.896327403776613574e+00
1.896997856212339739e+00
1.897653423886517920e+00
1.898294436649347494e+00
1.898921217034760023e+00
1.899534080487385257e+00
1.900133335549925917e+00
1.900719284023385969e+00
1.901292221109736946e+00
1.901852435544031827e+00
1.902400209720763957e+00
1.902935819817528795e+00
1.903459535917724654e+00
1.903971622133109332e+00
1.904472336726412252e+00
1.904961932233839361e+00
1.905440655587109067e+00
1.905908748234601546e+00
1.906366446261201331e+00
1.906813980506474993e+00
1.907251576680889293e+00
1.907679455479867281e+00
1.908097832695531126e+00
1.908506919326054430e+00
1.908906921682592461e+00
1.909298041493791898e+00
1.909680476007913352e+00
1.910054418092606232e+00
1.910420056332399863e+00
1.910777575123960625e+00
1.911127154769185710e+00
1.911468971566190111e+00
1.911803197898245488e+00
1.912130002320722388e+00
1.912449549646088709e+00
1.912762001027018099e+00
1.913067514037646966e+00
1.913366242753024915e+00
1.913658337826806832e+00
1.913943946567218113e+00
1.914223213011335911e+00
1.914496277997724816e+00
1.914763279237455373e+00
1.915024351383554979e+00
1.915279626098912225e+00
1.915529232122676451e+00
1.915773295335182036e+00
1.916011938821431615e+00
1.916245282933171978e+00
1.916473445349587301e+00
1.916696541136649667e+00
1.916914682805146430e+00
1.917127980367423712e+00
1.917336541392866023e+00
1.917540471062148422e+00
1.917739872220274533e+00
1.917934845428449053e+00
1.918125489014790519e+00
1.918311899123921194e+00
1.918494169765449620e+00
1.918672392861386244e+00
1.918846658292499230e+00
1.919017053943643303e+00
1.919183665748080525e+00
1.919346577730818293e+00
1.919505872050985662e+00
1.919661629043264872e+00
1.919813927258408270e+00
1.919962843502850625e+00
1.920108452877444805e+00
1.920250828815335264e+00
1.920390043118993528e+00
1.920526165996427892e+00
1.920659266096590878e+00
1.920789410543999098e+00
1.920916664972587062e+00
1.921041093558806256e+00
1.921162759053989921e+00
1.921281722816001514e+00
1.921398044840175068e+00
1.921511783789574324e+00
1.921622997024577284e+00
1.921731740631803742e+00
1.921838069452401099e+00
1.921942037109700019e+00
1.922043696036260130e+00
1.922143097500309095e+00
1.922240291631601483e+00
1.922335327446698328e+00
1.922428252873685572e+00
1.922519114776349625e+00
1.922607958977805342e+00
1.922694830283609990e+00
1.922779772504358053e+00
1.922862828477775121e+00
1.922944040090321716e+00
1.923023448298318838e+00
1.923101093148599228e+00
1.923177013798707424e+00
1.923251248536645752e+00
1.923323834800184651e+00
1.923394809195742239e+00
1.923464207516845104e+00
1.923532064762181637e+00
1.923598415153249475e+00
1.923663292151616133e+00
1.923726728475793291e+00
1.923788756117737586e+00
1.923849406358984826e+00
1.923908709786425142e+00
1.923966696307728874e+00
1.924023395166430062e+00
1.924078834956673312e+00
1.924133043637634488e+00
1.924186048547622541e+00
1.924237876417864035e+00
1.924288553385985479e+00
1.924338105009195221e+00
1.924386556277172033e+00
1.924433931624669247e+00
1.924480254943834234e+00
1.924525549596261431e+00
1.924569838424770696e+00
1.924613143764929424e+00
1.924655487456315983e+00
1.924696890853533127e+00
1.924737374836979598e+00
1.924776959823377709e+00
1.924815665776071105e+00
1.924853512215094264e+00
1.924890518227013070e+00
1.924926702474553553e+00
1.924962083206013697e+00
1.924996678264463634e+00
1.925030505096745781e+00
1.925063580762275350e+00
1.925095921941640809e+00
1.925127544945018698e+00
1.925158465720397061e+00
1.925188699861620112e+00
1.925218262616250176e+00
1.925247168893258864e+00
1.925275433270545733e+00
1.925303070002289729e+00
1.925330093026139222e+00
1.925356515970238158e+00
1.925382352160101673e+00
1.925407614625336272e+00
1.925432316106207686e+00
1.925456469060068398e+00
1.925480085667641283e+00
1.925503177839160474e+00
1.925525757220379219e+00
1.925547835198441637e+00
1.925569422907627004e+00
1.925590531234963487e+00
1.925611170825719309e+00
1.925631352088771564e+00
1.925651085201854906e+00
1.925670380116695224e+00
1.925689246564027624e+00
1.925707694058504504e+00
1.925725731903493720e+00
1.925743369195769938e+00
1.925760614830102968e+00
1.925777477503743951e+00
1.925793965720808520e+00
1.925810087796569148e+00
1.925825851861647564e+00
1.925841265866114593e+00
1.925856337583500943e+00
1.925871074614714962e+00
1.925885484391878677e+00
1.925899574182073914e+00
1.925913351091008252e+00
1.925926822066597266e+00
1.925939993902470837e+00
1.925952873241397301e+00
1.925965466578634100e+00
1.925977780265202499e+00
1.925989820511093464e+00
1.926001593388395605e+00
1.926013104834360057e+00
1.926024360654394751e+00
1.926035366524990078e+00
1.926046127996582147e+00
1.926056650496353884e+00
1.926066939330971062e+00
1.926076999689258606e+00
1.926086836644816280e+00
1.926096455158579079e+00
1.926105860081318122e+00
1.926115056156086469e+00
1.926124048020612323e+00
1.926132840209637154e+00
1.926141437157203651e+00
1.926149843198890155e+00
1.926158062573998020e+00
1.926166099427690792e+00
1.926173957813082538e+00
1.926181641693283098e+00
1.926189154943397375e+00
1.926196501352477330e+00
1.926203684625434454e+00
1.926210708384908710e+00
