8.121493939708528398e-01
9.301295594162307667e-01
1.045489829004777604e+00
1.158288380772391823e+00
1.268582100839550586e+00
1.376426612099893143e+00
1.481876302271738277e+00
1.584984351326685026e+00
1.685802758309124627e+00
1.784382367560195526e+00
1.880772894359398650e+00
1.975022949996811716e+00
2.067180066288544005e+00
2.157290719547792612e+00
2.245400354023595391e+00
2.331553404819092901e+00
2.415793320300867020e+00
2.498162584010647613e+00
2.578702736090444425e+00
2.657454394231909323e+00
2.734457274160489781e+00
2.809750209664705345e+00
2.883371172180651865e+00
2.955357289941606069e+00
3.022850141039237215e+00
3.077488052278140707e+00
3.118758829011670564e+00
3.147681352975433278e+00
3.166107168313309739e+00
3.176117701892732459e+00
3.179742297324294142e+00
3.178785336259835059e+00
3.174746286163024234e+00
3.168802875216359727e+00
3.161832447074529817e+00
3.154453361289468294e+00
3.147074001336548577e+00
3.139941452406600941e+00
3.133185283645520958e+00
3.126854264064851119e+00
3.120945437715992643e+00
3.115425963983419422e+00
3.110248657624365087e+00
3.105362378172791260e+00
3.100718432725463991e+00
3.096274051528224547e+00
3.091993831908180113e+00
3.087849867133253046e+00
3.083821099929191067e+00
3.079892291355184497e+00
3.076052864696208200e+00
3.072295789523126430e+00
3.068616596643900074e+00
3.065012563973668058e+00
3.061482079981606486e+00
3.058024171406831471e+00
3.054638171661881785e+00
3.051323502671351662e+00
3.048079543402649083e+00
3.044905561227742030e+00
3.041800686224649830e+00
3.038763912754763652e+00
3.035794116610873061e+00
3.032890079453275600e+00
3.030050515037107761e+00
3.027274093875023997e+00
3.024559464545971910e+00
3.021905270937917276e+00
3.019310165408549462e+00
3.016772818249436661e+00
3.014291924035882975e+00
3.011866205501775973e+00
3.009494415550883595e+00
3.007175337938353454e+00
3.004907787063039848e+00
3.002690607212480156e+00
3.000522671511229866e+00
2.998402880749462707e+00
2.996330162205703029e+00
2.994303468531576584e+00
2.992321776733509076e+00
2.990384087262224266e+00
2.988489423207823847e+00
2.986636829589727871e+00
2.984825372726534809e+00
2.983054139671435401e+00
2.981322237698575073e+00
2.979628793828122291e+00
2.977972954380803117e+00
2.976353884552769724e+00
2.974770768007110266e+00
2.973222806476021773e+00
2.971709219373104283e+00
2.970229243412292330e+00
2.968782132233920290e+00
2.967367156036839759e+00
2.965983601217159205e+00
2.964630770013048977e+00
2.963307980155686305e+00
2.962014564527207572e+00
2.960749870825331698e+00
2.959513261234841597e+00
2.958304112105984096e+00
2.957121813639769226e+00
2.955965769580140456e+00
2.954835396912935952e+00
2.953730125571534693e+00
2.952649398149072013e+00
2.951592669617086884e+00
2.950559407050468153e+00
2.949549089358549647e+00
2.948561207022216912e+00
2.947595261836741365e+00
2.946650766660898757e+00
2.945727245170900233e+00
2.944824231620263078e+00
2.943941270604928384e+00
2.943077916833604313e+00
2.942233734903204834e+00
2.941408299079280475e+00
2.940601193081320730e+00
2.939812009872684762e+00
2.939040351455739053e+00
2.938285828670773370e+00
2.937548060999837674e+00
2.936826676374847622e+00
2.936121310989947553e+00
2.935431609117899132e+00
2.934757222931094311e+00
2.934097812325765720e+00
2.933453044750562899e+00
2.932822595038845570e+00
2.932206145244699691e+00
2.931603384482591057e+00
2.931014008770586265e+00
2.930437720877045571e+00
2.929874230170588234e+00
2.929323252473786887e+00
2.928784509919751589e+00
2.928257730812123594e+00
2.927742649487779847e+00
2.927239006182814851e+00
2.926746546901954460e+00
2.926265023290094636e+00
2.925794192507148672e+00
2.925333817105587819e+00
2.924883664910695291e+00
2.924443508903479927e+00
2.924013127106188659e+00
2.923592302470220616e+00
2.923180822767075249e+00
2.922778480480947572e+00
2.922385072704029696e+00
2.922000401034592798e+00
2.921624271476559453e+00
2.921256494341763599e+00
2.920896884154291495e+00
2.920545259556949880e+00
2.920201443219802684e+00
2.919865261750743901e+00
2.919536545608055977e+00
2.919215129014903543e+00
2.918900849875594616e+00
2.918593549694237232e+00
2.918293073494295786e+00
2.917999269740936263e+00
2.917711990264235666e+00
2.917431090184553266e+00
2.917156427839472155e+00
2.916887864712358169e+00
2.916625265362509101e+00
2.916368497356849332e+00
2.916117431203143706e+00
2.915871940284694208e+00
2.915631900796484377e+00
2.915397191682741251e+00
2.915167694575887758e+00
2.914943293736846464e+00
2.914723875996670266e+00
2.914509330699469825e+00
2.914299549646606202e+00
2.914094427041986179e+00
2.913893859439115275e+00
2.913697745688413221e+00
2.913505986886706367e+00
2.913318486326981649e+00
2.913135149449567418e+00
2.912955883794863698e+00
2.912780598956201672e+00
2.912609206534756634e+00
2.912441620094597727e+00
2.912277755119198730e+00
2.912117528968675373e+00
2.911960860838527676e+00
2.911807671718513291e+00
2.911657884352900627e+00
2.911511423201512017e+00
2.911368214401487187e+00
2.911228185730449614e+00
2.911091266569705738e+00
2.910957387868728485e+00
2.910826482110338009e+00
2.910698483276654702e+00
2.910573326815805384e+00
2.910450949609371118e+00
2.910331289940556676e+00
2.910214287463064764e+00
2.910099883170664370e+00
2.909988019367430567e+00
2.909878639638649123e+00
2.909771688822225144e+00
2.909667112981271231e+00
2.909564859376533974e+00
2.909464876439890713e+00
2.909367113748346778e+00
2.909271521998466614e+00
2.909178052981921336e+00
2.909086659560804478e+00
2.908997295643955372e+00
2.908909916163715526e+00
2.908824477053068236e+00
2.908740935223819601e+00
2.908659248544501530e+00
2.908579375819216661e+00
2.908501276766866095e+00
2.908424912000840745e+00
2.908350243009157232e+00
2.908277232134897083e+00
2.908205842557626042e+00
2.908136038274452329e+00
2.908067784081962426e+00
2.908001045558332276e+00
2.907935789046379504e+00
2.907871981636074299e+00
2.907809591148450501e+00
2.907748586119006440e+00
2.907688935781933992e+00
2.907630610054609210e+00
2.907573579522284568e+00
2.907517815423666274e+00
2.907463289635896508e+00
2.907409974660876806e+00
2.907357843610888448e+00
2.907306870195539350e+00
2.907257028708138957e+00
2.907208294012829430e+00
2.907160641531918444e+00
2.907114047233485099e+00
2.907068487619265618e+00
2.907023939712663374e+00
2.906980381047572504e+00
2.906937789656671711e+00
2.906896144060304277e+00
2.906855423256054838e+00
2.906815606707786603e+00
2.906776674335241673e+00
2.906738606504185807e+00
2.906701384016546541e+00
2.906664988100454039e+00
2.906629400400872587e+00
2.906594602970352437e+00
2.906560578259982819e+00
2.906527309110544799e+00
2.906494778743860419e+00
2.906462970754332797e+00
2.906431869100673637e+00
2.906401458097810586e+00
2.906371722408841229e+00
2.906342647037702953e+00
2.906314217321239290e+00
2.906286418921897763e+00
2.906259237820503660e+00
2.906232660309189697e+00
2.906206672984489092e+00
2.906181262740572091e+00
2.906156416762641470e+00
2.906132122520468375e+00
2.906108367761931266e+00
2.906085140507249864e+00
2.906062429042425954e+00
2.906040221913841926e+00
2.906018507922112803e+00
2.905997276116535133e+00
2.905976515789570946e+00
2.905956216471450304e+00
2.905936367924894626e+00
2.905916960139955929e+00
2.905897983328968426e+00
2.905879427921615132e+00
2.905861284560101065e+00
2.905843544094292241e+00
2.905826197577510595e+00
2.905809236261650774e+00
2.905792651592858267e+00
2.905776435207222175e+00
2.905760578926559923e+00
2.905745074754290780e+00
2.905729914871408415e+00
2.905715091632536495e+00
2.905700597562074439e+00
2.905686425350424873e+00
3.018833085248560977e+00
3.087811103271179469e+00
3.155257378878047803e+00
3.221205926308709167e+00
3.285690004474343340e+00
3.348742133730768344e+00
3.410394112278981371e+00
3.470677032201499479e+00
3.529621295142596260e+00
3.587256627640339701e+00
3.643612096118161059e+00
3.698716121543521140e+00
3.752596493761059193e+00
3.805280385507457286e+00
3.856794366115087858e+00
3.907164414911355799e+00
3.956415934320488770e+00
4.004573762674387361e+00
4.051662186738996141e+00
4.097704953962509222e+00
4.142725284451588053e+00
4.186745882681637276e+00
4.229788948947031280e+00
4.271876190557082786e+00
4.313028832783386335e+00
4.353267629564065544e+00
4.392612873970313636e+00
4.431084408440515432e+00
4.468701634787110244e+00
4.505483523981236083e+00
4.541448625720095222e+00
4.576615077781863050e+00
4.611000615172861750e+00
4.644622579071607582e+00
4.677497925574249038e+00
4.709643234245794119e+00
4.741074716481452178e+00
4.771808223682303840e+00
4.801859255249412151e+00
4.831242966400424166e+00
4.857708073492585044e+00
4.879149344668366695e+00
4.895552460524072558e+00
4.907372453302338400e+00
4.915290190525710479e+00
4.920053148974423252e+00
4.922378671771211245e+00
4.922902658049487457e+00
4.922160660248939834e+00
4.920572746825316202e+00
4.918458559548473552e+00
4.916051682914166499e+00
4.913515573122058555e+00
4.910958944479112631e+00
4.908449458484894556e+00
4.906025218050614534e+00
4.903703975978755736e+00
4.901490213130323070e+00
4.899380366280065680e+00
4.897366531594017580e+00
4.895438966534681136e+00
4.893587682183794918e+00
4.891803374138306459e+00
4.890077892845761554e+00
4.888404409022129471e+00
4.886777391220890721e+00
4.885192477318984317e+00
4.883646297479334208e+00
4.882136286728806063e+00
4.880660505554176964e+00
4.879217483762760210e+00
4.877806090456519250e+00
4.876425430874392397e+00
4.875074767666007780e+00
4.873753463089794735e+00
4.872460938442020328e+00
4.871196646844066613e+00
4.869960056074028820e+00
4.868750638645789941e+00
4.867567866869383586e+00
4.866411211156498773e+00
4.865280140339948822e+00
4.864174123061485666e+00
4.863092629612098428e+00
4.862035133885111549e+00
4.861001115120267002e+00
4.859990059469995849e+00
4.859001461137111733e+00
4.858034823278720715e+00
4.857089658621140948e+00
4.856165489842656058e+00
4.855261849748333525e+00
4.854378281384805760e+00
4.853514337931440714e+00
4.852669582588512220e+00
4.851843588402551255e+00
4.851035938061769137e+00
4.850246223675528157e+00
4.849474046547591399e+00
4.848719016949663896e+00
4.847980753899260087e+00
4.847258884944178448e+00
4.846553045954619776e+00
4.845862880923230698e+00
4.845188041772810372e+00
4.844528188171220329e+00
4.843882987352865044e+00
4.843252113946136639e+00
4.842635249806237496e+00
4.842032083852852331e+00
4.841442311912261154e+00
4.840865636563505880e+00
4.840301766988336141e+00
4.839750418824698031e+00
4.839211314023592614e+00
4.838684180709155847e+00
4.838168753041844461e+00
4.837664771084633664e+00
4.837171980672158256e+00
4.836690133282711912e+00
4.836218985913061097e+00
4.835758300955989242e+00
4.835307846080556082e+00
4.834867394114970018e+00
4.834436722932061059e+00
4.834015615337273530e+00
4.833603858959144794e+00
4.833201246142205143e+00
4.832807573842251792e+00
4.832422643523955230e+00
4.832046261060723324e+00
4.831678236636800960e+00
4.831318384651539510e+00
4.830966523625791709e+00
4.830622476110383978e+00
4.830286068596627125e+00
4.829957131428810335e+00
4.829635498718641173e+00
4.829321008261580950e+00
4.829013501455046153e+00
4.828712823218419103e+00
4.828418821914840287e+00
4.828131349274735307e+00
4.827850260321036480e+00
4.827575413296074203e+00
4.827306669590080368e+00
4.827043893671292274e+00
4.826786953017596637e+00
4.826535718049694168e+00
4.826290062065759834e+00
4.826049861177536648e+00
4.825814994247860312e+00
4.825585342829568525e+00
4.825360791105762992e+00
4.825141225831407255e+00
4.824926536276205269e+00
4.824716614168768736e+00
4.824511353642009226e+00
4.824310651179748888e+00
4.824114405564514207e+00
4.823922517826488843e+00
4.823734891193606877e+00
4.823551431042745641e+00
4.823372044852005658e+00
4.823196642154051972e+00
4.823025134490486643e+00
4.822857435367242651e+00
4.822693460210959238e+00
4.822533126326334241e+00
4.822376352854414350e+00
4.822223060731821498e+00
4.822073172650876316e+00
4.821926613020615093e+00
4.821783307928662055e+00
4.821643185103958729e+00
4.821506173880316659e+00
4.821372205160773916e+00
4.821241211382756298e+00
4.821113126483997924e+00
4.820987885869228329e+00
4.820865426377596741e+00
4.820745686250812234e+00
4.820628605102008635e+00
4.820514123885282665e+00
4.820402184865919537e+00
4.820292731591273139e+00
4.820185708862301688e+00
4.820081062705722452e+00
4.819978740346801516e+00
4.819878690182729741e+00
4.819780861756603585e+00
4.819685205731975230e+00
4.819591673867978265e+00
4.819500218994990703e+00
4.819410794990852231e+00
4.819323356757602816e+00
4.819237860198737344e+00
4.819154262196966521e+00
4.819072520592479592e+00
4.818992594161670695e+00
4.818914442596358150e+00
4.818838026483453163e+00
4.818763307285083286e+00
4.818690247319157294e+00
4.818618809740361719e+00
4.818548958521577497e+00
4.818480658435715824e+00
4.818413875037944827e+00
4.818348574648326554e+00
4.818284724334824354e+00
4.818222291896701925e+00
4.818161245848277652e+00
4.818101555403048408e+00
4.818043190458167757e+00
4.817986121579252767e+00
4.817930319985554100e+00
4.817875757535431624e+00
4.817822406712165773e+00
4.817770240610079746e+00
4.817719232920971706e+00
4.817669357920843609e+00
4.817620590456933805e+00
4.817572905935026739e+00
4.817526280307052211e+00
4.817480690058959070e+00
4.817436112198850928e+00
4.817392524245398100e+00
4.817349904216496448e+00
4.817308230618180254e+00
4.817267482433787329e+00
4.817227639113350612e+00
4.817188680563246450e+00
4.817150587136051598e+00
4.817113339620640033e+00
4.817076919232491150e+00
4.817041307604218225e+00
4.817006486776306495e+00
4.816972439188052846e+00
4.816939147668710675e+00
4.816906595428833704e+00
4.816874766051805423e+00
4.816843643485558601e+00
4.816813212034483982e+00
4.816783456351513060e+00
4.816754361430375830e+00
4.816725912598037063e+00
4.816698095507294219e+00
4.816670896129541468e+00
4.816644300747696228e+00
4.816618295949280260e+00
4.816592868619657075e+00
4.816568005935414121e+00
4.816543695357902166e+00
4.816519924626907034e+00
4.816496681754466103e+00
4.816473955018826913e+00
4.816451732958531906e+00
4.816430004366639039e+00
4.816408758285068537e+00
4.816387983999083744e+00
4.816367671031876796e+00
4.816347809139292835e+00
4.816328388304659924e+00
4.816309398733740643e+00
4.816290830849788485e+00
4.816272675288720606e+00
4.816254922894398938e+00
4.816237564714002772e+00
4.816220591993525701e+00
4.816203996173350710e+00
4.816187768883939846e+00
4.816171901941610933e+00
4.816156387344409318e+00
4.816141217268075536e+00
4.816126384062095589e+00
4.816111880245847132e+00
4.816097698504820279e+00
4.816083831686936989e+00
4.816070272798938845e+00
4.816057015002860098e+00
4.816044051612581534e+00
4.816031376090456284e+00
4.816018982044017349e+00
4.816006863222747292e+00
4.815995013514928758e+00
4.815983426944565160e+00
4.815972097668362650e+00
4.815961019972784918e+00
4.815950188271172827e+00
4.815939597100925340e+00
4.815929241120745274e+00
4.815919115107945458e+00
4.815909213955815282e+00
4.815899532671044092e+00
4.815890066371204981e+00
4.815880810282290092e+00
4.815871759736307212e+00
4.815862910168919875e+00
4.815854257117148762e+00
4.815845796217121055e+00
4.644972466812012257e+00
4.540791575956599324e+00
4.438924150956085057e+00
4.339318818432703395e+00
4.241925345818241766e+00
4.146694616020946356e+00
4.053578602660564911e+00
3.972037924184526503e+00
3.906065863048289621e+00
3.855414249023621842e+00
3.818561812773800135e+00
3.793318271839048794e+00
3.777333569808638547e+00
3.768382945645432969e+00
3.764520592560154810e+00
3.764142874340340672e+00
3.765993247521652432e+00
3.769132935288664665e+00
3.772894468501396759e+00
3.776829603340369879e+00
3.780658807683394684e+00
3.784226339663297356e+00
3.787462731740289801e+00
3.790355044794989414e+00
3.792924383285260159e+00
3.795209705023448787e+00
3.797256777781091941e+00
3.799111144959299580e+00
3.800814068085606845e+00
3.802400568381360646e+00
3.803898869133427230e+00
3.805330700693471790e+00
3.806712077754569989e+00
3.808054278360064604e+00
3.809364848878491472e+00
3.810648531241308756e+00
3.811908059072169230e+00
3.813144804077072347e+00
3.814359275750424327e+00
3.815551489761738857e+00
3.816721226099939912e+00
3.817868199410351604e+00
3.818992162667556922e+00
3.820092962618907961e+00
3.821170562154847516e+00
3.822225041456930317e+00
3.823256586759996800e+00
3.824265472998510162e+00
3.825252044538164142e+00
3.826216696245282378e+00
3.827159857748123173e+00
3.828081979531900547e+00
3.828983522177512810e+00
3.829864948664520874e+00
3.830726717963263805e+00
3.831569281483642619e+00
3.832393080756320902e+00
3.833198546197109202e+00
3.833986096631711415e+00
3.834756139322842650e+00
3.835509070303197987e+00
3.836245274871615152e+00
3.836965128154241622e+00
3.837668995667405714e+00
3.838357233844949867e+00
3.839030190511426355e+00
3.839688205295004764e+00
3.840331609981818328e+00
3.840960728817830461e+00
3.841575878766299912e+00
3.842177369729327108e+00
3.842765504741436633e+00
3.843340580142083684e+00
3.843902885732756403e+00
3.844452704923097208e+00
3.844990314869345838e+00
3.845515986607470182e+00
3.846029985182562783e+00
3.846532569775525268e+00
3.847023993827622501e+00
3.847504505163185318e+00
3.847974346110562216e+00
3.848433753621304021e+00
3.848882959387492253e+00
3.849322189957117946e+00
3.849751666847405218e+00
3.850171606656001444e+00
3.850582221169966068e+00
3.850983717472512780e+00
3.851376298047504143e+00
3.851760160881675166e+00
3.852135499564621757e+00
3.852502503386573629e+00
3.852861357433978284e+00
3.853212242682954702e+00
3.853555336090650485e+00
3.853890810684551305e+00
3.854218835649790176e+00
3.854539576414506286e+00
3.854853194733292909e+00
3.855159848768789033e+00
3.855459693171447988e+00
3.855752879157535506e+00
3.856039554585387830e+00
3.856319864029978728e+00
3.856593948855829179e+00
3.856861947288295678e+00
3.857123994483274920e+00
3.857380222595369279e+00
3.857630760844525053e+00
3.857875735581202559e+00
3.858115270350095827e+00
3.858349485952435654e+00
3.858578500506914200e+00
3.858802429509248455e+00
3.859021385890431866e+00
3.859235480073684332e+00
3.859444820030140111e+00
3.859649511333300698e+00
3.859849657212278018e+00
3.860045358603852783e+00
3.860236714203377772e+00
3.860423820514555349e+00
3.860606771898101197e+00
3.860785660619336035e+00
3.860960576894712393e+00
3.861131608937316440e+00
3.861298843001352843e+00
3.861462363425644639e+00
3.861622252676166323e+00
3.861778591387633686e+00
3.861931458404169515e+00
3.862080930819064672e+00
3.862227084013656331e+00
3.862369991695347338e+00
3.862509725934776483e+00
3.862646357202162761e+00
3.862779954402848048e+00
3.862910584912045753e+00
3.863038314608818080e+00
3.863163207909301899e+00
3.863285327799194313e+00
3.863404735865515693e+00
3.863521492327671059e+00
3.863635656067817781e+00
3.863747284660563164e+00
3.863856434401998996e+00
3.863963160338092173e+00
3.864067516292445159e+00
3.864169554893441827e+00
3.864269327600785786e+00
3.864366884731455620e+00
3.864462275485077480e+00
3.864555547968741234e+00
3.864646749221256616e+00
3.864735925236880476e+00
3.864823120988507998e+00
3.864908380450356784e+00
3.864991746620143331e+00
3.865073261540763472e+00
3.865152966321501182e+00
3.865230901158757337e+00
3.865307105356320605e+00
3.865381617345192033e+00
3.865454474702963772e+00
3.865525714172770577e+00
3.865595371681820769e+00
3.865663482359514624e+00
3.865730080555159986e+00
3.865795199855296183e+00
3.865858873100631588e+00
3.865921132402605487e+00
3.865982009159584898e+00
3.866041534072694574e+00
3.866099737161303729e+00
3.866156647778165034e+00
3.866212294624215229e+00
3.866266705763052869e+00
3.866319908635088343e+00
3.866371930071384355e+00
3.866422796307186438e+00
3.866472532995153699e+00
3.866521165218295586e+00
3.866568717502624430e+00
3.866615213829519782e+00
3.866660677647825839e+00
3.866705131885675328e+00
3.866748598962055361e+00
3.866791100798109948e+00
3.866832658828196934e+00
3.866873294010697570e+00
3.866913026838587619e+00
3.866951877349770417e+00
3.866989865137181237e+00
3.867027009358672274e+00
3.867063328746669360e+00
3.867098841617624849e+00
3.867133565881247570e+00
3.867167519049542701e+00
3.867200718245637603e+00
3.867233180212419352e+00
3.867264921320978655e+00
3.867295957578866794e+00
3.867326304638167400e+00
3.867355977803388356e+00
3.867384992039184066e+00
3.867413361977899644e+00
3.867441101926950342e+00
3.867468225876038002e+00
3.867494747504204966e+00
3.867520680186734783e+00
3.867546037001894810e+00
3.867570830737534493e+00
3.867595073897532654e+00
3.867618778708103999e+00
3.867641957123964858e+00
3.867664620834362132e+00
3.867686781268969920e+00
3.867708449603650678e+00
3.867729636766093826e+00
3.867750353441324229e+00
3.867770610077095217e+00
3.867790416889152372e+00
3.867809783866390294e+00
3.867828720775885021e+00
3.867847237167824748e+00
3.867865342380323312e+00
3.867883045544129761e+00
3.867900355587233552e+00
3.867917281239367178e+00
3.867933831036409753e+00
3.867950013324688463e+00
3.867965836265192081e+00
3.867981307837682792e+00
3.867996435844722747e+00
3.868011227915609140e+00
3.868025691510221797e+00
3.868039833922782389e+00
3.868053662285536820e+00
3.868067183572350576e+00
3.868080404602225464e+00
3.868093332042739974e+00
3.868105972413408811e+00
3.868118332088973599e+00
3.868130417302618529e+00
3.868142234149110070e+00
3.868153788587873176e+00
3.868165086445997769e+00
3.868176133421174612e+00
3.868186935084569900e+00
3.868197496883636788e+00
3.868207824144859419e+00
3.868217922076442328e+00
3.868227795770934119e+00
3.868237450207797412e+00
3.868246890255918391e+00
3.868256120676067500e+00
3.868265146123292642e+00
3.868273971149271073e+00
3.868282600204604904e+00
3.868291037641066854e+00
3.868299287713790058e+00
3.868307354583419677e+00
3.868315242318207225e+00
3.868322954896063148e+00
3.868330496206565883e+00
3.868337870052918070e+00
3.868345080153869020e+00
3.868352130145588763e+00
3.868359023583501255e+00
3.868365763944076718e+00
3.868372354626589349e+00
3.868378798954825282e+00
3.868385100178761693e+00
3.868391261476208154e+00
3.868397285954405795e+00
3.868403176651594499e+00
3.868408936538549003e+00
3.868414568520071484e+00
3.868420075436461492e+00
3.868425460064944588e+00
3.868430725121076108e+00
3.868435873260108071e+00
3.868440907078330326e+00
3.868445829114376622e+00
3.868450641850510241e+00
3.868455347713870562e+00
3.868459949077700077e+00
3.868464448262540767e+00
3.868468847537402944e+00
3.868473149120913224e+00
3.868477355182426969e+00
3.868481467843130961e+00
3.868485489177103887e+00
3.868489421212370605e+00
3.868493265931918224e+00
3.868497025274701517e+00
3.868500701136616815e+00
3.868504295371460788e+00
3.868507809791863927e+00
3.947808109005996435e+00
3.996157084793810377e+00
4.043432411626561418e+00
4.089657931210510355e+00
4.134856955817268087e+00
4.179052280040550293e+00
4.222266192291855624e+00
4.264520486040869862e+00
4.305836470806264416e+00
4.346234982902425159e+00
4.385736395947543720e+00
4.424360631138357647e+00
4.462127167296730867e+00
4.499055050693136160e+00
4.535162904651995674e+00
4.570468938943720083e+00
4.604990958968190995e+00
4.638746374734309619e+00
4.671752209640142262e+00
4.704025109058092902e+00
4.735581348729434481e+00
4.766436842972423094e+00
4.796607152708148192e+00
4.826107493308148477e+00
4.854952742267776955e+00
4.883157446709152083e+00
4.910735830717510630e+00
4.937701802514640192e+00
4.964068961473017794e+00
4.989850604974193971e+00
5.008335808449028370e+00
5.018886936277437094e+00
5.020330179434898454e+00
5.017276938241607809e+00
5.012980814443814381e+00
5.009066696722829448e+00
5.006002612748781111e+00
5.003674805608867793e+00
5.001798912385695850e+00
5.000128123311518458e+00
4.998515212700822552e+00
4.996900111773266318e+00
4.995274938790984720e+00
4.993653122234881003e+00
4.992050805786895751e+00
4.990479187615290968e+00
4.988943494658763633e+00
4.987444703952929714e+00
4.985981657340644801e+00
4.984552577708397436e+00
4.983155838611195598e+00
4.981790196646014302e+00
4.980454742719017780e+00
4.979148775734841159e+00
4.977871688732863120e+00
4.976622899867443550e+00
4.975401823612468633e+00
4.974207866454000815e+00
4.973040432825242441e+00
4.971898932559519757e+00
4.970782786182345703e+00
4.969691427472304746e+00
4.968624304042475792e+00
4.967580876908379572e+00
4.966560619747896865e+00
4.965563018217728164e+00
4.964587569440233494e+00
4.963633781644184673e+00
4.962701173901550966e+00
4.961789275907722896e+00
4.960897627772851592e+00
4.960025779810529833e+00
4.959173292321561455e+00
4.958339735375445478e+00
4.957524688593003326e+00
4.956727740932659998e+00
4.955948490481605795e+00
4.955186544252168090e+00
4.954441517983235954e+00
4.953713035946405441e+00
4.953000730756581760e+00
4.952304243186805621e+00
4.951623221987164314e+00
4.950957323707688040e+00
4.950306212525156901e+00
4.949669560073735042e+00
4.949047045279371559e+00
4.948438354197863376e+00
4.947843179856528550e+00
4.947261222099397671e+00
4.946692187435831833e+00
4.946135788892516594e+00
4.945591745868731515e+00
4.945059783994845581e+00
4.944539634993946997e+00
4.944031036546544300e+00
4.943533732158275740e+00
4.943047471030554085e+00
4.942572007934085576e+00
4.942107103085199959e+00
4.941652522024917893e+00
4.941208035500711304e+00
4.940773419350893647e+00
4.940348454391559230e+00
4.939932926306060068e+00
4.939526625536910132e+00
4.939129347180110763e+00
4.938740890881807566e+00
4.938361060737253005e+00
4.937989665192008992e+00
4.937626516945337940e+00
4.937271432855751208e+00
4.936924233848640320e+00
4.936584744825974091e+00
4.936252794577986158e+00
4.935928215696838706e+00
4.935610844492190452e+00
4.935300520908649347e+00
4.934997088445049584e+00
4.934700394075528962e+00
4.934410288172354164e+00
4.934126624430459351e+00
4.933849259793666953e+00
4.933578054382538269e+00
4.933312871423830792e+00
4.933053577181519600e+00
4.932800040889356197e+00
4.932552134684919487e+00
4.932309733545130470e+00
4.932072715223202231e+00
4.931840960186991474e+00
4.931614351558711640e+00
4.931392775055993383e+00
4.931176118934249786e+00
4.930964273930320552e+00
4.930757133207369414e+00
4.930554592301004568e+00
4.930356549066594596e+00
4.930162903627758553e+00
4.929973558325991156e+00
4.929788417671418621e+00
4.929607388294635406e+00
4.929430378899621878e+00
4.929257300217697590e+00
4.929088064962504845e+00
4.928922587785987020e+00
4.928760785235349218e+00
4.928602575710965716e+00
4.928447879425235989e+00
4.928296618362336901e+00
4.928148716238887062e+00
4.928004098465472715e+00
4.927862692109027165e+00
4.927724425856056634e+00
4.927589229976668150e+00
4.927457036289411008e+00
4.927327778126885605e+00
4.927201390302125894e+00
4.927077809075722570e+00
4.926956972123679002e+00
4.926838818505981266e+00
4.926723288635862730e+00
4.926610324249754314e+00
4.926499868377904434e+00
4.926391865315642882e+00
4.926286260595290400e+00
4.926183000958692659e+00
4.926082034330356407e+00
4.925983309791190479e+00
4.925886777552825890e+00
4.925792388932504373e+00
4.925700096328528232e+00
4.925609853196256438e+00
4.925521614024629180e+00
4.925435334313214675e+00
4.925350970549771112e+00
4.925268480188296216e+00
4.925187821627576845e+00
4.925108954190207555e+00
4.925031838102071902e+00
4.924956434472289146e+00
4.924882705273597949e+00
4.924810613323181485e+00
4.924740122263910003e+00
4.924671196546010599e+00
4.924603801409138448e+00
4.924537902864844163e+00
4.924473467679431948e+00
4.924410463357206780e+00
4.924348858124073303e+00
4.924288620911526415e+00
4.924229721340972254e+00
4.924172129708410672e+00
4.924115816969458770e+00
4.924060754724696842e+00
4.924006915205350943e+00
4.923954271259287196e+00
4.923902796337319643e+00
4.923852464479817392e+00
4.923803250303617318e+00
4.923755128989220076e+00
4.923708076268274780e+00
4.923662068411339021e+00
4.923617082215910656e+00
4.923573094994730504e+00
4.923530084564336384e+00
4.923488029233877405e+00
4.923446907794175154e+00
4.923406699507028250e+00
4.923367384094750498e+00
4.923328941729951502e+00
4.923291353025526007e+00
4.923254599024888378e+00
4.923218661192406032e+00
4.923183521404053131e+00
4.923149161938270346e+00
4.923115565467027110e+00
4.923082715047084612e+00
4.923050594111447076e+00
4.923019186461012886e+00
4.922988476256398904e+00
4.922958448009955745e+00
4.922929086577956248e+00
4.922900377152959805e+00
4.922872305256342784e+00
4.922844856730995033e+00
4.922818017734186924e+00
4.922791774730579384e+00
4.922766114485406241e+00
4.922741024057793346e+00
4.922716490794234900e+00
4.922692502322211894e+00
4.922669046543953542e+00
4.922646111630334609e+00
4.922623686014909516e+00
4.922601758388079674e+00
4.922580317691392260e+00
4.922559353111958913e+00
4.922538854077005865e+00
4.922518810248541321e+00
4.922499211518139184e+00
4.922480048001845354e+00
4.922461310035193272e+00
4.922442988168322486e+00
4.922425073161222464e+00
4.922407555979069649e+00
4.922390427787664891e+00
4.922373679948988112e+00
4.922357304016834689e+00
4.922341291732558410e+00
4.922325635020907697e+00
4.922310325985953305e+00
4.922295356907100405e+00
4.922280720235204576e+00
4.922266408588755304e+00
4.922252414750160732e+00
4.922238731662102573e+00
4.922225352423980738e+00
4.922212270288429892e+00
4.922199478657920402e+00
4.922186971081425888e+00
4.922174741251176044e+00
4.922162782999470743e+00
4.922151090295570519e+00
4.922139657242659005e+00
4.922128478074863089e+00
4.922117547154348571e+00
4.922106858968477994e+00
4.922096408127027090e+00
4.922086189359466957e+00
4.922076197512311957e+00
4.922066427546512024e+00
4.922056874534915138e+00
4.922047533659786644e+00
4.922038400210371201e+00
4.922029469580524896e+00
4.922020737266388224e+00
4.922012198864113230e+00
4.922003850067648401e+00
4.921995686666559955e+00
4.921987704543914433e+00
4.921979899674198577e+00
4.921972268121292515e+00
4.921964806036482010e+00
4.921957509656516017e+00
4.921950375301713976e+00
4.921943399374106853e+00
4.921936578355621705e+00
4.921929908806309761e+00
4.921923387362608260e+00
4.921917010735652021e+00
4.921910775709601893e+00
4.921904679140036265e+00
4.921898717952357671e+00
4.921892889140242033e+00
4.921887189764126092e+00
4.921881616949725036e+00
4.921876167886575892e+00
4.921870839826631538e+00
4.921865630082863596e+00
4.747264609784220823e+00
4.640812195062506973e+00
4.536723688199595372e+00
4.434946595690482773e+00
4.335429589713527321e+00
4.238122482245013423e+00
4.142976199748515498e+00
4.049942758426333889e+00
3.958975240020487174e+00
3.870027768151090619e+00
3.783055485180154776e+00
3.698014529589160659e+00
3.614862013858992196e+00
3.533556002841070409e+00
3.454055492608786970e+00
3.376320389778563857e+00
3.300311491290116805e+00
3.225990464635722699e+00
3.153319828528521551e+00
3.082262934000100429e+00
3.012783945917831385e+00
2.944847824912637524e+00
2.878420309708078051e+00
2.813467899841835873e+00
2.749957838770896945e+00
2.687858097351898845e+00
2.627137357688320574e+00
2.567764997336365429e+00
2.509711073861567776e+00
2.452946309738346375e+00
2.397442077584876596e+00
2.343170385725841687e+00
2.290103864075781370e+00
2.238215750335920351e+00
2.187479876497509412e+00
2.137870655644879658e+00
2.089363069051549449e+00
2.041932653562879008e+00
1.995555489258909576e+00
1.950208187976247842e+00
1.911703019556388439e+00
1.881611472881266289e+00
1.859629007992065652e+00
1.844758157674086352e+00
1.835695144458195482e+00
1.831096696014167247e+00
1.829732076825046239e+00
1.830559677344212544e+00
1.832752255380271311e+00
1.835689940581056945e+00
1.838935300697772002e+00
1.842200547792813614e+00
1.845313500082145675e+00
1.848186253845650606e+00
1.850788578512942539e+00
1.853126719807161704e+00
1.855227467210464498e+00
1.857126869315860684e+00
1.858862774026505793e+00
1.860470330816492934e+00
1.861979660567404604e+00
1.863415012342005239e+00
1.864794865216684361e+00
1.866132567808538090e+00
1.867437221990946972e+00
1.868714620753466615e+00
1.869968122307424263e+00
1.871199399399672059e+00
1.872409040988237461e+00
1.873597008070568615e+00
1.874762959217581182e+00
1.875906468032226382e+00
1.877027156243816552e+00
1.878124764324635709e+00
1.879199180129345725e+00
1.880250438297717208e+00
1.881278704682064262e+00
1.882284252845026096e+00
1.883267438560661144e+00
1.884228675735286407e+00
1.885168415597537450e+00
1.886087129897493497e+00
1.886985298138534439e+00
1.887863398449013408e+00
1.888721901499504696e+00
1.889561266814821394e+00
1.890381940862794652e+00
1.891184356383049492e+00
1.891968932520043722e+00
1.892736075426951103e+00
1.893486179099733269e+00
1.894219626278629054e+00
1.894936789315728953e+00
1.895638030953056052e+00
1.896323704987629810e+00
1.896994156820910549e+00
1.897649723902397945e+00
1.898290736083324770e+00
1.898917515898358888e+00
1.899530378792591678e+00
1.900129633308954569e+00
1.900715581248494157e+00
1.901288517813084500e+00
1.901848731737584286e+00
1.902396505416231287e+00
1.902932115026328530e+00
1.903455830650967240e+00
1.903967916401597238e+00
1.904468630540648633e+00
1.904958225604041155e+00
1.905436948523222540e+00
1.905905040746318502e+00
1.906362738357971542e+00
1.906810272197520639e+00
1.907247867975216504e+00
1.907675746386275684e+00
1.908094123222622063e+00
1.908503209482237839e+00
1.908903211476093542e+00
1.909294330932654438e+00
1.909676765100003726e+00
1.910050706845618951e+00
1.910416344753858464e+00
1.910773863221223889e+00
1.911123442549450768e+00
1.911465259036496667e+00
1.911799485065476700e+00
1.912126289191608208e+00
1.912445836227211649e+00
1.912758287324812789e+00
1.913063800058404818e+00
1.913362528502899673e+00
1.913654623311813463e+00
1.913940231793238356e+00
1.914219497984121166e+00
1.914492562722897029e+00
1.914759563720513480e+00
1.915020635629876011e+00
1.915275910113753310e+00
1.915525515911177701e+00
1.915769578902369874e+00
1.916008222172222331e+00
1.916241566072370617e+00
1.916469728281892770e+00
1.916692823866655182e+00
1.916910965337344175e+00
1.917124262706206395e+00
1.917332823542527986e+00
1.917536753026887419e+00
1.917736154004196836e+00
1.917931127035570116e+00
1.918121770449036312e+00
1.918308180389129314e+00
1.918490450865373953e+00
1.918668673799697633e+00
1.918842939072787912e+00
1.919013334569419360e+00
1.919179946222775657e+00
1.919342858057788037e+00
1.919502152233510506e+00
1.919657909084552028e+00
1.919810207161593674e+00
1.919959123271000490e+00
1.920104732513558510e+00
1.920247108322344687e+00
1.920386322499765264e+00
1.920522445253765254e+00
1.920655545233234340e+00
1.920785689562628740e+00
1.920912943875823009e+00
1.921037372349212013e+00
1.921159037734071262e+00
1.921278001388206702e+00
1.921394323306899299e+00
1.921508062153159946e+00
1.921619275287316020e+00
1.921728018795935355e+00
1.921834347520114950e+00
1.921938315083137283e+00
1.922039973917513134e+00
1.922139375291426644e+00
1.922236569334584866e+00
1.922331605063503757e+00
1.922424530406227294e+00
1.922515392226497921e+00
1.922604236347391193e+00
1.922691107574422409e+00
1.922776049718145641e+00
1.922859105616248065e+00
1.922940317155152234e+00
1.923019725291141846e+00
1.923097370071014334e+00
1.923173290652277823e+00
1.923247525322899998e+00
1.923320111520617992e+00
1.923391085851817284e+00
1.923460484109991153e+00
1.923528341293796906e+00
1.923594691624700426e+00
1.923659568564238365e+00
1.923723004830892869e+00
1.923785032416591712e+00
1.923845682602842055e+00
1.923904985976506277e+00
1.923962972445228070e+00
1.924019671252515273e+00
1.924075110992486071e+00
1.924129319624291234e+00
1.924182324486213957e+00
1.924234152309457047e+00
1.924284829231624583e+00
1.924334380809901379e+00
1.924382832033943336e+00
1.924430207338480692e+00
1.924476530615639724e+00
1.924521825226994665e+00
1.924566114015343832e+00
1.924609419316233749e+00
1.924651762969223245e+00
1.924693166328896421e+00
1.924733650275632701e+00
1.924773235226135970e+00
1.924811941143731664e+00
1.924849787548435387e+00
1.924886793526797035e+00
1.924922977741526209e+00
1.924958358440902906e+00
1.924992953467981494e+00
1.925026780269588844e+00
1.925059855905125072e+00
1.925092197055164212e+00
1.925123820029867261e+00
1.925154740777207385e+00
1.925184974891014145e+00
1.925214537618836541e+00
1.925243443869633753e+00
1.925271708221291345e+00
1.925299344927976275e+00
1.925326367927322702e+00
1.925352790847462359e+00
1.925378627013898614e+00
1.925403889456224649e+00
1.925428590914695537e+00
1.925452743846653547e+00
1.925476360432810008e+00
1.925499452583389504e+00
1.925522031944133294e+00
1.925544109902175949e+00
1.925565697591785419e+00
1.925586805899980325e+00
1.925607445472020895e+00
1.925627626716773122e+00
1.925647359811962778e+00
1.925666654709306425e+00
1.925685521139530954e+00
1.925703968617280326e+00
1.925722006445913514e+00
1.925739643722196526e+00
1.925756889340890954e+00
1.925773751999239503e+00
1.925790240201352255e+00
1.925806362262493465e+00
1.925822126313276872e+00
1.925837540303766415e+00
1.925852612007485032e+00
1.925867349025336406e+00
1.925881758789434128e+00
1.925895848566853141e+00
1.925909625463294139e+00
1.925923096426667591e+00
1.925936268250597827e+00
1.925949147577846077e+00
1.925961740903663122e+00
1.925974054579065564e+00
1.925986094814038374e+00
1.925997867680665498e+00
1.926009379116192077e+00
1.926020634926019381e+00
1.926031640786633359e+00
1.926042402248466123e+00
1.926052924738696381e+00
1.926063213563984355e+00
1.926073273913149198e+00
1.926083110859786895e+00
1.926092729364827782e+00
1.926102134279038758e+00
1.926111330345468664e+00
1.926120322201841040e+00
1.926129114382893137e+00
1.926137711322663648e+00
1.926146117356727805e+00
1.926154336724383187e+00
1.926162373570788455e+00
1.926170231949053679e+00
1.926177915822286257e+00
1.926185429065587318e+00
1.926192775468004825e+00
1.926199958734447604e+00
1.926206982487552288e+00
