8.121493939708528398e-01
9.301295594162307667e-01
1.045489829004777604e+00
1.158288380772391823e+00
1.268582100839550586e+00
1.376426612099893143e+00
1.481876302271738277e+00
1.584984351326685026e+00
1.685802758309124627e+00
1.784382367560195526e+00
1.880772894359398650e+00
1.975022949996811716e+00
2.067180066288544005e+00
2.157290719547792612e+00
2.245400354023595391e+00
2.331553404819092901e+00
2.415793320300867020e+00
2.498162584010647613e+00
2.578702736090444425e+00
2.657454394231909323e+00
2.734457274160489781e+00
2.809750209664705345e+00
2.883371172180651865e+00
2.955357289941606069e+00
3.025744866702389846e+00
3.094569400047937346e+00
3.161865599295293539e+00
3.227667402998085411e+00
3.264917523461893012e+00
3.270146651309415731e+00
3.259546563459641000e+00
3.244961538355230601e+00
3.232226502686886160e+00
3.222812670802378321e+00
3.216057430515313342e+00
3.210771513254147447e+00
3.206018791575227400e+00
3.201304258678067338e+00
3.196477106573015092e+00
3.191566796716362120e+00
3.186656187220935799e+00
3.181815573872913472e+00
3.177083499052141491e+00
3.172471697524075207e+00
3.167976941161596116e+00
3.163590951971560372e+00
3.159305904196056058e+00
3.155116268123611789e+00
3.151018636781368620e+00
3.147010886023087206e+00
3.143091406856614256e+00
3.139258650881020518e+00
3.135510958987504537e+00
3.131846556502682954e+00
3.128263610140048723e+00
3.124760285702285589e+00
3.121334784125366024e+00
3.117985355853176266e+00
3.114710301655531755e+00
3.111507967911370187e+00
3.108376741343692906e+00
3.105315045226049619e+00
3.102321337248785227e+00
3.099394108498651157e+00
3.096531882943378111e+00
3.093733217017906156e+00
3.090996699134100467e+00
3.088320949083945610e+00
3.085704617371033187e+00
3.083146384515502270e+00
3.080644960364291585e+00
3.078199083421716775e+00
3.075807520203541312e+00
3.073469064612095014e+00
3.071182537328756901e+00
3.068946785220969975e+00
3.066760680762159907e+00
3.064623121463919908e+00
3.062533029320283706e+00
3.060489350264039565e+00
3.058491053635022716e+00
3.056537131660225448e+00
3.054626598945492155e+00
3.052758491978545763e+00
3.050931868643069311e+00
3.049145807743592229e+00
3.047399408540925947e+00
3.045691790297910817e+00
3.044022091835252741e+00
3.042389471097210141e+00
3.040793104726934093e+00
3.039232187651238259e+00
3.037705932674581888e+00
3.036213570082079816e+00
3.034754347251318318e+00
3.033327528272798279e+00
3.031932393578803620e+00
3.030568239580510692e+00
3.029234378313159226e+00
3.027930137089097418e+00
3.026654858158539074e+00
3.025407898377847182e+00
3.024188628885185803e+00
3.022996434783376429e+00
3.021830714829793596e+00
3.020690881133151429e+00
3.019576358857019027e+00
3.018486585929919030e+00
3.017421012761870802e+00
3.016379101967218368e+00
3.015360328093622755e+00
3.014364177357062857e+00
3.013390147382731588e+00
3.012437746951677209e+00
3.011506495753070389e+00
3.010595924141983737e+00
3.009705572902535042e+00
3.008834993016300530e+00
3.007983745435868883e+00
3.007151400863418367e+00
3.006337539534220671e+00
3.005541751004940920e+00
3.004763633946649026e+00
3.004002795942419812e+00
3.003258853289434427e+00
3.002531430805470247e+00
3.001820161639690010e+00
3.001124687087636911e+00
3.000444656410328648e+00
2.999779726657378021e+00
2.999129562494033507e+00
2.998493836032071869e+00
2.997872226664433093e+00
2.997264420903533733e+00
2.996670112223171145e+00
2.996089000903937372e+00
2.995520793882064936e+00
2.994965204601629072e+00
2.994421952870038428e+00
2.993890764716722774e+00
2.993371372254969742e+00
2.992863513546823118e+00
2.992366932470982288e+00
2.991881378593639784e+00
2.991406607042179200e+00
2.990942378381685973e+00
2.990488458494194646e+00
2.990044618460618420e+00
2.989610634445303283e+00
2.989186287583142754e+00
2.988771363869202613e+00
2.988365654050792575e+00
2.987968953521938698e+00
2.987581062220194816e+00
2.987201784525750359e+00
2.986830929162776815e+00
2.986468309102960017e+00
2.986113741471182692e+00
2.985767047453296019e+00
2.985428052205939764e+00
2.985096584768371031e+00
2.984772477976238125e+00
2.984455568377283541e+00
2.984145696148908122e+00
2.983842705017573760e+00
2.983546442179987768e+00
2.983256758226046301e+00
2.982973507063479079e+00
2.982696545844179425e+00
2.982425734892156566e+00
2.982160937633100417e+00
2.981902020525503350e+00
2.981648852993310062e+00
2.981401307360071140e+00
2.981159258784548793e+00
2.980922585197761432e+00
2.980691167241418693e+00
2.980464888207730478e+00
2.980243633980548257e+00
2.980027292977812436e+00
2.979815756095283152e+00
2.979608916651513617e+00
2.979406670334053153e+00
2.979208915146835945e+00
2.979015551358746627e+00
2.978826481453322295e+00
2.978641610079574953e+00
2.978460844003903318e+00
2.978284092063073096e+00
2.978111265118243534e+00
2.977942276010010492e+00
2.977777039514455382e+00
2.977615472300159549e+00
2.977457492886183665e+00
2.977303021600973043e+00
2.977151980542178666e+00
2.977004293537370838e+00
2.976859886105621023e+00
2.976718685419943444e+00
2.976580620270564914e+00
2.976445621029014443e+00
2.976313619613008221e+00
2.976184549452111749e+00
2.976058345454172471e+00
2.975934943972486479e+00
2.975814282773707298e+00
2.975696301006453659e+00
2.975580939170626937e+00
2.975468139087401820e+00
2.975357843869884888e+00
2.975249997894426901e+00
2.975144546772572340e+00
2.975041437323626692e+00
2.974940617547841004e+00
2.974842036600181761e+00
2.974745644764695829e+00
2.974651393429431856e+00
2.974559235061929208e+00
2.974469123185244701e+00
2.974381012354510911e+00
2.974294858134022057e+00
2.974210617074821261e+00
2.974128246692790078e+00
2.974047705447222079e+00
2.973968952719875158e+00
2.973891948794484374e+00
2.973816654836732631e+00
2.973743032874670345e+00
2.973671045779558764e+00
2.973600657247151169e+00
2.973531831779379964e+00
2.973464534666457215e+00
2.973398731969368214e+00
2.973334390502755831e+00
2.973271477818187680e+00
2.973209962187784328e+00
2.973149812588227636e+00
2.973090998685108399e+00
2.973033490817630575e+00
2.972977259983653919e+00
2.972922277825066573e+00
2.972868516613482726e+00
2.972815949236260025e+00
2.972764549182827398e+00
2.972714290531311310e+00
2.972665147935468433e+00
2.972617096611897214e+00
2.972570112327543868e+00
2.972524171387481484e+00
2.972479250622954705e+00
2.972435327379701508e+00
2.972392379506524573e+00
2.972350385344121992e+00
2.972309323714164897e+00
2.972269173908612672e+00
2.972229915679274193e+00
2.972191529227594220e+00
2.972153995194669385e+00
2.972117294651483554e+00
2.972081409089364801e+00
2.972046320410646647e+00
2.972012010919545588e+00
2.971978463313234897e+00
2.971945660673116940e+00
2.971913586456296663e+00
2.971882224487229163e+00
2.971851558949571537e+00
2.971821574378197717e+00
2.971792255651409587e+00
2.971763587983301758e+00
2.971735556916309307e+00
2.971708148313915387e+00
2.971681348353522267e+00
2.971655143519478237e+00
2.971629520596263951e+00
2.971604466661830202e+00
2.971579969081073802e+00
2.971556015499473347e+00
2.971532593836851976e+00
2.971509692281290249e+00
2.971487299283164685e+00
2.971465403549327089e+00
2.971443994037408221e+00
2.971423059950247136e+00
2.971402590730447990e+00
2.971382576055053182e+00
2.971363005830343074e+00
2.971343870186736513e+00
2.971325159473821920e+00
2.971306864255487845e+00
2.971288975305160562e+00
2.971271483601156227e+00
2.971254380322127187e+00
2.971237656842615316e+00
2.971221304728701273e+00
2.971205315733751906e+00
2.971189681794259574e+00
2.971174395025777404e+00
2.971159447718944246e+00
2.971144832335592234e+00
2.971130541504949374e+00
3.081977376325932383e+00
3.149553197072833655e+00
3.215628412933071001e+00
3.280236346698746086e+00
3.343409581188045987e+00
3.405179975677280257e+00
3.465578681968025432e+00
3.524636160097479376e+00
3.582382193699947592e+00
3.638845905027205507e+00
3.694055769635320896e+00
3.748039630745331419e+00
3.800824713285029244e+00
3.852437637618928434e+00
3.902904432973342885e+00
3.952250550563343179e+00
4.000500876428211505e+00
4.047679743981871248e+00
4.093810946284619945e+00
4.138917748042350908e+00
4.183022897339315982e+00
4.226148637110349604e+00
4.268316716358341978e+00
4.309548401122606620e+00
4.349864485203686293e+00
4.389285300650000110e+00
4.427830728011623584e+00
4.465520206366367262e+00
4.502372743123216559e+00
4.538406923608072852e+00
4.573640920436631063e+00
4.608092502679125957e+00
4.641779044821552347e+00
4.674717535527902257e+00
4.706924586207819949e+00
4.738416439394002033e+00
4.769208976933566824e+00
4.799317727997526539e+00
4.828757876912395552e+00
4.857544270817891530e+00
4.885691427154585931e+00
4.913213540985282179e+00
4.940124492153812774e+00
4.966437852284870225e+00
4.992166891628391667e+00
5.017324585751960164e+00
5.038870100680055586e+00
5.046419236697042621e+00
5.045383882211252669e+00
5.040709089994907188e+00
5.035465651671849230e+00
5.030984471064519070e+00
5.027505053259123002e+00
5.024787350667694774e+00
5.022499396522848158e+00
5.020389847655114757e+00
5.018322899879498422e+00
5.016251162800674734e+00
5.014175337031975488e+00
5.012112995206947197e+00
5.010081430686414095e+00
5.008091529322513225e+00
5.006147759212541182e+00
5.004250385966336978e+00
5.002397733708127348e+00
5.000587682901548092e+00
4.998818374665859210e+00
4.997088383473172080e+00
4.995396637627583125e+00
4.993742274699465078e+00
4.992124523334253716e+00
4.990542635181704156e+00
4.988995858360066649e+00
4.987483435022745937e+00
4.986004608388691750e+00
4.984558630658392886e+00
4.983144768396013724e+00
4.981762305011430136e+00
4.980410541211312214e+00
4.979088794437839027e+00
4.977796398016715251e+00
4.976532700379534546e+00
4.975297064469981656e+00
4.974088867312802975e+00
4.972907499684198207e+00
4.971752365828728593e+00
4.970622883189084185e+00
4.969518482134296811e+00
4.968438605683899389e+00
4.967382709230681037e+00
4.966350260265604888e+00
4.965340738107488328e+00
4.964353633638762808e+00
4.963388449047693385e+00
4.962444697576865238e+00
4.961521903277618328e+00
4.960619600770094451e+00
4.959737335008647108e+00
4.958874661052436572e+00
4.958031143841090227e+00
4.957206357975303845e+00
4.956399887502310975e+00
4.955611325706100523e+00
4.954840274902301722e+00
4.954086346237617455e+00
4.953349159493725118e+00
4.952628342895517122e+00
4.951923532923611759e+00
4.951234374131024296e+00
4.950560518963912138e+00
4.949901627586295483e+00
4.949257367708675304e+00
4.948627414420451842e+00
4.948011450026070790e+00
4.947409163884798566e+00
4.946820252254065409e+00
4.946244418136280352e+00
4.945681371129056814e+00
4.945130827278747532e+00
4.944592508937250663e+00
4.944066144621986680e+00
4.943551468878979449e+00
4.943048222148989979e+00
4.942556150636614909e+00
4.942075006182288455e+00
4.941604546137139842e+00
4.941144533240613868e+00
4.940694735500824386e+00
4.940254926077548348e+00
4.939824883167833747e+00
4.939404389894139769e+00
4.938993234194954951e+00
4.938591208717860503e+00
4.938198110714954403e+00
4.937813741940604295e+00
4.937437908551464361e+00
4.937070421008725951e+00
4.936711093982520282e+00
4.936359746258458081e+00
4.936016200646244911e+00
4.935680283890310882e+00
4.935351826582443202e+00
4.935030663076351409e+00
4.934716631404121756e+00
4.934409573194539433e+00
4.934109333593221791e+00
4.933815761184518145e+00
4.933528707915146860e+00
4.933248029019538627e+00
4.932973582946819313e+00
4.932705231289430614e+00
4.932442838713322786e+00
4.932186272889704348e+00
4.931935404428316794e+00
4.931690106812165020e+00
4.931450256333722137e+00
4.931215732032543819e+00
4.930986415634258435e+00
4.930762191490924984e+00
4.930542946522709080e+00
4.930328570160853907e+00
4.930118954291916822e+00
4.929913993203252964e+00
4.929713583529692578e+00
4.929517624201419146e+00
4.929326016393001275e+00
4.929138663473542792e+00
4.928955470957957274e+00
4.928776346459321722e+00
4.928601199642273833e+00
4.928429942177460887e+00
4.928262487696997596e+00
4.928098751750899176e+00
4.927938651764496747e+00
4.927782106996802192e+00
4.927629038499772740e+00
4.927479369078509031e+00
4.927333023252319144e+00
4.927189927216653942e+00
4.927050008805883508e+00
4.926913197456909366e+00
4.926779424173569844e+00
4.926648621491852786e+00
4.926520723445864114e+00
4.926395665534568202e+00
4.926273384689251245e+00
4.926153819241719134e+00
4.926036908893198785e+00
4.925922594683924238e+00
4.925810818963403115e+00
4.925701525361347421e+00
4.925594658759238520e+00
4.925490165262531583e+00
4.925387992173480889e+00
4.925288087964555750e+00
4.925190402252461297e+00
4.925094885772723252e+00
4.925001490354850020e+00
4.924910168898030349e+00
4.924820875347386995e+00
4.924733564670751740e+00
4.924648192835947569e+00
4.924564716788585983e+00
4.924483094430359920e+00
4.924403284597800301e+00
4.924325247041529074e+00
4.924248942405953677e+00
4.924174332209418914e+00
4.924101378824809139e+00
4.924030045460559890e+00
4.923960296142108284e+00
4.923892095693753745e+00
4.923825409720917534e+00
4.923760204592792178e+00
4.923696447425382594e+00
4.923634106064930016e+00
4.923573149071682309e+00
4.923513545704048866e+00
4.923455265903096567e+00
4.923398280277385020e+00
4.923342560088148190e+00
4.923288077234801996e+00
4.923234804240765428e+00
4.923182714239615620e+00
4.923131780961527149e+00
4.923081978720031060e+00
4.923033282399057242e+00
4.922985667440268998e+00
4.922939109830678284e+00
4.922893586090534512e+00
4.922849073261486019e+00
4.922805548894996441e+00
4.922762991041031988e+00
4.922721378236981415e+00
4.922680689496838902e+00
4.922640904300623177e+00
4.922602002584018699e+00
4.922563964728264629e+00
4.922526771550261415e+00
4.922490404292891419e+00
4.922454844615562486e+00
4.922420074584959337e+00
4.922386076665996590e+00
4.922352833712979603e+00
4.922320328960950064e+00
4.922288546017242972e+00
4.922257468853208806e+00
4.922227081796132886e+00
4.922197369521336796e+00
4.922168317044444130e+00
4.922139909713821204e+00
4.922112133203197182e+00
4.922084973504432526e+00
4.922058416920452650e+00
4.922032450058348552e+00
4.922007059822613328e+00
4.921982233408543017e+00
4.921957958295780422e+00
4.921934222241995727e+00
4.921911013276714542e+00
4.921888319695285396e+00
4.921866130052968025e+00
4.921844433159170862e+00
4.921823218071803119e+00
4.921802474091754753e+00
4.921782190757504338e+00
4.921762357839837954e+00
4.921742965336702191e+00
4.921724003468142428e+00
4.921705462671384979e+00
4.921687333596007186e+00
4.921669607099227406e+00
4.921652274241286484e+00
4.921635326280946465e+00
4.921618754671081675e+00
4.921602551054360397e+00
4.921586707259039351e+00
4.921571215294836321e+00
4.921556067348907604e+00
4.921541255781901825e+00
4.921526773124103471e+00
4.921512612071680337e+00
4.921498765482983373e+00
4.921485226374958444e+00
4.921471987919613156e+00
4.921459043440583159e+00
4.921446386409760620e+00
4.921434010443999973e+00
4.921421909301903597e+00
4.921410076880672335e+00
4.921398507213026186e+00
4.921387194464193371e+00
4.921376132928976688e+00
4.921365317028864261e+00
4.921354741309223790e+00
4.921344400436550970e+00
4.921334289195778311e+00
4.921324402487642580e+00
4.921314735326119738e+00
