-6.642338394836629911e-01
-6.384469482710829480e-01
-6.147505472115201153e-01
-5.924858313282763689e-01
-5.717255378844149361e-01
-5.524960208830004271e-01
-5.346999281780293600e-01
-5.180047234554876479e-01
-5.024681482443367209e-01
-4.878025792340201505e-01
-4.745894835494004482e-01
-4.617958945563438444e-01
-4.503926828532172078e-01
-4.394098391092147171e-01
-4.291759519667575073e-01
-4.197918582963959810e-01
-4.106614316545429411e-01
-4.024586581999218815e-01
-3.946839437156177688e-01
-3.870925915396221662e-01
-3.804050449448013183e-01
-3.739660991397362189e-01
-3.676541314643335667e-01
-3.621248674783221766e-01
-3.568972095185114490e-01
-3.517462474448564969e-01
-3.468908668364503178e-01
-3.424692529919926010e-01
-3.274161937318882387e-01
-3.064072854514527933e-01
-2.888380299677812957e-01
-2.768784464587477068e-01
-2.692649294013578221e-01
-2.639608074218857681e-01
-2.594103916344900895e-01
-2.548135599276282193e-01
-2.499425291962666940e-01
-2.448612532291472021e-01
-2.397145415946582148e-01
-2.346213707003568238e-01
-2.296458929856317610e-01
-2.248074648620868032e-01
-2.201010671035485977e-01
-2.155138498267890057e-01
-2.110340810552373547e-01
-2.066539911341007674e-01
-2.023693400637425199e-01
-1.981779573403414929e-01
-1.940784559687287469e-01
-1.900694902961554966e-01
-1.861494883925676191e-01
-1.823166562513200972e-01
-1.785690785960163396e-01
-1.749048166253719394e-01
-1.713219677165866983e-01
-1.678186886502648356e-01
-1.643931965829725783e-01
-1.610437612602066970e-01
-1.577686966468965224e-01
-1.545663551650813261e-01
-1.514351247263960865e-01
-1.483734275882451215e-01
-1.453797200058075667e-01
-1.424524920158534158e-01
-1.395902670687227953e-01
-1.367916014686825221e-01
-1.340550836860265882e-01
-1.313793336178519233e-01
-1.287630018504621887e-01
-1.262047689476251122e-01
-1.237033447694093624e-01
-1.212574678172959608e-01
-1.188659045994859831e-01
-1.165274490118575201e-01
-1.142409217321627146e-01
-1.120051696265917940e-01
-1.098190651686477004e-01
-1.076815058704618799e-01
-1.055914137265641095e-01
-1.035477346700410806e-01
-1.015494380408452635e-01
-9.959551606597116802e-02
-9.768498335122854925e-02
-9.581687638430036458e-02
-9.399025304884567333e-02
-9.220419214938280206e-02
-9.045779294672051662e-02
-8.875017470370938355e-02
-8.708047624105130780e-02
-8.544785550300648680e-02
-8.385148913273043902e-02
-8.229057205703371736e-02
-8.076431708037690171e-02
-7.927195448787616172e-02
-7.781273165711377615e-02
-7.638591267859462519e-02
-7.499077798459907740e-02
-7.362662398630703819e-02
-7.229276271895468398e-02
-7.098852149489243146e-02
-6.971324256433542033e-02
-6.846628278364264020e-02
-6.724701329098214941e-02
-6.605481918917188722e-02
-6.488909923558860982e-02
-6.374926553894777470e-02
-6.263474326281448512e-02
-6.154497033571537656e-02
-6.047939716766626006e-02
-5.943748637301471405e-02
-5.841871249941821276e-02
-5.742256176285787106e-02
-5.644853178852793363e-02
-5.549613135747266668e-02
-5.456488015886673537e-02
-5.365430854777919478e-02
-5.276395730833005615e-02
-5.189337742209687576e-02
-5.104212984166434097e-02
-5.020978526921471286e-02
-4.939592394001612874e-02
-4.860013541073726628e-02
-4.782201835244448418e-02
-4.706118034821482610e-02
-4.631723769523077294e-02
-4.558981521126570513e-02
-4.487854604548724424e-02
-4.418307149343414508e-02
-4.350304081612765827e-02
-4.283811106317347850e-02
-4.218794689982985346e-02
-4.155222043786821473e-02
-4.093061107022988310e-02
-4.032280530933096685e-02
-3.972849662896971168e-02
-3.914738530973593811e-02
-3.857917828786039394e-02
-3.802358900742541792e-02
-3.748033727583344188e-02
-3.694914912251823225e-02
-3.642975666076608832e-02
-3.592189795261857554e-02
-3.542531687677863417e-02
-3.493976299943524211e-02
-3.446499144797421366e-02
-3.400076278748231928e-02
-3.354684289999010360e-02
-3.310300286641476575e-02
-3.266901885109874115e-02
-3.224467198893909980e-02
-3.182974827499807091e-02
-3.142403845658892081e-02
-3.102733792773415544e-02
-3.063944662598983015e-02
-3.026016893154670484e-02
-2.988931356857227328e-02
-2.952669350875636312e-02
-2.917212587697814996e-02
-2.882543185909103300e-02
-2.848643661173611008e-02
-2.815496917416648870e-02
-2.783086238203447138e-02
-2.751395278307899872e-02
-2.720408055470446840e-02
-2.690108942336921771e-02
-2.660482658578411375e-02
-2.631514263184175917e-02
-2.603189146927542552e-02
-2.575493024997488334e-02
-2.548411929795157960e-02
-2.521932203889676316e-02
-2.496040493129880744e-02
-2.470723739910640759e-02
-2.445969176586659799e-02
-2.421764319034513946e-02
-2.398096960355688978e-02
-2.374955164721370693e-02
-2.352327261352682441e-02
-2.330201838634371470e-02
-2.308567738360878252e-02
-2.287414050107861030e-02
-2.266730105730996314e-02
-2.246505473984861112e-02
-2.226729955263229144e-02
-2.207393576454208528e-02
-2.188486585911730842e-02
-2.169999448537129894e-02
-2.151922840969877626e-02
-2.134247646886944239e-02
-2.116964952403899147e-02
-2.100066041580683773e-02
-2.083542392025083956e-02
-2.067385670595589531e-02
-2.051587729197912324e-02
-2.036140600676805690e-02
-2.021036494797501248e-02
-2.006267794316629605e-02
-1.991827051141736860e-02
-1.977706982573890215e-02
-1.963900467635992797e-02
-1.950400543481078941e-02
-1.937200401880367906e-02
-1.924293385790809552e-02
-1.911672985996792917e-02
-1.899332837828282550e-02
-1.887266717950275563e-02
-1.875468541224867280e-02
-1.863932357642328341e-02
-1.852652349319727776e-02
-1.841622827567990228e-02
-1.830838230022324709e-02
-1.820293117836779828e-02
-1.809982172942303791e-02
-1.799900195363646205e-02
-1.790042100597810659e-02
-1.780402917049128675e-02
-1.770977783522686977e-02
-1.761761946772555376e-02
-1.752750759104015899e-02
-1.743939676030725749e-02
-1.735324253981751497e-02
-1.726900148061760731e-02
-1.718663109858553639e-02
-1.710608985301842466e-02
-1.702733712567061630e-02
-1.695033320027938828e-02
-1.687503924252897747e-02
-1.680141728046580241e-02
-1.672943018535510973e-02
-1.665904165294662675e-02
-1.659021618517630969e-02
-1.652291907225267309e-02
-1.645711637516322767e-02
-1.639277490855217678e-02
-1.632986222398313814e-02
-1.626834659358067370e-02
-1.620819699402309411e-02
-1.614938309090341306e-02
-1.609187522342692134e-02
-1.603564438944937720e-02
-1.598066223086291870e-02
-1.592690101927818347e-02
-1.587433364205637076e-02
-1.582293358862285615e-02
-1.577267493710765578e-02
-1.572353234126389054e-02
-1.567548101769222768e-02
-1.562849673334021361e-02
-1.558255579327694207e-02
-1.553763502875105118e-02
-1.549371178549696637e-02
-1.545076391231958723e-02
-1.540876974991833848e-02
-1.536770811996035491e-02
-1.532755831440901773e-02
-1.528830008506965044e-02
-1.524991363339056605e-02
-1.521237960046484261e-02
-1.517567905727990052e-02
-1.513979349516025863e-02
-1.510470481644166085e-02
-1.507039532534193427e-02
-1.503684771903035511e-02
-1.500404507891417438e-02
-1.497197086209389738e-02
-1.494060889302817330e-02
-1.490994335536699467e-02
-1.487995878399406280e-02
-1.485064005720593272e-02
-1.482197238909854775e-02
-1.479394132210654078e-02
-1.476653271971395398e-02
-1.473973275932083382e-02
-1.471352792527369502e-02
-1.468790500206029748e-02
-1.466285106762521551e-02
-1.463835348687014815e-02
-1.461439990526880450e-02
-1.459097824264832255e-02
-1.456807668708570702e-02
-1.454568368895969854e-02
-1.452378795512343501e-02
-1.450237844320367842e-02
-1.448144435604348246e-02
-1.446097513624344799e-02
-1.444096046084952789e-02
-1.442139023613853155e-02
-1.440225459253152707e-02
-1.438354387961826575e-02
-1.436524866128330302e-02
-1.434735971095690843e-02
-1.432986800695168483e-02
-1.431276472792353260e-02
-1.429604124841077351e-02
-1.427968913449761956e-02
-1.426370013954736393e-02
-1.424806620005458768e-02
-1.423277943157374992e-02
-1.421783212473970437e-02
-1.420321674138858015e-02
-1.418892591074483178e-02
-5.785362271296934367e-02
-6.020977916089975679e-02
-6.263984584537629630e-02
-6.494659260462087857e-02
-6.712926586975065391e-02
-6.963323960315870309e-02
-7.220731195952412307e-02
-7.464340022057314172e-02
-7.694243316478255323e-02
-7.920969578469039263e-02
-8.174400953386573576e-02
-8.413548298075435028e-02
-8.638611489162961732e-02
-8.849800485750991541e-02
-9.056883737211585128e-02
-9.285692028232572781e-02
-9.500422363416616278e-02
-9.701340326550100812e-02
-9.888704202705556057e-02
-1.006276589270749255e-01
-1.025038729660394665e-01
-1.044288863945777024e-01
-1.062195911434935525e-01
-1.078789061351566048e-01
-1.094098371571137207e-01
-1.108154610451341782e-01
-1.121586703245327499e-01
-1.136599474753197114e-01
-1.150386151978759486e-01
-1.162978545935082764e-01
-1.174408166521567765e-01
-1.184706199544933725e-01
-1.193903485902501060e-01
-1.202030502790440991e-01
-1.211244459518550087e-01
-1.220144583375297742e-01
-1.228011016799444022e-01
-1.234874197618287539e-01
-1.240763471056451905e-01
-1.245707164774332298e-01
-1.249732657509845524e-01
-1.252866441839746159e-01
-1.255134181539112603e-01
-1.259412802072441551e-01
-1.263003886675706511e-01
-1.265746242166949642e-01
-1.254193230677271842e-01
-1.188838036370674089e-01
-1.117488834068476322e-01
-1.059784552786249279e-01
-1.018353499636548420e-01
-9.887320815354883052e-02
-9.654140300554558962e-02
-9.444080094131379610e-02
-9.236448065106284133e-02
-9.024628697360004281e-02
-8.809363203521147767e-02
-8.593772628560181204e-02
-8.380730120464185973e-02
-8.171992329059740712e-02
-7.968269395536253796e-02
-7.769611945144117016e-02
-7.575779676777472105e-02
-7.386476394037355675e-02
-7.201455375526588654e-02
-7.020541354883835794e-02
-6.843614531111974486e-02
-6.670586407570588960e-02
-6.501380822935676207e-02
-6.335923489581762880e-02
-6.174138183515420764e-02
-6.015946654020432049e-02
-5.861269902156962530e-02
-5.710029502392721668e-02
-5.562148471080430312e-02
-5.417551657919794650e-02
-5.276165816449118751e-02
-5.137919521167333414e-02
-5.002743045326774052e-02
-4.870568254669205288e-02
-4.741328531949218217e-02
-4.614958727289497631e-02
-4.491395123917385490e-02
-4.370575410427512963e-02
-4.252438654348544844e-02
-4.136925274899994065e-02
-4.023977014684021469e-02
-3.913536910808002034e-02
-3.805549266038710243e-02
-3.699959620410098182e-02
-3.596714723491789556e-02
-3.495762507373001426e-02
-3.397052060336758217e-02
-3.300533601174926446e-02
-3.206158454095575649e-02
-3.113879024194332601e-02
-3.023648773464948647e-02
-2.935422197334602856e-02
-2.849154801720299446e-02
-2.764803080587174833e-02
-2.682324494007648497e-02
-2.601677446706585073e-02
-2.522821267084118801e-02
-2.445716186703439377e-02
-2.370323320234923870e-02
-2.296604645845956583e-02
-2.224522986025334603e-02
-2.154041988834975996e-02
-2.085126109576318498e-02
-2.017740592865013838e-02
-1.951851455103348343e-02
-1.887425467341152796e-02
-1.824430138518984279e-02
-1.762833699080879057e-02
-1.702605084953656700e-02
-1.643713921880163298e-02
-1.586130510101835256e-02
-1.529825809379481427e-02
-1.474771424348375604e-02
-1.420939590198866398e-02
-1.368303158672468101e-02
-1.316835584371567336e-02
-1.266510911372797921e-02
-1.217303760135290958e-02
-1.169189314702645532e-02
-1.122143310187606602e-02
-1.076142020535186816e-02
-1.031162246556238671e-02
-9.871813042284571793e-03
-9.441770132571747354e-03
-9.021276858877769200e-03
-8.610121159692951665e-03
-8.208095682596727727e-03
-7.814997679692403665e-03
-7.430628905340519452e-03
-7.054795516202361227e-03
-6.687307973463951782e-03
-6.327980947256506283e-03
-5.976633223196081701e-03
-5.633087610982911997e-03
-5.297170855047106386e-03
-4.968713547181202728e-03
-4.647550041089409945e-03
-4.333518368857980363e-03
-4.026460159277434059e-03
-3.726220557959791790e-03
-3.432648149254369230e-03
-3.145594879884860973e-03
-2.864915984274851724e-03
-2.590469911557313765e-03
-2.322118254168614726e-03
-2.059725678059010079e-03
-1.803159854442348831e-03
-1.552291393054794355e-03
-1.306993776901244075e-03
-1.067143298460138112e-03
-8.326189972818198726e-04
-6.033025989946594336e-04
-3.790784556629844815e-04
-1.598334874470808131e-04
5.454287440986860247e-05
2.641587433451775269e-04
4.691198320090350649e-04
6.695295055711980581e-04
8.654888338428534666e-04
1.057096642260724195e-03
1.244449561720983866e-03
1.427642077304724921e-03
1.606766575940277164e-03
1.781913392989942224e-03
1.953170857801111993e-03
2.120625338264403581e-03
2.284361284364599953e-03
2.444461270765252436e-03
2.601006038459807712e-03
2.754074535491035647e-03
2.903743956752968813e-03
3.050089782942855265e-03
3.193185818609833859e-03
3.333104229378491823e-03
3.469915578354410002e-03
3.603688861692155854e-03
3.734491543410989323e-03
3.862389589397885459e-03
3.987447500693797053e-03
4.109728346012531119e-03
4.229293793542865387e-03
4.346204142063214704e-03
4.460518351339537446e-03
4.572294071858884479e-03
4.681587673914577863e-03
4.788454276025255751e-03
4.892947772730416034e-03
4.995120861782886834e-03
5.095025070706249437e-03
5.192710782802478775e-03
5.288227262538747198e-03
5.381622680411979331e-03
5.472944137233426432e-03
5.562237687875004610e-03
5.649548364510259546e-03
5.734920199316206890e-03
5.818396246676016403e-03
5.900018604902079744e-03
5.979828437461698343e-03
6.057865993732924892e-03
6.134170629310098377e-03
6.208780825843085438e-03
6.281734210452860623e-03
6.353067574702109255e-03
6.422816893155491869e-03
6.491017341508253935e-03
6.557703314344465184e-03
6.622908442471597823e-03
6.686665609879405281e-03
6.749006970331983268e-03
6.809963963581466828e-03
6.869567331213133343e-03
6.927847132165432242e-03
6.984832757878756127e-03
7.040552947113809523e-03
7.095035800461779729e-03
7.148308794496571750e-03
7.200398795648155215e-03
7.251332073734850781e-03
7.301134315230939364e-03
7.349830636206533541e-03
7.397445594993001805e-03
7.444003204583715672e-03
7.489526944727487034e-03
7.534039773777756466e-03
7.577564140265558024e-03
7.620121994230011353e-03
7.661734798282360259e-03
7.702423538423097682e-03
7.742208734638822420e-03
7.781110451245076831e-03
7.819148306997369957e-03
7.856341485000584157e-03
7.892708742372356312e-03
7.928268419701289815e-03
7.963038450302661886e-03
7.997036369265408950e-03
8.030279322284172849e-03
8.062784074311935001e-03
8.094567018019027671e-03
8.125644182054969633e-03
8.156031239129113430e-03
8.185743513925203274e-03
8.214795990819645510e-03
8.243203321440795150e-03
8.270979832064817572e-03
8.298139530831249999e-03
8.324696114809349012e-03
8.350662976913447721e-03
8.376053212650447222e-03
8.400879626718982252e-03
8.425154739481577337e-03
8.448890793268049038e-03
8.472099758547457782e-03
8.494793339976602908e-03
8.516982982295751015e-03
8.538679876091137544e-03
8.559894963460656925e-03
8.580638943507246097e-03
8.600922277759437407e-03
8.620755195424045780e-03
8.640147698559808020e-03
8.659109567119571693e-03
8.677650363878797179e-03
8.695779439254813781e-03
8.713505936034593446e-03
8.730838793977291346e-03
8.747786754315534097e-03
8.764358364180324656e-03
8.780561980901602226e-03
8.796405776224425210e-03
8.811897740425678194e-03
8.827045686354395571e-03
8.841857253361951052e-03
8.856339911158528366e-03
8.870500963583438647e-03
8.884347552278626381e-03
8.897886660303555573e-03
8.911125115648843575e-03
8.924069594678840645e-03
8.936726625503155219e-03
8.949102591263802253e-03
8.961203733358402701e-03
8.973036154589664193e-03
8.984605822237590189e-03
8.995918571068628466e-03
9.006980106285311649e-03
9.017796006399514397e-03
9.028371726038209033e-03
9.038712598711029500e-03
9.048823839483688403e-03
9.058710547621195985e-03
9.068377709142261267e-03
