1.000000000000000000e+01
1.000000000000000000e+01
1.000000000000000000e+01
1.000000000000000000e+01
1.000000000000000000e+01
1.000000000000000000e+01
1.000000000000000000e+01
1.000000000000000000e+01
1.000000000000000000e+01
1.000000000000000000e+01
1.000000000000000000e+01
1.000000000000000000e+01
1.000000000000000000e+01
1.000000000000000000e+01
1.000000000000000000e+01
1.000000000000000000e+01
1.000000000000000000e+01
1.000000000000000000e+01
1.000000000000000000e+01
1.000000000000000000e+01
1.000000000000000000e+01
1.000000000000000000e+01
1.000000000000000000e+01
1.000000000000000000e+01
9.866533799645301528e+00
9.293807214456768051e+00
8.522605102855074222e+00
7.711632415557398978e+00
6.958745310572466813e+00
6.312460948900050717e+00
5.790368918909228668e+00
5.390649717250075135e+00
5.100422402620298001e+00
4.901646215378352878e+00
4.775036171669558627e+00
4.702450555861326542e+00
4.668162941575309866e+00
4.659365392828902941e+00
4.666177821273471693e+00
4.681370452448891939e+00
4.699946964252127657e+00
4.718687226393153189e+00
4.735710853466302162e+00
4.750094974336497522e+00
4.761560354854143640e+00
4.770227446985481734e+00
4.776436472514450138e+00
4.780622037901291144e+00
4.783231361596082643e+00
4.784675775844402956e+00
4.785306055488923072e+00
4.785404004446479398e+00
4.785184250957270180e+00
4.784801780397081039e+00
4.784362062142768934e+00
4.783931699584946351e+00
4.783548353643916506e+00
4.783229286375763500e+00
4.782978279722287063e+00
4.782790944729162774e+00
4.782658585482391089e+00
4.782570852767252134e+00
4.782517440448763146e+00
4.782489063521000006e+00
4.782477925747991243e+00
4.782477846521559606e+00
4.782484178173172396e+00
4.782493609880173580e+00
4.782503924926555960e+00
4.782513754385871785e+00
4.782522352548260969e+00
4.782529406638663438e+00
4.782534884816414866e+00
4.782538920968121943e+00
4.782541731999548240e+00
4.782543561940022947e+00
4.782544646916472075e+00
4.782545195662311954e+00
4.782545380872880614e+00
4.782545337677000852e+00
4.782545166402671022e+00
4.782544937522847484e+00
4.782544697411617030e+00
4.782544474013043612e+00
4.782544281885563464e+00
4.782544126436220289e+00
4.782544007250524309e+00
4.782543920576660668e+00
4.782543861112576344e+00
4.782543823145100070e+00
4.782543801301245345e+00
4.782543790898394320e+00
4.782543788132250562e+00
4.782543790055370003e+00
4.782543794507795099e+00
4.782543799987877264e+00
4.782543805533316039e+00
4.782543810587077004e+00
4.782543814867606713e+00
4.782543818286661086e+00
4.782543820876414387e+00
4.782543822735640937e+00
4.782543823992170928e+00
4.782543824778251462e+00
4.782543825215944899e+00
4.782543825409610427e+00
4.782543825443266172e+00
4.782543825381002200e+00
4.782543825269217841e+00
4.782543825139570437e+00
4.782543825012103511e+00
4.782543824898229268e+00
4.782543824796723797e+00
4.782543824718697323e+00
4.782543824661800613e+00
4.782543824622657702e+00
4.782543824597560445e+00
4.782543824583016523e+00
4.782543824576003466e+00
4.782543824574013058e+00
4.782543824575128610e+00
4.782543824571448887e+00
4.782543824571839686e+00
4.782543824574534419e+00
4.782543824578308289e+00
4.782543824582345948e+00
4.782543824586150905e+00
4.782543824582960568e+00
4.782543824582525360e+00
4.782543824583718184e+00
4.782543824585744119e+00
4.782543824588044501e+00
4.782543824590290704e+00
4.782543824592280224e+00
4.782543824593936677e+00
4.782543824595241411e+00
4.782543824589717829e+00
4.782543824580771208e+00
4.782543824570709923e+00
4.782543824567462742e+00
4.782543824568501911e+00
4.782543824565409274e+00
4.782543824566698021e+00
4.782543824570425706e+00
4.782543824575201441e+00
4.782543824580124614e+00
4.782543824584658765e+00
4.782543824588522341e+00
4.782543824591619419e+00
4.782543824587492054e+00
4.782543824586083403e+00
4.782543824586359626e+00
4.782543824581103387e+00
4.782543824579638780e+00
4.782543824580520742e+00
4.782543824582663028e+00
4.782543824585339109e+00
4.782543824588073811e+00
4.782543824590575809e+00
4.782543824592688786e+00
4.782543824594382542e+00
4.782543824595656190e+00
4.782543824590077541e+00
4.782543824587565773e+00
4.782543824580576697e+00
4.782543824578168845e+00
4.782543824578623592e+00
4.782543824580717029e+00
4.782543824583548542e+00
4.782543824586547920e+00
4.782543824589345682e+00
4.782543824591762416e+00
4.782543824593717297e+00
4.782543824595223647e+00
4.782543824596322324e+00
4.782543824597069282e+00
4.782543824597542681e+00
4.782543824597806470e+00
4.782543824597927262e+00
4.782543824597953908e+00
4.782543824597922821e+00
4.782543824591364512e+00
4.782543824588159076e+00
4.782543824580707259e+00
4.782543824578007197e+00
4.782543824578338487e+00
4.782543824573879832e+00
4.782543824573568969e+00
4.782543824569212454e+00
4.782543824569428281e+00
4.782543824572262459e+00
4.782543824576345415e+00
4.782543824574247537e+00
4.782543824575288482e+00
4.782543824578040947e+00
4.782543824581517278e+00
4.782543824585071768e+00
4.782543824581828140e+00
4.782543824581479974e+00
4.782543824582841552e+00
4.782543824585038905e+00
4.782543824587515147e+00
4.782543824589919446e+00
4.782543824592039527e+00
4.782543824593790127e+00
4.782543824595174797e+00
4.782543824596198867e+00
4.782543824596919180e+00
4.782543824597392579e+00
4.782543824597675908e+00
4.782543824591333426e+00
4.782543824588242565e+00
4.782543824587340175e+00
4.782543824587796699e+00
4.782543824588994852e+00
4.782543824584022829e+00
4.782543824582429437e+00
4.782543824582966785e+00
4.782543824584682746e+00
4.782543824586905856e+00
4.782543824582730529e+00
4.782543824581739322e+00
4.782543824582687897e+00
4.782543824584688075e+00
4.782543824587077275e+00
4.782543824589477133e+00
4.782543824591644288e+00
4.782543824586966252e+00
4.782543824585268055e+00
4.782543824585465231e+00
4.782543824586748649e+00
4.782543824582031533e+00
4.782543824580810288e+00
4.782543824575229863e+00
4.782543824574140956e+00
4.782543824575774316e+00
4.782543824578818992e+00
4.782543824582374370e+00
4.782543824579401637e+00
4.782543824579422065e+00
4.782543824574686298e+00
4.782543824574162272e+00
4.782543824569611246e+00
4.782543824569676083e+00
4.782543824572399238e+00
4.782543824576419134e+00
4.782543824580787195e+00
4.782543824584941206e+00
4.782543824588552539e+00
4.782543824585016701e+00
4.782543824584169379e+00
4.782543824584970515e+00
4.782543824580151259e+00
4.782543824579041924e+00
4.782543824580185898e+00
4.782543824576011460e+00
4.782543824569169821e+00
4.782543824567948576e+00
4.782543824570085533e+00
4.782543824573974867e+00
4.782543824578503688e+00
4.782543824582957903e+00
4.782543824586938719e+00
4.782543824590254289e+00
4.782543824592874415e+00
4.782543824594841730e+00
4.782543824596239723e+00
4.782543824590671733e+00
4.782543824588112891e+00
4.782543824587532910e+00
4.782543824588157300e+00
4.782543824589422954e+00
4.782543824590939963e+00
4.782543824592448090e+00
4.782543824593805226e+00
4.782543824594963411e+00
4.782543824595880899e+00
4.782543824590053561e+00
4.782543824587408565e+00
4.782543824580354652e+00
4.782543824577919267e+00
4.782543824578390002e+00
4.782543824580511860e+00
4.782543824583386005e+00
4.782543824586409364e+00
4.782543824589250647e+00
4.782543824591697579e+00
4.782543824593662229e+00
4.782543824595175685e+00
4.782543824596277027e+00
4.782543824590542059e+00
4.782543824587887293e+00
4.782543824587281556e+00
4.782543824587910386e+00
4.782543824589208015e+00
4.782543824590772985e+00
4.782543824592328185e+00
4.782543824593735948e+00
4.782543824594915449e+00
4.782543824595848925e+00
4.782543824596544368e+00
1.000000000000000000e+01
1.000000000000000000e+01
1.000000000000000000e+01
1.000000000000000000e+01
1.000000000000000000e+01
1.000000000000000000e+01
1.000000000000000000e+01
1.000000000000000000e+01
1.000000000000000000e+01
1.000000000000000000e+01
1.000000000000000000e+01
1.000000000000000000e+01
1.000000000000000000e+01
1.000000000000000000e+01
1.000000000000000000e+01
1.000000000000000000e+01
1.000000000000000000e+01
1.000000000000000000e+01
1.000000000000000000e+01
1.000000000000000000e+01
1.000000000000000000e+01
1.000000000000000000e+01
1.000000000000000000e+01
1.000000000000000000e+01
1.000000000000000000e+01
1.000000000000000000e+01
1.000000000000000000e+01
1.000000000000000000e+01
1.000000000000000000e+01
1.000000000000000000e+01
1.000000000000000000e+01
1.000000000000000000e+01
1.000000000000000000e+01
1.000000000000000000e+01
1.000000000000000000e+01
1.000000000000000000e+01
1.000000000000000000e+01
1.000000000000000000e+01
1.000000000000000000e+01
1.000000000000000000e+01
9.895517537252155549e+00
9.652520026561312250e+00
9.352729148569594031e+00
9.047853463820926478e+00
8.767806070647159444e+00
8.527366670542791738e+00
8.331351838450505198e+00
8.178513971557521245e+00
8.064418224528276724e+00
7.982655809531308044e+00
7.926667304059519026e+00
7.890397538177631453e+00
7.868623286955558349e+00
7.857065191621487976e+00
7.852366455168271031e+00
7.851997817535460555e+00
7.854128956114591276e+00
7.857492352868848506e+00
7.861255117055953257e+00
7.864906869826094216e+00
7.868166864175974773e+00
7.870910418175741441e+00
7.873112968052756067e+00
7.874809191476191295e+00
7.876064383044591111e+00
7.876955425456648285e+00
7.877558870605910535e+00
7.877944183219805829e+00
7.878170593683229583e+00
7.878286117305950853e+00
7.878328082273407418e+00
7.878324368134558497e+00
7.878294967384649183e+00
7.878253581138668693e+00
7.878209090672942061e+00
7.878166834401494789e+00
7.878129652315661424e+00
7.878098705706108262e+00
7.878074095494191020e+00
7.878055309361933212e+00
7.878041530912399892e+00
7.878031844598695876e+00
7.878025360746478079e+00
7.878021283859660606e+00
7.878018944850269989e+00
7.878017805264963869e+00
7.878017452428758283e+00
7.878017579500196987e+00
7.878017968515554692e+00
7.878018471748293727e+00
7.878018994771817773e+00
7.878019481030134052e+00
7.878019903568381110e+00
7.878020251796242768e+00
7.878020526366189102e+00
7.878020734276422132e+00
7.878020885510269800e+00
7.878020990853439542e+00
7.878021060578373813e+00
7.878021103740984188e+00
7.878021127889545561e+00
7.878021139034422582e+00
7.878021141769231406e+00
7.878021139467267453e+00
7.878021134503232936e+00
7.878021128469363532e+00
7.878021122368849660e+00
7.878021116779254207e+00
7.878021111983536606e+00
7.878021108071466827e+00
7.878021105014730630e+00
7.878021102720206947e+00
7.878021101066312148e+00
7.878021099926118431e+00
7.878021099181118814e+00
7.878021098728273053e+00
7.878021098482599349e+00
7.878021098377028686e+00
7.878021098360760810e+00
7.878021098396841282e+00
7.878021098459483618e+00
7.878021098531597488e+00
7.878021098602629557e+00
7.878021098666646793e+00
7.878021098720928705e+00
7.878021098764792285e+00
7.878021098798758892e+00
7.878021098824051549e+00
7.878021098842100223e+00
7.878021098854388171e+00
7.878021098862311611e+00
7.878021098867034944e+00
7.878021098869496974e+00
7.878021098870457983e+00
7.878021098870482852e+00
7.878021098869938399e+00
7.878021098869127492e+00
7.878021098868286387e+00
7.878021098867467487e+00
7.878021098866731187e+00
7.878021098866134331e+00
7.878021098865660043e+00
7.878021098865275462e+00
7.878021098865003680e+00
7.878021098864808280e+00
7.878021098864676830e+00
7.878021098864619098e+00
7.878021098864591565e+00
7.878021098864560479e+00
7.878021098864543603e+00
7.878021098864557814e+00
7.878021098864562255e+00
7.878021098864571137e+00
7.878021098864574689e+00
7.878021098864586236e+00
7.878021098864578242e+00
7.878021098864556926e+00
7.878021098864540939e+00
7.878021098864554261e+00
7.878021098864582683e+00
7.878021098864571137e+00
7.878021098864576466e+00
7.878021098864565808e+00
7.878021098864564031e+00
7.878021098864572025e+00
7.878021098864564919e+00
7.878021098864573801e+00
7.878021098864575578e+00
7.878021098864588012e+00
7.878021098864576466e+00
7.878021098864555150e+00
7.878021098864565808e+00
7.878021098864570249e+00
7.878021098864575578e+00
7.878021098864574689e+00
7.878021098864588012e+00
7.878021098864580019e+00
7.878021098864558702e+00
7.878021098864541827e+00
7.878021098864556038e+00
7.878021098864587124e+00
7.878021098864574689e+00
7.878021098864574689e+00
7.878021098864575578e+00
7.878021098864589788e+00
7.878021098864578242e+00
7.878021098864558702e+00
7.878021098864542715e+00
7.878021098864556926e+00
7.878021098864566696e+00
7.878021098864574689e+00
7.878021098864585348e+00
7.878021098864575578e+00
7.878021098864565808e+00
7.878021098864572025e+00
7.878021098864572913e+00
7.878021098864586236e+00
7.878021098864576466e+00
7.878021098864555150e+00
7.878021098864565808e+00
7.878021098864571137e+00
7.878021098864573801e+00
7.878021098864572913e+00
7.878021098864586236e+00
7.878021098864575578e+00
7.878021098864568472e+00
7.878021098864570249e+00
7.878021098864572025e+00
7.878021098864587124e+00
7.878021098864579130e+00
7.878021098864556926e+00
7.878021098864543603e+00
7.878021098864555150e+00
7.878021098864585348e+00
7.878021098864575578e+00
7.878021098864575578e+00
7.878021098864574689e+00
7.878021098864588012e+00
7.878021098864577354e+00
7.878021098864557814e+00
7.878021098864541827e+00
7.878021098864557814e+00
7.878021098864567584e+00
7.878021098864572025e+00
7.878021098864585348e+00
7.878021098864575578e+00
7.878021098864566696e+00
7.878021098864574689e+00
7.878021098864579130e+00
7.878021098864573801e+00
7.878021098864566696e+00
7.878021098864572025e+00
7.878021098864574689e+00
7.878021098864574689e+00
7.878021098864586236e+00
7.878021098864575578e+00
7.878021098864567584e+00
7.878021098864572913e+00
7.878021098864576466e+00
7.878021098864567584e+00
7.878021098864564031e+00
7.878021098864568472e+00
7.878021098864570249e+00
7.878021098864573801e+00
7.878021098864584459e+00
7.878021098864577354e+00
7.878021098864556038e+00
7.878021098864564919e+00
7.878021098864570249e+00
7.878021098864576466e+00
7.878021098864566696e+00
7.878021098864565808e+00
7.878021098864570249e+00
7.878021098864574689e+00
7.878021098864572913e+00
7.878021098864573801e+00
7.878021098864588900e+00
7.878021098864580019e+00
7.878021098864557814e+00
7.878021098864543603e+00
7.878021098864554261e+00
7.878021098864582683e+00
7.878021098864575578e+00
7.878021098864574689e+00
7.878021098864576466e+00
7.878021098864572025e+00
7.878021098864567584e+00
7.878021098864565808e+00
7.878021098864571137e+00
7.878021098864575578e+00
7.878021098864586236e+00
7.878021098864573801e+00
7.878021098864564919e+00
7.878021098864573801e+00
7.878021098864576466e+00
7.878021098864571137e+00
7.878021098864563143e+00
7.878021098864568472e+00
7.878021098864573801e+00
7.878021098864576466e+00
7.878021098864571137e+00
7.878021098864564031e+00
7.878021098864569360e+00
7.878021098864571137e+00
7.878021098864575578e+00
7.878021098864590677e+00
7.878021098864579130e+00
7.878021098864556038e+00
7.878021098864566696e+00
7.878021098864572913e+00
7.878021098864572913e+00
7.878021098864574689e+00
7.878021098864588900e+00
7.878021098864580019e+00
7.878021098864558702e+00
7.878021098864544491e+00
7.878021098864556038e+00
7.878021098864585348e+00
7.878021098864575578e+00
7.878021098864577354e+00
0.000000000000000000e+00
0.000000000000000000e+00
0.000000000000000000e+00
0.000000000000000000e+00
0.000000000000000000e+00
0.000000000000000000e+00
2.572420878300420415e-10
4.383629076115005407e-01
1.234062249361342012e+00
2.165800197752984602e+00
3.093161242046068793e+00
3.932052794026865694e+00
4.641909932435935637e+00
5.211170937279636206e+00
5.646163586541914192e+00
5.963001354426118006e+00
6.181977254785889109e+00
6.323926096411478959e+00
6.408065409041109106e+00
6.450893813139931154e+00
6.465804497511115301e+00
6.463149052856715038e+00
6.450556420496161181e+00
6.433370141136062870e+00
6.415113640731309630e+00
6.397928712001367479e+00
6.382957652727069053e+00
6.370657474451708602e+00
6.361045616861809471e+00
6.353883025809446750e+00
6.348804128361017263e+00
6.345403880523110551e+00
6.343291898230282833e+00
6.342122480795636896e+00
6.341607862566066345e+00
6.341520535800214020e+00
6.341689010136367877e+00
6.341990162736675707e+00
6.342340320954231281e+00
6.342686436656318705e+00
6.342998131624423053e+00
6.343260985145160902e+00
6.343471163811063462e+00
6.343631327120419883e+00
6.343747652138425508e+00
6.343827782644533286e+00
6.343879504288056026e+00
6.343909963406128227e+00
6.343925273409594112e+00
6.343930365733742249e+00
6.343929062757718285e+00
6.343924173078997697e+00
6.343917657294781520e+00
6.343910819293336445e+00
6.343904428227867598e+00
6.343898888568019423e+00
6.343894355885056235e+00
6.343890827041887448e+00
6.343888207186191508e+00
6.343886357087636263e+00
6.343885124692810074e+00
6.343884364606460657e+00
6.343883948768099579e+00
6.343883771034867891e+00
6.343883747806962958e+00
6.343883816301059575e+00
6.343883931620005967e+00
6.343884063396524553e+00
6.343884192501044517e+00
6.343884308091463531e+00
6.343884405134847526e+00
6.343884482432472716e+00
6.343884541119375164e+00
6.343884583578390135e+00
6.343884612694827396e+00
6.343884631377881611e+00
6.343884642281056863e+00
6.343884647663637466e+00
6.343884649346962945e+00
6.343884648729763320e+00
6.343884646836109198e+00
6.343884644377947524e+00
6.343884641820408454e+00
6.343884639442245899e+00
6.343884637388494063e+00
6.343884635713126663e+00
6.343884634412400914e+00
6.343884633449444088e+00
6.343884632771486842e+00
6.343884632321609374e+00
6.343884632045633687e+00
6.343884631896064441e+00
6.343884631833651255e+00
6.343884631827543252e+00
6.343884631854631806e+00
6.343884631898446536e+00
6.343884631947888764e+00
6.343884631996051127e+00
6.343884632038993665e+00
6.343884632074916041e+00
6.343884632103435450e+00
6.343884632125025291e+00
6.343884632140587065e+00
6.343884632151199021e+00
6.343884632157944736e+00
6.343884632161879367e+00
6.343884632163806714e+00
6.343884632164365378e+00
6.343884632164116688e+00
6.343884632163393711e+00
6.343884632162482440e+00
6.343884632161535642e+00
6.343884632160647463e+00
6.343884632159892512e+00
6.343884632159291215e+00
6.343884632158805381e+00
6.343884632158459880e+00
6.343884632158177439e+00
6.343884632157988257e+00
6.343884632157884340e+00
6.343884632157843484e+00
6.343884632157839043e+00
6.343884632157863912e+00
6.343884632157896775e+00
6.343884632157933190e+00
6.343884632157959835e+00
6.343884632157985592e+00
6.343884632158003356e+00
6.343884632158022896e+00
6.343884632158019343e+00
6.343884632158003356e+00
6.343884632158004244e+00
6.343884632158009573e+00
6.343884632158014902e+00
6.343884632158003356e+00
6.343884632158003356e+00
6.343884632158009573e+00
6.343884632158013126e+00
6.343884632158004244e+00
6.343884632158002468e+00
6.343884632158011350e+00
6.343884632158001580e+00
6.343884632158001580e+00
6.343884632158008685e+00
6.343884632158012238e+00
6.343884632158001580e+00
6.343884632158001580e+00
6.343884632158010461e+00
6.343884632158001580e+00
6.343884632158001580e+00
6.343884632158007797e+00
6.343884632158012238e+00
6.343884632158005132e+00
6.343884632158002468e+00
6.343884632158009573e+00
6.343884632158015791e+00
6.343884632158006021e+00
6.343884632158004244e+00
6.343884632158011350e+00
6.343884632158001580e+00
6.343884632158001580e+00
6.343884632158008685e+00
6.343884632158013126e+00
6.343884632158002468e+00
6.343884632158002468e+00
6.343884632158009573e+00
6.343884632158014014e+00
6.343884632158004244e+00
6.343884632158003356e+00
6.343884632158008685e+00
6.343884632158014014e+00
6.343884632158000692e+00
6.343884632158002468e+00
6.343884632158008685e+00
6.343884632158012238e+00
6.343884632158005132e+00
6.343884632158003356e+00
6.343884632158010461e+00
6.343884632158001580e+00
6.343884632158002468e+00
6.343884632158009573e+00
6.343884632158013126e+00
6.343884632158003356e+00
6.343884632158003356e+00
6.343884632158008685e+00
6.343884632158016679e+00
6.343884632158001580e+00
6.343884632158002468e+00
6.343884632158009573e+00
6.343884632158016679e+00
6.343884632158006021e+00
6.343884632158005132e+00
6.343884632158012238e+00
6.343884632158001580e+00
6.343884632158002468e+00
6.343884632158007797e+00
6.343884632158012238e+00
6.343884632158002468e+00
6.343884632158002468e+00
6.343884632158008685e+00
6.343884632158012238e+00
6.343884632158002468e+00
6.343884632158002468e+00
6.343884632158007797e+00
6.343884632158012238e+00
6.343884632158002468e+00
6.343884632158001580e+00
6.343884632158007797e+00
6.343884632158014014e+00
6.343884632158004244e+00
6.343884632158004244e+00
6.343884632158011350e+00
6.343884632158000692e+00
6.343884632158001580e+00
6.343884632158007797e+00
6.343884632158012238e+00
6.343884632158001580e+00
6.343884632158001580e+00
6.343884632158008685e+00
6.343884632158013126e+00
6.343884632158002468e+00
6.343884632158003356e+00
6.343884632158010461e+00
6.343884632158003356e+00
6.343884632158002468e+00
6.343884632158009573e+00
6.343884632158014014e+00
6.343884632158004244e+00
6.343884632158004244e+00
6.343884632158008685e+00
6.343884632158013126e+00
6.343884632158003356e+00
6.343884632158003356e+00
6.343884632158008685e+00
6.343884632158014014e+00
6.343884632157999803e+00
6.343884632158001580e+00
6.343884632158008685e+00
6.343884632158014014e+00
6.343884632158004244e+00
6.343884632158004244e+00
6.343884632158008685e+00
6.343884632158013126e+00
6.343884632158001580e+00
6.343884632158001580e+00
6.343884632158006909e+00
6.343884632158011350e+00
6.343884632158001580e+00
6.343884632158001580e+00
6.343884632158008685e+00
6.343884632158013126e+00
6.343884632158002468e+00
6.343884632158002468e+00
6.343884632158007797e+00
6.343884632158013126e+00
6.343884632158002468e+00
6.343884632158002468e+00
6.343884632158008685e+00
6.343884632158016679e+00
6.343884632158001580e+00
6.343884632158001580e+00
6.343884632158009573e+00
6.343884632158014014e+00
6.343884632158004244e+00
6.343884632158003356e+00
6.343884632158008685e+00
6.343884632158013126e+00
6.343884632158002468e+00
6.343884632158003356e+00
6.343884632158010461e+00
6.343884632157999803e+00
6.343884632158000692e+00
6.343884632158006909e+00
6.343884632158012238e+00
6.343884632158003356e+00
6.343884632158004244e+00
6.343884632158008685e+00
6.343884632158013126e+00
6.343884632158003356e+00
6.343884632158004244e+00
6.343884632158010461e+00
6.343884632158003356e+00
6.343884632158002468e+00
6.343884632158009573e+00
6.343884632158013126e+00
6.343884632158003356e+00
6.343884632158003356e+00
6.343884632158009573e+00
6.343884632158014014e+00
6.343884632158003356e+00
6.343884632158003356e+00
6.343884632158009573e+00
6.343884632158014902e+00
6.343884632158003356e+00
6.343884632158004244e+00
6.343884632158010461e+00
6.343884632158001580e+00
6.343884632158001580e+00
6.343884632158007797e+00
6.343884632158013126e+00
1.000000000000000000e+01
1.000000000000000000e+01
1.000000000000000000e+01
1.000000000000000000e+01
1.000000000000000000e+01
1.000000000000000000e+01
1.000000000000000000e+01
1.000000000000000000e+01
1.000000000000000000e+01
1.000000000000000000e+01
1.000000000000000000e+01
1.000000000000000000e+01
1.000000000000000000e+01
1.000000000000000000e+01
1.000000000000000000e+01
1.000000000000000000e+01
1.000000000000000000e+01
1.000000000000000000e+01
1.000000000000000000e+01
1.000000000000000000e+01
1.000000000000000000e+01
1.000000000000000000e+01
1.000000000000000000e+01
1.000000000000000000e+01
1.000000000000000000e+01
1.000000000000000000e+01
1.000000000000000000e+01
1.000000000000000000e+01
1.000000000000000000e+01
1.000000000000000000e+01
9.689982040447841172e+00
9.228972062015509792e+00
8.650135868793830340e+00
8.231217295127111200e+00
8.016575824079678725e+00
7.950777507154961121e+00
7.961740905794720824e+00
7.996586798969734566e+00
8.027867006248222026e+00
8.046917746115678227e+00
8.054888545029220026e+00
8.056070338821578858e+00
8.054387354861836101e+00
8.052258633723853976e+00
8.050713598192947629e+00
8.049919701774875591e+00
8.049674738331464852e+00
8.049713675453087802e+00
8.049841504430178318e+00
8.049956715826501963e+00
8.050027069816833247e+00
8.050056693988130618e+00
8.050061248589218010e+00
8.050055157730508171e+00
8.050047353562955976e+00
8.050041660673233679e+00
8.050038721528300911e+00
8.050037804843320544e+00
8.050037939097915540e+00
8.050038405868157554e+00
8.050038829426851450e+00
8.050039089219913180e+00
8.050039199003062862e+00
8.050039216217374616e+00
8.050039193984726893e+00
8.050039165285463483e+00
8.050039144290364490e+00
8.050039133421282855e+00
8.050039130010668842e+00
8.050039130486190686e+00
8.050039132198657299e+00
8.050039133758765786e+00
8.050039134717982492e+00
8.050039135124789524e+00
8.050039135189795303e+00
8.050039135108661981e+00
8.050039135003130397e+00
8.050039134925595974e+00
8.050039134885418335e+00
8.050039134872699620e+00
8.050039134874355184e+00
8.050039134880611513e+00
8.050039134886391778e+00
8.050039134890011994e+00
8.050039134891562753e+00
8.050039134891761705e+00
8.050039134891401105e+00
8.050039134890969450e+00
8.050039134890567993e+00
8.050039134890406345e+00
8.050039134890450754e+00
8.050039134890575099e+00
8.050039134890585757e+00
8.050039134890592862e+00
8.050039134890583981e+00
8.050039134890594639e+00
8.050039134890605297e+00
8.050039134890594639e+00
8.050039134890585757e+00
8.050039134890596415e+00
8.050039134890610626e+00
8.050039134890599968e+00
8.050039134890607073e+00
8.050039134890592862e+00
8.050039134890583981e+00
8.050039134890594639e+00
8.050039134890585757e+00
8.050039134890596415e+00
8.050039134890585757e+00
8.050039134890596415e+00
8.050039134890587533e+00
8.050039134890583981e+00
8.050039134890591086e+00
8.050039134890605297e+00
8.050039134890594639e+00
8.050039134890585757e+00
8.050039134890598191e+00
8.050039134890589310e+00
8.050039134890585757e+00
8.050039134890596415e+00
8.050039134890587533e+00
8.050039134890596415e+00
8.050039134890585757e+00
8.050039134890596415e+00
8.050039134890585757e+00
8.050039134890596415e+00
8.050039134890585757e+00
8.050039134890598191e+00
8.050039134890587533e+00
8.050039134890587533e+00
8.050039134890608850e+00
8.050039134890596415e+00
8.050039134890596415e+00
8.050039134890610626e+00
8.050039134890596415e+00
8.050039134890585757e+00
8.050039134890596415e+00
8.050039134890585757e+00
8.050039134890598191e+00
8.050039134890587533e+00
8.050039134890598191e+00
8.050039134890585757e+00
8.050039134890594639e+00
8.050039134890583981e+00
8.050039134890592862e+00
8.050039134890585757e+00
8.050039134890589310e+00
8.050039134890594639e+00
8.050039134890608850e+00
8.050039134890598191e+00
8.050039134890596415e+00
8.050039134890585757e+00
8.050039134890596415e+00
8.050039134890610626e+00
8.050039134890599968e+00
8.050039134890607073e+00
8.050039134890594639e+00
8.050039134890583981e+00
8.050039134890594639e+00
8.050039134890583981e+00
8.050039134890591086e+00
8.050039134890608850e+00
8.050039134890598191e+00
8.050039134890596415e+00
8.050039134890592862e+00
8.050039134890591086e+00
8.050039134890592862e+00
8.050039134890596415e+00
8.050039134890585757e+00
8.050039134890594639e+00
8.050039134890608850e+00
8.050039134890594639e+00
8.050039134890599968e+00
8.050039134890587533e+00
8.050039134890598191e+00
8.050039134890587533e+00
8.050039134890598191e+00
8.050039134890585757e+00
8.050039134890598191e+00
8.050039134890589310e+00
8.050039134890583981e+00
8.050039134890591086e+00
8.050039134890603520e+00
8.050039134890592862e+00
8.050039134890585757e+00
8.050039134890596415e+00
8.050039134890610626e+00
8.050039134890599968e+00
8.050039134890607073e+00
8.050039134890594639e+00
8.050039134890583981e+00
8.050039134890592862e+00
8.050039134890585757e+00
8.050039134890598191e+00
8.050039134890589310e+00
8.050039134890585757e+00
8.050039134890596415e+00
8.050039134890589310e+00
8.050039134890585757e+00
8.050039134890585757e+00
8.050039134890591086e+00
8.050039134890592862e+00
8.050039134890596415e+00
8.050039134890585757e+00
8.050039134890596415e+00
8.050039134890610626e+00
8.050039134890599968e+00
8.050039134890608850e+00
8.050039134890594639e+00
8.050039134890599968e+00
8.050039134890612402e+00
8.050039134890599968e+00
8.050039134890608850e+00
8.050039134890594639e+00
8.050039134890601744e+00
8.050039134890587533e+00
8.050039134890594639e+00
8.050039134890587533e+00
8.050039134890587533e+00
8.050039134890585757e+00
8.050039134890594639e+00
8.050039134890608850e+00
8.050039134890594639e+00
8.050039134890598191e+00
8.050039134890607073e+00
8.050039134890594639e+00
8.050039134890585757e+00
8.050039134890596415e+00
8.050039134890585757e+00
8.050039134890592862e+00
8.050039134890583981e+00
8.050039134890591086e+00
8.050039134890583981e+00
8.050039134890594639e+00
8.050039134890583981e+00
8.050039134890592862e+00
8.050039134890583981e+00
8.050039134890592862e+00
8.050039134890608850e+00
8.050039134890594639e+00
8.050039134890601744e+00
8.050039134890589310e+00
8.050039134890598191e+00
8.050039134890585757e+00
8.050039134890596415e+00
8.050039134890610626e+00
8.050039134890599968e+00
8.050039134890607073e+00
8.050039134890592862e+00
8.050039134890583981e+00
8.050039134890591086e+00
8.050039134890608850e+00
8.050039134890596415e+00
8.050039134890587533e+00
8.050039134890598191e+00
8.050039134890585757e+00
8.050039134890598191e+00
8.050039134890589310e+00
8.050039134890585757e+00
8.050039134890582204e+00
8.050039134890591086e+00
8.050039134890605297e+00
8.050039134890592862e+00
8.050039134890583981e+00
8.050039134890594639e+00
8.050039134890585757e+00
8.050039134890596415e+00
8.050039134890610626e+00
8.050039134890596415e+00
8.050039134890599968e+00
8.050039134890587533e+00
8.050039134890598191e+00
8.050039134890589310e+00
8.050039134890585757e+00
8.050039134890583981e+00
8.050039134890591086e+00
8.050039134890603520e+00
8.050039134890592862e+00
8.050039134890583981e+00
8.050039134890594639e+00
8.050039134890583981e+00
8.050039134890594639e+00
8.050039134890583981e+00
8.050039134890594639e+00
8.050039134890587533e+00
8.050039134890599968e+00
8.050039134890612402e+00
8.050039134890599968e+00
8.050039134890612402e+00
8.050039134890599968e+00
8.050039134890608850e+00
8.050039134890598191e+00
8.050039134890592862e+00
8.050039134890596415e+00
8.050039134890585757e+00
8.050039134890594639e+00
8.050039134890608850e+00
8.050039134890594639e+00
8.050039134890598191e+00
8.050039134890585757e+00
0.000000000000000000e+00
0.000000000000000000e+00
0.000000000000000000e+00
0.000000000000000000e+00
0.000000000000000000e+00
0.000000000000000000e+00
0.000000000000000000e+00
0.000000000000000000e+00
0.000000000000000000e+00
0.000000000000000000e+00
0.000000000000000000e+00
0.000000000000000000e+00
0.000000000000000000e+00
0.000000000000000000e+00
0.000000000000000000e+00
0.000000000000000000e+00
0.000000000000000000e+00
0.000000000000000000e+00
0.000000000000000000e+00
0.000000000000000000e+00
0.000000000000000000e+00
0.000000000000000000e+00
0.000000000000000000e+00
0.000000000000000000e+00
0.000000000000000000e+00
0.000000000000000000e+00
0.000000000000000000e+00
0.000000000000000000e+00
0.000000000000000000e+00
0.000000000000000000e+00
0.000000000000000000e+00
0.000000000000000000e+00
0.000000000000000000e+00
0.000000000000000000e+00
0.000000000000000000e+00
0.000000000000000000e+00
0.000000000000000000e+00
0.000000000000000000e+00
0.000000000000000000e+00
2.697632482275867725e-08
2.690389821665892800e-01
7.165766932668219402e-01
1.224395478033572182e+00
1.716717255544629284e+00
2.150502767261406767e+00
2.506752760443891503e+00
2.782286707525060354e+00
2.983393683950229747e+00
3.121206102076248268e+00
3.208536220338509715e+00
3.257877380701247993e+00
3.280280304562720239e+00
3.284848490773085050e+00
3.278642566165269390e+00
3.266830770055819233e+00
3.252966457856941052e+00
3.239311272194139946e+00
3.227152093034364455e+00
3.217082508947437525e+00
3.209235363960085241e+00
3.203463696225303359e+00
3.199473516242903770e+00
3.196915394691998813e+00
3.195443072861134048e+00
3.194746951530361034e+00
3.194569819942098654e+00
3.194710666605079297e+00
3.195021223328901705e+00
3.195398653117231369e+00
3.195776749961174001e+00
3.196117158620538579e+00
3.196401492792134036e+00
3.196624766580226762e+00
3.196790232151948796e+00
3.196905616272254669e+00
3.196980416232892974e+00
3.197024213370453172e+00
3.197045670693094532e+00
3.197052047768454308e+00
3.197049061499134481e+00
3.197040960951295752e+00
3.197030718438754082e+00
3.197020268597852155e+00
3.197010751141676543e+00
3.197002731296886058e+00
3.196996385136695373e+00
3.196991645949432304e+00
3.196988313334276466e+00
3.196986129755672756e+00
3.196984830569576275e+00
3.196984173670155194e+00
3.196983954365764102e+00
3.196984010214204197e+00
3.196984219564658947e+00
3.196984496606841919e+00
3.196984784898512011e+00
3.196985050665335670e+00
3.196985276643228513e+00
3.196985456854760876e+00
3.196985592451682123e+00
3.196985688592722141e+00
3.196985752234409173e+00
3.196985790672490779e+00
3.196985810664206173e+00
3.196985817974918653e+00
3.196985817215804992e+00
3.196985811866186911e+00
3.196985804400498399e+00
3.196985796462834983e+00
3.196985789051545179e+00
3.196985782690975331e+00
3.196985777578611909e+00
3.196985773702867295e+00
3.196985770932609494e+00
3.196985769080578077e+00
3.196985767946057599e+00
3.196985767340751572e+00
3.196985767102441756e+00
3.196985767100428255e+00
3.196985767235219100e+00
3.196985767435551296e+00
3.196985767653612420e+00
3.196985767859967353e+00
3.196985768038829168e+00
3.196985768183727927e+00
3.196985768294445140e+00
3.196985768374186687e+00
3.196985768427995200e+00
3.196985768461437782e+00
3.196985768479690737e+00
3.196985768487319302e+00
3.196985768488084023e+00
3.196985768484749801e+00
3.196985768479381651e+00
3.196985768473376233e+00
3.196985768467603073e+00
3.196985768462555555e+00
3.196985768458471711e+00
3.196985768455321342e+00
3.196985768453016963e+00
3.196985768451484855e+00
3.196985768450555820e+00
3.196985768450017584e+00
3.196985768449757792e+00
3.196985768449687626e+00
3.196985768449726262e+00
3.196985768449838616e+00
3.196985768449970067e+00
3.196985768450108178e+00
3.196985768450228083e+00
3.196985768450335552e+00
3.196985768450419929e+00
3.196985768450478549e+00
3.196985768450516741e+00
3.196985768450538501e+00
3.196985768450605558e+00
3.196985768450687715e+00
3.196985768450726351e+00
3.196985768450741006e+00
3.196985768450733456e+00
3.196985768450714360e+00
3.196985768450689047e+00
3.196985768450660625e+00
3.196985768450690824e+00
3.196985768450695709e+00
3.196985768450683274e+00
3.196985768450669063e+00
3.196985768450651300e+00
3.196985768450631316e+00
3.196985768450609111e+00
3.196985768450641974e+00
3.196985768450649523e+00
3.196985768450639753e+00
3.196985768450625542e+00
3.196985768450609999e+00
3.196985768450647747e+00
3.196985768450655296e+00
3.196985768450647747e+00
3.196985768450628651e+00
3.196985768450606002e+00
3.196985768450639309e+00
3.196985768450647747e+00
3.196985768450638865e+00
3.196985768450624654e+00
3.196985768450609555e+00
3.196985768450648191e+00
3.196985768450655740e+00
3.196985768450647303e+00
3.196985768450632204e+00
3.196985768450614884e+00
3.196985768450649523e+00
3.196985768450656629e+00
3.196985768450646415e+00
3.196985768450632204e+00
3.196985768450614884e+00
3.196985768450650855e+00
3.196985768450657517e+00
3.196985768450706367e+00
3.196985768450720578e+00
3.196985768450716137e+00
3.196985768450698373e+00
3.196985768450674392e+00
3.196985768450652188e+00
3.196985768450625098e+00
3.196985768450602450e+00
3.196985768450631316e+00
3.196985768450640641e+00
3.196985768450638865e+00
3.196985768450627763e+00
3.196985768450611776e+00
3.196985768450649523e+00
3.196985768450656629e+00
3.196985768450647747e+00
3.196985768450628207e+00
3.196985768450605558e+00
3.196985768450640197e+00
3.196985768450649079e+00
3.196985768450639309e+00
3.196985768450625098e+00
3.196985768450611332e+00
3.196985768450649079e+00
3.196985768450656185e+00
3.196985768450647303e+00
3.196985768450632648e+00
3.196985768450614884e+00
3.196985768450649523e+00
3.196985768450656185e+00
3.196985768450645971e+00
3.196985768450632204e+00
3.196985768450613996e+00
3.196985768450649523e+00
3.196985768450656629e+00
3.196985768450646859e+00
3.196985768450632648e+00
3.196985768450614440e+00
3.196985768450650855e+00
3.196985768450657961e+00
3.196985768450706367e+00
3.196985768450720578e+00
3.196985768450716137e+00
3.196985768450698373e+00
3.196985768450674392e+00
3.196985768450652188e+00
3.196985768450625098e+00
3.196985768450602894e+00
3.196985768450631316e+00
3.196985768450640197e+00
3.196985768450638865e+00
3.196985768450628207e+00
3.196985768450611332e+00
3.196985768450649079e+00
3.196985768450656185e+00
3.196985768450647303e+00
3.196985768450632648e+00
3.196985768450614884e+00
3.196985768450649523e+00
3.196985768450656629e+00
3.196985768450646859e+00
3.196985768450632204e+00
3.196985768450614440e+00
3.196985768450650411e+00
3.196985768450656629e+00
3.196985768450647747e+00
3.196985768450628651e+00
3.196985768450607335e+00
3.196985768450641530e+00
3.196985768450649079e+00
3.196985768450639753e+00
3.196985768450625098e+00
3.196985768450609999e+00
3.196985768450647747e+00
3.196985768450655296e+00
3.196985768450646859e+00
3.196985768450632204e+00
3.196985768450614440e+00
3.196985768450650855e+00
3.196985768450657073e+00
3.196985768450646859e+00
3.196985768450632204e+00
3.196985768450614884e+00
3.196985768450650411e+00
3.196985768450657073e+00
3.196985768450646859e+00
3.196985768450632204e+00
3.196985768450614440e+00
3.196985768450650855e+00
3.196985768450657073e+00
3.196985768450646859e+00
3.196985768450632204e+00
3.196985768450614440e+00
3.196985768450650855e+00
3.196985768450657073e+00
3.196985768450646859e+00
3.196985768450632204e+00
3.196985768450614440e+00
3.196985768450650411e+00
3.196985768450656629e+00
3.196985768450647747e+00
3.196985768450628651e+00
