1.000000000000000000e+01
1.000000000000000000e+01
1.000000000000000000e+01
1.000000000000000000e+01
1.000000000000000000e+01
1.000000000000000000e+01
1.000000000000000000e+01
1.000000000000000000e+01
1.000000000000000000e+01
1.000000000000000000e+01
1.000000000000000000e+01
1.000000000000000000e+01
1.000000000000000000e+01
1.000000000000000000e+01
1.000000000000000000e+01
1.000000000000000000e+01
1.000000000000000000e+01
1.000000000000000000e+01
1.000000000000000000e+01
1.000000000000000000e+01
1.000000000000000000e+01
1.000000000000000000e+01
1.000000000000000000e+01
1.000000000000000000e+01
1.000000000000000000e+01
1.000000000000000000e+01
1.000000000000000000e+01
1.000000000000000000e+01
8.779397787318620416e+00
6.864406408617240274e+00
5.425136499522861477e+00
4.703094994493218550e+00
4.513413119558978615e+00
4.587572560922207998e+00
4.728717974096277921e+00
4.840482904561439703e+00
4.899271745565696001e+00
4.916669287772070795e+00
4.912548479915569644e+00
4.902233482718713731e+00
4.893597346205785570e+00
4.888841486069056330e+00
4.887287940813024534e+00
4.887477919117466207e+00
4.888224356437385509e+00
4.888888310061964226e+00
4.889270739198020799e+00
4.889406656138432616e+00
4.889402171473376413e+00
4.889348775635943056e+00
4.889297997603467394e+00
4.889267419763353217e+00
4.889255715014783732e+00
4.889255252413243547e+00
4.889259017806570462e+00
4.889262879356927272e+00
4.889265311156041349e+00
4.889266305349202035e+00
4.889266404287763379e+00
4.889266142984985741e+00
4.889265850916328482e+00
4.889265658518311852e+00
4.889265575012426090e+00
4.889265562427800305e+00
4.889265580181436199e+00
4.889265602138531008e+00
4.889265617284148213e+00
4.889265624230627161e+00
4.889265625587249531e+00
4.889265624414377953e+00
4.889265622774423115e+00
4.889265621588060995e+00
4.889265621015043806e+00
4.889265620880441254e+00
4.889265620954967417e+00
4.889265621076632762e+00
4.889265621169064602e+00
4.889265621215930224e+00
4.889265621228672032e+00
4.889265621224200054e+00
4.889265621215274749e+00
4.889265621208135570e+00
4.889265621204284429e+00
4.889265621203141343e+00
4.889265621203360723e+00
4.889265621203975343e+00
4.889265621204570422e+00
4.889265621204894607e+00
4.889265621204907930e+00
4.889265621204858192e+00
4.889265621204775591e+00
4.889265621204747170e+00
4.889265621204789802e+00
4.889265621204843981e+00
4.889265621204827994e+00
4.889265621204790691e+00
4.889265621204798684e+00
4.889265621204778256e+00
4.889265621204789802e+00
4.889265621204834211e+00
4.889265621204813783e+00
4.889265621204751611e+00
4.889265621204764045e+00
4.889265621204798684e+00
4.889265621204786250e+00
4.889265621204813783e+00
4.889265621204776480e+00
4.889265621204796020e+00
4.889265621204842205e+00
4.889265621204812007e+00
4.889265621204759604e+00
4.889265621204805790e+00
4.889265621204787138e+00
4.889265621204812007e+00
4.889265621204786250e+00
4.889265621204800460e+00
4.889265621204781809e+00
4.889265621204796020e+00
4.889265621204842205e+00
4.889265621204812007e+00
4.889265621204759604e+00
4.889265621204804901e+00
4.889265621204786250e+00
4.889265621204811119e+00
4.889265621204786250e+00
4.889265621204799572e+00
4.889265621204780921e+00
4.889265621204793355e+00
4.889265621204837764e+00
4.889265621204818224e+00
4.889265621204755163e+00
4.889265621204797796e+00
4.889265621204788026e+00
4.889265621204814671e+00
4.889265621204776480e+00
4.889265621204796020e+00
4.889265621204842205e+00
4.889265621204821777e+00
4.889265621204757828e+00
4.889265621204800460e+00
4.889265621204790691e+00
4.889265621204817336e+00
4.889265621204781809e+00
4.889265621204789802e+00
4.889265621204835099e+00
4.889265621204817336e+00
4.889265621204756052e+00
4.889265621204757828e+00
4.889265621204799572e+00
4.889265621204788914e+00
4.889265621204816448e+00
4.889265621204780032e+00
4.889265621204801349e+00
4.889265621204775591e+00
4.889265621204775591e+00
4.889265621204797796e+00
4.889265621204772039e+00
4.889265621204784473e+00
4.889265621204807566e+00
4.889265621204783585e+00
4.889265621204794243e+00
4.889265621204837764e+00
4.889265621204816448e+00
4.889265621204753387e+00
4.889265621204796020e+00
4.889265621204850198e+00
4.889265621204813783e+00
4.889265621204748058e+00
4.889265621204738288e+00
4.889265621204765822e+00
4.889265621204795131e+00
4.889265621204835099e+00
4.889265621204813783e+00
4.889265621204751611e+00
4.889265621204764045e+00
4.889265621204798684e+00
4.889265621204784473e+00
4.889265621204811119e+00
4.889265621204786250e+00
4.889265621204801349e+00
4.889265621204782697e+00
4.889265621204796020e+00
4.889265621204840429e+00
4.889265621204820889e+00
4.889265621204759604e+00
4.889265621204802237e+00
4.889265621204792467e+00
4.889265621204807566e+00
4.889265621204779144e+00
4.889265621204800460e+00
4.889265621204772927e+00
4.889265621204786250e+00
4.889265621204811119e+00
4.889265621204786250e+00
4.889265621204801349e+00
4.889265621204781809e+00
4.889265621204793355e+00
4.889265621204837764e+00
4.889265621204817336e+00
4.889265621204756940e+00
4.889265621204800460e+00
4.889265621204788914e+00
4.889265621204816448e+00
4.889265621204781809e+00
4.889265621204789802e+00
4.889265621204833323e+00
4.889265621204812895e+00
4.889265621204762269e+00
4.889265621204766710e+00
4.889265621204775591e+00
4.889265621204799572e+00
4.889265621204772927e+00
4.889265621204774703e+00
4.889265621204796020e+00
4.889265621204843093e+00
4.889265621204812895e+00
4.889265621204760492e+00
4.889265621204805790e+00
4.889265621204786250e+00
4.889265621204811119e+00
4.889265621204785361e+00
4.889265621204797796e+00
4.889265621204780032e+00
4.889265621204792467e+00
4.889265621204836876e+00
4.889265621204817336e+00
4.889265621204755163e+00
4.889265621204797796e+00
4.889265621204788914e+00
4.889265621204804901e+00
4.889265621204785361e+00
4.889265621204812007e+00
4.889265621204787138e+00
4.889265621204800460e+00
4.889265621204780921e+00
4.889265621204793355e+00
4.889265621204837764e+00
4.889265621204817336e+00
4.889265621204755163e+00
4.889265621204800460e+00
4.889265621204790691e+00
4.889265621204805790e+00
4.889265621204786250e+00
4.889265621204811119e+00
4.889265621204784473e+00
4.889265621204794243e+00
4.889265621204837764e+00
4.889265621204819112e+00
4.889265621204756052e+00
4.889265621204798684e+00
4.889265621204788026e+00
4.889265621204816448e+00
4.889265621204780921e+00
4.889265621204801349e+00
4.889265621204772927e+00
4.889265621204785361e+00
4.889265621204810230e+00
4.889265621204784473e+00
4.889265621204794243e+00
4.889265621204837764e+00
4.889265621204817336e+00
4.889265621204756052e+00
4.889265621204798684e+00
4.889265621204788026e+00
4.889265621204816448e+00
4.889265621204780921e+00
4.889265621204801349e+00
4.889265621204775591e+00
4.889265621204787138e+00
4.889265621204811119e+00
4.889265621204786250e+00
4.889265621204799572e+00
4.889265621204780921e+00
4.889265621204794243e+00
4.889265621204838652e+00
4.889265621204819112e+00
4.889265621204755163e+00
4.889265621204797796e+00
4.889265621204788026e+00
4.889265621204816448e+00
4.889265621204781809e+00
4.889265621204789802e+00
4.889265621204834211e+00
4.889265621204813783e+00
4.889265621204751611e+00
4.889265621204765822e+00
4.889265621204780921e+00
4.889265621204803125e+00
4.889265621204787138e+00
4.889265621204814671e+00
4.889265621204780032e+00
4.889265621204800460e+00
4.889265621204772927e+00
4.889265621204785361e+00
4.889265621204808454e+00
4.889265621204782697e+00
4.889265621204792467e+00
4.889265621204836876e+00
4.889265621204817336e+00
4.889265621204754275e+00
4.889265621204796908e+00
1.000000000000000000e+01
1.000000000000000000e+01
1.000000000000000000e+01
1.000000000000000000e+01
1.000000000000000000e+01
1.000000000000000000e+01
1.000000000000000000e+01
1.000000000000000000e+01
1.000000000000000000e+01
1.000000000000000000e+01
1.000000000000000000e+01
1.000000000000000000e+01
1.000000000000000000e+01
1.000000000000000000e+01
1.000000000000000000e+01
1.000000000000000000e+01
1.000000000000000000e+01
1.000000000000000000e+01
1.000000000000000000e+01
1.000000000000000000e+01
1.000000000000000000e+01
1.000000000000000000e+01
1.000000000000000000e+01
1.000000000000000000e+01
1.000000000000000000e+01
1.000000000000000000e+01
1.000000000000000000e+01
1.000000000000000000e+01
1.000000000000000000e+01
1.000000000000000000e+01
1.000000000000000000e+01
1.000000000000000000e+01
1.000000000000000000e+01
1.000000000000000000e+01
1.000000000000000000e+01
1.000000000000000000e+01
1.000000000000000000e+01
1.000000000000000000e+01
1.000000000000000000e+01
1.000000000000000000e+01
1.000000000000000000e+01
1.000000000000000000e+01
1.000000000000000000e+01
1.000000000000000000e+01
1.000000000000000000e+01
1.000000000000000000e+01
9.885682417913262299e+00
9.203237059248923657e+00
8.553851567956206381e+00
8.143208007635008627e+00
7.962249837723200052e+00
7.927485854790802478e+00
7.957687217051669037e+00
8.000813142948699053e+00
8.033546019983925035e+00
8.051090842248818547e+00
8.057019816356111974e+00
8.056681000186413755e+00
8.054195862667567596e+00
8.051803190754405648e+00
8.050279634028868259e+00
8.049602241039464090e+00
8.049467107330000815e+00
8.049575181630938658e+00
8.049733303783705551e+00
8.049854280891901581e+00
8.049919582331032331e+00
8.049941958824915034e+00
8.049941010128481622e+00
8.049931964943041862e+00
8.049923153599293002e+00
8.049917504340093899e+00
8.049914970755786214e+00
8.049914447846470367e+00
8.049914834072808389e+00
8.049915413888047766e+00
8.049915861135005457e+00
8.049916104269568606e+00
8.049916188733396538e+00
8.049916186365123849e+00
8.049916153449983014e+00
8.049916120994083713e+00
8.049916100040293898e+00
8.049916090560955695e+00
8.049916088538564551e+00
8.049916089916790085e+00
8.049916092042433746e+00
8.049916093695573593e+00
8.049916094600675365e+00
8.049916094919316478e+00
8.049916094921753640e+00
8.049916094802176403e+00
8.049916094680215295e+00
8.049916094600087391e+00
8.049916094569939062e+00
8.049916094561501367e+00
8.049916094563769775e+00
8.049916094569178782e+00
8.049916094573829284e+00
8.049916094583473125e+00
8.049916094584547821e+00
8.049916094582258097e+00
8.049916094579558035e+00
8.049916094577641346e+00
8.049916094576566650e+00
8.049916094576191838e+00
8.049916094576314407e+00
8.049916094576513359e+00
8.049916094576637704e+00
8.049916094576708758e+00
8.049916094576762049e+00
8.049916094576733627e+00
8.049916094576721193e+00
8.049916094576726522e+00
8.049916094576760273e+00
8.049916094576724745e+00
8.049916094576751391e+00
8.049916094576735404e+00
8.049916094576726522e+00
8.049916094576717640e+00
8.049916094576722969e+00
8.049916094576751391e+00
8.049916094576733627e+00
8.049916094576722969e+00
8.049916094576728298e+00
8.049916094576746062e+00
8.049916094576726522e+00
8.049916094576717640e+00
8.049916094576724745e+00
8.049916094576760273e+00
8.049916094576724745e+00
8.049916094576728298e+00
8.049916094576746062e+00
8.049916094576724745e+00
8.049916094576715864e+00
8.049916094576722969e+00
8.049916094576749614e+00
8.049916094576708758e+00
8.049916094576722969e+00
8.049916094576762049e+00
8.049916094576726522e+00
8.049916094576726522e+00
8.049916094576760273e+00
8.049916094576724745e+00
8.049916094576726522e+00
8.049916094576765602e+00
8.049916094576731851e+00
8.049916094576714087e+00
8.049916094576746062e+00
8.049916094576708758e+00
8.049916094576710535e+00
8.049916094576721193e+00
8.049916094576749614e+00
8.049916094576730075e+00
8.049916094576719416e+00
8.049916094576724745e+00
8.049916094576758496e+00
8.049916094576721193e+00
8.049916094576746062e+00
8.049916094576731851e+00
8.049916094576724745e+00
8.049916094576717640e+00
8.049916094576728298e+00
8.049916094576744285e+00
8.049916094576735404e+00
8.049916094576751391e+00
8.049916094576735404e+00
8.049916094576728298e+00
8.049916094576724745e+00
8.049916094576717640e+00
8.049916094576722969e+00
8.049916094576774483e+00
8.049916094576717640e+00
8.049916094576730075e+00
8.049916094576751391e+00
8.049916094576733627e+00
8.049916094576724745e+00
8.049916094576717640e+00
8.049916094576726522e+00
8.049916094576763825e+00
8.049916094576730075e+00
8.049916094576717640e+00
8.049916094576722969e+00
8.049916094576749614e+00
8.049916094576730075e+00
8.049916094576717640e+00
8.049916094576722969e+00
8.049916094576749614e+00
8.049916094576733627e+00
8.049916094576724745e+00
8.049916094576731851e+00
8.049916094576751391e+00
8.049916094576731851e+00
8.049916094576721193e+00
8.049916094576717640e+00
8.049916094576724745e+00
8.049916094576760273e+00
8.049916094576730075e+00
8.049916094576717640e+00
8.049916094576722969e+00
8.049916094576751391e+00
8.049916094576730075e+00
8.049916094576717640e+00
8.049916094576722969e+00
8.049916094576749614e+00
8.049916094576731851e+00
8.049916094576724745e+00
8.049916094576731851e+00
8.049916094576751391e+00
8.049916094576735404e+00
8.049916094576724745e+00
8.049916094576719416e+00
8.049916094576724745e+00
8.049916094576754944e+00
8.049916094576715864e+00
8.049916094576742509e+00
8.049916094576735404e+00
8.049916094576751391e+00
8.049916094576735404e+00
8.049916094576724745e+00
8.049916094576719416e+00
8.049916094576724745e+00
8.049916094576758496e+00
8.049916094576721193e+00
8.049916094576747838e+00
8.049916094576728298e+00
8.049916094576717640e+00
8.049916094576708758e+00
8.049916094576719416e+00
8.049916094576749614e+00
8.049916094576730075e+00
8.049916094576717640e+00
8.049916094576724745e+00
8.049916094576763825e+00
8.049916094576735404e+00
8.049916094576724745e+00
8.049916094576737180e+00
8.049916094576756720e+00
8.049916094576737180e+00
8.049916094576728298e+00
8.049916094576721193e+00
8.049916094576714087e+00
8.049916094576722969e+00
8.049916094576756720e+00
8.049916094576726522e+00
8.049916094576728298e+00
8.049916094576744285e+00
8.049916094576737180e+00
8.049916094576753167e+00
8.049916094576731851e+00
8.049916094576721193e+00
8.049916094576714087e+00
8.049916094576721193e+00
8.049916094576749614e+00
8.049916094576730075e+00
8.049916094576719416e+00
8.049916094576724745e+00
8.049916094576765602e+00
8.049916094576738956e+00
8.049916094576730075e+00
8.049916094576726522e+00
8.049916094576737180e+00
8.049916094576731851e+00
8.049916094576746062e+00
8.049916094576724745e+00
8.049916094576717640e+00
8.049916094576724745e+00
8.049916094576760273e+00
8.049916094576724745e+00
8.049916094576728298e+00
8.049916094576744285e+00
8.049916094576737180e+00
8.049916094576747838e+00
8.049916094576726522e+00
8.049916094576715864e+00
8.049916094576747838e+00
8.049916094576730075e+00
8.049916094576724745e+00
8.049916094576719416e+00
8.049916094576724745e+00
8.049916094576758496e+00
8.049916094576719416e+00
8.049916094576744285e+00
8.049916094576738956e+00
8.049916094576756720e+00
8.049916094576737180e+00
8.049916094576728298e+00
8.049916094576717640e+00
8.049916094576705206e+00
8.049916094576754944e+00
8.049916094576722969e+00
8.049916094576724745e+00
8.049916094576753167e+00
8.049916094576714087e+00
8.049916094576740733e+00
8.049916094576735404e+00
8.049916094576751391e+00
8.049916094576731851e+00
8.049916094576722969e+00
