1.479155544871898764e-01
2.916826111451478187e-01
4.307392817932574891e-01
5.658025494441154546e-01
6.968565629551356500e-01
8.239305912168927160e-01
9.471763740937089171e-01
1.066979627871197378e+00
1.183334610064787906e+00
1.296579788326175375e+00
1.406183410809998202e+00
1.513227055440467872e+00
1.616787383435326797e+00
1.717880880438577895e+00
1.816224402056837883e+00
1.911761546522696920e+00
2.005131888646324079e+00
2.095703925810725732e+00
2.184018792374826656e+00
2.270361802692287156e+00
2.354052229215688463e+00
2.435784110524969126e+00
2.515717040716318298e+00
2.593232422463283893e+00
2.668847657183878397e+00
2.742823152603080850e+00
2.814974732458843221e+00
2.885198150006092810e+00
2.937875185298551184e+00
2.964256330258165928e+00
2.971153991003872452e+00
2.968411705213528151e+00
2.963234163114509379e+00
2.959142284461734107e+00
2.956993564438232802e+00
2.956360174271778885e+00
2.956513224981576649e+00
2.956891728678114006e+00
2.957207964027816605e+00
2.957381827619935954e+00
2.957438434610450528e+00
2.957431306284933559e+00
2.957403905692469692e+00
2.957379588539854165e+00
2.957365604853649632e+00
2.957360649134413766e+00
2.957360827166279016e+00
2.957362788126532749e+00
2.957364648203800517e+00
2.957365766518677219e+00
2.957366193345487559e+00
2.957366209208033503e+00
2.957366070848890249e+00
2.957365929365868062e+00
2.957365840411283475e+00
2.957365804126326658e+00
2.957365800588014793e+00
2.957365810196021183e+00
2.957365820899368725e+00
2.957365827938539304e+00
2.957365830987385813e+00
2.957365831441594040e+00
2.957365830788238004e+00
2.957365829983395145e+00
2.957365829429171811e+00
2.957365829175465866e+00
2.957365829126306522e+00
2.957365829169520843e+00
2.957365829229646970e+00
2.957365829273069124e+00
2.957365829294000825e+00
2.957365829298889803e+00
2.957365829296141335e+00
2.957365829291679571e+00
2.957365829288292947e+00
2.957365829286581427e+00
2.957365829286120018e+00
2.957365829286282999e+00
2.957365829286612513e+00
2.957365829286874082e+00
2.957365829287012637e+00
2.957365829287056158e+00
2.957365829287046388e+00
2.957365829287023740e+00
2.957365829287004200e+00
2.957365829286990877e+00
2.957365829286987324e+00
2.957365829286990877e+00
2.957365829286993097e+00
2.957365829286995318e+00
2.957365829286995318e+00
2.957365829286993097e+00
2.957365829286991765e+00
2.957365829286993097e+00
2.957365829286994430e+00
2.957365829286993542e+00
2.957365829286994430e+00
2.957365829286993542e+00
2.957365829286992209e+00
2.957365829286993542e+00
2.957365829286995318e+00
2.957365829286994430e+00
2.957365829286993097e+00
2.957365829286993986e+00
2.957365829286993097e+00
2.957365829286994430e+00
2.957365829286993542e+00
2.957365829286992209e+00
2.957365829286993542e+00
2.957365829286995318e+00
2.957365829286993097e+00
2.957365829286993986e+00
2.957365829286993097e+00
2.957365829286994430e+00
2.957365829286993542e+00
2.957365829286994430e+00
2.957365829286993542e+00
2.957365829286992209e+00
2.957365829286993542e+00
2.957365829286995318e+00
2.957365829286993097e+00
2.957365829286993986e+00
2.957365829286993097e+00
2.957365829286994430e+00
2.957365829286993542e+00
2.957365829286994430e+00
2.957365829286993542e+00
2.957365829286992209e+00
2.957365829286993542e+00
2.957365829286995318e+00
2.957365829286993097e+00
2.957365829286993986e+00
2.957365829286993097e+00
2.957365829286994430e+00
2.957365829286993542e+00
2.957365829286992209e+00
2.957365829286993542e+00
2.957365829286995318e+00
2.957365829286993097e+00
2.957365829286993986e+00
2.957365829286993097e+00
2.957365829286994430e+00
2.957365829286993542e+00
2.957365829286992209e+00
2.957365829286993542e+00
2.957365829286995318e+00
2.957365829286994430e+00
2.957365829286993097e+00
2.957365829286993986e+00
2.957365829286993097e+00
2.957365829286994430e+00
2.957365829286993542e+00
2.957365829286994430e+00
2.957365829286993986e+00
2.957365829286993542e+00
2.957365829286994430e+00
2.957365829286993986e+00
2.957365829286993097e+00
2.957365829286994430e+00
2.957365829286993542e+00
2.957365829286992209e+00
2.957365829286993542e+00
2.957365829286995318e+00
2.957365829286993097e+00
2.957365829286991765e+00
2.957365829286993986e+00
2.957365829286995762e+00
2.957365829286995318e+00
2.957365829286993986e+00
2.957365829286993542e+00
2.957365829286992209e+00
2.957365829286993542e+00
2.957365829286995318e+00
2.957365829286994430e+00
2.957365829286993097e+00
2.957365829286993986e+00
2.957365829286993097e+00
2.957365829286994430e+00
2.957365829286993542e+00
2.957365829286994430e+00
2.957365829286993542e+00
2.957365829286992209e+00
2.957365829286993542e+00
2.957365829286995318e+00
2.957365829286993097e+00
2.957365829286993986e+00
2.957365829286993097e+00
2.957365829286994430e+00
2.957365829286993542e+00
2.957365829286994430e+00
2.957365829286993986e+00
2.957365829286993097e+00
2.957365829286994430e+00
2.957365829286993542e+00
2.957365829286994430e+00
2.957365829286993542e+00
2.957365829286992209e+00
2.957365829286993542e+00
2.957365829286995318e+00
2.957365829286993097e+00
2.957365829286993986e+00
2.957365829286993097e+00
2.957365829286994430e+00
2.957365829286993542e+00
2.957365829286992209e+00
2.957365829286993542e+00
2.957365829286995318e+00
2.957365829286994430e+00
2.957365829286993986e+00
2.957365829286993542e+00
2.957365829286994430e+00
2.957365829286993986e+00
2.957365829286993542e+00
2.957365829286992209e+00
2.957365829286993542e+00
2.957365829286995318e+00
2.957365829286993097e+00
2.957365829286993986e+00
2.957365829286993097e+00
2.957365829286994430e+00
2.957365829286993542e+00
2.957365829286994430e+00
2.957365829286993542e+00
2.957365829286992209e+00
2.957365829286993542e+00
2.957365829286995318e+00
2.957365829286993097e+00
2.957365829286993986e+00
2.957365829286993097e+00
2.957365829286993986e+00
2.957365829286993097e+00
2.957365829286994430e+00
2.957365829286993542e+00
2.957365829286994430e+00
2.957365829286993542e+00
2.957365829286992209e+00
2.957365829286993542e+00
2.957365829286995318e+00
2.957365829286993097e+00
2.957365829286993986e+00
2.957365829286993097e+00
2.957365829286993986e+00
2.957365829286993097e+00
2.957365829286994430e+00
2.957365829286993542e+00
2.957365829286992209e+00
2.957365829286993542e+00
2.957365829286995318e+00
2.957365829286993097e+00
2.957365829286993986e+00
2.957365829286993097e+00
2.957365829286994430e+00
2.957365829286993542e+00
2.957365829286994430e+00
2.957365829286993986e+00
2.957365829286993097e+00
2.957365829286994430e+00
2.957365829286993542e+00
2.957365829286992209e+00
2.957365829286993542e+00
2.957365829286995318e+00
2.957365829286993097e+00
2.957365829286993986e+00
2.957365829286993097e+00
2.957365829286994430e+00
2.957365829286993542e+00
2.957365829286994430e+00
2.957365829286993986e+00
2.957365829286993097e+00
2.957365829286994430e+00
2.957365829286993542e+00
2.957365829286994430e+00
2.957365829286993542e+00
2.957365829286992209e+00
2.957365829286993542e+00
2.957365829286995318e+00
2.957365829286993097e+00
2.957365829286993986e+00
2.957365829286993097e+00
2.957365829286994430e+00
2.957365829286993542e+00
2.957365829286992209e+00
2.957365829286993542e+00
2.957365829286995318e+00
2.957365829286994430e+00
2.957365829286993986e+00
2.957365829286993097e+00
2.957365829286993986e+00
2.957365829286993097e+00
2.957365829286994430e+00
2.957365829286993542e+00
2.957365829286994430e+00
2.957365829286993986e+00
2.957365829286993097e+00
2.957365829286994430e+00
2.957365829286993542e+00
2.957365829286992209e+00
2.957365829286993542e+00
2.957365829286995318e+00
2.957365829286993097e+00
2.957365829286993986e+00
3.024538917536058413e+00
3.089745261410148380e+00
3.153381908965560143e+00
3.215674805904391587e+00
3.276657282027199969e+00
3.335911771936526549e+00
3.393728797134334396e+00
3.450342761988878237e+00
3.505782514461143862e+00
3.559968697126245640e+00
3.612637401495050415e+00
3.664223102501658502e+00
3.714751021822631394e+00
3.764245675902908150e+00
3.812632584465193819e+00
3.859684584776614358e+00
3.905781709799721391e+00
3.950945634183895550e+00
3.995197565227048830e+00
4.038558245735721641e+00
4.080779006324375402e+00
4.121974530910600620e+00
4.162346820063223873e+00
4.201914217321118805e+00
4.240694507288934822e+00
4.278704941929974304e+00
4.315900380831926952e+00
4.352084070866387044e+00
4.387553526175740792e+00
4.422324148557954082e+00
4.456410957285102725e+00
4.489828600563352090e+00
4.522591366573238680e+00
4.554713194108702901e+00
4.585993190782252427e+00
4.616591269368815809e+00
4.646593480081025795e+00
4.676012306835993115e+00
4.704859997966013729e+00
4.733148566375488642e+00
4.760889790167190050e+00
4.788095213690000129e+00
4.814776148963987978e+00
4.840656593350306736e+00
4.866023453260524434e+00
4.890903904773252542e+00
4.913922580018018849e+00
4.928229935020360664e+00
4.934392811229607823e+00
4.935460312757836476e+00
4.934313840480883506e+00
4.932767840797660064e+00
4.931617471343419545e+00
4.931011849712479744e+00
4.930814585202475619e+00
4.930833771777959562e+00
4.930924460065024384e+00
4.931009308798952162e+00
4.931062413053867388e+00
4.931085498933151179e+00
4.931089675507423387e+00
4.931085563554797879e+00
4.931079889148745288e+00
4.931075636076063695e+00
4.931073380994590138e+00
4.931072635473083388e+00
4.931072695777808157e+00
4.931073026180012420e+00
4.931073338772158365e+00
4.931073535748434544e+00
4.931073622151215474e+00
4.931073638423193906e+00
4.931073623672128647e+00
4.931073602864038286e+00
4.931073587135189840e+00
4.931073578735287732e+00
4.931073575917366725e+00
4.931073576100549971e+00
4.931073577304113442e+00
4.931073578455980488e+00
4.931073579186850964e+00
4.931073579510328209e+00
4.931073579573628685e+00
4.931073579520809602e+00
4.931073579444484878e+00
4.931073579386322514e+00
4.931073579355042646e+00
4.931073579344396940e+00
4.931073579344927182e+00
4.931073579349058100e+00
4.931073579353389746e+00
4.931073579356190173e+00
4.931073579357455827e+00
4.931073579357478920e+00
4.931073579357382997e+00
4.931073579357189374e+00
4.931073579357025061e+00
4.931073579356929137e+00
4.931073579356644032e+00
4.931073579356732850e+00
4.931073579356830550e+00
4.931073579356896275e+00
4.931073579356930026e+00
4.931073579356943348e+00
4.931073579356942460e+00
4.931073579356932690e+00
4.931073579356927361e+00
4.931073579356925585e+00
4.931073579356924697e+00
4.931073579356923808e+00
4.931073579356925585e+00
4.931073579356925585e+00
4.931073579356924697e+00
4.931073579356923808e+00
4.931073579356925585e+00
4.931073579356924697e+00
4.931073579356925585e+00
4.931073579356925585e+00
4.931073579356925585e+00
4.931073579356924697e+00
4.931073579356923808e+00
4.931073579356925585e+00
4.931073579356925585e+00
4.931073579356924697e+00
4.931073579356924697e+00
4.931073579356925585e+00
4.931073579356925585e+00
4.931073579356924697e+00
4.931073579356923808e+00
4.931073579356925585e+00
4.931073579356924697e+00
4.931073579356924697e+00
4.931073579356925585e+00
4.931073579356925585e+00
4.931073579356924697e+00
4.931073579356923808e+00
4.931073579356925585e+00
4.931073579356924697e+00
4.931073579356923808e+00
4.931073579356925585e+00
4.931073579356924697e+00
4.931073579356923808e+00
4.931073579356925585e+00
4.931073579356924697e+00
4.931073579356923808e+00
4.931073579356925585e+00
4.931073579356925585e+00
4.931073579356924697e+00
4.931073579356925585e+00
4.931073579356925585e+00
4.931073579356924697e+00
4.931073579356923808e+00
4.931073579356925585e+00
4.931073579356925585e+00
4.931073579356924697e+00
4.931073579356923808e+00
4.931073579356925585e+00
4.931073579356924697e+00
4.931073579356925585e+00
4.931073579356925585e+00
4.931073579356925585e+00
4.931073579356924697e+00
4.931073579356924697e+00
4.931073579356924697e+00
4.931073579356924697e+00
4.931073579356925585e+00
4.931073579356925585e+00
4.931073579356925585e+00
4.931073579356925585e+00
4.931073579356924697e+00
4.931073579356923808e+00
4.931073579356925585e+00
4.931073579356924697e+00
4.931073579356924697e+00
4.931073579356925585e+00
4.931073579356925585e+00
4.931073579356925585e+00
4.931073579356924697e+00
4.931073579356923808e+00
4.931073579356925585e+00
4.931073579356925585e+00
4.931073579356924697e+00
4.931073579356923808e+00
4.931073579356925585e+00
4.931073579356925585e+00
4.931073579356924697e+00
4.931073579356923808e+00
4.931073579356925585e+00
4.931073579356925585e+00
4.931073579356924697e+00
4.931073579356924697e+00
4.931073579356925585e+00
4.931073579356925585e+00
4.931073579356925585e+00
4.931073579356924697e+00
4.931073579356923808e+00
4.931073579356925585e+00
4.931073579356925585e+00
4.931073579356924697e+00
4.931073579356923808e+00
4.931073579356925585e+00
4.931073579356925585e+00
4.931073579356924697e+00
4.931073579356923808e+00
4.931073579356925585e+00
4.931073579356925585e+00
4.931073579356924697e+00
4.931073579356924697e+00
4.931073579356925585e+00
4.931073579356925585e+00
4.931073579356925585e+00
4.931073579356924697e+00
4.931073579356923808e+00
4.931073579356925585e+00
4.931073579356924697e+00
4.931073579356924697e+00
4.931073579356924697e+00
4.931073579356925585e+00
4.931073579356925585e+00
4.931073579356925585e+00
4.931073579356924697e+00
4.931073579356923808e+00
4.931073579356925585e+00
4.931073579356924697e+00
4.931073579356925585e+00
4.931073579356925585e+00
4.931073579356925585e+00
4.931073579356924697e+00
4.931073579356923808e+00
4.931073579356925585e+00
4.931073579356925585e+00
4.931073579356924697e+00
4.931073579356923808e+00
4.931073579356925585e+00
4.931073579356925585e+00
4.931073579356924697e+00
4.931073579356924697e+00
4.931073579356925585e+00
4.931073579356925585e+00
4.931073579356925585e+00
4.931073579356925585e+00
4.931073579356924697e+00
4.931073579356923808e+00
4.931073579356925585e+00
4.931073579356924697e+00
4.931073579356924697e+00
4.931073579356924697e+00
4.931073579356924697e+00
4.931073579356925585e+00
4.931073579356925585e+00
4.931073579356925585e+00
4.931073579356924697e+00
4.931073579356923808e+00
4.931073579356925585e+00
4.931073579356925585e+00
4.931073579356924697e+00
4.931073579356923808e+00
4.931073579356925585e+00
4.931073579356925585e+00
4.931073579356925585e+00
4.931073579356924697e+00
4.931073579356924697e+00
4.931073579356924697e+00
4.931073579356925585e+00
4.931073579356925585e+00
4.931073579356924697e+00
4.931073579356923808e+00
4.931073579356925585e+00
4.931073579356924697e+00
4.931073579356924697e+00
4.931073579356924697e+00
4.931073579356924697e+00
4.931073579356925585e+00
4.931073579356925585e+00
4.931073579356924697e+00
4.931073579356925585e+00
4.931073579356925585e+00
4.931073579356925585e+00
4.931073579356924697e+00
4.931073579356923808e+00
4.931073579356925585e+00
4.931073579356924697e+00
4.931073579356924697e+00
4.931073579356924697e+00
4.931073579356925585e+00
4.931073579356925585e+00
4.931073579356925585e+00
4.931073579356925585e+00
4.931073579356923808e+00
4.931073579356925585e+00
4.931073579356924697e+00
4.931073579356923808e+00
4.931073579356925585e+00
4.931073579356924697e+00
4.931073579356924697e+00
4.931073579356924697e+00
4.931073579356925585e+00
4.931073579356925585e+00
4.931073579356925585e+00
