8.121493939708528398e-01
9.301295594162307667e-01
1.045489829004777604e+00
1.158288380772391823e+00
1.268582100839550586e+00
1.376426612099893143e+00
1.481876302271738277e+00
1.584984351326685026e+00
1.685802758309124627e+00
1.784382367560195526e+00
1.880772894359398650e+00
1.975022949996811716e+00
2.067180066288544005e+00
2.157290719547792612e+00
2.245400354023595391e+00
2.331553404819092901e+00
2.415793320300867020e+00
2.498162584010647613e+00
2.578702736090444425e+00
2.657454394231909323e+00
2.734457274160489781e+00
2.809750209664705345e+00
2.883371172180651865e+00
2.955357289941606069e+00
3.025744866702389846e+00
3.094569400047937346e+00
3.161865599295293539e+00
3.227667402998085411e+00
3.260356820573228287e+00
3.265313509998086339e+00
3.256056682798394775e+00
3.242536351575402431e+00
3.230004978671024318e+00
3.220166711636220480e+00
3.212805584465039388e+00
3.207048562081536325e+00
3.202065632698064324e+00
3.197321048266140053e+00
3.192569831831701066e+00
3.187758792696304244e+00
3.182924556398159410e+00
3.178124714424221509e+00
3.173404670144708284e+00
3.168789171008588479e+00
3.164286048750698743e+00
3.159893341166464698e+00
3.155605300476878483e+00
3.151415958970740672e+00
3.147320573916047692e+00
3.143315779425413847e+00
3.139399196698567707e+00
3.135568969315413401e+00
3.131823425864622035e+00
3.128160903905859769e+00
3.124579693978815520e+00
3.121078047671070888e+00
3.117654206985528198e+00
3.114306431632043015e+00
3.111033016076290014e+00
3.107832296693717744e+00
3.104702652490785031e+00
3.101642502874372820e+00
3.098650304787904819e+00
3.095724550312608070e+00
3.092863765000222642e+00
3.090066506798065049e+00
3.087331365320126864e+00
3.084656961259824470e+00
3.082041945824440798e+00
3.079485000143558970e+00
3.076984834647103817e+00
3.074540188426385434e+00
3.072149828593715437e+00
3.069812549651640410e+00
3.067527172877294372e+00
3.065292545723329987e+00
3.063107541234785014e+00
3.060971057480506463e+00
3.058882016997916953e+00
3.056839366250227563e+00
3.054842075095544285e+00
3.052889136267584735e+00
3.050979564867768445e+00
3.049112397868506630e+00
3.047286693627496490e+00
3.045501531412796670e+00
3.043756010938465373e+00
3.042049251910523111e+00
3.040380393582998941e+00
3.038748594323851915e+00
3.037153031190519492e+00
3.035592899514897525e+00
3.034067412497533756e+00
3.032575800810836331e+00
3.031117312211084602e+00
3.029691211159063702e+00
3.028296778449119930e+00
3.026933310846452230e+00
3.025600120732458986e+00
3.024296535757963866e+00
3.023021898504137273e+00
3.021775566150948666e+00
3.020556910152985441e+00
3.019365315922463378e+00
3.018200182519283015e+00
3.017060922347964080e+00
3.015946960861313197e+00
3.014857736270669442e+00
3.013792699262586527e+00
3.012751312721802854e+00
3.011733051460367516e+00
3.010737401952781056e+00
3.009763862077011964e+00
3.008811940861272127e+00
3.007881158236411334e+00
3.006971044793808723e+00
3.006081141548645252e+00
3.005210999708427977e+00
3.004360180446658202e+00
3.003528254681522736e+00
3.002714802859503873e+00
3.001919414743788206e+00
3.001141689207380558e+00
3.000381234030807587e+00
2.999637665704315559e+00
2.998910609234460178e+00
2.998199697954992526e+00
2.997504573341941647e+00
2.996824884832804514e+00
2.996160289649756781e+00
2.995510452626778175e+00
2.994875046040624600e+00
2.994253749445554114e+00
2.993646249511719759e+00
2.993052239867153741e+00
2.992471420943255023e+00
2.991903499823715951e+00
2.991348190096799975e+00
2.990805211710895861e+00
2.990274290833287996e+00
2.989755159712053079e+00
2.989247556541034800e+00
2.988751225327803684e+00
2.988265915764561242e+00
2.987791383101904064e+00
2.987327388025391439e+00
2.986873696534859235e+00
2.986430079826404071e+00
2.985996314176998734e+00
2.985572180831663314e+00
2.985157465893141460e+00
2.984751960214032884e+00
2.984355459291314183e+00
2.983967763163204001e+00
2.983588676308321030e+00
2.983218007547079331e+00
2.982855569945271679e+00
2.982501180719796086e+00
2.982154661146478869e+00
2.981815836469936087e+00
2.981484535815442705e+00
2.981160592102760187e+00
2.980843841961874130e+00
2.980534125650604160e+00
2.980231286974041716e+00
2.979935173205780163e+00
2.979645635010893745e+00
2.979362526370621822e+00
2.979085704508732668e+00
2.978815029819516624e+00
2.978550365797382860e+00
2.978291578968017106e+00
2.978038538821065728e+00
2.977791117744320371e+00
2.977549190959361436e+00
2.977312636458626205e+00
2.977081334943882052e+00
2.976855169766063458e+00
2.976634026866439076e+00
2.976417794719095067e+00
2.976206364274688543e+00
2.975999628905451555e+00
2.975797484351418998e+00
2.975599828667846669e+00
2.975406562173800395e+00
2.975217587401884689e+00
2.975032809049089177e+00
2.974852133928723497e+00
2.974675470923423326e+00
2.974502730939199147e+00
2.974333826860505070e+00
2.974168673506301541e+00
2.974007187587100365e+00
2.973849287662961416e+00
2.973694894102417496e+00
2.973543929042317124e+00
2.973396316348557278e+00
2.973251981577686109e+00
2.973110851939362753e+00
2.972972856259645358e+00
2.972837924945095800e+00
2.972705989947686422e+00
2.972576984730479932e+00
2.972450844234074907e+00
2.972327504843793822e+00
2.972206904357602042e+00
2.972088981954737807e+00
2.971973678165039878e+00
2.971860934838957746e+00
2.971750695118220875e+00
2.971642903407169189e+00
2.971537505344711505e+00
2.971434447776913679e+00
2.971333678730189387e+00
2.971235147385090425e+00
2.971138804050678317e+00
2.971044600139462588e+00
2.970952488142898140e+00
2.970862421607426196e+00
2.970774355111048148e+00
2.970688244240415887e+00
2.970604045568434604e+00
2.970521716632361642e+00
2.970441215912392519e+00
2.970362502810723893e+00
2.970285537631073947e+00
2.970210281558666843e+00
2.970136696640657270e+00
2.970064745766989756e+00
2.969994392651683413e+00
2.969925601814532801e+00
2.969858338563215572e+00
2.969792568975792690e+00
2.969728259883605670e+00
2.969665378854547733e+00
2.969603894176706227e+00
2.969543774842369643e+00
2.969484990532394786e+00
2.969427511600908787e+00
2.969371309060363728e+00
2.969316354566917227e+00
2.969262620406135866e+00
2.969210079479018827e+00
2.969158705288334588e+00
2.969108471925252957e+00
2.969059354056282629e+00
2.969011326910493409e+00
2.968964366267024424e+00
2.968918448442871227e+00
2.968873550280936691e+00
2.968829649138357230e+00
2.968786722875080830e+00
2.968744749842704422e+00
2.968703708873554614e+00
2.968663579270010899e+00
2.968624340794070005e+00
2.968585973657139387e+00
2.968548458510055887e+00
2.968511776433328198e+00
2.968475908927596052e+00
2.968440837904300800e+00
2.968406545676562480e+00
2.968373014950259403e+00
2.968340228815308901e+00
2.968308170737135931e+00
2.968276824548337967e+00
2.968246174440527518e+00
2.968216204956364734e+00
2.968186900981756526e+00
2.968158247738238220e+00
2.968130230775519074e+00
2.968102835964195663e+00
2.968076049488624690e+00
2.968049857839955674e+00
2.968024247809320393e+00
2.967999206481169328e+00
2.967974721226758206e+00
2.967950779697780650e+00
2.967927369820138939e+00
2.967904479787855987e+00
2.967882098057120999e+00
2.967860213340467901e+00
2.967838814601083453e+00
2.967817891047238810e+00
2.967797432126850765e+00
2.967777427522156675e+00
2.967757867144513728e+00
2.967738741129308355e+00
2.967720039830985090e+00
2.967701753818179355e+00
2.967683873868959932e+00
2.967666390966182899e+00
2.967649296292938388e+00
2.967632581228109245e+00
2.967616237342019847e+00
2.967600256392185276e+00
2.967584630319156869e+00
2.967569351242455244e+00
2.967554411456595709e+00
2.967539803427205136e+00
2.967525519787218791e+00
3.078499041243528911e+00
3.146152102733708933e+00
3.212302844110749067e+00
3.276984626255483146e+00
3.340230069229020327e+00
3.402071068723568903e+00
3.462538812147942124e+00
3.521663794355873289e+00
3.579475833025057785e+00
3.636004083694686528e+00
3.691277054469053631e+00
3.745322620394648805e+00
3.798168037517993145e+00
3.849839956631301074e+00
3.900364436712900229e+00
3.949766958069194089e+00
3.998072435184790496e+00
4.045305229287274429e+00
4.091489160632968414e+00
4.136647520519866283e+00
4.180803083033813650e+00
4.223978116533840144e+00
4.266194394882453444e+00
4.307473208426547906e+00
4.347835374734466463e+00
4.387301249094635480e+00
4.425890734781062541e+00
4.463623293090879685e+00
4.500517953158985840e+00
4.536593321554743596e+00
4.571867591665574437e+00
4.606358552872173107e+00
4.640083599519980062e+00
4.673059739691427517e+00
4.705303603783387523e+00
4.736831452894153749e+00
4.767659187024166023e+00
4.797802353094642314e+00
4.827276152788136265e+00
4.856095450214994891e+00
4.884274779409564005e+00
4.911828351659933922e+00
4.938770062674924688e+00
4.965113499591911506e+00
4.990871947829038646e+00
5.016058397785267964e+00
5.033364124870103318e+00
5.039308293790583981e+00
5.038294615561319745e+00
5.034168262525784421e+00
5.029372134446560949e+00
5.025059610985160852e+00
5.021536361892298572e+00
5.018690668965839485e+00
5.016286251295973386e+00
5.014112191780406569e+00
5.012032127904221923e+00
5.009979905291809921e+00
5.007936212105699170e+00
5.005905206524752238e+00
5.003898377692170385e+00
5.001926138555912615e+00
4.999994971792085074e+00
4.998107565970483890e+00
4.996264047621645332e+00
4.994463248860527393e+00
4.992703596239699948e+00
4.990983580410976117e+00
4.989301920904944510e+00
4.987657563830937946e+00
4.986049616605745527e+00
4.984477278795331756e+00
4.982939792749002450e+00
4.981436416913465060e+00
4.979966415910901389e+00
4.978529059947407021e+00
4.977123627840753350e+00
4.975749410377302340e+00
4.974405712647614664e+00
4.973091855165268527e+00
4.971807174073346935e+00
4.970551020838917644e+00
4.969322761748485640e+00
4.968121777386965476e+00
4.966947462177432548e+00
4.965799223993714762e+00
4.964676483830117171e+00
4.963578675507023696e+00
4.962505245394610576e+00
4.961455652144361572e+00
4.960429366424392583e+00
4.959425870656874125e+00
4.958444658758967449e+00
4.957485235887740593e+00
4.956547118190166579e+00
4.955629832558371639e+00
4.954732916390764075e+00
4.953855917358418459e+00
4.952998393176859082e+00
4.952159911382993940e+00
4.951340049117037623e+00
4.950538392909334284e+00
4.949754538471709431e+00
4.948988090493774195e+00
4.948238662443499969e+00
4.947505876372288114e+00
4.946789362724361538e+00
4.946088760150386676e+00
4.945403715325284999e+00
4.944733882769897448e+00
4.944078924676909459e+00
4.943438510740446823e+00
4.942812317989525361e+00
4.942200030625084395e+00
4.941601339860761222e+00
4.941015943767132157e+00
4.940443547119608425e+00
4.939883861249325214e+00
4.939336603897719336e+00
4.938801499074134682e+00
4.938278276916628684e+00
4.937766673555866959e+00
4.937266430982069743e+00
4.936777296914874213e+00
4.936299024676118030e+00
4.935831373065431293e+00
4.935374106238644920e+00
4.934926993588698352e+00
4.934489809629503121e+00
4.934062333882174300e+00
4.933644350763832342e+00
4.933235649478884710e+00
4.932836023912713586e+00
4.932445272527734126e+00
4.932063198261752213e+00
4.931689608428579064e+00
4.931324314620863625e+00
4.930967132615075244e+00
4.930617882278592212e+00
4.930276387478865985e+00
4.929942475994585571e+00
4.929615979428828787e+00
4.929296733124137297e+00
4.928984576079520785e+00
4.928679350869109577e+00
4.928380903562929127e+00
4.928089083649216384e+00
4.927803743958506288e+00
4.927524740589414698e+00
4.927251932836066217e+00
4.926985183117135847e+00
4.926724356906457380e+00
4.926469322665186112e+00
4.926219951775456352e+00
4.925976118475527521e+00
4.925737699796353120e+00
4.925504575499562776e+00
4.925276628016832525e+00
4.925053742390586464e+00
4.924835806216027123e+00
4.924622709584443037e+00
4.924414345027827267e+00
4.924210607464575062e+00
4.924011394146498688e+00
4.923816604607128333e+00
4.923626140610982027e+00
4.923439906104016828e+00
4.923257807165185795e+00
4.923079751959074102e+00
4.922905650689586743e+00
4.922735415554704730e+00
4.922568960702101926e+00
4.922406202185904966e+00
4.922247057924321822e+00
4.922091447658358376e+00
4.921939292911317487e+00
4.921790516949067218e+00
4.921645044741509878e+00
4.921502802924682562e+00
4.921363719763802713e+00
4.921227725116945173e+00
4.921094750399826800e+00
4.920964728551166623e+00
4.920837593998864889e+00
4.920713282626927310e+00
4.920591731743182429e+00
4.920472880047557673e+00
4.920356667601214262e+00
4.920243035796290521e+00
4.920131927326457877e+00
4.920023286157986675e+00
4.919917057501344004e+00
4.919813187783716124e+00
4.919711624621947443e+00
4.919612316796109219e+00
4.919515214223673105e+00
4.919420267934255797e+00
4.919327430044920568e+00
4.919236653736028586e+00
4.919147893227626689e+00
4.919061103756368958e+00
4.918976241552931228e+00
4.918893263819938966e+00
4.918812128710393416e+00
4.918732795306553385e+00
4.918655223599310844e+00
4.918579374468007970e+00
4.918505209660710698e+00
4.918432691774917487e+00
4.918361784238691747e+00
4.918292451292227696e+00
4.918224657969850533e+00
4.918158370082240438e+00
4.918093554199396422e+00
4.918030177633569977e+00
4.917968208422946574e+00
4.917907615315468384e+00
4.917848367753108185e+00
4.917790435856316478e+00
4.917733790409156036e+00
4.917678402844405383e+00
4.917624245229171187e+00
4.917571290250905669e+00
4.917519511203578553e+00
4.917468881974188299e+00
4.917419377029608185e+00
4.917370971403704161e+00
4.917323640684744035e+00
4.917277361003084657e+00
4.917232109019138875e+00
4.917187861911650693e+00
4.917144597366080561e+00
4.917102293563403670e+00
4.917060929169076999e+00
4.917020483322382951e+00
4.916980935625890226e+00
4.916942266135008843e+00
4.916904455348102942e+00
4.916867484196594695e+00
4.916831334035383527e+00
4.916795986633311522e+00
4.916761424164115546e+00
4.916727629197392702e+00
4.916694584689845549e+00
4.916662273976546871e+00
4.916630680762684058e+00
4.916599789115298158e+00
4.916569583455239645e+00
4.916540048549309816e+00
4.916511169502586931e+00
4.916482931750905117e+00
4.916455321053512684e+00
4.916428323485890317e+00
4.916401925432730913e+00
4.916376113581073959e+00
4.916350874913632651e+00
4.916326196702081930e+00
4.916302066500803036e+00
4.916278472140598765e+00
4.916255401722395391e+00
4.916232843611415326e+00
4.916210786431249424e+00
4.916189219058112236e+00
4.916168130615233167e+00
4.916147510467375525e+00
4.916127348215470150e+00
4.916107633691369827e+00
4.916088356952720062e+00
4.916069508278001265e+00
4.916051078161506993e+00
4.916033057308572651e+00
4.916015436630994273e+00
4.915998207242393114e+00
4.915981360453720583e+00
4.915964887768875080e+00
4.915948780880468050e+00
4.915933031665522535e+00
4.915917632181439956e+00
4.915902574662003310e+00
4.915887851513408791e+00
4.915873455310550533e+00
4.915859378793207668e+00
4.915845614862377033e+00
4.915832156576692924e+00
4.915818997148932112e+00
4.915806129942629887e+00
4.915793548468633922e+00
4.915781246381840219e+00
4.915769217478110242e+00
4.915757455691085021e+00
4.915745955089116492e+00
4.915734709872268127e+00
4.915723714369403474e+00
4.915712963035314687e+00
4.915702450447979821e+00
4.915692171305715341e+00
4.915682120424520463e+00
4.915672292735625781e+00
4.915662683282763901e+00
4.915653287219724277e+00
4.741272970995921376e+00
4.634953608042509110e+00
4.530995198368414911e+00
4.429345314078733331e+00
4.329952691504973750e+00
4.232767205351963824e+00
4.137739843418861696e+00
4.044822681881515614e+00
3.953968861123708933e+00
3.866247018247292999e+00
3.825157657258299260e+00
3.815883209446302882e+00
3.822430214686134864e+00
3.833605935018144617e+00
3.843650028535252616e+00
3.850722923114955787e+00
3.855067873189479410e+00
3.857641430663830473e+00
3.859363203439326373e+00
3.860842694267846653e+00
3.862375449121947746e+00
3.864042776168114202e+00
3.865818683972085612e+00
3.867645089553446436e+00
3.869470731559430998e+00
3.871263748488266820e+00
3.873010203671706453e+00
3.874707733534712428e+00
3.876359403140986259e+00
3.877969614141421051e+00
3.879542113602821640e+00
3.881079442991314910e+00
3.882583111824422950e+00
3.884053990301858050e+00
3.885492659659288694e+00
3.886899633128659826e+00
3.888275456723054191e+00
3.889620731744962256e+00
3.890936101235793476e+00
3.892222226186479173e+00
3.893479766153989718e+00
3.894709367810995193e+00
3.895911660301395241e+00
3.897087254777488852e+00
3.898236745771688661e+00
3.899360712917558036e+00
3.900459722341168778e+00
3.901534327568985550e+00
3.902585070047686955e+00
3.903612479435298432e+00
3.904617073795976889e+00
3.905599359777916391e+00
3.906559832808156774e+00
3.907498977309933785e+00
3.908417266935650058e+00
3.909315164806124621e+00
3.910193123748849420e+00
3.911051586531181012e+00
3.911890986086958399e+00
3.912711745736519475e+00
3.913514279400694296e+00
3.914298991809463946e+00
3.915066278705772174e+00
3.915816527044827744e+00
3.916550115189078696e+00
3.917267413098931783e+00
3.917968782519311688e+00
3.918654577162108854e+00
3.919325142884574564e+00
3.919980817863761846e+00
3.920621932767077933e+00
3.921248810919054417e+00
3.921861768464403042e+00
3.922461114527453052e+00
3.923047151368043828e+00
3.923620174533962945e+00
3.924180473009995396e+00
3.924728329363656343e+00
3.925264019887700684e+00
3.925787814739457371e+00
3.926299978077078201e+00
3.926800768192760582e+00
3.927290437642995347e+00
3.927769233375947522e+00
3.928237396855994490e+00
3.928695164185491251e+00
3.929142766223854721e+00
3.929580428703974171e+00
3.930008372346068590e+00
3.930426812968982997e+00
3.930835961599044026e+00
3.931236024576472143e+00
3.931627203659450842e+00
3.932009696125869258e+00
3.932383694872821689e+00
3.932749388513877342e+00
3.933106961474212682e+00
3.933456594083608593e+00
3.933798462667406515e+00
3.934132739635419540e+00
3.934459593568888192e+00
3.934779189305501301e+00
3.935091688022516188e+00
3.935397247318051850e+00
3.935696021290570279e+00
3.935988160616580966e+00
3.936273812626635227e+00
3.936553121379626319e+00
3.936826227735445993e+00
3.937093269426010789e+00
3.937354381124730907e+00
3.937609694514431435e+00
3.937859338353750349e+00
3.938103438542084334e+00
3.938342118183078888e+00
3.938575497646706225e+00
3.938803694629978480e+00
3.939026824216295797e+00
3.939244998933492337e+00
3.939458328810578447e+00
3.939666921433238933e+00
3.939870881998078556e+00
3.940070313365684029e+00
3.940265316112498084e+00
3.940455988581536229e+00
3.940642426931986186e+00
3.940824725187701105e+00
3.941002975284618959e+00
3.941177267117121907e+00
3.941347688583379139e+00
3.941514325629673632e+00
3.941677262293743045e+00
3.941836580747162255e+00
3.941992361336784434e+00
3.942144682625264185e+00
3.942293621430668971e+00
3.942439252865231225e+00
3.942581650373222057e+00
3.942720885767988293e+00
3.942857029268178159e+00
3.942990149533140976e+00
3.943120313697566104e+00
3.943247587405330101e+00
3.943372034842604901e+00
3.943493718770233247e+00
3.943612700555373607e+00
3.943729040202450520e+00
3.943842796383415283e+00
3.943954026467338725e+00
3.944062786549333399e+00
3.944169131478854951e+00
3.944273114887359100e+00
3.944374789215350230e+00
3.944474205738822903e+00
3.944571414595124725e+00
3.944666464808245898e+00
3.944759404313530116e+00
3.944850279981863217e+00
3.944939137643305394e+00
3.945026022110202035e+00
3.945110977199784319e+00
3.945194045756266643e+00
3.945275269672454677e+00
3.945354689910876456e+00
3.945432346524429867e+00
3.945508278676591374e+00
3.945582524661166435e+00
3.945655121921598507e+00
3.945726107069849498e+00
3.945795515904868545e+00
3.945863383430648241e+00
3.945929743873868301e+00
3.945994630701165296e+00
3.946058076636012046e+00
3.946120113675207097e+00
3.946180773105027129e+00
3.946240085516998342e+00
3.946298080823318788e+00
3.946354788271955627e+00
3.946410236461383114e+00
3.946464453355015944e+00
3.946517466295300647e+00
3.946569302017516101e+00
3.946619986663248980e+00
3.946669545793579648e+00
3.946718004401974511e+00
3.946765386926885721e+00
3.946811717264080421e+00
3.946857018778694659e+00
3.946901314317006193e+00
3.946944626217968821e+00
3.946986976324466934e+00
3.947028385994342248e+00
3.947068876111152758e+00
3.947108467094716744e+00
3.947147178911402321e+00
3.947185031084198492e+00
3.947222042702566824e+00
3.947258232432057312e+00
3.947293618523731507e+00
3.947328218823366708e+00
3.947362050780448328e+00
3.947395131456975736e+00
3.947427477536064266e+00
3.947459105330358931e+00
3.947490030790268278e+00
3.947520269511993973e+00
3.947549836745409380e+00
3.947578747401747634e+00
3.947607016061116525e+00
3.947634656979855272e+00
3.947661684097720780e+00
3.947688111044922454e+00
3.947713951148994482e+00
3.947739217441517123e+00
3.947763922664687009e+00
3.947788079277743556e+00
3.947811699463257717e+00
3.947834795133264851e+00
3.947857377935282130e+00
3.947879459258181623e+00
3.947901050237926590e+00
3.947922161763196769e+00
3.947942804480871981e+00
3.947962988801404283e+00
3.947982724904073759e+00
3.948002022742113315e+00
3.948020892047733543e+00
3.948039342337025026e+00
3.948057382914766045e+00
3.948075022879111717e+00
3.948092271126175667e+00
3.948109136354525983e+00
3.948125627069571042e+00
3.948141751587841863e+00
3.948157518041193637e+00
3.948172934380899335e+00
3.948188008381665615e+00
3.948202747645554123e+00
3.948217159605814430e+00
3.948231251530627262e+00
3.948245030526777111e+00
3.948258503543234710e+00
3.948271677374655120e+00
3.948284558664812760e+00
3.948297153909952062e+00
3.948309469462056853e+00
3.948321511532058903e+00
3.948333286192964753e+00
3.948344799382925263e+00
3.948356056908228329e+00
3.948367064446223207e+00
3.948377827548188002e+00
3.948388351642129646e+00
3.948398642035515049e+00
3.948408703917957840e+00
3.948418542363824724e+00
3.948428162334801428e+00
3.948437568682396925e+00
3.948446766150380594e+00
3.948455759377181185e+00
3.948464552898231172e+00
3.948473151148244042e+00
3.948481558463456054e+00
3.948489779083808049e+00
3.948497817155091738e+00
3.948505676731038250e+00
3.948513361775354724e+00
3.948520876163731597e+00
3.948528223685798366e+00
3.948535408047029183e+00
3.948542432870609797e+00
3.948549301699272096e+00
3.948556017997079337e+00
3.948562585151165205e+00
3.948569006473450216e+00
3.948575285202313268e+00
3.948581424504217896e+00
3.948587427475312328e+00
3.948593297142990011e+00
3.948599036467418166e+00
3.948604648343033485e+00
3.948610135599990745e+00
3.948615501005602990e+00
3.948620747265732867e+00
3.948625877026149755e+00
3.948630892873877585e+00
3.948635797338487130e+00
3.948640592893378543e+00
3.948645281957029685e+00
3.948649866894206717e+00
3.948654350017168913e+00
3.948658733586827729e+00
3.948663019813885455e+00
3.948667210859959198e+00
3.948671308838657357e+00
3.948675315816655207e+00
3.948679233814739398e+00
3.948683064808819143e+00
3.948686810730927199e+00
4.025169259608061267e+00
4.071800335126987136e+00
4.117395909796337961e+00
4.161978978196392731e+00
4.205572024284263577e+00
4.248197032732916156e+00
4.289875500018395904e+00
4.330628445260842341e+00
4.370476420824773278e+00
4.409439522683967994e+00
4.447537400556191400e+00
4.484789267812860913e+00
4.521213911168660893e+00
4.556829700155981655e+00
4.591654596388970333e+00
4.625706162621861850e+00
4.659001571606156133e+00
4.691557614751114436e+00
4.723390710591937491e+00
4.754516913069890549e+00
4.784951919628571915e+00
4.814711079130379545e+00
4.843809399597192034e+00
4.872261555779151543e+00
4.900081896555380290e+00
4.927284452170348494e+00
4.953882941309550425e+00
4.979890778018060793e+00
5.005321078465449602e+00
5.030186667560480274e+00
5.054500085418915489e+00
5.078273593687698373e+00
5.101519181728698449e+00
5.124248572665140777e+00
5.146473229293761165e+00
5.168204359865684161e+00
5.189452923738918422e+00
5.210229636905342687e+00
5.230544977394945505e+00
5.250409190560071160e+00
5.269832294242308812e+00
5.288824083824656519e+00
5.307394137171488779e+00
5.325551819458821612e+00
5.343306287897330087e+00
5.360666496350469323e+00
5.377641199850056175e+00
5.394238959011571133e+00
5.410468144351411546e+00
5.426336940508281081e+00
5.441853350370832842e+00
5.457025199113654246e+00
5.471860138143629371e+00
5.486365648958665631e+00
5.500549046920729879e+00
5.514417484945111525e+00
5.527977957107743201e+00
5.541237302172430823e+00
5.554202207039748984e+00
5.566879210119357602e+00
5.579274704627419368e+00
5.591394941810808206e+00
5.603246034099707451e+00
5.614833958190211582e+00
5.626164558058467158e+00
5.637243547907885066e+00
5.648076515050903801e+00
5.658668922726760364e+00
5.669026112856691668e+00
5.679153308737951100e+00
5.689055617677999166e+00
5.698738033570201367e+00
5.708205439412330051e+00
5.717462609769137671e+00
5.726514213180244894e+00
5.735364814514563037e+00
5.744018877272428547e+00
5.752480765836620158e+00
5.760754747673382248e+00
5.768844995484584182e+00
5.776755589312074335e+00
5.784490518595311492e+00
5.792053684183308349e+00
5.799448900301886312e+00
5.806679896477252356e+00
5.813750319416863377e+00
5.820663734848512405e+00
5.827423629318586151e+00
5.834033411950386494e+00
5.840496416163406757e+00
5.846815901354423417e+00
5.852995054541271003e+00
5.859036991970098640e+00
5.864944760686944925e+00
5.870721340074416261e+00
5.876369643354232508e+00
5.881892519056412638e+00
5.887292752455834055e+00
5.892573066976895646e+00
5.897736125566976462e+00
5.902784532039409449e+00
5.907720832386624821e+00
5.912547516064130981e+00
5.917267017245992911e+00
5.921881716052422640e+00
5.926393939750108864e+00
5.930805963925900315e+00
5.935120013634419323e+00
5.939338264520187316e+00
5.943462838969875150e+00
5.947495824795456798e+00
5.949924802313417693e+00
5.950044816226637501e+00
5.948728242233157104e+00
5.946746608122441380e+00
5.944603038707343856e+00
5.942548395777278891e+00
5.940662542049765626e+00
5.938936212128433034e+00
5.937328729579284925e+00
5.935799341762838743e+00
5.934319177749758367e+00
5.932872265558365221e+00
5.931452088489964858e+00
5.930057459473566439e+00
5.928689369952097721e+00
5.927349143600577186e+00
5.926037639240494315e+00
5.924755091146377772e+00
5.923501238169261995e+00
5.922275524600161489e+00
5.921077268441402808e+00
5.919905767069781000e+00
5.918760347508862374e+00
5.917640380554865409e+00
5.916545276848984791e+00
5.915474477162764089e+00
5.914427443292039399e+00
5.913403651815074547e+00
5.912402590722503071e+00
5.911423758068565348e+00
5.910466661719550707e+00
5.909530819522546885e+00
5.908615759513209831e+00
5.907721020007360657e+00
5.906846149553249603e+00
5.905990706779159716e+00
5.905154260181600279e+00
5.904336387890801063e+00
5.903536677435549329e+00
5.902754725517349144e+00
5.901990137796249591e+00
5.901242528687074440e+00
5.900511521163794626e+00
5.899796746569944794e+00
5.899097844433789817e+00
5.898414462287478344e+00
5.897746255489899170e+00
5.897092887053174692e+00
5.896454027472815440e+00
5.895829354561531233e+00
5.895218553286697194e+00
5.894621315611431100e+00
5.894037340339208342e+00
5.893466332961949661e+00
5.892908005511482195e+00
5.892362076414322303e+00
5.891828270349662944e+00
5.891306318110585138e+00
5.890795956468128480e+00
5.890296928038721624e+00
5.889808981154370571e+00
5.889331869735574543e+00
5.888865353167382466e+00
5.888409196178005622e+00
5.887963168720158791e+00
5.887527045855040164e+00
5.887100607638890537e+00
5.886683639012072256e+00
5.886275929690609310e+00
5.885877274060145936e+00
5.885487471072249122e+00
5.885106324143014156e+00
5.884733641053925268e+00
5.884369233854917169e+00
5.884012918769590428e+00
5.883664516102527386e+00
5.883323850148669543e+00
5.882990749104705763e+00
5.882665044982435809e+00
5.882346573524039002e+00
5.882035174119247145e+00
5.881730689724340877e+00
5.881432966782953464e+00
5.881141855148624309e+00
5.880857208009084403e+00
5.880578881812209779e+00
5.880306736193633199e+00
5.880040633905949221e+00
5.879780440749502013e+00
5.879526025504707043e+00
5.879277259865870242e+00
5.879034018376487758e+00
5.878796178365971237e+00
5.878563619887785308e+00
5.878336225658954639e+00
5.878113881000921026e+00
5.877896473781703435e+00
5.877683894359351235e+00
5.877476035526647991e+00
5.877272792457048922e+00
5.877074062651809427e+00
5.876879745888300199e+00
5.876689744169456553e+00
5.876503961674362841e+00
5.876322304709923117e+00
5.876144681663615366e+00
5.875971002957283140e+00
5.875801181001969908e+00
5.875635130153735730e+00
5.875472766670472247e+00
5.875314008669668908e+00
5.875158776087117118e+00
5.875006990636531867e+00
5.874858575770076641e+00
5.874713456639748976e+00
5.874571560059642650e+00
5.874432814469034980e+00
5.874297149896296588e+00
5.874164497923605843e+00
5.874034791652443133e+00
5.873907965669854292e+00
5.873783956015460106e+00
5.873662700149200333e+00
5.873544136919795378e+00
5.873428206533905183e+00
5.873314850525976460e+00
5.873204011728752505e+00
5.873095634244449137e+00
5.872989663416562145e+00
5.872886045802301780e+00
5.872784729145640092e+00
5.872685662350962232e+00
5.872588795457292399e+00
5.872494079613101547e+00
5.872401467051668433e+00
5.872310911066993100e+00
5.872222365990235282e+00
5.872135787166695486e+00
5.872051130933280128e+00
5.871968354596492468e+00
5.871887416410897842e+00
5.871808275558068502e+00
5.871730892126002743e+00
5.871655227088993456e+00
5.871581242287947866e+00
5.871508900411144261e+00
5.871438164975409713e+00
5.871369000307730346e+00
5.871301371527254176e+00
5.871235244527700736e+00
5.871170585960164168e+00
5.871107363216287567e+00
5.871045544411829908e+00
5.870985098370573141e+00
5.870925994608610310e+00
5.870868203318964085e+00
5.870811695356558779e+00
5.870756442223523663e+00
5.870702416054816020e+00
5.870649589604171048e+00
5.870597936230362635e+00
5.870547429883763435e+00
5.870498045093212269e+00
5.870449756953168396e+00
5.870402541111146455e+00
5.870356373755439172e+00
5.870311231603108304e+00
5.870267091888241140e+00
5.870223932350471685e+00
5.870181731223751420e+00
5.870140467225375858e+00
5.870100119545246464e+00
5.870060667835381274e+00
5.870022092199650210e+00
5.869984373183740445e+00
5.869947491765345582e+00
5.869911429344575104e+00
5.869876167734572547e+00
5.869841689152340614e+00
5.869807976209777678e+00
5.869775011904904360e+00
5.869742779613292605e+00
5.869711263079681274e+00
5.869680446409775598e+00
5.869650314062234919e+00
5.869620850840831849e+00
5.869592041886790845e+00
5.869563872671294646e+00
5.869536328988156804e+00
5.661644183157192423e+00
5.534886836273299693e+00
5.410944293442870645e+00
5.289754048451834834e+00
5.171254983114105919e+00
5.055387336448700530e+00
4.942092674541314068e+00
4.831313861075161142e+00
4.722995028516215221e+00
4.617081549938310658e+00
4.513520011473910465e+00
4.412258185376632724e+00
4.313245003681963397e+00
4.216430532452856816e+00
4.121765946597252039e+00
4.029203505244797867e+00
3.938696527670361380e+00
3.850199369752190570e+00
3.763667400952851239e+00
3.679056981811329674e+00
3.596325441934952849e+00
3.515431058480023019e+00
3.436333035110320289e+00
3.358991481422851422e+00
3.283367392830483844e+00
3.209422630891303641e+00
3.137119904074785914e+00
3.066422748955079047e+00
2.997295511821914449e+00
2.929703330699865660e+00
2.863612117766896503e+00
2.798988542163324045e+00
2.735800013182531742e+00
2.674014663834952010e+00
2.613601334777033713e+00
2.554529558597081973e+00
2.496769544450055722e+00
2.440292163033566109e+00
2.385068931897499578e+00
2.331072001079864897e+00
2.278274139061605030e+00
2.226648719033310631e+00
2.176169705466888260e+00
2.126811640985427410e+00
2.078549633524636508e+00
2.031359343779375326e+00
1.985216972928951495e+00
1.940099250634994998e+00
1.895983423305852122e+00
1.852847242621584067e+00
1.812088608599883299e+00
1.796417750937153945e+00
1.796994635549732600e+00
1.804719915668979713e+00
1.813618585834215979e+00
1.820989908694969239e+00
1.826319075717599771e+00
1.830100346102270015e+00
1.833038149204830214e+00
1.835670776381487679e+00
1.838285838687201856e+00
1.840975866561356478e+00
1.843727595622482118e+00
1.846492792869897759e+00
1.849227318638148487e+00
1.851904490110906298e+00
1.854514031184701039e+00
1.857055926806257418e+00
1.859534495374291385e+00
1.861954616890459713e+00
1.864320097424889022e+00
1.866633415446973476e+00
1.868896080828178929e+00
1.871109100805469883e+00
1.873273323357563358e+00
1.875389614881909806e+00
1.877458912581530637e+00
1.879482211446305451e+00
1.881460531145328963e+00
1.883394887059779643e+00
1.885286273187906536e+00
1.887135655697045777e+00
1.888943973017209510e+00
1.890712138165868916e+00
1.892441041911917088e+00
1.894131554764541203e+00
1.895784528188839468e+00
1.897400795304611032e+00
1.898981170912240835e+00
1.900526452044190462e+00
1.902037418119708612e+00
1.903514831246638117e+00
1.904959436573187448e+00
1.906371962664783259e+00
1.907753121884937508e+00
1.909103610767936221e+00
1.910424110378841522e+00
1.911715286660862212e+00
1.912977790771900999e+00
1.914212259412187311e+00
1.915419315144335943e+00
1.916599566706524982e+00
1.917753609319077013e+00
1.918882024984510437e+00
1.919985382781078886e+00
1.921064239149837150e+00
1.922119138175333752e+00
1.923150611860039216e+00
1.924159180478571152e+00
1.925145352551298483e+00
1.926109625419496485e+00
1.927052485392281467e+00
1.927974407980650229e+00
1.928875858132774734e+00
1.929757290468090858e+00
1.930619149507874388e+00
1.931461869900913619e+00
1.932285876643749845e+00
1.933091585295515946e+00
1.933879402187640428e+00
1.934649724628701106e+00
1.935402941190589976e+00
1.936139431615609974e+00
1.936859567412540839e+00
1.937563711651326681e+00
1.938252219453670655e+00
1.938925438063748174e+00
1.939583707011731883e+00
1.940227358281822134e+00
1.940856716566679463e+00
1.941472099144743613e+00
1.942073816446848733e+00
1.942662171821293970e+00
1.943237461994761217e+00
1.943799977113587207e+00
1.944350000878332985e+00
1.944887810683489704e+00
1.945413677844269218e+00
1.945927867446952009e+00
1.946430638803263946e+00
1.946922245478448943e+00
1.947402935408392821e+00
1.947872951020177323e+00
1.948332529353798304e+00
1.948781902182851633e+00
1.949221296132803039e+00
1.949650932796268776e+00
1.950071028845261845e+00
1.950481796226501974e+00
1.950883441979480715e+00
1.951276168659476173e+00
1.951660174335738684e+00
1.952035652680122801e+00
1.952402793060229458e+00
1.952761780634511224e+00
1.953112796532872508e+00
1.953456017660740285e+00
1.953791617108024292e+00
1.954119764133043224e+00
1.954440624236800650e+00
1.954754359241876793e+00
1.955061127373533658e+00
1.955361083340723782e+00
1.955654378415555117e+00
1.955941160510598076e+00
1.956221574253987905e+00
1.956495761062499783e+00
1.956763859212811152e+00
1.957026003911130463e+00
1.957282327361295149e+00
1.957532958831392778e+00
1.957778024718933807e+00
1.958017648700500546e+00
1.958251951505354471e+00
1.958481051380936089e+00
1.958705063759850873e+00
1.958924101625577396e+00
1.959138275461060674e+00
1.959347693292828430e+00
1.959552460742262081e+00
1.959752681079962144e+00
1.959948455366084197e+00
1.960139882214524176e+00
1.960327058162524949e+00
1.960510077615926328e+00
1.960689032885582384e+00
1.960864014229247498e+00
1.961035109982450786e+00
1.961202406315461833e+00
1.961365987682795575e+00
1.961525936474186604e+00
1.961682333450044613e+00
1.961835257385166731e+00
1.961984785415505916e+00
1.962130992969887355e+00
1.962273953883753697e+00
1.962413740145408925e+00
1.962550422252611337e+00
1.962684069232628836e+00
1.962814748379008822e+00
1.962942525600768873e+00
1.963067465437630998e+00
1.963189630793855667e+00
1.963309083285478707e+00
1.963425883167991381e+00
1.963540089357227902e+00
1.963651759456138457e+00
1.963760949784423726e+00
1.963867715408645021e+00
1.963972110257440562e+00
1.964074186860888416e+00
1.964173996696077840e+00
1.964271590109231136e+00
1.964367016329776616e+00
1.964460323576448175e+00
1.964551558792350994e+00
1.964640767988595771e+00
1.964727996165108737e+00
1.964813287323162960e+00
1.964896684483571354e+00
1.964978229794032805e+00
1.965057964262860724e+00
1.965135928099744023e+00
1.965212160633102334e+00
1.965286700319164526e+00
1.965359584756954492e+00
1.965430850706803900e+00
1.965500534110087294e+00
1.965568670108760019e+00
1.965635293064073030e+00
1.965700436574391974e+00
1.965764133492268417e+00
1.965826415940953975e+00
1.965887315330495433e+00
1.965946862373489257e+00
1.966005087100520354e+00
1.966062018875289086e+00
1.966117686409418086e+00
1.966172117862848401e+00
1.966225340569270230e+00
1.966277381368614519e+00
1.966328266516715662e+00
1.966378021687341660e+00
1.966426671980631369e+00
1.966474241935360245e+00
1.966520755542618737e+00
1.966566236259403855e+00
1.966610707021490878e+00
1.966654190255504808e+00
1.966696707890358331e+00
1.966738281368249242e+00
1.966778931655361440e+00
1.966818679252347879e+00
1.966857544204618335e+00
1.966895546198335953e+00
1.966932704281569411e+00
1.966969037192610514e+00
1.967004563265551953e+00
1.967039300428330639e+00
1.967073266207261195e+00
1.967106477821386035e+00
1.967138951903691257e+00
1.967170704829687367e+00
1.967201752622830702e+00
1.967232110951900648e+00
1.967261795134517932e+00
1.967290820144414809e+00
1.967319200620180730e+00
1.967346950874043543e+00
1.967374084985986649e+00
1.967400616522557488e+00
1.967426558862543251e+00
1.967451925099782839e+00
1.967476728038458189e+00
1.967500980194953675e+00
1.967524693803726521e+00
1.967547880824763951e+00
1.967570552951107388e+00
1.967592721615795570e+00
1.967614397998144415e+00
1.967635593029517294e+00
1.967656317398776444e+00
1.967676581557564308e+00
1.967696395811387999e+00
1.967715770035990408e+00
1.967734714001012408e+00
1.967753237356949292e+00
1.967771349340039944e+00
1.967789059091123560e+00
1.967806375555984255e+00
1.967823307479960704e+00
1.967839863409339030e+00
1.967856051782216564e+00
1.967871880645791549e+00
1.967887357980743657e+00
1.967902491602358639e+00
1.967917289153655602e+00
1.967931758104766615e+00
1.967945905756196767e+00
