6.017500650611875557e-01
5.980389203337992399e-01
5.984655958575022527e-01
6.028649634086709064e-01
6.110717893643826670e-01
6.229210076715870903e-01
6.382479817098974939e-01
6.568887550173242440e-01
6.786802908622768804e-01
7.034607006779693972e-01
7.310694613984664025e-01
7.613478948323901818e-01
7.941396149867097076e-01
8.292899745732069672e-01
8.666464576494382621e-01
9.060588403916511879e-01
9.473793420241041208e-01
9.904636182205186490e-01
1.035169820875114111e+00
1.081358895350787330e+00
1.128894726069231247e+00
1.177644659807998373e+00
1.227479967884347323e+00
1.278274752262407388e+00
1.329906378409345669e+00
1.382255584381303581e+00
1.435207509363894740e+00
1.488650322182692110e+00
1.542475651707037709e+00
1.596578620211961619e+00
1.650859150973819967e+00
1.705220334098361601e+00
1.759568725087136354e+00
1.813814408673495082e+00
1.867871898418442145e+00
1.921659185518696633e+00
1.975097630609203847e+00
2.028112071407858430e+00
2.080631337745550091e+00
2.132588091620446047e+00
2.183918135289015350e+00
2.234560618153757172e+00
2.284458003016286654e+00
2.333557039408110878e+00
2.381807337485502440e+00
2.429161644684746157e+00
2.475575818551739804e+00
2.521008835824105176e+00
2.565423549378982759e+00
2.608785385639493803e+00
2.651062635692274405e+00
2.692226397022107420e+00
2.732250513325685581e+00
2.771112031259220121e+00
2.808790804074991154e+00
2.845269042861413133e+00
2.880531412257931745e+00
2.914564964520566015e+00
2.947359072805977753e+00
2.978905363772013981e+00
3.009198192956479723e+00
3.038233802548060858e+00
3.066010453028315208e+00
3.092528357512263515e+00
3.117789611871135236e+00
3.141798124654025415e+00
3.164559546920784783e+00
3.186081202100675913e+00
3.206372110441367607e+00
3.225443177249044169e+00
3.243306585035060863e+00
3.259975884376738353e+00
3.275465926258644966e+00
3.289792794988175118e+00
3.302973741742706526e+00
3.315027118812815310e+00
3.325972314603161450e+00
3.335829689445477531e+00
3.344620512297007853e+00
3.352366898343080770e+00
3.359091747578307530e+00
3.364818684421166495e+00
3.369571998373507071e+00
3.373376585794787275e+00
3.376257892831471707e+00
3.378241859516328383e+00
3.379354865093248783e+00
3.379623674590178428e+00
3.379075386668871417e+00
3.377737382794958609e+00
3.375637277723007479e+00
3.372802871343967723e+00
3.369262101907098295e+00
3.365043000633336945e+00
3.360173647733133873e+00
3.354682129861743078e+00
3.348596498987753911e+00
3.341944732715187438e+00
3.334754696048184197e+00
3.327054104627404030e+00
3.318870489398092705e+00
3.310231162755914447e+00
3.301163186143845962e+00
3.291693339104900140e+00
3.281848089787780864e+00
3.271653566891611575e+00
3.261135533055013802e+00
3.250319359661257401e+00
3.239230003068967800e+00
3.227891982239518676e+00
3.216329357754181828e+00
3.204565712203364836e+00
3.192624131930907883e+00
3.180527190114883052e+00
3.168296931163865793e+00
3.155954856412211296e+00
3.143521911085419340e+00
3.131018472516765794e+00
3.118464339590363732e+00
3.105878723383405315e+00
3.093280238983516117e+00
3.080686898453311340e+00
3.068116104914017761e+00
3.055584805544214078e+00
3.043109354521329912e+00
3.030705445783178575e+00
3.018388144838666687e+00
3.006171887808653409e+00
2.994070481436843512e+00
2.982097104037936042e+00
2.970264307348797317e+00
2.958584019251661257e+00
2.947067547332697046e+00
2.935725583247141390e+00
2.924568207840816392e+00
2.913604897025927176e+00
2.902844528349370901e+00
2.892295388221692409e+00
2.881965179785578979e+00
2.871861031382173746e+00
2.861989505583188542e+00
2.852356608756181355e+00
2.842967801129271166e+00
2.833828007323411224e+00
2.824941627319316861e+00
2.816312547828460744e+00
2.807944154036353446e+00
2.799839341683794114e+00
2.792000605022425308e+00
2.784429990785221243e+00
2.777129069253688964e+00
2.770098967108768573e+00
2.763340380849981681e+00
2.756853590404905852e+00
2.750638472886290931e+00
2.744694516479757151e+00
2.739020834426022510e+00
2.733616179090042397e+00
2.728478956079497308e+00
2.723607238394996966e+00
2.718998780592281950e+00
2.714651032923108609e+00
2.710561155455521121e+00
2.706726032127460435e+00
2.703142284741402168e+00
2.699806286854207205e+00
2.696714177569977000e+00
2.693861875201695621e+00
2.691245090792407701e+00
2.688859341478478271e+00
2.686699963682416925e+00
2.684762126119210279e+00
2.683040842604707876e+00
2.681530984652316096e+00
2.680227293850772519e+00
2.679124393999411602e+00
2.678216803012940961e+00
2.677498944559989713e+00
2.676965159451825560e+00
2.676609716755677493e+00
2.676426824632550883e+00
2.676410640892973536e+00
2.676555283262353147e+00
2.676854839351862303e+00
2.677303376330961271e+00
2.677894950296689114e+00
2.678623615336491959e+00
2.679483432281743571e+00
2.680468477149691164e+00
2.681572849272103820e+00
2.682790679109438248e+00
2.684116135749852639e+00
2.685543434092892756e+00
2.687066841718159793e+00
2.688680685439726936e+00
2.690379357547521888e+00
2.692157321737310927e+00
2.694009118731334862e+00
2.695929371592031831e+00
2.697912790731658461e+00
2.699954178620969980e+00
2.702048434200465810e+00
2.704190556998010031e+00
2.706375650956958090e+00
2.708598927979184001e+00
2.710855711187207806e+00
2.713141437911594789e+00
2.715451662408538080e+00
2.717782058306411397e+00
2.720128420808959113e+00
2.722486668626248996e+00
2.724852845663616741e+00
2.727223122481136297e+00
2.729593797500595276e+00
2.731961297987298476e+00
2.734322180824171777e+00
2.736673133050021356e+00
2.739010972198886673e+00
2.741332646431320796e+00
2.743635234479355312e+00
2.745915945399784341e+00
2.748172118136686937e+00
2.750401220916359968e+00
2.752600850475275251e+00
2.754768731118621083e+00
2.756902713634211022e+00
2.759000774054477301e+00
2.761061012278775539e+00
2.763081650562028369e+00
2.765061031876078879e+00
2.766997618152288396e+00
2.768889988410005998e+00
2.770736836778526779e+00
2.772536970419013702e+00
2.774289307352836076e+00
2.775992874203135230e+00
2.777646803854751045e+00
2.779250333039982035e+00
2.780802799855517815e+00
2.782303641217261703e+00
2.783752390257860920e+00
2.785148673673329967e+00
2.786492209024867162e+00
2.787782801996526949e+00
2.789020343632270915e+00
2.790204807526798891e+00
2.791336247001196647e+00
2.792414792252744249e+00
2.793440647506093555e+00
2.794414088136696783e+00
2.795335457797964995e+00
2.796205165545837090e+00
2.797023682967715530e+00
2.797791541318219277e+00
2.798509328666402229e+00
2.799177687058625352e+00
2.799797309701605119e+00
2.800368938165508581e+00
2.800893359610348021e+00
2.801371404043264235e+00
2.801803941614585458e+00
2.802191879945404196e+00
2.802536161483891952e+00
2.802837760909758558e+00
2.803097688144684074e+00
2.803316977567410273e+00
2.803496687657435871e+00
2.803637898685086505e+00
2.803741710373248264e+00
2.803809239611768866e+00
2.803841618225786370e+00
2.803839990799711135e+00
2.803805512553934509e+00
2.803739347286256844e+00
2.803642665365898790e+00
2.803516641789907560e+00
2.803362454299515250e+00
2.803181281557574511e+00
2.802974301387620049e+00
2.802742689075001792e+00
2.802487615730417048e+00
2.802210246716088982e+00
2.801911740134713558e+00
2.801593245381223340e+00
2.801255901757310429e+00
2.800900839766403916e+00
2.800529178606102843e+00
2.800142022838660427e+00
2.799740462048656120e+00
2.799325569750586329e+00
2.798898402357849147e+00
2.798459998212521782e+00
2.798011376675261896e+00
2.797553537274591662e+00
2.797087458914776281e+00
2.796614099141433663e+00
2.796134393463967083e+00
2.795649254733858946e+00
2.795159572577809115e+00
2.794666212884669321e+00
2.794170017345057655e+00
2.700470480348386548e+00
2.648938904574722475e+00
2.602224164248305271e+00
2.560226390066878910e+00
2.522842264011750935e+00
2.489965287514669612e+00
2.461486667462138289e+00
2.437294751063210363e+00
2.417275359413129987e+00
2.401312097126488521e+00
2.389286602327055586e+00
2.381078791209606749e+00
2.376567096880802588e+00
2.375628702246346258e+00
2.378139766714794323e+00
2.383975646554122196e+00
2.393011108704753198e+00
2.405120537934530844e+00
2.420178137203544466e+00
2.438058121141866152e+00
2.458634902574718062e+00
2.481783271998589502e+00
2.507378569988794936e+00
2.535296852494815401e+00
2.565415049008149317e+00
2.597611261066735455e+00
2.631765213820775884e+00
2.667757769758219322e+00
2.705471234876155595e+00
2.744789479471654747e+00
2.785598052386880408e+00
2.827784288829378045e+00
2.871237411884973945e+00
2.915849298569169079e+00
2.961513649615450383e+00
3.008126313319019030e+00
3.055585361286373480e+00
3.103791156720417721e+00
3.152646595463997947e+00
3.202057736816691147e+00
3.251932777314344492e+00
3.302182404472267407e+00
3.352719836296997880e+00
3.403460855854698153e+00
3.454324683380496364e+00
3.505233010703283192e+00
3.556110075372624024e+00
3.606882747865618466e+00
3.657480543005923401e+00
3.707836128790078511e+00
3.757885012190106178e+00
3.807565183817972265e+00
3.856817261725604240e+00
3.905584483478973024e+00
3.953812870172685567e+00
4.001431507571927781e+00
4.048322693794953686e+00
4.094387389668211696e+00
4.139526558078901353e+00
4.183647869659425034e+00
4.226759731145190990e+00
4.268914240292446927e+00
4.310132656296887355e+00
4.350435766267406912e+00
4.389843895709371502e+00
4.428357180108046798e+00
4.465930715852901578e+00
4.502542918535612948e+00
4.538174025547804469e+00
4.572806282900015340e+00
4.606423901996058667e+00
4.639013015269235929e+00
4.670561630809579867e+00
4.701059586051584027e+00
4.730498785509777981e+00
4.758872986446014863e+00
4.786177514658445986e+00
4.812409310918531524e+00
4.837566881563486021e+00
4.861650248654468598e+00
4.884660899778960896e+00
4.906601737580499112e+00
4.927477029099472716e+00
4.947292354999022201e+00
4.966054792257458494e+00
4.983772744401208321e+00
5.000455665479304201e+00
5.016114097950965522e+00
5.030759623063048025e+00
5.044404811527009258e+00
5.057063174538313888e+00
5.068749115182368925e+00
5.079477880272039059e+00
5.089265512661589774e+00
5.098128804073291498e+00
5.106085248480467520e+00
5.113152996082482638e+00
5.119350807907307122e+00
5.124698011097841288e+00
5.129214454876040996e+00
5.132920467239841855e+00
5.135836812451421984e+00
5.137984649283424687e+00
5.139385490099592779e+00
5.140061160780205363e+00
5.140033761525140577e+00
5.139325628547425140e+00
5.137959296665042253e+00
5.135957462831332698e+00
5.133342950636897051e+00
5.130138675746624521e+00
5.126367612331910628e+00
5.122052760498427837e+00
5.117217114704598835e+00
5.111883633207141564e+00
5.106075208521071218e+00
5.099814638901301045e+00
5.093124600866619112e+00
5.086027622744131449e+00
5.078546059275417690e+00
5.070702067238403110e+00
5.062517582107494363e+00
5.054014295763189502e+00
5.045213635215477943e+00
5.036136742371160935e+00
5.026804454811408363e+00
5.017237287584936034e+00
5.007455416011826976e+00
4.997478659485379282e+00
4.987326466257541391e+00
4.977017899205659290e+00
4.966571622563765942e+00
4.956005889602616676e+00
4.945338531250690117e+00
4.934586945642602807e+00
4.923768088575117829e+00
4.912898464855568470e+00
4.901994120530487109e+00
4.891070635972930347e+00
4.880143119813099339e+00
4.869226203694860367e+00
4.858334037833024865e+00
4.847480287364663631e+00
4.836678129461866149e+00
4.825940251194812625e+00
4.815278848118681232e+00
4.804705623569182293e+00
4.794231984207558916e+00
4.783868778249367182e+00
4.773626352729087863e+00
4.763514560425589295e+00
4.753542762287334078e+00
4.743719830455108699e+00
4.734054151859302451e+00
4.724553632359519639e+00
4.715225701423418236e+00
4.706077317295383367e+00
4.697114972658924970e+00
4.688344700741662763e+00
4.679772081868195599e+00
4.671402250411778923e+00
4.663239902143203608e+00
4.655289301930965351e+00
4.647554291811277771e+00
4.640038299346930906e+00
4.632744346298373728e+00
4.625675057575618254e+00
4.618832670439356747e+00
4.612219043938132756e+00
4.605835668558516005e+00
4.599683676070161376e+00
4.593763849540693833e+00
4.588076633507592206e+00
4.582622144283760690e+00
4.577400180378766947e+00
4.572410233018249670e+00
4.567651496744129958e+00
4.563122880073398946e+00
4.558823016209216483e+00
4.554750273777616876e+00
4.550902767577959196e+00
4.547278369336140713e+00
4.543874718439425919e+00
4.540689232633402739e+00
4.537719146980258245e+00
4.534961512361828539e+00
4.532413174552566204e+00
4.530070796636734620e+00
4.527930869471622266e+00
4.525989722040693053e+00
4.524243531706614974e+00
4.522688334328714532e+00
4.521320034252273246e+00
4.520134414150454027e+00
4.519127144721988287e+00
4.518293794216277526e+00
4.517629837809468363e+00
4.517130666782110282e+00
4.516791597530319002e+00
4.516607880372601080e+00
4.516574708176768205e+00
4.516687224770110198e+00
4.516940533160612503e+00
4.517329703531641982e+00
4.517849781034799506e+00
4.518495793352805379e+00
4.519262758041993955e+00
4.520145689667843136e+00
4.521139606688730161e+00
4.522239538123796088e+00
4.523440529988142167e+00
4.524737651493743407e+00
4.526126001018005773e+00
4.527600711839524728e+00
4.529156957640789294e+00
4.530789957768170062e+00
4.532494982275177442e+00
4.534267356713201913e+00
4.536102466707038872e+00
4.537995762291235913e+00
4.539942762022188383e+00
4.541939056854347179e+00
4.543980313802655324e+00
4.546062279375719939e+00
4.548180782791136245e+00
4.550331738972731799e+00
4.552511151336314121e+00
4.554715114358198313e+00
4.556939815937971261e+00
4.559181539562621843e+00
4.561436672650668989e+00
4.563701727297163835e+00
4.565973305344246391e+00
4.568248110234140569e+00
4.570522948172013322e+00
4.572794729108610845e+00
4.575060467549376675e+00
4.577317283197577247e+00
4.579562401434038144e+00
4.581793153637313765e+00
4.584006977351422485e+00
4.586201416304497513e+00
4.588374120283473800e+00
4.590522844868199392e+00
4.592645451033724235e+00
4.594739904620483095e+00
4.596804275676677598e+00
4.598836737690236376e+00
4.600835566703076474e+00
4.602799140309114634e+00
4.604725936550687848e+00
4.606614532720064936e+00
4.608463604059870988e+00
4.610271922377680909e+00
4.612038354572036702e+00
4.613761861079010096e+00
4.615441494242658038e+00
4.617076396614936407e+00
4.618665799187137821e+00
4.620209019560458152e+00
4.621705460061423132e+00
4.623154605797736849e+00
4.624556022666716615e+00
4.625909355329111960e+00
4.627214325128793604e+00
4.628470727983390098e+00
4.629678432240163843e+00
4.630837376504805647e+00
4.631947567447208591e+00
4.633009077584315349e+00
4.634022043046356565e+00
4.634986661330085411e+00
4.635903189040086581e+00
4.636771939621596061e+00
4.637593281104845033e+00
4.638367633827750858e+00
4.639095468173294101e+00
4.639777302312523943e+00
4.640413699949634818e+00
4.641005268086836111e+00
4.641552654800265465e+00
4.642056547028563074e+00
4.642517668381974438e+00
4.642936776977797386e+00
4.643314663297777756e+00
4.643652148063313945e+00
4.643950080147928539e+00
4.644209334517899634e+00
4.644430810200441684e+00
4.644615428287669268e+00
4.644764129974928935e+00
4.644877874636661907e+00
4.644957637935922534e+00
4.645004409978193749e+00
4.645019193505492971e+00
4.645003002125736025e+00
4.644956858587366177e+00
4.644881793102180190e+00
4.644778841710493822e+00
4.644649044683943906e+00
4.479943904377877040e+00
4.379563999438230049e+00
4.281639951266836164e+00
4.186223359374113606e+00
4.093361279377217166e+00
4.003096600423542206e+00
3.915466861766701445e+00
3.830505384298481975e+00
3.748241541486862172e+00
3.668699587715429811e+00
3.591899429367667373e+00
3.517857528291436164e+00
3.446585491310524496e+00
3.378090639296067899e+00
3.312376940781247558e+00
3.249444403705262996e+00
3.189288910901327601e+00
3.131902522498918096e+00
3.077274385983893357e+00
3.025390191242891991e+00
2.976231976863496609e+00
2.929778446821630578e+00
2.886005111408195933e+00
2.844885193883738062e+00
2.806388860498276294e+00
2.770483368715149552e+00
2.737133293909352894e+00
2.706300672047849520e+00
2.677945141688444775e+00
2.652024148762418321e+00
2.628493399950865506e+00
2.607306420339416064e+00
2.588414859943646285e+00
2.571768629637440906e+00
2.557316035121225628e+00
2.545003908770957946e+00
2.534777739251555140e+00
2.526581798750109797e+00
2.520359267706977935e+00
2.516052356927406919e+00
2.513602426960394265e+00
2.512950104644453564e+00
2.514035396720696980e+00
2.516797800445374378e+00
2.521176411099605108e+00
2.527110026343138305e+00
2.534537247360509227e+00
2.543396576739859860e+00
2.553626513051354685e+00
2.565165642086331577e+00
2.577952724744799085e+00
2.591926781547345016e+00
2.607027173764127959e+00
2.623193681165312263e+00
2.640366576395662079e+00
2.658486695986224557e+00
2.677495508020573567e+00
2.697335176480113450e+00
2.717948622292575500e+00
2.739279581124217877e+00
2.761272657944296771e+00
2.783873378407342614e+00
2.807028502221429633e+00
2.830685774385399256e+00
2.854793966982783981e+00
2.879302943598684994e+00
2.904163694545905727e+00
2.929328369168215929e+00
2.954750305277773492e+00
2.980384055783095842e+00
3.006185412572506266e+00
3.032111427716098984e+00
3.058120432051478765e+00
3.084172370195084500e+00
3.110228571192176439e+00
3.136251595142673931e+00
3.162205319155233951e+00
3.188054943761969628e+00
3.213766997246251034e+00
3.239309337920925014e+00
3.264651154451039705e+00
3.289762964295727343e+00
3.314616610306192701e+00
3.339185275543354869e+00
3.363443922579470335e+00
3.387368621351210418e+00
3.410936721626231183e+00
3.434126841392731055e+00
3.456918853884691334e+00
3.479293873328634046e+00
3.501234239470266019e+00
3.522723500927509743e+00
3.543746397455841635e+00
3.564288841168192334e+00
3.584337896774016041e+00
3.603881810880555037e+00
3.622910216198536038e+00
3.641413704150543218e+00
3.659383917785641316e+00
3.676813528032641276e+00
3.693696209335792791e+00
3.710026614726874339e+00
3.725800350399410821e+00
3.741013949817662443e+00
3.755664847422667485e+00
3.769751351989039545e+00
3.783272619666213199e+00
3.796228626755907332e+00
3.808620142280787935e+00
3.820448700376809725e+00
3.831716572556644884e+00
3.842426739881145359e+00
3.852582865090461439e+00
3.862189446702949613e+00
3.871251530733325730e+00
3.879774749981089954e+00
3.887765298272440884e+00
3.895229903184230569e+00
3.902175798938722906e+00
3.908610699504170949e+00
3.914542771935810794e+00
3.919980609972437691e+00
3.924933207930360712e+00
3.929409934905318202e+00
3.933420509333844350e+00
3.936974973894708185e+00
3.940083670810459626e+00
3.942757217553942262e+00
3.945006482972832185e+00
3.946842563867529297e+00
3.948276762027451703e+00
3.949320561739384505e+00
3.949985607795117204e+00
3.950283684000768680e+00
3.950226692205843104e+00
3.949826631860288817e+00
3.949095580113442860e+00
3.948045672462314748e+00
3.946689083956938404e+00
3.945038010972605758e+00
3.943104653552124805e+00
3.940901198330106325e+00
3.938439802026940662e+00
3.935732575542852274e+00
3.932791568634300461e+00
3.929628755174948473e+00
3.926256019015534005e+00
3.922685140430641759e+00
3.918927783157164058e+00
3.914995482022835649e+00
3.910899631154050038e+00
3.906651472786778712e+00
3.902262086636199889e+00
3.897742379853034844e+00
3.893103077551636648e+00
3.888354713896202242e+00
3.883507623765144245e+00
3.878571934946572597e+00
3.873557560891702778e+00
3.868474194003720168e+00
3.863331299455087908e+00
3.858138109529707815e+00
3.852903618472458103e+00
3.847636577839123717e+00
3.842345492354112491e+00
3.837038616232296917e+00
3.831723949972303700e+00
3.826409237624535997e+00
3.821101964501170567e+00
3.815809355318715568e+00
3.810538372770801541e+00
3.805295738378938086e+00
3.800087968063268207e+00
3.794921285940086708e+00
3.789801650019406054e+00
3.784734752662635593e+00
3.779726021402112668e+00
3.774780620103392881e+00
3.769903450476124629e+00
3.765099153883833427e+00
3.760372113475296540e+00
3.755726456603940999e+00
3.751166057530352482e+00
3.746694540391280359e+00
3.742315282425891176e+00
3.738031417441816995e+00
3.733845839511360953e+00
3.729761206881923474e+00
3.725779946090363115e+00
3.721904256269645828e+00
3.718136113632364737e+00
3.714477276121795235e+00
3.710929288214111388e+00
3.707493485865157812e+00
3.704171001589434464e+00
3.700962769646983563e+00
3.697869531352231842e+00
3.694891840464405330e+00
3.692030068679778676e+00
3.689284411192906177e+00
3.686654892313806720e+00
3.684141371143549115e+00
3.681743547298753416e+00
3.679460966666502131e+00
3.677293027185778218e+00
3.675238984646779450e+00
3.673297958496978932e+00
3.671468937641120256e+00
3.669750786239571294e+00
3.668142249486339157e+00
3.666641959361732983e+00
3.665248440350900250e+00
3.663960115129971218e+00
3.662775310200978129e+00
3.661692261475518517e+00
3.660709119805798384e+00
3.659823956435040326e+00
3.659034768386451475e+00
3.658339483791241520e+00
3.657735967109805308e+00
3.657222024294459750e+00
3.656795407840578438e+00
3.656453821755123457e+00
3.656194926425396119e+00
3.656016343385530387e+00
3.655915659979522392e+00
3.655890433915196969e+00
3.655938197710583815e+00
3.656056463022857361e+00
3.656242724864170679e+00
3.656494465699896335e+00
3.656809159426339217e+00
3.657184275227622905e+00
3.657617281311492441e+00
3.658105648519026420e+00
3.658646853811720501e+00
3.659238383630811775e+00
3.659877737134059394e+00
3.660562429303343635e+00
3.661289993926501118e+00
3.662057986447893931e+00
3.662863986705024555e+00
3.663705601534847922e+00
3.664580467245114992e+00
3.665486251969583886e+00
3.666420657897652813e+00
3.667381423381820937e+00
3.668366324921916721e+00
3.669373179031360621e+00
3.670399843982190990e+00
3.671444221435983923e+00
3.672504257953803197e+00
3.673577946395937044e+00
3.674663327210359043e+00
3.675758489606685497e+00
3.676861572625733654e+00
3.677970766096628985e+00
3.679084311507203608e+00
3.680200502751338476e+00
3.681317686788570853e+00
3.682434264204210272e+00
3.683548689676419574e+00
3.684659472349552267e+00
3.685765176119393693e+00
3.686864419831567652e+00
3.687955877395725501e+00
3.689038277817949130e+00
3.690110405153634865e+00
3.691171098387345584e+00
3.692219251235503652e+00
3.693253811880380155e+00
3.694273782631031011e+00
3.695278219536109354e+00
3.696266231912911593e+00
3.697236981829322922e+00
3.698189683523374072e+00
3.699123602771898334e+00
3.700038056206297998e+00
3.700932410579689691e+00
3.701806081987902619e+00
3.702658535046949861e+00
3.703489282029601259e+00
3.704297881963632300e+00
3.705083939694304274e+00
3.705847104913588819e+00
3.706587071159153535e+00
3.707303574782644162e+00
3.707996393895956366e+00
3.708665347290621028e+00
3.709310293332743313e+00
3.709931128855161298e+00
3.710527788011913408e+00
3.711100241128863608e+00
3.711648493540000260e+00
3.712172584412959164e+00
3.712672585566878514e+00
3.713148600282708323e+00
3.713600762109900089e+00
3.714029233668983299e+00
3.714434205453922111e+00
3.588364160841619022e+00
3.517890319629243923e+00
3.452975307323992382e+00
3.393518399595946367e+00
3.339414392995137870e+00
3.290554073135727009e+00
3.246824561595389014e+00
3.208109774828669991e+00
3.174291118817793134e+00
3.145246785226861963e+00
3.120852317607688775e+00
3.100980877602637520e+00
3.085503506147079467e+00
3.074289379335070294e+00
3.067206058645394862e+00
3.064119735275926626e+00
3.064895468324450256e+00
3.069397416616582941e+00
3.077489063971183381e+00
3.089033437760215772e+00
3.103893320604944162e+00
3.121931455094967500e+00
3.143010741429485666e+00
3.166994427929237244e+00
3.193746294315161549e+00
3.223130827767936690e+00
3.255013391718617921e+00
3.289260387377961781e+00
3.325739408021489929e+00
3.364319567040035430e+00
3.404871949494929328e+00
3.447269061281748925e+00
3.491385151059330116e+00
3.537096326663384804e+00
3.584280664835329588e+00
3.632818314429771878e+00
3.682592248439306992e+00
3.733232708421986512e+00
3.784301441662190513e+00
3.835394415110099153e+00
3.886098783276261237e+00
3.936004611503685524e+00
3.984699602398915630e+00
4.032229356834330147e+00
4.078703654140561241e+00
4.124145932051820118e+00
4.168579107838366937e+00
4.212025589864063946e+00
4.254507288887267258e+00
4.296045629110778918e+00
4.336661558986412146e+00
4.376375561779633827e+00
4.415207665899605338e+00
4.453177454999828200e+00
4.490304077854497145e+00
4.526606258015533513e+00
4.562102303255170632e+00
4.596810114798863367e+00
4.630747196353157236e+00
4.663930662933091220e+00
4.696377249493575157e+00
4.728103319369096447e+00
4.759124872526008687e+00
4.789457553631577547e+00
4.819116659943832204e+00
4.848117149026220041e+00
4.876473646290947705e+00
4.904200452374809061e+00
4.931311550351226813e+00
4.957820612782140479e+00
4.983741008613298717e+00
5.009085809916435039e+00
5.033867798481722389e+00
5.058099472263831942e+00
5.081793051684858398e+00
5.104960485797271019e+00
5.127613458310011474e+00
5.149763393480780493e+00
5.171421461877469206e+00
5.192598586011660799e+00
5.213305445847025155e+00
5.233552484185395315e+00
5.253349911933242744e+00
5.272707713251200801e+00
5.291635650589237017e+00
5.310143269610010819e+00
5.328239904002908922e+00
5.345934680191170685e+00
5.363236521934492629e+00
5.380154154829422275e+00
5.396696110709816807e+00
5.412870731949586123e+00
5.428686175669880321e+00
5.444150417852861246e+00
5.459271257364120444e+00
5.474056319885765909e+00
5.488513061762180456e+00
5.502648773760375533e+00
5.516470584746840267e+00
5.529985465282744705e+00
5.543181383860575018e+00
5.556045427082123567e+00
5.568568856085564178e+00
5.580743706464876830e+00
5.592562772994202014e+00
5.604019593713806202e+00
5.615108433670235044e+00
5.625824268230126712e+00
5.636162766033066873e+00
5.646120271629208709e+00
5.655693787793413918e+00
5.664880957601921452e+00
5.673680046243811503e+00
5.682089997804646408e+00
5.690110426538717014e+00
5.697741457955397770e+00
5.704983756777176396e+00
5.711838508221125821e+00
5.718307399198779173e+00
5.724392599498898448e+00
5.730096742964275514e+00
5.735422908682661358e+00
5.740374602222514611e+00
5.744955736923782474e+00
5.749170615282598540e+00
5.753023910436847466e+00
5.756520647766603105e+00
5.759666186645208796e+00
5.762466202347503952e+00
5.764926668138889987e+00
5.767053837558105300e+00
5.768854226908522342e+00
5.770334597978350466e+00
5.771501940999669955e+00
5.772363457861115599e+00
5.772926545588713765e+00
5.773198780107756001e+00
5.773187900291891772e+00
5.772901792315276559e+00
5.772348474318119926e+00
5.771536081391967166e+00
5.770472850896813277e+00
5.769167108115178522e+00
5.767627252255231873e+00
5.765861742802278478e+00
5.763879086230186743e+00
5.761687823081461879e+00
5.759296515412054340e+00
5.756713734611968114e+00
5.753948049603174297e+00
5.751008015418920039e+00
5.747902162164518103e+00
5.744638984364756951e+00
5.741226930698565489e+00
5.737674394118918997e+00
5.733989702366605989e+00
5.730181108867864026e+00
5.726256784020129054e+00
5.722224806865927604e+00
5.718093157148955719e+00
5.713869707760975025e+00
5.709562217560242736e+00
5.705178324575451043e+00
5.700725539583597623e+00
5.696211240058000946e+00
5.691642664482948533e+00
5.687026907036211831e+00
5.682370912628991633e+00
5.677681472299513032e+00
5.672965218955799749e+00
5.668228623463915206e+00
5.663477991073404993e+00
5.658719458173585792e+00
5.653958989377379396e+00
5.649202374921770797e+00
5.644455228385734991e+00
5.639722984708993359e+00
5.635010898514422273e+00
5.630324042715188604e+00
5.625667307415295859e+00
5.621045399080600191e+00
5.616462839979411648e+00
5.611923967885044995e+00
5.607432936034809856e+00
5.602993713329575520e+00
5.598610084774580109e+00
5.594285652148893284e+00
5.590023834895033517e+00
5.585827871224050334e+00
5.581700819423325299e+00
5.577645559363336503e+00
5.573664794191825145e+00
5.569761052209336150e+00
5.565936688916372610e+00
5.562193889225965471e+00
5.558534669830665464e+00
5.554960881719536836e+00
5.551474212834004440e+00
5.548076190855510958e+00
5.544768193503382570e+00
5.541551489207256154e+00
5.538427174327341440e+00
5.535396195202592295e+00
5.532459351501095135e+00
5.529617299658695195e+00
5.526870556401990875e+00
5.524219502346675803e+00
5.521664385663552110e+00
5.519205325806354701e+00
5.516842317294646136e+00
5.514575233543278721e+00
5.512403830734116106e+00
5.510327751722108758e+00
5.508346529969584182e+00
5.506459593502156302e+00
5.504666268882854929e+00
5.502965785193750570e+00
5.501357278025345465e+00
5.499839793462784066e+00
5.498412292068887375e+00
5.497073652854399306e+00
5.495822677234428966e+00
5.494658092959324946e+00
5.493578558025066449e+00
5.492582664551638238e+00
5.491668942629645223e+00
5.490835864124347765e+00
5.490081846443293223e+00
5.489405256255740717e+00
5.488804413163576257e+00
5.488277593319760506e+00
5.487823032991789418e+00
5.487438932064002017e+00
5.487123457486338118e+00
5.486874746650583390e+00
5.486690910703488910e+00
5.486570037791363319e+00
5.486510196234746672e+00
5.486509437626264862e+00
5.486565799863159398e+00
5.486677310092775706e+00
5.486841987587887104e+00
5.487057846536707473e+00
5.487322898761641810e+00
5.487635156345229248e+00
5.487992634185847152e+00
5.488393352459791430e+00
5.488835339007031244e+00
5.489316631628613941e+00
5.489835280301758047e+00
5.490389349308254729e+00
5.490976919280112334e+00
5.491596089158788274e+00
5.492244978069610539e+00
5.492921727111175656e+00
5.493624501061852961e+00
5.494351490001237792e+00
5.495100910847216191e+00
5.495871008813318248e+00
5.496660058780605596e+00
5.497466366587287823e+00
5.498288270245161868e+00
5.499124141065983018e+00
5.499972384718527785e+00
5.500831442200916577e+00
5.501699790741540141e+00
5.502575944622268622e+00
5.503458455928475601e+00
5.504345915227055741e+00
5.505236952172486653e+00
5.506130236043413895e+00
5.507024476212524000e+00
5.507918422547177784e+00
5.508810865744721674e+00
5.509700637608087703e+00
5.510586611256484524e+00
5.511467701276500541e+00
5.512342863814689409e+00
5.513211096613320983e+00
5.514071438991062557e+00
5.514922971771145654e+00
5.515764817155943689e+00
5.516596138553296669e+00
5.517416140354504783e+00
5.518224067666373855e+00
5.519019205997612865e+00
5.519800880906029938e+00
5.520568457599323686e+00
5.521321340501865294e+00
5.522058972781715092e+00
5.522780835843902558e+00
5.523486448788661463e+00
5.524175367837157680e+00
5.524847185728805066e+00
5.525501531089418883e+00
5.526138067772732754e+00
5.526756494176520818e+00
5.527356542535508233e+00
5.527937978193077306e+00
5.528500598852327919e+00
5.332255366072125469e+00
5.212812506279431268e+00
5.096022023285139646e+00
4.981825017773770625e+00
4.870163898362173782e+00
4.760982352555269692e+00
4.654225318346752793e+00
4.549838956450438232e+00
4.447770623148247893e+00
4.347968843741136347e+00
4.250383286589570098e+00
4.154964737730481694e+00
4.061665076057870749e+00
3.970437249054563189e+00
3.881235249062867876e+00
3.794014090082177493e+00
3.708729785081805286e+00
3.625339323817621917e+00
3.543800651141296054e+00
3.464072645791209215e+00
3.386115099654344096e+00
3.309888697488684972e+00
3.235354997095913898e+00
3.162476409934388943e+00
3.091216182162643822e+00
3.021538376103829915e+00
2.953407852121774813e+00
2.886790250899494481e+00
2.821651976111241300e+00
2.757960177479338082e+00
2.695682734207252462e+00
2.634788238780566338e+00
2.575245981127662009e+00
2.517025933132138071e+00
2.460098733489150202e+00
2.404435672898033172e+00
2.350008679583739823e+00
2.296790305139792654e+00
2.244753710685614578e+00
2.193872653331248923e+00
2.144121472942648765e+00
2.095475079200858737e+00
2.047936290488178379e+00
2.001569419470181632e+00
1.956407328006596780e+00
1.912479803873303519e+00
1.869813627615649398e+00
1.828432637059877575e+00
1.788358470663715893e+00
1.749609869876185719e+00
1.712202723502942225e+00
1.676150221537256346e+00
1.641462930541820242e+00
1.608148870645724537e+00
1.576214053507519530e+00
1.545662162247334992e+00
1.516494432705160600e+00
1.488709840537015827e+00
1.462305184148003034e+00
1.437275168227928335e+00
1.413612487697702536e+00
1.391307911957721632e+00
1.370350644312501975e+00
1.350728228357420901e+00
1.332426415517705687e+00
1.315429340291788707e+00
1.299719604443470899e+00
1.285278360655843555e+00
1.272085395498277149e+00
1.260119211605348122e+00
1.249357108959809892e+00
1.239775265169081209e+00
1.231348814634986910e+00
1.224051926522404132e+00
1.217857881462725445e+00
1.212739146860985828e+00
1.208667450768435181e+00
1.205613854236441185e+00
1.203548822085190206e+00
1.202442292024400006e+00
1.202263742070028396e+00
1.202982256210286982e+00
1.204566588275097327e+00
1.206985223967877996e+00
1.210206441024459956e+00
1.214198367476776452e+00
1.218929037982480423e+00
1.224366448213619840e+00
1.230478607280391712e+00
1.237233588175287613e+00
1.244599576258045515e+00
1.252544915728118546e+00
1.261038154125062816e+00
1.270048084849545456e+00
1.279543787708241842e+00
1.289494667489462065e+00
1.299870490597069494e+00
1.310641419739935865e+00
1.321778046724082722e+00
1.333251423324059326e+00
1.345033090301317458e+00
1.357095104572571431e+00
1.369410064554094530e+00
1.381951133727219672e+00
1.394692062437868474e+00
1.407607207974345798e+00
1.420671552956397798e+00
1.433860722065845250e+00
1.447150997155574714e+00
1.460519330781361313e+00
1.473943358197580267e+00
1.487401407827009914e+00
1.500872623803710892e+00
1.514336958996529647e+00
1.527775021145386436e+00
1.541168132485357889e+00
1.554498333056243631e+00
1.567748382781557925e+00
1.580901762373341457e+00
1.593942673079847161e+00
1.606856035340388900e+00
1.619627486382004378e+00
1.632243376802327006e+00
1.644690766180629815e+00
1.656957417756271367e+00
1.669031792232671840e+00
1.680903040721710484e+00
1.692560996892933378e+00
1.703996168361102681e+00
1.715199727349427272e+00
1.726163500676515250e+00
1.736879959101561344e+00
1.747342206068709602e+00
1.757543979984979465e+00
1.767479801797743999e+00
1.777144710011195228e+00
1.786534317910034586e+00
1.795644799931015667e+00
1.804472877671639219e+00
1.813015805572185002e+00
1.821271356302717859e+00
1.829237805885078894e+00
1.836913918596767337e+00
1.844298931659164031e+00
1.851392539766017808e+00
1.858194879468916483e+00
1.864706513448139535e+00
1.870928414703033171e+00
1.876861950681377067e+00
1.882508867377028716e+00
1.887871273416441342e+00
1.892951624175987835e+00
1.897752705915548788e+00
1.902277619991388447e+00
1.906529767146086352e+00
1.910512831902738240e+00
1.914230767077076845e+00
1.917687778447857427e+00
1.920888309567752250e+00
1.923837026763116631e+00
1.926538804316659581e+00
1.928998709864257144e+00
1.931221990026107171e+00
1.933214056253049096e+00
1.934980470934339447e+00
1.936526933763614400e+00
1.937859268379775290e+00
1.938983409291341387e+00
1.939905389080806231e+00
1.940631325938655394e+00
1.941167411476470539e+00
1.941519898873993011e+00
1.941695091345687629e+00
1.941699330936466072e+00
1.941538987654590542e+00
1.941220448942630794e+00
1.940750109491838238e+00
1.940134361403473839e+00
1.939379584699649328e+00
1.938492138186067137e+00
1.937478350662330540e+00
1.936344512502033322e+00
1.935096867570566648e+00
1.933741605497944160e+00
1.932284854315907685e+00
1.930732673433307678e+00
1.929091046973521850e+00
1.927365877455971210e+00
1.925562979811860087e+00
1.923688075767747696e+00
1.921746788544166140e+00
1.919744637893127770e+00
1.917687035478789159e+00
1.915579280574299714e+00
1.913426556086510466e+00
1.911233924881252211e+00
1.909006326442718837e+00
1.906748573818906944e+00
1.904465350867456719e+00
1.902161209802668562e+00
1.899840569021941983e+00
1.897507711213413328e+00
1.895166781734636485e+00
1.892821787256522503e+00
1.890476594665633669e+00
1.888134930217936436e+00
1.885800378924702647e+00
1.883476384192505515e+00
1.881166247678358383e+00
1.878873129372204742e+00
1.876600047878630440e+00
1.874349880911933219e+00
1.872125365984203427e+00
1.869929101283853035e+00
1.867763546727641666e+00
1.865631025200522153e+00
1.863533723942001785e+00
1.861473696095976571e+00
1.859452862408913054e+00
1.857473013068165590e+00
1.855535809673014347e+00
1.853642787330736841e+00
1.851795356870077347e+00
1.849994807164595301e+00
1.848242307558452868e+00
1.846538910387660826e+00
1.844885553588022864e+00
1.843283063385365628e+00
1.841732157058828090e+00
1.840233445766098486e+00
1.838787437441520511e+00
1.837394539744961364e+00
1.836055063042399960e+00
1.834769223444360442e+00
1.833537145873968210e+00
1.832358867162653393e+00
1.831234339170883185e+00
1.830163431925339035e+00
1.829145936766418012e+00
1.828181569517815852e+00
1.827269973628930844e+00
1.826410723343060871e+00
1.825603326850312902e+00
1.824847229415570871e+00
1.824141816499160518e+00
1.823486416859305015e+00
1.822880305626966235e+00
1.822322707352220350e+00
1.821812799018798446e+00
1.821349713023124206e+00
1.820932540114509557e+00
1.820560332295764638e+00
1.820232105670737122e+00
1.819946843250425550e+00
1.819703497718304863e+00
1.819500994125051063e+00
1.819338232538893374e+00
1.819214090637113035e+00
1.819127426240593426e+00
1.819077079779978234e+00
1.819061876705736491e+00
1.819080629839419538e+00
1.819132141659566271e+00
1.819215206507737603e+00
1.819328612737189044e+00
1.819471144795552275e+00
1.819641585235455272e+00
1.819838716651996258e+00
1.820061323561455113e+00
1.820308194205894736e+00
1.820578122274356891e+00
1.820869908578371943e+00
1.821182362630593854e+00
1.821514304163757370e+00
1.821864564594791069e+00
1.822231988390499380e+00
1.822615434384519784e+00
1.823013777020080717e+00
1.823425907517945310e+00
1.823850734985730693e+00
1.824287187455439607e+00
1.824734212856577775e+00
1.825190779921636031e+00
1.825655879028945217e+00
1.826128522981820046e+00
1.826607747726471942e+00
1.827092613004534627e+00
1.827582202951823387e+00
1.828075626636634254e+00
1.828572018534972754e+00
1.829070538957572989e+00
1.829570374418012957e+00
1.830070737948526149e+00
1.830570869359002151e+00
1.831070035463272738e+00
1.831567530230203689e+00
1.832062674908512934e+00
1.832554818091492121e+00
1.833043335748242519e+00
