6.122454369943959307e-01
6.255105589517048204e-01
6.488992362902188393e-01
6.818658660984654452e-01
7.238486457118133988e-01
7.742725607873333082e-01
8.325522940816081352e-01
8.980980297405092294e-01
9.703156750307446732e-01
1.048608627868973242e+00
1.132383305430886500e+00
1.221050223524018818e+00
1.314024189168724321e+00
1.410733815639428679e+00
1.510614726641023475e+00
1.612178701993557173e+00
1.713130027003578970e+00
1.811591239060700520e+00
1.907377559132068079e+00
2.001036825201190972e+00
2.092616271139513984e+00
2.182162081931802167e+00
2.269719416967969305e+00
2.355332432817681898e+00
2.439044305499229459e+00
2.520897252253880172e+00
2.600932552836715317e+00
2.679190570334672561e+00
2.755710771522296376e+00
2.830531746765470036e+00
2.903690932545444081e+00
2.974802683608891218e+00
3.043664097059805229e+00
3.110088555709515923e+00
3.173907366312252343e+00
3.234969713551293147e+00
3.293140364058189551e+00
3.348300256592131596e+00
3.400348080574035592e+00
3.449199140275636122e+00
3.494783244708380643e+00
3.537045062892040903e+00
3.575943744335214891e+00
3.611453955247748038e+00
3.643564334911626901e+00
3.672276030735635466e+00
3.697602634342802119e+00
3.719569654095266298e+00
3.738213966021145307e+00
3.753583245857200712e+00
3.765735384662068697e+00
3.774737890516443706e+00
3.780667930015967126e+00
3.783610726836614369e+00
3.783659124337792612e+00
3.780912997691636246e+00
3.775478629638385097e+00
3.767468086990745757e+00
3.756998600002315225e+00
3.744191946581558739e+00
3.729173843348675188e+00
3.712073345379518496e+00
3.693022256414789872e+00
3.672154984574315773e+00
3.649607734595483599e+00
3.625517696844871907e+00
3.600022611470766520e+00
3.573260246999336864e+00
3.545367898193748424e+00
3.516481904239553646e+00
3.486737188244010799e+00
3.456266818952336006e+00
3.425201595421087042e+00
3.393669655375063154e+00
3.361796107716195525e+00
3.329704316229634031e+00
3.297513351401603732e+00
3.265338243892000225e+00
3.233289728098072136e+00
3.201473995636795689e+00
3.169992474818375428e+00
3.138941636108452560e+00
3.108412823279892212e+00
3.078492119057802512e+00
3.049261869867877284e+00
3.020798224175052393e+00
2.993171703971535091e+00
2.966447154969102495e+00
2.940683720166016091e+00
2.915934835929311575e+00
2.892248249771263158e+00
2.869666058833502120e+00
2.848224768171967458e+00
2.827955367776769258e+00
2.808883769922342122e+00
2.791030925869353752e+00
2.774412342030939449e+00
2.759038428012937416e+00
2.744914651701913400e+00
2.732041706919446700e+00
2.720415692558453280e+00
2.710028302118100196e+00
2.700867022459209288e+00
2.692915340714459482e+00
2.686152958243037681e+00
2.680556010533192701e+00
2.676097291993692284e+00
2.672746484587095406e+00
2.670470389291036195e+00
2.669233159381493525e+00
2.668996534626590478e+00
2.669720075437270079e+00
2.671361396052701842e+00
2.673876396001434674e+00
2.677219488978971551e+00
2.681343828398561335e+00
2.686201528895348467e+00
2.691743883121974878e+00
2.697921573197271439e+00
2.704684876239725089e+00
2.711983863441920217e+00
2.719768592208973157e+00
2.727989290911595699e+00
2.736596535860911672e+00
2.745541420139996802e+00
2.754775714042806189e+00
2.764252016757968722e+00
2.773923899160704032e+00
2.783746037488303404e+00
2.793674337804409546e+00
2.803666051090452527e+00
2.813679878953726732e+00
2.823676069904237362e+00
2.833616506219427844e+00
2.843465067162108895e+00
2.853187468361730428e+00
2.862751179117479339e+00
2.872125539129690708e+00
2.881281798469966571e+00
2.890193148999507411e+00
2.898834747464136274e+00
2.907183730502372665e+00
2.915219221811392369e+00
2.922922331804969520e+00
2.930276149956242637e+00
2.937265730220568472e+00
2.943878069822656762e+00
2.950102081747910887e+00
2.955928561277927802e+00
2.961350146926024163e+00
2.966361276127325919e+00
2.970958136047641585e+00
2.975138609871034401e+00
2.978902218950188363e+00
2.982250061174324784e+00
2.985184745930530514e+00
2.987710326024362484e+00
2.989832226917362945e+00
2.991557173673741854e+00
2.992893115913219493e+00
2.993849151171926515e+00
2.994435446984438975e+00
2.994663162028935233e+00
2.994544366661187507e+00
2.994091963142178958e+00
2.993319605872081901e+00
2.992241621917584915e+00
2.990872932113204818e+00
2.989228972990391586e+00
2.987325619844082958e+00
2.985179111084405701e+00
2.982805974177131780e+00
2.980222953351161497e+00
2.977446939291067629e+00
2.974494900957456611e+00
2.971383819763456557e+00
2.968130626211854750e+00
2.964752139161765498e+00
2.961265007811967553e+00
2.957685656561333865e+00
2.954030232798729116e+00
2.950314557727992781e+00
2.946554080272042686e+00
2.942763834126555178e+00
2.938958397993578053e+00
2.935151859021601695e+00
2.931357779464510482e+00
2.927589166559441569e+00
2.923858445611663637e+00
2.920177436263163173e+00
2.916557331910708761e+00
2.913008682228806379e+00
2.909541378743139450e+00
2.906164643390871216e+00
2.902887019995516127e+00
2.899716368576081393e+00
2.896659862402705343e+00
2.893723987704225120e+00
2.890914545926883239e+00
2.888236658437793647e+00
2.885694773561805704e+00
2.883292675836038210e+00
2.881033497362567974e+00
2.878919731136596827e+00
2.876953246224803085e+00
2.875135304666558866e+00
2.873466579969221169e+00
2.871947177067750268e+00
2.870576653618492902e+00
2.869354042494540291e+00
2.868277875362907015e+00
2.867346207199417574e+00
2.866556641616199386e+00
2.865906356921709808e+00
2.865392132707600847e+00
2.865010376890510191e+00
2.864757153110690790e+00
2.864628208334204729e+00
2.864619000568094265e+00
2.864724726577738689e+00
2.864940349491924110e+00
2.865260626251395770e+00
2.865680134714075233e+00
2.866193300406505884e+00
2.866794422794642472e+00
2.867477701054788941e+00
2.868237259168089803e+00
2.869067170357740171e+00
2.869961480764366524e+00
2.870914232338943162e+00
2.871919484863429517e+00
2.872971337037157014e+00
2.874063946632436028e+00
2.875191549655336853e+00
2.876348478490190264e+00
2.877529178969960189e+00
2.878728226405332880e+00
2.879940340502360918e+00
2.881160399187313814e+00
2.882383451315876144e+00
2.883604728258360783e+00
2.884819654380201825e+00
2.886023856406223942e+00
2.887213171683411073e+00
2.888383655348500945e+00
2.889531586411385966e+00
2.890653472826239412e+00
2.891746055463719323e+00
2.892806311112937845e+00
2.893831454485698007e+00
2.894818939280100256e+00
2.895766458320201853e+00
2.896671942809437628e+00
2.897533560737677760e+00
2.898349714480509487e+00
2.899119037629128481e+00
2.899840391071654366e+00
2.900512858442783504e+00
2.901135740870281143e+00
2.901708551155703031e+00
2.902231007390035700e+00
2.902703026049691548e+00
2.903124714670593853e+00
2.903496364054257040e+00
2.903818440109604104e+00
2.904091575378432655e+00
2.904316560264307068e+00
2.904494334019368740e+00
2.904625975529862014e+00
2.904712693942080204e+00
2.904755819169309472e+00
2.904756792319203029e+00
2.904717156068230111e+00
2.904638545060600485e+00
2.904522676316775076e+00
2.904371339730956070e+00
2.904186388613787084e+00
2.903969730413758832e+00
2.903723317582342478e+00
2.903449138617196557e+00
2.903149209324028757e+00
2.902825564312456308e+00
2.902480248749659708e+00
2.902115310392285874e+00
2.901732791900051733e+00
2.901334723511012736e+00
2.900923115991473011e+00
2.900499953953709298e+00
2.900067189524705658e+00
2.899626736374133262e+00
2.899180464116747569e+00
2.898730193091505036e+00
2.898277689523773404e+00
2.897824661073098440e+00
2.897372752768235582e+00
2.896923543327778461e+00
2.896478541870175061e+00
2.896039185003759453e+00
2.895606834296916787e+00
2.895182774124747116e+00
2.894768209879497789e+00
2.805438430277646944e+00
2.764343268584398938e+00
2.732713485727182423e+00
2.710297529999214916e+00
2.696818763097414084e+00
2.691978114364223185e+00
2.695456056306869019e+00
2.706914580766121681e+00
2.725999167456147010e+00
2.752340737197212839e+00
2.785557582464493365e+00
2.825257268720448245e+00
2.871038744000618870e+00
2.922495445617804499e+00
2.979215142460571286e+00
3.040782155084114979e+00
3.106592058312611204e+00
3.173925140816347135e+00
3.240653691753171639e+00
3.304705908173907414e+00
3.367335765710943285e+00
3.428574849606869535e+00
3.488454043714801056e+00
3.547003546073602465e+00
3.604252884137242319e+00
3.660230929665961863e+00
3.714965913286770505e+00
3.768485438730599935e+00
3.820816496753312919e+00
3.871985478747569598e+00
3.922018190052436015e+00
3.970939862967426848e+00
4.018775169477561526e+00
4.065548233695841063e+00
4.111282644029425448e+00
4.156001465075647161e+00
4.199727249253857764e+00
4.242482048178972676e+00
4.284287423782457971e+00
4.325164459186357391e+00
4.365133769335845848e+00
4.404215511395683791e+00
4.442429394915793139e+00
4.479794691771102677e+00
4.516330245880664229e+00
4.552054482710941485e+00
4.586985418568069406e+00
4.621140669683766689e+00
4.654537461099486961e+00
4.687192635353278014e+00
4.719122660973749106e+00
4.750343640785411381e+00
4.780871320029593363e+00
4.810721094305014489e+00
4.839755881872533472e+00
4.867896256503353669e+00
4.895071692893221638e+00
4.921217675211427611e+00
4.946275693578384924e+00
4.970193493025943710e+00
4.992925916235719797e+00
5.014433090310221885e+00
5.034680857460008596e+00
5.053640679490290388e+00
5.071289527202528014e+00
5.087609755566484537e+00
5.102588965563755075e+00
5.116219853611085888e+00
5.128500049487699997e+00
5.139431943689555027e+00
5.149022505158475482e+00
5.157283090295609718e+00
5.164229244206198999e+00
5.169880495077370242e+00
5.174260142704314447e+00
5.177395074904332262e+00
5.179315745650610481e+00
5.180055563854834233e+00
5.179650783837443484e+00
5.178140279496518339e+00
5.175565317868509929e+00
5.171969332848081358e+00
5.167397699813897738e+00
5.161897511917466375e+00
5.155517358601194644e+00
5.148307107086204759e+00
5.140317687490403742e+00
5.131600882084211612e+00
5.122209317700334275e+00
5.112196095419387909e+00
5.101614547953227330e+00
5.090518077344589720e+00
5.078959970242834743e+00
5.066993220160798117e+00
5.054670357139916526e+00
5.042043285102160155e+00
5.029163127139600675e+00
5.016080079032631645e+00
5.002843271170037909e+00
4.989500639045670205e+00
4.976098802464997028e+00
4.962682953573482436e+00
4.949296753736527776e+00
4.935982239367407765e+00
4.922779736653358995e+00
4.909727785182334436e+00
4.896863070388713268e+00
4.884220364766649780e+00
4.871832477718741394e+00
4.859730213890369299e+00
4.847942339882794549e+00
4.836495559120934651e+00
4.825414494618789796e+00
4.814721679531637655e+00
4.804437846710744253e+00
4.794581808016157076e+00
4.785170153887015942e+00
4.776217388699715016e+00
4.767735955598703335e+00
4.759736267559426359e+00
4.752226744344075549e+00
4.745213855005265380e+00
4.738702165600242822e+00
4.732694391727485517e+00
4.727191455551907673e+00
4.722192546974533833e+00
4.717695188552618824e+00
4.713695303787501345e+00
4.710187288484628532e+00
4.707164084758393763e+00
4.704617257409011266e+00
4.702537072222007453e+00
4.700912575917644887e+00
4.699731677394709983e+00
4.698981229910171642e+00
4.698647113981166079e+00
4.698714320547845880e+00
4.699167034197679449e+00
4.699988716147364798e+00
4.701162186687373179e+00
4.702669706839493813e+00
4.704493058964410501e+00
4.706613626087218449e+00
4.709012469711229443e+00
4.711670405919004878e+00
4.714568079511306742e+00
4.717686036124881355e+00
4.721004791992322147e+00
4.724504901293587800e+00
4.728167020949207711e+00
4.731971972710385721e+00
4.735900802409685362e+00
4.739934836313056010e+00
4.744055734463263008e+00
4.748245540946546939e+00
4.752486731031877021e+00
4.756762255126564476e+00
4.761055579500779622e+00
4.765350723790072962e+00
4.769632295243479980e+00
4.773885519710944436e+00
4.778096269452793088e+00
4.782251087659155075e+00
4.786337209814538696e+00
4.790342581970773672e+00
4.794255875913679965e+00
4.798066501258552385e+00
4.801764614677442644e+00
4.805341126154971221e+00
4.808787702525079588e+00
4.812096768286798110e+00
4.815261503763731632e+00
4.818275840786840014e+00
4.821134455963999699e+00
4.823832761698136018e+00
4.826366998958816268e+00
4.828734136616493977e+00
4.830931803126842006e+00
4.832958295657698855e+00
4.834812561448146084e+00
4.836494177616234680e+00
4.838003329610308434e+00
4.839340788357746170e+00
4.840507886282232164e+00
4.841506492281590468e+00
4.842338985823445796e+00
4.843008230237864531e+00
4.843517545344647068e+00
4.843870679535630330e+00
4.844071781412684352e+00
4.844125371116287049e+00
4.844036311426299868e+00
4.843809778761269946e+00
4.843451234141794792e+00
4.842966394288087173e+00
4.842361202836630518e+00
4.841641801920623323e+00
4.840814504027233234e+00
4.839885764344173502e+00
4.838862153601762195e+00
4.837750331520044966e+00
4.836557020914534988e+00
4.835288982519837298e+00
4.833952990620841383e+00
4.832555809492727228e+00
4.831104170736912451e+00
4.829604751561712206e+00
4.828064154024843901e+00
4.826488885288632069e+00
4.824885338898847742e+00
4.823259777142431481e+00
4.821618314494655166e+00
4.819966902142110321e+00
4.818311313639999760e+00
4.816657131692954508e+00
4.815009736056814482e+00
4.813374292567512924e+00
4.811755743297725374e+00
4.810158797827138066e+00
4.808587983135247157e+00
4.807047585260073141e+00
4.805541623189090394e+00
4.804073855888391087e+00
4.802647778767144437e+00
4.801266621176193183e+00
4.799933344910376931e+00
4.798650643683322947e+00
4.797420943542970662e+00
4.796246404185032119e+00
4.795128921140666911e+00
4.794070128786862561e+00
4.793071404143776526e+00
4.792133871419059332e+00
4.791258407258728091e+00
4.790445646650780986e+00
4.789695989444012092e+00
4.789009607434567606e+00
4.788386452000017890e+00
4.787826262178097814e+00
4.787328573214007399e+00
4.786892725477435384e+00
4.786517873732234918e+00
4.786202996715155145e+00
4.785946906943361334e+00
4.785748260769861595e+00
4.785605568599120119e+00
4.785517205221548664e+00
4.785481420250271789e+00
4.785496348606824490e+00
4.785560021013827381e+00
4.785670374480601730e+00
4.785825262719848538e+00
4.786022466473993653e+00
4.786259703725394665e+00
4.786534639735950947e+00
4.786844896916004011e+00
4.787188064480476513e+00
4.787561707869421035e+00
4.787963377909246532e+00
4.788390619692640904e+00
4.788840981156979204e+00
4.789312021342758463e+00
4.789801318315385359e+00
4.790306476735391783e+00
4.790825135063901286e+00
4.791354972384544553e+00
4.791893714858077580e+00
4.792439141767211197e+00
4.792989091165693161e+00
4.793541465124128820e+00
4.794094234548126998e+00
4.794645443640762394e+00
4.795193213893817585e+00
4.795735747668945947e+00
4.796271331448337172e+00
4.796798338592005884e+00
4.797315231745300501e+00
4.797820564821612344e+00
4.798312984651385449e+00
4.798791232218363234e+00
4.799254143544870566e+00
4.799700650211855546e+00
4.800129779517879669e+00
4.800540654335033075e+00
4.800932492615096692e+00
4.801304606625417470e+00
4.801656401852754108e+00
4.801987375630920596e+00
4.802297115539277961e+00
4.802585297537176778e+00
4.802851683833978313e+00
4.803096120569628091e+00
4.803318535285280966e+00
4.803518934205467161e+00
4.803697399362127030e+00
4.803854085541704677e+00
4.803989217108912690e+00
4.804103084704721027e+00
4.804196041837433206e+00
4.804268501382368051e+00
4.633749698473237366e+00
4.529818023103850066e+00
4.428194279450493376e+00
4.328827217027816587e+00
4.231666723431042776e+00
4.136663799063478919e+00
4.043880992906170313e+00
3.953702600397402733e+00
3.866350929214799059e+00
3.782033349180879078e+00
3.700939087376619696e+00
3.623238262458349013e+00
3.549084512411669223e+00
3.478614196765366540e+00
3.411944610955462309e+00
3.349174993840136505e+00
3.290389790158647632e+00
3.235655003118290018e+00
3.185019329457599468e+00
3.138514753069046037e+00
3.096158263184547454e+00
3.057952184743461643e+00
3.023882894310693903e+00
2.993922106781602643e+00
2.968027533750154490e+00
2.946143569618173252e+00
2.928202001659596210e+00
2.914122740205988382e+00
2.903815656634883613e+00
2.897179586344980962e+00
2.894103601247288271e+00
2.894467797064916414e+00
2.898144080969795588e+00
2.904996959372367460e+00
2.914884322688741314e+00
2.927658224248793406e+00
2.943165650548374757e+00
2.961249280238116288e+00
2.981748229404050932e+00
3.004498961438996307e+00
3.029336691693057304e+00
3.056094940459557652e+00
3.084606501689650671e+00
3.114704078907233331e+00
3.146220896660966826e+00
3.178991286251864778e+00
3.212851244661459216e+00
3.247638965725384352e+00
3.283195342750576007e+00
3.319365093970233715e+00
3.355997593301180970e+00
3.392945723937566882e+00
3.430066737257086107e+00
3.467222598070227590e+00
3.504280300044220198e+00
3.541112151364849581e+00
3.577596030813841033e+00
3.613616915278335728e+00
3.649065673368089957e+00
3.683839100693091950e+00
3.717840227231740791e+00
3.750978426417330258e+00
3.783169497807713277e+00
3.814335724137948525e+00
3.844405903442878802e+00
3.873316352659824879e+00
3.901009899452481999e+00
3.927435591984675067e+00
3.952548815858667020e+00
3.976311214287143514e+00
3.998690589501268100e+00
4.019660786389240847e+00
4.039201559447802126e+00
4.057298424145995952e+00
4.073942493755925653e+00
4.089130302786356808e+00
4.102863622287932444e+00
4.115150048886866863e+00
4.126001598416890737e+00
4.135434822143986722e+00
4.143470581586256252e+00
4.150133816773228901e+00
4.155453308943854118e+00
4.159461438685567281e+00
4.162193940535011016e+00
4.163689654970075260e+00
4.163990278762063291e+00
4.163140114559523042e+00
4.161185820652899103e+00
4.158176161709621788e+00
4.154161761340654735e+00
4.149194857273894144e+00
4.143329059861364350e+00
4.136619114705136546e+00
4.129120669967128343e+00
4.120890049080901285e+00
4.111984029425638454e+00
4.102459627527896835e+00
4.092373891283921594e+00
4.081783699692856260e+00
4.070745570510943878e+00
4.059315476206793782e+00
4.047548911741650990e+00
4.035500753643154859e+00
4.023224694010908209e+00
4.010773222943749161e+00
3.998197487689307827e+00
3.985547161734510180e+00
3.972870323946862570e+00
3.960213347820674912e+00
3.947620800839018784e+00
3.935135354009514863e+00
3.922797701411197213e+00
3.910646489742059639e+00
3.898718257769482776e+00
3.887047385482956585e+00
3.875666052802202444e+00
3.864604207625145449e+00
3.853889542987088745e+00
3.843547483074161608e+00
3.833601177814164096e+00
3.824071505751572619e+00
3.814977084844155986e+00
3.806334290936645548e+00
3.798157283463442724e+00
3.790458038088829973e+00
3.783246548447474655e+00
3.776530853948758981e+00
3.770316830907634476e+00
3.764608338878908889e+00
3.759407282262162919e+00
3.754713676606652673e+00
3.750525719194342411e+00
3.746839863493671707e+00
3.743650897066447936e+00
3.740952022521824905e+00
3.738734941098107001e+00
3.736989938515445697e+00
3.735705972638482919e+00
3.734870762629376895e+00
3.734470879166415624e+00
3.734491835407298232e+00
3.734918178293183733e+00
3.735733579936935111e+00
3.736920928646987772e+00
3.738462419371970658e+00
3.740339643224233068e+00
3.742533675794970538e+00
3.745025163991451134e+00
3.747794411191499808e+00
3.750821460384167416e+00
3.754086175121550184e+00
3.757568318099484550e+00
3.761247627146538264e+00
3.765103888443086078e+00
3.769117006832487959e+00
3.773267073072192890e+00
3.777534427904197578e+00
3.781899722833154787e+00
3.786343977517324877e+00
3.790848633712069926e+00
3.795395605674773520e+00
3.799967327013422214e+00
3.804546793926308013e+00
3.809117604823093473e+00
3.813663996321007499e+00
3.818170944165701464e+00
3.822624238892174731e+00
3.827010333011520604e+00
3.831316417512634853e+00
3.835530439601238850e+00
3.839641117104937162e+00
3.843637949625008154e+00
3.847511226513388838e+00
3.851252031750306504e+00
3.854852245887653961e+00
3.858304545049654255e+00
3.861602397196890912e+00
3.864740055728634438e+00
3.867712550557167006e+00
3.870515676773715441e+00
3.873145981026696383e+00
3.875600745802550318e+00
3.877877971637710086e+00
3.879976357498879480e+00
3.881895279405898069e+00
3.883634767484122730e+00
3.885195481553562313e+00
3.886578685405714051e+00
3.887786219909812324e+00
3.888820475085582373e+00
3.889684361252531364e+00
3.890381279478999144e+00
3.890915091318998265e+00
3.891290088127108859e+00
3.891510959924879387e+00
3.891582764092619939e+00
3.891510893865529841e+00
3.891301046824489962e+00
3.890959193537579797e+00
3.890491546343977092e+00
3.889904528471164635e+00
3.889204743548329013e+00
3.888398945627453696e+00
3.887494009761283564e+00
3.886496903281422721e+00
3.885414657788528459e+00
3.884254341975911018e+00
3.883023035327045847e+00
3.881727802737281685e+00
3.880375670174432301e+00
3.878973601314066766e+00
3.877528475335588531e+00
3.876047065788575274e+00
3.874536020620862775e+00
3.873001843442518854e+00
3.871450875922937573e+00
3.869889281489357291e+00
3.868323030198694390e+00
3.866757884889276742e+00
3.865199388567531091e+00
3.863652853042454982e+00
3.862123348799236133e+00
3.860615696103289807e+00
3.859134457318856626e+00
3.857683930422932228e+00
3.856268143694776995e+00
3.854890851556025400e+00
3.853555531532764089e+00
3.852265382308345032e+00
3.851023322820178230e+00
3.849831992424881832e+00
3.848693751989667788e+00
3.847610685950640708e+00
3.846584605272636015e+00
3.845617051258252594e+00
3.844709300172810540e+00
3.843862368628576220e+00
3.843077019686754081e+00
3.842353769634169858e+00
3.841692895368132632e+00
3.841094442358794492e+00
3.840558233131028398e+00
3.840083876215266923e+00
3.839670775521341284e+00
3.839318140088257003e+00
3.839024994141228220e+00
3.838790187475471516e+00
3.838612406010441624e+00
3.838490182546726803e+00
3.838421907688048584e+00
3.838405840846872863e+00
3.838440121279569794e+00
3.838522779155324915e+00
3.838651746591577485e+00
3.838824868627046527e+00
3.839039914092444938e+00
3.839294586341709614e+00
3.839586533822932690e+00
3.839913360425830646e+00
3.840272635629404352e+00
3.840661904378735780e+00
3.841078696679408822e+00
3.841520536887387482e+00
3.841984952676478660e+00
3.842469483655585716e+00
3.842971689620695575e+00
3.843489158430687169e+00
3.844019513476296890e+00
3.844560420793637245e+00
3.845109595697824734e+00
3.845664809018277897e+00
3.846223892940435540e+00
3.846784746364583452e+00
3.847345339848781354e+00
3.847903720113571069e+00
3.848458014110361258e+00
3.849006432652889220e+00
3.849547273620135268e+00
3.850078924728032259e+00
3.850599865883466588e+00
3.851108671123392391e+00
3.851604010149901836e+00
3.852084649470015165e+00
3.852549453151042691e+00
3.852997383202777737e+00
3.853427499600496464e+00
3.853838959958098442e+00
3.854231018875635240e+00
3.854603026960868650e+00
3.854954429552465367e+00
3.855284765153333737e+00
3.855593663596702303e+00
3.855880843954913928e+00
3.856146112213161725e+00
3.856389358719729099e+00
3.856610555437124166e+00
3.856809753007035102e+00
3.856987077642294981e+00
3.857142727856936570e+00
3.734348822985292138e+00
3.673714660910975649e+00
3.623476627580913600e+00
3.583409652715017213e+00
3.553261148676669201e+00
3.532752933285604247e+00
3.521583175522166265e+00
3.519428754514899449e+00
3.525946652330793629e+00
3.540775648922053875e+00
3.563538463690546720e+00
3.593844273174990889e+00
3.631290524113711449e+00
3.675464460765674346e+00
3.725944553552141603e+00
3.779290372516023400e+00
3.832859258251514412e+00
3.883858647509045969e+00
3.933627700380071257e+00
3.982291569723653168e+00
4.029874797510331952e+00
4.076401380725760859e+00
4.121894783472773938e+00
4.166377948804709241e+00
4.209873310295956017e+00
4.252402803355572303e+00
4.293987876289658168e+00
4.334649501118083670e+00
4.374408184151014289e+00
4.413283976330572678e+00
4.451296483342851218e+00
4.488464875505372653e+00
4.524807897434989457e+00
4.560343877501098042e+00
4.595090737068924014e+00
4.629065999537560927e+00
4.662286799177293162e+00
4.694769889770695315e+00
4.726531653061821103e+00
4.757588107017789447e+00
4.787954913906897758e+00
4.817647388197355163e+00
4.846680504280617363e+00
4.875068904023210692e+00
4.902826904150860976e+00
4.929968503468648677e+00
4.956507389920827400e+00
4.982456947493881572e+00
5.007830262966276536e+00
5.032640132508339192e+00
5.056899068135566111e+00
5.080619304018637372e+00
5.103812802653302505e+00
5.126491260893262236e+00
5.148666115849078295e+00
5.170348550656089337e+00
5.191549500114249760e+00
5.212279656202722933e+00
5.232549473472016821e+00
5.252369174316384282e+00
5.271748754129137460e+00
5.290697986343488424e+00
5.309226427361444678e+00
5.327343421373260668e+00
5.345058105069859344e+00
5.362379412250612098e+00
5.379316078328798767e+00
5.395876644737017891e+00
5.412069463234764122e+00
5.427902700120360358e+00
5.443384340349346928e+00
5.458522191561428372e+00
5.473323888017985972e+00
5.487796894452164231e+00
5.501948509833450629e+00
5.515785871048667133e+00
5.529315956501211993e+00
5.542545589630387681e+00
5.555481442352562027e+00
5.568130038425930906e+00
5.580497756740548709e+00
5.592590834535307920e+00
5.604415370543478048e+00
5.615977328068392893e+00
5.627282537990843991e+00
5.638336701709684817e+00
5.649145394017137001e+00
5.659714065910248948e+00
5.670048047339922626e+00
5.680152549898889625e+00
5.690032669450003411e+00
5.699693388696166707e+00
5.709139579693182753e+00
5.718376006306816528e+00
5.727407326615288063e+00
5.736238095258413772e+00
5.744872765734585940e+00
5.753315692646741475e+00
5.761571133898462982e+00
5.769643252841302861e+00
5.777536120374429984e+00
5.785253716997650564e+00
5.792799934818837038e+00
5.800178579516779287e+00
5.807393372260452935e+00
5.814413021360999245e+00
5.821210764438069063e+00
5.827765566927292085e+00
5.834058080727055895e+00
5.840070644318340776e+00
5.845787278251883379e+00
5.851193675086271639e+00
5.856277184155419313e+00
5.861026791622226284e+00
5.865433096041808625e+00
5.869488279346414927e+00
5.873186073899937298e+00
5.876521725676875363e+00
5.879491953803381854e+00
5.882094906789546052e+00
5.884330115671219552e+00
5.886198539649339700e+00
5.887702475548588943e+00
5.888845385688779466e+00
5.889631885618491935e+00
5.890067686229293109e+00
5.890159534411441022e+00
5.889915152472313231e+00
5.889343176567161997e+00
5.888453094379001662e+00
5.887255182256806663e+00
5.885760442057311081e+00
5.883980537887123496e+00
5.881927732954831178e+00
5.879614826743400968e+00
5.877055092683386661e+00
5.874262216518896018e+00
5.871250235527647909e+00
5.868033478782590073e+00
5.864626508594301235e+00
5.861044063291554806e+00
5.857301001474418456e+00
5.853412247866301321e+00
5.849392740892525921e+00
5.845257382085920383e+00
5.841020987432677281e+00
5.836698240726906128e+00
5.832303664540195776e+00
5.827851692776200743e+00
5.823356448311067801e+00
5.818831754759248298e+00
5.814291100308213167e+00
5.809747603951841199e+00
5.805213984156287310e+00
5.800702529957528775e+00
5.796225074574330449e+00
5.791792971399704726e+00
5.787417072483276748e+00
5.783107709434594845e+00
5.778874676736825755e+00
5.774727217440206672e+00
5.770674011204943277e+00
5.766723164628752230e+00
5.762882203832348615e+00
5.759158069228540455e+00
5.755557112447895030e+00
5.752085095307113427e+00
5.748747190787043770e+00
5.745547985934624791e+00
5.742491486603499951e+00
5.739581123968632959e+00
5.736819762718760707e+00
5.734209710833762408e+00
5.731752730885281366e+00
5.729450052738391364e+00
5.727302387569798370e+00
5.725309943134067936e+00
5.723472440147083340e+00
5.721789129718107603e+00
5.720258811723664572e+00
5.718879854037450805e+00
5.717650212508646135e+00
5.716567451615806483e+00
5.715628765680939694e+00
5.714831000581345855e+00
5.714170675840941627e+00
5.713644007031306593e+00
5.713246928399394520e+00
5.712975115621785172e+00
5.712824008634093786e+00
5.712788834427810158e+00
5.712864629758727553e+00
5.713046263689001592e+00
5.713328459891639177e+00
5.713705818666404035e+00
5.714172838586360825e+00
5.714723937717429258e+00
5.715353474375862497e+00
5.716055767353266148e+00
5.716825115564466486e+00
5.717655817077812230e+00
5.718542187480085914e+00
5.719478577550911602e+00
5.720459390199765792e+00
5.721479096629222383e+00
5.722532251770148903e+00
5.723613508825102336e+00
5.724717633028865826e+00
5.725839514549371678e+00
5.726974180531550829e+00
5.728116806275549422e+00
5.729262725539109979e+00
5.730407439960583993e+00
5.731546627607967181e+00
5.732676150646850211e+00
5.733792062148932445e+00
5.734890612026222634e+00
5.735968252131206313e+00
5.737021640507092179e+00
5.738047644803087266e+00
5.739043344948647984e+00
5.740006034964365789e+00
5.740933224051281591e+00
5.741822636935009605e+00
5.742672213489988131e+00
5.743480107681181224e+00
5.744244685841502829e+00
5.744964524317017762e+00
5.745638406515573671e+00
5.746265319376871794e+00
5.746844449309509884e+00
5.747375177618211595e+00
5.747857075453013387e+00
5.748289898324134839e+00
5.748673580206154377e+00
5.749008227265171911e+00
5.749294111252975625e+00
5.749531662585836145e+00
5.749721463151810319e+00
5.749864238885685097e+00
5.749960852126814181e+00
5.750012293808586250e+00
5.750019675502839434e+00
5.749984221348480418e+00
5.749907259901662293e+00
5.749790215937561122e+00
5.749634602223286706e+00
5.749442011291500343e+00
5.749214107256227280e+00
5.748952617674525811e+00
5.748659325496427108e+00
5.748336061114422968e+00
5.747984694548145868e+00
5.747607127768949553e+00
5.747205287200285895e+00
5.746781116400144107e+00
5.746336568948265722e+00
5.745873601554902343e+00
5.745394167406596253e+00
5.744900209758940335e+00
5.744393655790720921e+00
5.743876410730226922e+00
5.743350352263068004e+00
5.742817325230557657e+00
5.742279136624786062e+00
5.741737550883868835e+00
5.741194285506539430e+00
5.740651006963929603e+00
5.740109326932437916e+00
5.739570798840682997e+00
5.739036914731323158e+00
5.738509102437910236e+00
5.737988723077359410e+00
5.737477068842294692e+00
5.736975361108361149e+00
5.736484748841427894e+00
5.736006307301578566e+00
5.735541037029672218e+00
5.735089863130077070e+00
5.734653634816754497e+00
5.734233125232852224e+00
5.733829031522849284e+00
5.733441975159140114e+00
5.733072502504393597e+00
5.732721085603149191e+00
5.732388123191044293e+00
5.732073941911327353e+00
5.731778797726021502e+00
5.731502877511621463e+00
5.731246300827866236e+00
5.731009121843672283e+00
5.730791331412569356e+00
5.730592859286484320e+00
5.730413576451431013e+00
5.730253297575380600e+00
5.730111783557577887e+00
5.729988744162782588e+00
5.729883840732329148e+00
5.729796688961231510e+00
5.729726861727868048e+00
5.526777328091554864e+00
5.403014866945246908e+00
5.282000704701254712e+00
5.163673811974845762e+00
5.047974514614450570e+00
4.934844463607020337e+00
4.824226605651690036e+00
4.716065154386881453e+00
4.610305562256340473e+00
4.506894492999937718e+00
4.405779794755327217e+00
4.306910473756933477e+00
4.210236668618969169e+00
4.115709625189542642e+00
4.023281671963154338e+00
3.932906196039192892e+00
3.844537619614300628e+00
3.758131376996753481e+00
3.673643892131269961e+00
3.591032556622905769e+00
3.510255708248956275e+00
3.431272609948029295e+00
3.354043429275689991e+00
3.278529218316319938e+00
3.204691894041058919e+00
3.132494219101921828e+00
3.061899783052405066e+00
2.992872983985115809e+00
2.925379010577156880e+00
2.859383824534218910e+00
2.794854143424521098e+00
2.731757423893947934e+00
2.670061845253910882e+00
2.609736293433667864e+00
2.550750345288994136e+00
2.493074253259305095e+00
2.436678930365481666e+00
2.381535935540842530e+00
2.327617459287854462e+00
2.274896309653358539e+00
2.223345898515230790e+00
2.172940228173565913e+00
2.123653878239618820e+00
2.075461992815895496e+00
2.028340267960924148e+00
1.982264939432388795e+00
1.937212770702437581e+00
1.893212782506354497e+00
1.850482713807930280e+00
1.809147322806902158e+00
1.769323024602581951e+00
1.731115093691614648e+00
1.694618033720216577e+00
1.659915770261110923e+00
1.627081746535982587e+00
1.596179056636956251e+00
1.567261928198702581e+00
1.540374608818240176e+00
1.515551223815918114e+00
1.492816289090681314e+00
1.472185001394706427e+00
1.453663553956971333e+00
1.437249475125803810e+00
1.422931987794626263e+00
1.410692387183730023e+00
1.400504434776583595e+00
1.392335049213925480e+00
1.386144702539137574e+00
1.381887308142958126e+00
1.379510851610186162e+00
1.378957836925566616e+00
1.380165736308144098e+00
1.383067441691124611e+00
1.387591715963872430e+00
1.393663642168254002e+00
1.401205068946138610e+00
1.410135050586946770e+00
1.420370280151326714e+00
1.431825514282670575e+00
1.444413988313711927e+00
1.458047820415628637e+00
1.472639046367581139e+00
1.488099163646467771e+00
1.504339694111849202e+00
1.521272533389843362e+00
1.538810279937200987e+00
1.556866547935205292e+00
1.575356263567397219e+00
1.594195944197439596e+00
1.613303960082984601e+00
1.632600778280221432e+00
1.652009188639020687e+00
1.671454511645841245e+00
1.690864788134393226e+00
1.710170950848709737e+00
1.729306977949131907e+00
1.748210375291955110e+00
1.766822455748088272e+00
1.785087640624556382e+00
1.802953793463478949e+00
1.820372284387077988e+00
1.837298038545495782e+00
1.853689569006767623e+00
1.869508994713448669e+00
1.884722043964771609e+00
1.899298043993884910e+00
1.913209897246909597e+00
1.926434044993953210e+00
1.938950418882301907e+00
1.950742381115994295e+00
1.961796653907079691e+00
1.972103238913579748e+00
1.981655327358307073e+00
1.990449201552692005e+00
1.998484128472672205e+00
2.005762599745207542e+00
2.012289733189942531e+00
2.018073212530538729e+00
2.023123180910926244e+00
2.027452106768807383e+00
2.031074646170106579e+00
2.034007502241800047e+00
2.036269282383503132e+00
2.037880353848521064e+00
2.038862698312495780e+00
2.039239766016478939e+00
2.039036330049150525e+00
2.038278341299612162e+00
2.036992784646676657e+00
2.035207536823790075e+00
2.032951226456909399e+00
2.030253096693238390e+00
2.027142870932897800e+00
2.023650621923344328e+00
2.019806644638714399e+00
2.015641333343221486e+00
2.011185063021263986e+00
2.006468075534338258e+00
2.001520370740083266e+00
1.996371621527617712e+00
1.991051336472002165e+00
1.985588378241715635e+00
1.980010980682219701e+00
1.974346665970470704e+00
1.968622167769193521e+00
1.962863360393663159e+00
1.957095194061916121e+00
1.951341636247419409e+00
1.945625619063050982e+00
1.939968992756643251e+00
1.934392485127043537e+00
1.928915666855393507e+00
1.923556922661409985e+00
1.918333428142773300e+00
1.913261132140716692e+00
1.908354744576520545e+00
1.903627729467509688e+00
1.899092303018834027e+00
1.894759436570087052e+00
1.890638864260236529e+00
1.886739095086849005e+00
1.883067429201673582e+00
1.879629978225261011e+00
1.876431689315843920e+00
1.873476372746542218e+00
1.870766732764030049e+00
1.868304401456447605e+00
1.866089975454918060e+00
1.864123055063620527e+00
1.862402285760154319e+00
1.860925401644546673e+00
1.859689270683988038e+00
1.858689941497154718e+00
1.857922691416295624e+00
1.857382075590127579e+00
1.857061976936973391e+00
1.856955656683042966e+00
1.857055805251789371e+00
1.857354593341285165e+00
1.857843722960909494e+00
1.858514478222995203e+00
1.859357775757505493e+00
1.860364214479902634e+00
1.861524124626027232e+00
1.862827615836233797e+00
1.864264624230794087e+00
1.865824958195278160e+00
1.867498342913222587e+00
1.869274463369914097e+00
1.871143005867174525e+00
1.873093697821468506e+00
1.875116345846204124e+00
1.877200872009879173e+00
1.879337348201926439e+00
1.881516028562085996e+00
1.883727379902728094e+00
1.885962110121401691e+00
1.888211194547992688e+00
1.890465900212931816e+00
1.892717808014645842e+00
1.894958832842209784e+00
1.897181241581779254e+00
1.899377669061500296e+00
1.901541131964908038e+00
1.903665040684722198e+00
1.905743209222997114e+00
1.907769863138108368e+00
1.909739645600288416e+00
1.911647621591345603e+00
1.913489280333689591e+00
1.915260535972487910e+00
1.916957726599948897e+00
1.918577611713629727e+00
1.920117368134100611e+00
1.921574584485381099e+00
1.922947254311355270e+00
1.924233767927146177e+00
1.925432903024075770e+00
1.926543814174244584e+00
1.927566021346111436e+00
1.928499397401606696e+00
1.929344154789906618e+00
1.930100831426188712e+00
1.930770275888310739e+00
1.931353632006015397e+00
1.931852322921544518e+00
1.932268034698392700e+00
1.932602699606644991e+00
1.932858479058217505e+00
1.933037746404433488e+00
1.933143069539933645e+00
1.933177193462838561e+00
1.933143022878088368e+00
1.933043604820761985e+00
1.932882111453007035e+00
1.932661823019827585e+00
1.932386111128423734e+00
1.932058422272847631e+00
1.931682261746292317e+00
1.931261177960326370e+00
1.930798747202229437e+00
1.930298558928693620e+00
1.929764201534960977e+00
1.929199248721756410e+00
1.928607246424321131e+00
1.927991700426483490e+00
1.927356064525418633e+00
1.926703729458587588e+00
1.926038012434062807e+00
1.925362147388730349e+00
1.924679275941319823e+00
1.923992439062474302e+00
1.923304569441876444e+00
1.922618484620215229e+00
1.921936880761681676e+00
1.921262327188663077e+00
1.920597261600613281e+00
1.919943985988209478e+00
1.919304663228765806e+00
1.918681314349073741e+00
1.918075816439811287e+00
1.917489901204268765e+00
1.916925154119819119e+00
1.916383014194720014e+00
1.915864774294669282e+00
1.915371582016542451e+00
1.914904441084146702e+00
1.914464213240603785e+00
1.914051620595551784e+00
1.913667248458583714e+00
1.913311548532901973e+00
1.912984842522138074e+00
1.912687326083352124e+00
1.912419073110320555e+00
1.912180040312946083e+00
1.911970072062098014e+00
1.911788905465675148e+00
1.911636175699273243e+00
1.911511421445300618e+00
1.911414090543271493e+00
1.911343545727641979e+00
1.911299070476725870e+00
1.911279874965466696e+00
1.911285102012339587e+00
1.911313833074542279e+00
1.911365094225774719e+00
1.911437862155062284e+00
1.911531070047397307e+00
1.911643613436316835e+00
1.911774355989664720e+00
1.911922135139289658e+00
1.912085767620867349e+00
1.912264054849589279e+00
1.912455788186497641e+00
1.912659753987489442e+00
1.912874738462931656e+00
1.913099532417765314e+00
1.913332935696462123e+00
1.913573761473542856e+00
