7.483818740386225521e-01
8.912518547540633218e-01
1.007475451978937953e+00
1.121118160122278828e+00
1.232237291026175408e+00
1.340888883852202396e+00
1.447127733342869149e+00
1.551007417455487314e+00
1.652580324382396215e+00
1.751897678971167993e+00
1.849009568558120709e+00
1.943964968228167001e+00
2.036811765513734329e+00
2.127596784545217723e+00
2.216365809665139519e+00
2.303163608517927230e+00
2.388033954626959332e+00
2.471019649470250990e+00
2.552162544065929239e+00
2.631503560078372495e+00
2.706535503838213952e+00
2.774730146557338184e+00
2.835265047918112291e+00
2.887841941819035974e+00
2.932554962834347467e+00
2.969801717484637837e+00
3.000135519480886970e+00
3.024212495501075182e+00
3.042737372907206250e+00
3.056423102427803684e+00
3.065961824362790633e+00
3.072004984911953507e+00
3.075152509223344932e+00
3.075945468516982473e+00
3.074858552562922398e+00
3.072303079792409797e+00
3.068629960011835855e+00
3.064134038995599330e+00
3.059059265856337806e+00
3.053604255399730238e+00
3.047927925920223213e+00
3.042154981986632478e+00
3.036381084643441142e+00
3.030677607505647408e+00
3.025095922402978310e+00
3.019671191566338564e+00
3.014425668284324455e+00
3.009371525562635430e+00
3.004513244139837891e+00
2.999849598470696321e+00
2.995375283028918645e+00
2.991082222379207067e+00
2.986960607644324028e+00
2.982999699830446882e+00
2.979188437413106794e+00
2.975515882162076409e+00
2.971971533196855475e+00
2.968545535588664297e+00
2.965228806242629744e+00
2.962013096096741016e+00
2.958891004735199726e+00
2.955855960521384329e+00
2.952902176875051854e+00
2.950024593219449986e+00
2.947218807033660237e+00
2.944481002390032742e+00
2.941807878214685257e+00
2.939196579187964176e+00
2.936644631020663532e+00
2.934149881217368971e+00
2.931710445915756136e+00
2.929324662996851902e+00
2.926991051373704522e+00
2.924708276164564857e+00
2.922475119324215331e+00
2.920290455228511384e+00
2.918153230669950471e+00
2.916062448715512456e+00
2.914017155893948718e+00
2.912016432209931338e+00
2.910059383523718068e+00
2.908145135880417342e+00
2.906272831421141678e+00
2.904441625556111628e+00
2.902650685125626850e+00
2.900899187317573791e+00
2.899186319149149149e+00
2.897511277355325099e+00
2.895873268557227043e+00
2.894271509610087278e+00
2.892705228052948385e+00
2.891173662601495664e+00
2.889676063640425951e+00
2.888211693685246662e+00
2.886779827793070741e+00
2.885379753910153333e+00
2.884010773150016860e+00
2.882672200000618634e+00
2.881363362462323607e+00
2.880083602120746988e+00
2.878832274160003202e+00
2.877608747322740967e+00
2.876412403823711106e+00
2.875242639223588803e+00
2.874098862269555799e+00
2.872980494708690102e+00
2.871886971079694373e+00
2.870817738487906112e+00
2.869772256367927099e+00
2.868749996237607292e+00
2.867750441446559773e+00
2.866773086921855285e+00
2.865817438913065729e+00
2.864883014738409450e+00
2.863969342533376317e+00
2.863075961002889969e+00
2.862202419177806600e+00
2.861348276176307159e+00
2.860513100970573763e+00
2.859696472158974601e+00
2.858897977743882990e+00
2.858117214915096849e+00
2.857353789839024660e+00
2.856607317453163652e+00
2.855877421266018956e+00
2.855163733162390027e+00
2.854465893213423477e+00
2.853783549491829330e+00
2.853116357891529731e+00
2.852463981951949723e+00
2.851826092686619685e+00
2.851202368415953536e+00
2.850592494604055283e+00
2.849996163699402008e+00
2.849413074979270544e+00
2.848842934397787019e+00
2.848285454437476716e+00
2.847740353964211213e+00
2.847207358085449780e+00
2.846686198011677327e+00
2.846176610920960748e+00
2.845678339826532621e+00
2.845191133447325438e+00
2.844714746081388856e+00
2.844248937482116713e+00
2.843793472737214945e+00
2.843348122150350488e+00
2.842912661125420293e+00
2.842486870053333892e+00
2.842070534201464493e+00
2.841663443605324968e+00
2.841265392962761371e+00
2.840876181530471278e+00
2.840495613022800736e+00
2.840123495512790530e+00
2.839759641335409146e+00
2.839403866992888936e+00
2.839055993062317818e+00
2.838715844105064168e+00
2.838383248578332463e+00
2.838058038748659140e+00
2.837740050607321152e+00
2.837429123787628793e+00
2.837125101484049949e+00
2.836827830373131132e+00
2.836537160536169999e+00
2.836252945383567425e+00
2.835975041581015876e+00
2.835703308977067572e+00
2.835437610532551389e+00
2.835177812251478802e+00
2.834923783113389550e+00
2.834675395007299148e+00
2.834432522667087895e+00
2.834195043608329190e+00
2.833962838066515832e+00
2.833735788936662559e+00
2.833513781714246615e+00
2.833296704437459734e+00
2.833084447630746627e+00
2.832876904249548300e+00
2.832673969626438470e+00
2.832475541418235654e+00
2.832281519554414650e+00
2.832091806186639360e+00
2.831906305639416033e+00
2.831724924361843865e+00
2.831547570880434073e+00
2.831374155752980570e+00
2.831204591523451608e+00
2.831038792677884164e+00
2.830876675601259773e+00
2.830718158535332929e+00
2.830563161537402728e+00
2.830411606439995342e+00
2.830263416811440447e+00
2.830118517917330490e+00
2.829976836682825958e+00
2.829838301655805743e+00
2.829702842970830634e+00
2.829570392313911942e+00
2.829440882888055953e+00
2.829314249379580648e+00
2.829190427925174056e+00
2.829069356079688902e+00
2.828950972784606055e+00
2.828835218337359514e+00
2.828722034361130788e+00
2.828611363775427989e+00
2.828503150767300856e+00
2.828397340763195267e+00
2.828293880401428151e+00
2.828192717505279674e+00
2.828093801056677403e+00
2.827997081170468441e+00
2.827902509069216919e+00
2.827810037058725356e+00
2.827719618503880206e+00
2.827631207805156865e+00
2.827544760375622968e+00
2.827460232618454139e+00
2.827377581904946258e+00
2.827296766553017981e+00
2.827217745806190230e+00
2.827140479813030627e+00
2.827064929607058019e+00
2.826991057087090198e+00
2.826918824998028601e+00
2.826848196912070232e+00
2.826779137210337023e+00
2.826711611064911089e+00
2.826645584421273227e+00
2.826581023981126428e+00
2.826517897185603534e+00
2.826456172198847483e+00
2.826395817891956597e+00
2.826336803827284250e+00
2.826279100243090259e+00
2.826222678038530667e+00
2.826167508758981040e+00
2.826113564581688387e+00
2.826060818301693534e+00
2.826009243318232667e+00
2.825958813621175292e+00
2.825909503778052390e+00
2.825861288921127645e+00
2.825814144734882127e+00
2.825768047443706354e+00
2.825722973800032012e+00
2.825678901072504523e+00
2.825635807034545088e+00
2.825593669953143205e+00
2.825552468577893439e+00
2.825512182130281325e+00
2.825472790293205971e+00
2.825434273200729152e+00
2.825396611428062421e+00
2.825359785981767402e+00
2.825323778290178556e+00
2.825288570194037785e+00
2.825254143937335094e+00
2.825220482158355306e+00
2.825187567880921513e+00
2.825155384505833922e+00
2.825123915802498775e+00
2.825093145900742453e+00
2.825063059282809430e+00
2.825033640775533872e+00
2.825004875542689753e+00
2.824976749077463545e+00
2.824949247195259527e+00
2.824922356026398074e+00
2.824896062009266906e+00
2.824870351883381758e+00
2.824845212682719264e+00
2.824820631729182629e+00
2.824796596626204526e+00
2.824773095252499644e+00
2.824750115755948254e+00
2.824727646547621873e+00
2.824705676295936385e+00
2.824684193920941500e+00
2.824663188588729668e+00
2.824642649705972453e+00
2.824622566914581689e+00
2.824602930086481223e+00
2.824583729318502101e+00
2.824564954927388349e+00
2.824546597444911988e+00
2.824528647613098631e+00
2.824511096379515696e+00
2.824493934892824853e+00
2.824477154498218567e+00
2.824460746733079120e+00
2.824444703322710026e+00
2.824429016176163820e+00
2.824413677382161314e+00
2.824398679205104123e+00
2.824384014081171124e+00
2.824369674614504166e+00
2.824355653573479508e+00
2.866265724717996122e+00
2.963284226492282514e+00
3.034461279047732774e+00
3.103092253649708532e+00
3.170199192365386942e+00
3.235815938301269235e+00
3.299975583035714699e+00
3.362710483307555620e+00
3.424052277334117544e+00
3.484031900766884515e+00
3.542679602292841068e+00
3.600024958889372240e+00
3.656096890740407890e+00
3.710923675821335976e+00
3.764532964160038908e+00
3.816951791781247216e+00
3.868206594341240478e+00
3.918323220459772660e+00
3.967326944755946272e+00
4.015242480594609198e+00
4.062093992549700161e+00
4.107905108590834686e+00
4.152698931999262655e+00
4.196498053019230845e+00
4.239324560250603113e+00
4.281200051788494498e+00
4.322145646115537865e+00
4.362181992752278248e+00
4.401329282671049725e+00
4.439607258478612373e+00
4.477035224372665212e+00
4.513632055877261351e+00
4.549416209362038721e+00
4.584184722009674751e+00
4.616367021886905064e+00
4.645508097616871446e+00
4.671390431563785306e+00
4.693973388837116012e+00
4.713350575119984676e+00
4.729702147162616832e+00
4.743260429957262936e+00
4.754288653569798129e+00
4.763063024181335869e+00
4.769859490752558884e+00
4.774944314710276139e+00
4.778567676931191777e+00
4.780959668910688798e+00
4.782328123284449894e+00
4.782857830792512033e+00
4.782710772517260622e+00
4.782027068900784883e+00
4.780926407389582522e+00
4.779509762474308587e+00
4.777861265596649254e+00
4.776050117439422316e+00
4.774132465074903742e+00
4.772153189638444815e+00
4.770147568797146853e+00
4.768142792836253641e+00
4.766159324354497073e+00
4.764212099720126048e+00
4.762311576366499821e+00
4.760464634202580037e+00
4.758675341861959396e+00
4.756945600522162643e+00
4.755275677967948589e+00
4.753664646209875499e+00
4.752110735188264989e+00
4.750611614487088907e+00
4.749164614043098531e+00
4.747766893648490694e+00
4.746415570154084662e+00
4.745107810074866705e+00
4.743840894598838176e+00
4.742612262166797876e+00
4.741419534120422163e+00
4.740260526833147914e+00
4.739133254147713359e+00
4.738035922841576486e+00
4.736966923008478325e+00
4.735924815269380694e+00
4.734908316201276612e+00
4.733916282849659929e+00
4.732947697268873100e+00
4.732001651468458192e+00
4.731077333193259626e+00
4.730174012865002275e+00
4.729291031701062131e+00
4.728427791101580624e+00
4.727583743301698505e+00
4.726758383238989225e+00
4.725951241560650828e+00
4.725161878677660354e+00
4.724389879763890576e+00
4.723634850595178847e+00
4.722896414124695852e+00
4.722174207695551296e+00
4.721467880798241978e+00
4.720777093288413440e+00
4.720101513988989694e+00
4.719440819609392435e+00
4.718794693923103800e+00
4.718162827152885264e+00
4.717544915520501370e+00
4.716940660924588080e+00
4.716349770716467660e+00
4.715771957549080184e+00
4.715206939278913545e+00
4.714654438909405165e+00
4.714114184534508034e+00
4.713585909350848979e+00
4.713069351615940761e+00
4.712564254641129935e+00
4.712070366776228703e+00
4.711587441389429642e+00
4.711115236840910825e+00
4.710653516449283096e+00
4.710202048450619294e+00
4.709760605950186196e+00
4.709328966867303734e+00
4.708906913873952327e+00
4.708494234327832650e+00
4.708090720200673651e+00
4.707696168002558856e+00
4.707310378703049913e+00
4.706933157649806354e+00
4.706564314485397915e+00
4.706203663062881404e+00
4.705851021360684783e+00
4.705506211397270100e+00
4.705169059145952737e+00
4.704839394450234913e+00
4.704517050939911904e+00
4.704201865948192562e+00
4.703893680430010882e+00
4.703592338881659174e+00
4.703297689261871639e+00
4.703009582914417841e+00
4.702727874492256710e+00
4.702452421883299039e+00
4.702183086137777579e+00
4.701919731397236291e+00
4.701662224825123637e+00
4.701410436538967730e+00
4.701164239544128876e+00
4.700923509669071798e+00
4.700688125502153980e+00
4.700457968329870617e+00
4.700232922076544639e+00
4.700012873245407619e+00
4.699797710861040478e+00
4.699587326413144694e+00
4.699381613801607571e+00
4.699180469282811856e+00
4.698983791417183475e+00
4.698791481017924099e+00
4.698603441100901890e+00
4.698419576835688005e+00
4.698239795497676674e+00
4.698064006421297734e+00
4.697892120954266559e+00
4.697724052412870499e+00
4.697559716038238520e+00
4.697399028953599398e+00
4.697241910122490260e+00
4.697088280307887054e+00
4.696938062032255168e+00
4.696791179538482908e+00
4.696647558751682716e+00
4.696507127241840607e+00
4.696369814187299596e+00
4.696235550339045162e+00
4.696104267985792724e+00
4.695975900919843404e+00
4.695850384403698285e+00
4.695727655137418743e+00
4.695607651226702650e+00
4.695490312151676449e+00
4.695375578736376454e+00
4.695263393118906059e+00
4.695153698722259961e+00
4.695046440225788764e+00
4.694941563537306628e+00
4.694839015765809087e+00
4.694738745194799279e+00
4.694640701256209248e+00
4.694544834504898567e+00
4.694451096593716954e+00
4.694359440249122883e+00
4.694269819247343101e+00
4.694182188391059718e+00
4.694096503486620442e+00
4.694012721321747073e+00
4.693930799643744045e+00
4.693850697138188366e+00
4.693772373408098275e+00
4.693695788953557546e+00
4.693620905151793643e+00
4.693547684237699968e+00
4.693476089284794206e+00
4.693406084186589666e+00
4.693337633638390294e+00
4.693270703119486242e+00
4.693205258875741137e+00
4.693141267902572800e+00
4.693078697928305232e+00
4.693017517397894522e+00
4.692957695457019796e+00
4.692899201936513442e+00
4.692842007337156396e+00
4.692786082814791371e+00
4.692731400165786049e+00
4.692677931812801795e+00
4.692625650790889225e+00
4.692574530733891969e+00
4.692524545861142649e+00
4.692475670964468826e+00
4.692427881395474287e+00
4.692381153053113430e+00
4.692335462371532095e+00
4.692290786308187300e+00
4.692247102332222752e+00
4.692204388413107274e+00
4.692162623009526357e+00
4.692121785058517958e+00
4.692081853964845450e+00
4.692042809590619257e+00
4.692004632245133422e+00
4.691967302674939333e+00
4.691930802054137040e+00
4.691895111974876187e+00
4.691860214438077215e+00
4.691826091844353286e+00
4.691792726985130280e+00
4.691760103033975504e+00
4.691728203538105824e+00
4.691697012410095624e+00
4.691666513919755310e+00
4.691636692686208754e+00
4.691607533670127950e+00
4.691579022166153301e+00
4.691551143795476442e+00
4.691523884498585595e+00
4.691497230528181461e+00
4.691471168442237882e+00
4.691445685097227702e+00
4.691420767641488965e+00
4.691396403508750979e+00
4.691372580411789173e+00
4.691349286336233604e+00
4.691326509534508027e+00
4.691304238519905745e+00
4.691282462060796021e+00
4.691261169174961942e+00
4.691240349124058184e+00
4.691219991408199341e+00
4.691200085760662830e+00
4.691180622142709922e+00
4.691161590738527565e+00
4.691142981950271462e+00
4.691124786393231716e+00
4.691106994891097060e+00
4.691089598471325672e+00
4.691072588360626128e+00
4.691055955980525383e+00
4.691039692943046902e+00
4.691023791046480262e+00
4.691008242271244022e+00
4.690993038775840951e+00
4.690978172892902975e+00
4.690963637125328489e+00
4.690949424142495161e+00
4.690935526776569553e+00
4.690921938018885129e+00
4.690908651016413522e+00
4.690895659068305967e+00
4.690882955622515560e+00
4.690870534272488790e+00
4.690858388753940567e+00
4.690846512941691415e+00
4.690834900846578392e+00
4.690823546612434392e+00
4.690812444513138502e+00
4.690801588949723211e+00
4.690790974447552664e+00
4.690780595653563090e+00
4.690770447333563631e+00
4.690760524369593121e+00
4.690750821757339928e+00
4.690741334603623081e+00
4.690732058123916914e+00
4.690722987639944108e+00
4.690714118577314906e+00
4.690705446463216965e+00
4.690696966924166489e+00
4.690688675683793996e+00
4.690680568560694930e+00
4.690672641466314907e+00
4.690664890402895360e+00
4.690657311461448487e+00
4.524182959594997833e+00
4.422684349513747115e+00
4.323439641917055098e+00
4.228794168177946844e+00
4.141637067377448744e+00
4.062952324261318360e+00
3.993139668309865886e+00
3.932168745855129988e+00
3.879717623412914485e+00
3.835271306827298332e+00
3.798169483874197283e+00
3.767680063356590114e+00
3.743045693916517092e+00
3.723517838053392648e+00
3.708380761945606174e+00
3.696972467630699644e+00
3.688687956443732041e+00
3.682981756165672138e+00
3.679371769362795863e+00
3.677438310860213111e+00
3.676821193171043944e+00
3.677215524266873814e+00
3.678366737395640129e+00
3.680065250922438747e+00
3.682141055134279917e+00
3.684458440248603139e+00
3.686911013300250506e+00
3.689417099415669199e+00
3.691915580397359786e+00
3.694362194324968929e+00
3.696726295577668520e+00
3.698988059137362949e+00
3.701136100782526306e+00
3.703165479162144003e+00
3.705076041259547814e+00
3.706871071702280585e+00
3.708556206853583781e+00
3.710138576500392027e+00
3.711626138334663150e+00
3.713027173579057205e+00
3.714349915608691433e+00
3.715602286584684055e+00
3.716791720432606638e+00
3.717925053752626940e+00
3.719008469045847143e+00
3.720047477112254253e+00
3.721046928603500614e+00
3.722011044792496559e+00
3.722943462382627189e+00
3.723847285462380086e+00
3.724725141439360954e+00
3.725579237606042149e+00
3.726411416166554247e+00
3.727223206193517768e+00
3.728015871554316796e+00
3.728790454266540433e+00
3.729547813044001625e+00
3.730288657049515955e+00
3.731013575031152385e+00
3.731723060133481873e+00
3.732417530745912426e+00
3.733097347787551978e+00
3.733762828840443415e+00
3.734414259539407421e+00
3.735051902585032391e+00
3.735676004808802908e+00
3.736286802505672355e+00
3.736884525423965098e+00
3.737469399625942934e+00
3.738041649467024996e+00
3.738601498839992043e+00
3.739149171932951710e+00
3.739684893516117548e+00
3.740208888964845269e+00
3.740721384067850597e+00
3.741222604697279852e+00
3.741712776396267870e+00
3.742192123926332048e+00
3.742660870805806006e+00
3.743119238862330445e+00
3.743567447815050020e+00
3.744005714896152970e+00
3.744434254517582161e+00
3.744853277985201512e+00
3.745262993260306761e+00
3.745663604766621635e+00
3.746055313239777806e+00
3.746438315615528758e+00
3.746812804952609266e+00
3.747178970385975916e+00
3.747536997106278633e+00
3.747887066361583308e+00
3.748229355477657787e+00
3.748564037893466594e+00
3.748891283208879432e+00
3.749211257241972017e+00
3.749524122093638834e+00
3.749830036217582041e+00
3.750129154494053374e+00
3.750421628305993682e+00
3.750707605616478091e+00
3.750987231046579939e+00
3.751260645952966488e+00
3.751527988504688604e+00
3.751789393758763413e+00
3.752044993734268363e+00
3.752294917484746861e+00
3.752539291168783819e+00
3.752778238118713805e+00
3.753011878907404952e+00
3.753240331413152386e+00
3.753463710882694926e+00
3.753682129992424787e+00
3.753895698907830258e+00
3.754104525341260157e+00
3.754308714608066477e+00
3.754508369681206936e+00
3.754703591244373140e+00
3.754894477743710546e+00
3.755081125438201273e+00
3.755263628448763935e+00
3.755442078806128681e+00
3.755616566497541609e+00
3.755787179512340757e+00
3.755954003886448511e+00
3.756117123745827069e+00
3.756276621348920930e+00
3.756432577128129502e+00
3.756585069730335125e+00
3.756734176056518937e+00
3.756879971300484566e+00
3.757022528986718068e+00
3.757161921007404537e+00
3.757298217658627593e+00
3.757431487675757520e+00
3.757561798268068909e+00
3.757689215152583806e+00
3.757813802587173679e+00
3.757935623402929970e+00
3.758054739035813441e+00
3.758171209557615633e+00
3.758285093706229318e+00
3.758396448915251042e+00
3.758505331342933520e+00
3.758611795900491437e+00
3.758715896279785973e+00
3.758817684980394702e+00
3.758917213336081531e+00
3.759014531540682658e+00
3.759109688673415661e+00
3.759202732723627705e+00
3.759293710615000172e+00
3.759382668229208857e+00
3.759469650429064114e+00
3.759554701081135875e+00
3.759637863077875064e+00
3.759719178359247849e+00
3.759798687933886274e+00
3.759876431899771276e+00
3.759952449464451174e+00
3.760026778964820515e+00
3.760099457886452612e+00
3.760170522882503974e+00
3.760240009792199523e+00
3.760307953658909241e+00
3.760374388747819374e+00
3.760439348563214157e+00
3.760502865865372968e+00
3.760564972687091334e+00
3.760625700349836453e+00
3.760685079479543003e+00
3.760743140022059006e+00
3.760799911258247530e+00
3.760855421818753097e+00
3.760909699698442132e+00
3.760962772270518784e+00
3.761014666300332987e+00
3.761065407958876339e+00
3.761115022835980870e+00
3.761163535953225168e+00
3.761210971776552281e+00
3.761257354228608740e+00
3.761302706700809573e+00
3.761347052065133756e+00
3.761390412685660767e+00
3.761432810429846896e+00
3.761474266679554646e+00
3.761514802341836994e+00
3.761554437859478295e+00
3.761593193221306475e+00
3.761631087972272525e+00
3.761668141223307060e+00
3.761704371660960167e+00
3.761739797556823195e+00
3.761774436776744501e+00
3.761808306789838685e+00
3.761841424677295986e+00
3.761873807141000281e+00
3.761905470511946792e+00
3.761936430758482164e+00
3.761966703494355801e+00
3.761996303986594459e+00
3.762025247163201414e+00
3.762053547620685112e+00
3.762081219631420836e+00
3.762108277150847613e+00
3.762134733824507027e+00
3.762160602994924385e+00
3.762185897708337556e+00
3.762210630721276594e+00
3.762234814506997260e+00
3.762258461261770215e+00
3.762281582911033873e+00
3.762304191115407814e+00
3.762326297276571641e+00
3.762347912543017259e+00
3.762369047815671053e+00
3.762389713753389486e+00
3.762409920778337913e+00
3.762429679081242817e+00
3.762448998626533037e+00
3.762467889157365519e+00
3.762486360200539171e+00
3.762504421071296346e+00
3.762522080878025310e+00
3.762539348526849459e+00
3.762556232726121053e+00
3.762572741990813707e+00
3.762588884646814069e+00
3.762604668835122457e+00
3.762620102515958909e+00
3.762635193472775530e+00
3.762649949316185349e+00
3.762664377487796585e+00
3.762678485263967421e+00
3.762692279759476399e+00
3.762705767931109335e+00
3.762718956581166729e+00
3.762731852360897467e+00
3.762744461773849469e+00
3.762756791179152849e+00
3.762768846794723565e+00
3.762780634700403581e+00
3.762792160841021527e+00
3.762803431029396517e+00
3.762814450949264700e+00
3.762825226158148517e+00
3.762835762090158909e+00
3.762846064058735340e+00
3.762856137259326328e+00
3.762865986772008231e+00
3.762875617564048980e+00
3.762885034492411407e+00
3.762894242306202841e+00
3.762903245649072748e+00
3.762912049061551301e+00
3.762920656983340439e+00
3.762929073755553411e+00
3.762937303622903240e+00
3.762945350735844130e+00
3.762953219152665341e+00
3.762960912841534444e+00
3.762968435682502832e+00
3.762975791469459708e+00
3.762982983912046997e+00
3.762990016637528967e+00
3.762996893192621872e+00
3.763003617045282745e+00
3.763010191586458664e+00
3.763016620131795165e+00
3.763022905923311789e+00
3.763029052131034558e+00
3.763035061854593799e+00
3.763040938124790458e+00
3.763046683905121537e+00
3.763052302093275348e+00
3.763057795522596116e+00
3.763063166963507289e+00
3.763068419124912634e+00
3.763073554655562258e+00
3.763078576145386211e+00
3.763083486126802324e+00
3.763088287075992966e+00
3.763092981414154714e+00
3.763097571508716932e+00
3.763102059674538147e+00
3.763106448175072227e+00
3.763110739223511025e+00
3.763114934983898596e+00
3.763119037572224101e+00
3.763123049057489400e+00
3.763126971462750436e+00
3.763130806766139536e+00
3.763134556901861938e+00
3.763138223761170131e+00
3.763141809193320864e+00
3.763145315006504621e+00
3.763148742968760452e+00
3.763152094808863701e+00
3.763155372217202199e+00
3.782301896391349505e+00
3.857832600615933583e+00
3.908179594127807466e+00
3.957408570223722499e+00
4.005544355866624606e+00
4.052611226705965741e+00
4.098632919320301049e+00
4.143632643188030151e+00
4.187633092392305301e+00
4.230656457066025666e+00
4.272724434582674924e+00
4.313858240498657182e+00
4.354078619252639726e+00
4.393405854627308926e+00
4.431859779978808866e+00
4.469459788239015907e+00
4.506224841695711802e+00
4.542173481555564329e+00
4.577323837294759556e+00
4.611693635801985991e+00
4.645300210318389134e+00
4.678160509179003057e+00
4.710291104360069703e+00
4.741708199836549120e+00
4.772427639754047490e+00
4.802464916419271646e+00
4.831835178113050411e+00
4.860553236729852955e+00
4.888633575247667729e+00
4.916090355031999870e+00
4.942937422977673911e+00
4.969188318492046008e+00
4.994856280323144659e+00
5.019954253236185160e+00
5.044494894541818653e+00
5.068490580479421581e+00
5.091953412458629202e+00
5.114895223162270632e+00
5.137327582513781188e+00
5.159261803512102951e+00
5.180708947937007203e+00
5.201679831927731534e+00
5.222185031437730274e+00
5.242234887568297808e+00
5.261839511783752421e+00
5.281008791010810555e+00
5.299752392624722752e+00
5.318079769324683959e+00
5.336000163900984639e+00
5.353522613896295468e+00
5.370655956163447264e+00
5.387408831321997660e+00
5.403789688115832490e+00
5.419806787674002813e+00
5.435468207676949604e+00
5.450781846430201583e+00
5.465755426847620058e+00
5.480396500346190081e+00
5.494712450654318125e+00
5.508710497535566297e+00
5.522397700429697132e+00
5.535780962012856854e+00
5.548867031678712536e+00
5.561662508942274208e+00
5.574173846768140095e+00
5.586407354824825866e+00
5.598369202666837907e+00
5.610065422846072458e+00
5.621501913954131346e+00
5.632684443597079316e+00
5.643618651304133316e+00
5.653872791605672354e+00
5.663156016645236157e+00
5.671358365434699955e+00
5.678441614563055850e+00
5.684418317120455200e+00
5.689334642897364347e+00
5.693260108583376500e+00
5.696278577899777318e+00
5.698481363422660095e+00
5.699962055880114953e+00
5.700812757496986904e+00
5.701121441886776608e+00
5.700970205335070595e+00
5.700434212195029993e+00
5.699581170659050677e+00
5.698471204651576194e+00
5.697157012658956354e+00
5.695684226279859708e+00
5.694091899518201494e+00
5.692413075525229793e+00
5.690675389781340243e+00
5.688901679513615584e+00
5.687110577444081549e+00
5.685317074964473250e+00
5.683533044518461530e+00
5.681767716163586890e+00
5.680028105323949639e+00
5.678319391736543764e+00
5.676645251033681561e+00
5.675008141626130431e+00
5.673409550022218362e+00
5.671850198594774461e+00
5.670330219522070614e+00
5.668849299082780568e+00
5.667406795614951420e+00
5.666001835090174410e+00
5.664633387494842687e+00
5.663300326838434984e+00
5.662001477677108596e+00
5.660735650306346400e+00
5.659501666744104931e+00
5.658298379333814410e+00
5.657124683351822725e+00
5.655979525004076081e+00
5.654861905825071311e+00
5.653770884336759117e+00
5.652705575671323146e+00
5.651665149811901934e+00
5.650648828837577575e+00
5.649655883583394989e+00
5.648685629916119666e+00
5.647737424939208495e+00
5.646810663192258772e+00
5.645904773032966339e+00
5.645019213194072627e+00
5.644153469618709451e+00
5.643307052575108784e+00
5.642479494062339285e+00
5.641670345503374762e+00
5.640879175713217286e+00
5.640105569125650753e+00
5.639349124256631818e+00
5.638609452381494691e+00
5.637886176404172112e+00
5.637178929888058576e+00
5.636487356252773750e+00
5.635811108082027232e+00
5.635149846543240137e+00
5.634503240900178511e+00
5.633870968101470034e+00
5.633252712433852061e+00
5.632648165228787640e+00
5.632057024609316898e+00
5.631478995274081356e+00
5.630913788308184564e+00
5.630361121023983451e+00
5.629820716799725844e+00
5.629292304947338010e+00
5.628775620586804251e+00
5.628270404528256776e+00
5.627776403159517216e+00
5.627293368339103985e+00
5.626821057290777972e+00
5.626359232501299878e+00
5.625907661619725886e+00
5.625466117358010720e+00
5.625034377392640117e+00
5.624612224267157679e+00
5.624199445295503530e+00
5.623795832466163880e+00
5.623401182347159022e+00
5.623015295991934615e+00
5.622637978846229956e+00
5.622269040656001415e+00
5.621908295376497833e+00
5.621555561082558050e+00
5.621210659880206073e+00
5.620873417819628237e+00
5.620543664809557249e+00
5.620221234533148369e+00
5.619905964365359274e+00
5.619597695291868256e+00
5.619296271829560041e+00
5.619001541948583700e+00
5.618713356995659325e+00
5.618431571620165599e+00
5.618156043699855218e+00
5.617886634270241153e+00
5.617623207453739553e+00
5.617365630390913189e+00
5.617113773174251534e+00
5.616867508781806073e+00
5.616626713013193495e+00
5.616391264426837004e+00
5.616161044278620729e+00
5.615935936461887934e+00
5.615715827448798159e+00
5.615500606232981085e+00
5.615290164273473827e+00
5.615084395439911447e+00
5.614883195958944917e+00
5.614686464361849261e+00
5.614494101433309403e+00
5.614306010161342897e+00
5.614122095688344416e+00
5.613942265263218268e+00
5.613766428194586489e+00
5.613594495805026341e+00
5.613426381386342534e+00
5.613262000155821774e+00
5.613101269213467859e+00
5.612944107500190682e+00
5.612790435756918050e+00
5.612640176484624099e+00
5.612493253905238788e+00
5.612349593923434909e+00
5.612209124089257095e+00
5.612071773561584820e+00
5.611937473072404536e+00
5.611806154891877618e+00
5.611677752794185459e+00
5.611552202024128633e+00
5.611429439264473018e+00
5.611309402604016228e+00
5.611192031506367250e+00
5.611077266779094685e+00
5.610965050544746369e+00
5.610855326210933747e+00
5.610748038441955465e+00
5.610643133130901461e+00
5.610540557372360126e+00
5.610440259435747201e+00
5.610342188739211089e+00
5.610246295824132368e+00
5.610152532330174857e+00
5.610060850970905122e+00
5.609971205509938663e+00
5.609883550737626123e+00
5.609797842448257299e+00
5.609714037417758981e+00
5.609632093381906159e+00
5.609551969014999528e+00
5.609473623909033257e+00
5.609397018553306857e+00
5.609322114314505114e+00
5.609248873417216785e+00
5.609177258924554543e+00
5.609107234720406510e+00
5.609038765490485190e+00
5.608971816704690028e+00
5.608906354599697330e+00
5.608842346161933001e+00
5.608779759110923635e+00
5.608718561883020648e+00
5.608658723615483233e+00
5.608600214130912143e+00
5.608543003922032533e+00
5.608487064136816969e+00
5.608432366563927296e+00
5.608378883618498456e+00
5.608326588328217177e+00
5.608275454319724851e+00
5.608225455804993764e+00
5.608176567569195470e+00
5.608128764957249324e+00
5.608082023861562071e+00
5.608036320709869571e+00
5.607991632453353859e+00
5.607947936555018664e+00
5.607905210978326060e+00
5.607863434176084461e+00
5.607822585079580868e+00
5.607782643087958263e+00
5.607743588057826578e+00
5.607705400293101938e+00
5.607668060535077714e+00
5.607631549952709626e+00
5.607595850133120230e+00
5.607560943071992376e+00
5.607526811165358005e+00
5.607493437199990716e+00
5.607460804344894356e+00
5.607428896142818253e+00
5.607397696501958961e+00
5.607367189687844977e+00
5.607337360315405306e+00
5.607308193341211222e+00
5.607279674055888563e+00
5.607251788076701438e+00
5.607224521340300250e+00
5.607197860095626929e+00
5.607171790896984476e+00
5.607146300597252164e+00
5.607121376341259733e+00
5.607097005559300129e+00
5.607073175960792355e+00
5.607049875528083760e+00
5.607027092510389110e+00
5.607004815417864663e+00
5.606983033015811024e+00
5.606961734319011903e+00
5.606940908586190098e+00
5.606920545314594051e+00
5.606900634234697200e+00
5.606881165305020787e+00
5.606862128707069459e+00
5.606843514840381459e+00
5.606825314317683606e+00
5.606807517960160858e+00
5.408142858512147377e+00
5.287014822857236673e+00
5.168576585420190384e+00
5.052768415896512266e+00
4.939531910367175094e+00
4.828809961844590326e+00
4.720546731472633262e+00
4.614687620366214382e+00
4.511179242076186036e+00
4.409969395665695124e+00
4.311007039384417538e+00
4.214242264927380077e+00
4.119626272265403344e+00
4.027111345034461110e+00
3.936650826471555842e+00
3.848199095884960563e+00
3.761711545646973853e+00
3.677144558697576393e+00
3.594455486547645684e+00
3.513602627770640918e+00
3.434545206971903575e+00
3.357243354224968890e+00
3.281658084964526712e+00
3.207751280325873200e+00
3.135485667920961284e+00
3.064824803041332757e+00
2.995733050278469367e+00
2.928175565552282311e+00
2.862118278538684724e+00
2.797527875487379578e+00
2.734371782421201047e+00
2.672618148708534314e+00
2.612235831000531139e+00
2.553194377525019210e+00
2.495464012729183612e+00
2.439015622263279059e+00
2.383820738297794506e+00
2.329851525166670712e+00
2.277080765329326795e+00
2.225481845644416534e+00
2.175028743948396404e+00
2.125696015932126759e+00
2.077458782308903462e+00
2.030292716267429132e+00
1.984801460571666620e+00
1.943083020894982971e+00
1.905751605305601615e+00
1.873074199057423339e+00
1.845060619601274876e+00
1.821547323273460695e+00
1.802245465633016019e+00
1.786782276043569651e+00
1.774742521321834188e+00
1.765696811539723354e+00
1.759222280506041791e+00
1.754917043755785055e+00
1.752409672646400240e+00
1.751364757869180444e+00
1.751485477121325962e+00
1.752513932582983491e+00
1.754229889555836364e+00
1.756448426625180081e+00
1.759016902342999789e+00
1.761811552864580799e+00
1.764733958188088092e+00
1.767707551876166239e+00
1.770674295318061198e+00
1.773591598042485229e+00
1.776429531341969792e+00
1.779168358140629458e+00
1.781796382856405403e+00
1.784308111707961553e+00
1.786702704757751059e+00
1.788982695194058836e+00
1.791152947687350894e+00
1.793219827439572978e+00
1.795190550478914515e+00
1.797072688523660755e+00
1.798873802394784560e+00
1.800601181175522481e+00
1.802261666680720298e+00
1.803861544932677807e+00
1.805406490395734309e+00
1.806901548980125671e+00
1.808351149698678162e+00
1.809759136313557226e+00
1.811128811572787933e+00
1.812462989229445931e+00
1.813764049371706877e+00
1.815033993804142876e+00
1.816274499741667992e+00
1.817486969968319599e+00
1.818672578511679516e+00
1.819832311578712503e+00
1.820967003436031462e+00
1.822077367296745853e+00
1.823164021691625392e+00
1.824227512245815586e+00
1.825268329624212704e+00
1.826286924114895349e+00
1.827283717075785630e+00
1.828259109827397033e+00
1.829213490376188744e+00
1.830147238223666095e+00
1.831060728046065345e+00
1.831954331935312874e+00
1.832828420797057101e+00
1.833683365057447112e+00
1.834519535034163651e+00
1.835337300434485730e+00
1.836137029953635480e+00
1.836919091119842973e+00
1.837683849270409064e+00
1.838431666981205970e+00
1.839162903416833750e+00
1.839877913716635005e+00
1.840577048453555520e+00
1.841260653150249116e+00
1.841929067871514780e+00
1.842582626890553854e+00
1.843221658426235532e+00
1.843846484446504563e+00
1.844457420531800285e+00
1.845054775791692858e+00
1.845638852832899524e+00
1.846209947752616154e+00
1.846768350176504425e+00
1.847314343320726193e+00
1.847848204075352996e+00
1.848370203104367615e+00
1.848880604958127005e+00
1.849379668194758963e+00
1.849867645507542013e+00
1.850344783855854880e+00
1.850811324597732455e+00
1.851267503622492372e+00
1.851713551482238485e+00
1.852149693521352614e+00
1.852576150003335531e+00
1.852993136234556859e+00
1.853400862684642991e+00
1.853799535103354712e+00
1.854189354633913434e+00
1.854570517922798478e+00
1.854943217226100005e+00
1.855307640512541711e+00
1.855663971563318970e+00
1.856012390068894957e+00
1.856353071722923520e+00
1.856686188313447117e+00
1.857011907811521478e+00
1.857330394457411327e+00
1.857641808844485043e+00
1.857946308000938185e+00
1.858244045469444439e+00
1.858535171384847029e+00
1.858819832549967188e+00
1.859098172509620506e+00
1.859370331622906214e+00
1.859636447133837356e+00
1.859896653240365128e+00
1.860151081161854902e+00
1.860399859205051909e+00
1.860643112828587409e+00
1.860880964706059570e+00
1.861113534787723900e+00
1.861340940360829643e+00
1.861563296108630805e+00
1.861780714168105755e+00
1.861993304186404963e+00
1.862201173376065944e+00
1.862404426569010729e+00
1.862603166269358512e+00
1.862797492705074109e+00
1.862987503878482887e+00
1.863173295615667246e+00
1.863354961614772654e+00
1.863532593493250511e+00
1.863706280834051432e+00
1.863876111230800436e+00
1.864042170331966952e+00
1.864204541884060262e+00
1.864363307773864609e+00
1.864518548069738157e+00
1.864670341061996028e+00
1.864818763302396487e+00
1.864963889642749617e+00
1.865105793272669787e+00
1.865244545756490568e+00
1.865380217069356528e+00
1.865512875632518108e+00
1.865642588347837139e+00
1.865769420631529618e+00
1.865893436447158660e+00
1.866014698337892463e+00
1.866133267458047751e+00
1.866249203603931317e+00
1.866362565243998572e+00
1.866473409548337736e+00
1.866581792417505214e+00
1.866687768510715495e+00
1.866791391273407541e+00
1.866892712964198342e+00
1.866991784681238720e+00
1.867088656387981604e+00
1.867183376938379435e+00
1.867275994101523784e+00
1.867366554585733418e+00
1.867455104062112348e+00
1.867541687187580957e+00
1.867626347627397987e+00
1.867709128077180702e+00
1.867790070284437887e+00
1.867869215069623223e+00
1.867946602346722385e+00
1.868022271143379820e+00
1.868096259620585675e+00
1.868168605091916401e+00
1.868239344042354366e+00
1.868308512146688471e+00
1.868376144287503093e+00
1.868442274572773565e+00
1.868506936353064862e+00
1.868570162238349930e+00
1.868631984114458522e+00
1.868692433159155231e+00
1.868751539857863353e+00
1.868809334019040813e+00
1.868865844789209918e+00
1.868921100667660040e+00
1.868975129520817235e+00
1.869027958596300110e+00
1.869079614536658829e+00
1.869130123392813703e+00
1.869179510637191788e+00
1.869227801176573500e+00
1.869275019364653234e+00
1.869321189014320650e+00
1.869366333409671732e+00
1.869410475317749842e+00
1.869453637000027424e+00
1.869495840223634353e+00
1.869537106272333382e+00
1.869577455957255552e+00
1.869616909627395129e+00
1.869655487179870734e+00
1.869693208069961310e+00
1.869730091320917387e+00
1.869766155533554519e+00
1.869801418895634226e+00
1.869835899191036210e+00
1.869869613808726516e+00
1.869902579751528737e+00
1.869934813644696492e+00
1.869966331744299826e+00
1.869997149945422432e+00
1.870027283790177464e+00
1.870056748475547037e+00
1.870085558861044994e+00
1.870113729476211128e+00
1.870141274527938879e+00
1.870168207907639824e+00
1.870194543198250070e+00
1.870220293681079005e+00
1.870245472342509041e+00
1.870270091880543273e+00
1.870294164711209683e+00
1.870317702974823026e+00
1.870340718542107927e+00
1.870363223020184762e+00
1.870385227758422308e+00
1.870406743854163611e+00
1.870427782158321284e+00
1.870448353280850018e+00
1.870468467596096751e+00
1.870488135248034034e+00
1.870507366155373941e+00
1.870526170016572509e+00
1.870544556314718054e+00
1.870562534322316228e+00
1.870580113105964948e+00
1.870597301530926737e+00
1.870614108265600262e+00
1.870630541785891721e+00
1.870646610379489649e+00
1.870662322150043133e+00
1.870677685021250314e+00
1.870692706740854083e+00
1.870707394884548735e+00
1.870721756859800911e+00
1.870735799909585273e+00
1.870749531116037367e+00
1.870762957404024762e+00
1.870776085544640255e+00
1.870788922158615808e+00
1.870801473719661878e+00
1.870813746557732582e+00
1.870825746862216699e+00
1.870837480685060727e+00
