7.484778869899030296e-01
8.913103918144286153e-01
1.007532689151297900e+00
1.121174126272258764e+00
1.232292014378402856e+00
1.340942392004542238e+00
1.447180053280341827e+00
1.551058575563877495e+00
1.652630346461558597e+00
1.751946590248040447e+00
1.849057393699445662e+00
1.944011731352930594e+00
2.036857490205331356e+00
2.127641493863343669e+00
2.216409526157421261e+00
2.303206354231294384e+00
2.388075751118761136e+00
2.471060517819128943e+00
2.552202504882447709e+00
2.631542633515413065e+00
2.706564129610228076e+00
2.774745742209123733e+00
2.835266560064135355e+00
2.887829482606802944e+00
2.932529475812102771e+00
2.969764691885341090e+00
3.000088761471314314e+00
3.024157945377215828e+00
3.042676966047793918e+00
3.056358668818223823e+00
3.065895020799993098e+00
3.071937254297499642e+00
3.075085033015203084e+00
3.075879211536425739e+00
3.074794257209353177e+00
3.072241283092759456e+00
3.068571015971757188e+00
3.064078143787392516e+00
3.059006483906894669e+00
3.053554544934775627e+00
3.047881162918698372e+00
3.042110981967614869e+00
3.036339621763076035e+00
3.030638430885937762e+00
3.025058769672545278e+00
3.019635799740460591e+00
3.014391782192600289e+00
3.009338904083784350e+00
3.004481664529093266e+00
2.999818859071779364e+00
2.995345204654798810e+00
2.991052648628000910e+00
2.986931404392318967e+00
2.982970754116154311e+00
2.979159655896672643e+00
2.975487189320725534e+00
2.971942869361772210e+00
2.968516854953095585e+00
2.965200074902596405e+00
2.961984290184712432e+00
2.958862108682859038e+00
2.955826965491039626e+00
2.952873079358560915e+00
2.949995393803687360e+00
2.947189509349176451e+00
2.944451612222621861e+00
2.941778402770376832e+00
2.939167026497383262e+00
2.936615009467471893e+00
2.934120199175134669e+00
2.931680711477850920e+00
2.929294883784731240e+00
2.926961234409974466e+00
2.924678427798507396e+00
2.922445245198808994e+00
2.920260560279395623e+00
2.918123319148127059e+00
2.916032524226949363e+00
2.913987221450231591e+00
2.911986490285583429e+00
2.910029436116397417e+00
2.908115184571381295e+00
2.906242877433691252e+00
2.904411669810675889e+00
2.902620728290490781e+00
2.900869229854685205e+00
2.899156361354705336e+00
2.897481319395291077e+00
2.895843310497738798e+00
2.894241551443150762e+00
2.892675269717800202e+00
2.891143704002037573e+00
2.889646104659195025e+00
2.888181734194354977e+00
2.886749867662557811e+00
2.885349793014104769e+00
2.883980811370992381e+00
2.882642237232499127e+00
2.881333398611958696e+00
2.880053637108799247e+00
2.878802307920991677e+00
2.877578779804592202e+00
2.876382434986947789e+00
2.875212669040287050e+00
2.874068890722161651e+00
2.872950521788779632e+00
2.871856996786732896e+00
2.870787762828053147e+00
2.869742279352911929e+00
2.868720017883696904e+00
2.867720461773588081e+00
2.866743105952477944e+00
2.865787456672023836e+00
2.864853031251873627e+00
2.863939357828509724e+00
2.863045975107352259e+00
2.862172432119484800e+00
2.861318287983012798e+00
2.860483111669827494e+00
2.859666481777844993e+00
2.858867986308864850e+00
2.858087222452074805e+00
2.857323796373145708e+00
2.856577323008832714e+00
2.855847425866937517e+00
2.855133736831485081e+00
2.854435895972934567e+00
2.853753551363256147e+00
2.853086358895689401e+00
2.852433982109009669e+00
2.851796092016130046e+00
2.851172366936884917e+00
2.850562492334829834e+00
2.849966160657922298e+00
2.849383071182952420e+00
2.848812929863583143e+00
2.848255449181902321e+00
2.847710348003366754e+00
2.847177351435038251e+00
2.846656190687026022e+00
2.846146602937033698e+00
2.845648331197945691e+00
2.845161124188360979e+00
2.844684736206004594e+00
2.844218927003958175e+00
2.843763461669623016e+00
2.843318110506371177e+00
2.842882648917812283e+00
2.842456857294620054e+00
2.842040520903861722e+00
2.841633429780776154e+00
2.841235378622946062e+00
2.840846166686807006e+00
2.840465597686454124e+00
2.840093479694681733e+00
2.839729625046217620e+00
2.839373850243102737e+00
2.839025975862163431e+00
2.838685826464493633e+00
2.838353230507104641e+00
2.838028020256320172e+00
2.837710031703208902e+00
2.837399104480877732e+00
2.837095081783594708e+00
2.836797810287707833e+00
2.836507140074325140e+00
2.836222924553657432e+00
2.835945020391213767e+00
2.835673287435408696e+00
2.835407588646907229e+00
2.835147790029509451e+00
2.834893760562531284e+00
2.834645372134800834e+00
2.834402499480069615e+00
2.834165020113758260e+00
2.833932814271210798e+00
2.833705764847294972e+00
2.833483757337342368e+00
2.833266679779403052e+00
2.833054422697780961e+00
2.832846879047824729e+00
2.832643944161940652e+00
2.832445515696809579e+00
2.832251493581771751e+00
2.832061779968361837e+00
2.831876279180959077e+00
2.831694897668539657e+00
2.831517543957451366e+00
2.831344128605402410e+00
2.831174564156254458e+00
2.831008765095938795e+00
2.830846647809330374e+00
2.830688130538081992e+00
2.830533133339391050e+00
2.830381578045682467e+00
2.830233388225189550e+00
2.830088489143407049e+00
2.829946807725400859e+00
2.829808272518913537e+00
2.829672813658447250e+00
2.829540362829929823e+00
2.829410853236286272e+00
2.829284219563751979e+00
2.829160397948935035e+00
2.829039325946564265e+00
2.828920942498116542e+00
2.828805187900925500e+00
2.828692003778093156e+00
2.828581333049052571e+00
2.828473119900735355e+00
2.828367309759546089e+00
2.828263849263739083e+00
2.828162686236528778e+00
2.828063769659779680e+00
2.827967049648275388e+00
2.827872477424561826e+00
2.827780005294348253e+00
2.827689586622454065e+00
2.827601175809291156e+00
2.827514728267864985e+00
2.827430200401291227e+00
2.827347549580809360e+00
2.827266734124282088e+00
2.827187713275175707e+00
2.827110447182006769e+00
2.827034896878242609e+00
2.826961024262651723e+00
2.826888792080086699e+00
2.826818163902698799e+00
2.826749104111518918e+00
2.826681577878616736e+00
2.826615551149434857e+00
2.826550990625638970e+00
2.826487863748322837e+00
2.826426138681591205e+00
2.826365784296503758e+00
2.826306770155375236e+00
2.826249066496427709e+00
2.826192644218735950e+00
2.826137474867669752e+00
2.826083530620445927e+00
2.826030784272119512e+00
2.825979209221862298e+00
2.825928779459550455e+00
2.825879469552646572e+00
2.825831254633372591e+00
2.825784110386171388e+00
2.825738013035441032e+00
2.825692939333547038e+00
2.825648866549097082e+00
2.825605772455478171e+00
2.825563635319645606e+00
2.825522433891164642e+00
2.825482147391492393e+00
2.825442755503500436e+00
2.825404238361182152e+00
2.825366576539754870e+00
2.825329751045762894e+00
2.825293743307523808e+00
2.825258535165759977e+00
2.825224108864441863e+00
2.825190447041834751e+00
2.825157532721741305e+00
2.825125349304941746e+00
2.825093880560822779e+00
2.825063110619146833e+00
2.825033023962169487e+00
2.825003605416711583e+00
2.824974840146533772e+00
2.824946713644850504e+00
2.824919211727017654e+00
2.824892320523376910e+00
2.824866026472263147e+00
2.824840316313164124e+00
2.824815177080033823e+00
2.824790596094751916e+00
2.824766560960732864e+00
2.824743059556671376e+00
2.824720080030432179e+00
2.824697610793069469e+00
2.824675640512985808e+00
2.824654158110216251e+00
2.824633152750838150e+00
2.824612613841511966e+00
2.824592531024135322e+00
2.824572894170620074e+00
2.824553693377786168e+00
2.824534918962364749e+00
2.824516561456117181e+00
2.824498611601057085e+00
2.824481060344785188e+00
2.824463898835920972e+00
2.824447118419639580e+00
2.824430710633307751e+00
2.824414667202215234e+00
2.824398980035402129e+00
2.824383641221579033e+00
2.824368643025090719e+00
2.824353977882138267e+00
2.824339638396859975e+00
2.824325617337628991e+00
2.866446272581242294e+00
2.963570662565795377e+00
3.034672506615197829e+00
3.103298790647137206e+00
3.170401142952703477e+00
3.236013404325396525e+00
3.300168664081938985e+00
3.362899276749748090e+00
3.424236878383841720e+00
3.484212402521412955e+00
3.542856095782107140e+00
3.600197533121875182e+00
3.656265632748104011e+00
3.711088670703528880e+00
3.764694295126297163e+00
3.817109540193365902e+00
3.868360839754276359e+00
3.918474040662163649e+00
3.967474415808741828e+00
4.015386676869828086e+00
4.062234986767840894e+00
4.108042971857542192e+00
4.152833733841196917e+00
4.196629861419125085e+00
4.239453441681549251e+00
4.281326071247465670e+00
4.322268867156171979e+00
4.362302477516923460e+00
4.401447091922107369e+00
4.439722451629179112e+00
4.477147859516496631e+00
4.513742189818067629e+00
4.549523897642134607e+00
4.584279188805600036e+00
4.616445164812732926e+00
4.645568393537633511e+00
4.671432554032286966e+00
4.693997883758346035e+00
4.713358609384071585e+00
4.729695254216371048e+00
4.743240353028479461e+00
4.754257215389562141e+00
4.763022030164811405e+00
4.769810660095271437e+00
4.774889234483971734e+00
4.778507773861582208e+00
4.780896195815397043e+00
4.782262156161619870e+00
4.782790273762647537e+00
4.782642368222791873e+00
4.781958412426764227e+00
4.780857962174814624e+00
4.779441877033926644e+00
4.777794190137611530e+00
4.775984019880099574e+00
4.774067445849983216e+00
4.772089295132770914e+00
4.770084803251442906e+00
4.768081128684952041e+00
4.766098711027384027e+00
4.764152470989712285e+00
4.762252856356125719e+00
4.760406742189692508e+00
4.758618196019895663e+00
4.756889120744724586e+00
4.755219787916268537e+00
4.753609274712296440e+00
4.752055817112693425e+00
4.750557091192590953e+00
4.749110433504310613e+00
4.747713010333336925e+00
4.746361944722781168e+00
4.745054408956584702e+00
4.743787689474425306e+00
4.742559229458602310e+00
4.741366654430601457e+00
4.740207784400761071e+00
4.739080636330800900e+00
4.737983419634768545e+00
4.736914526602491016e+00
4.735872519656181723e+00
4.734856116813065618e+00
4.733864176290453862e+00
4.732895681026401569e+00
4.731949723670608954e+00
4.731025492467671789e+00
4.730122258169537020e+00
4.729239362241083988e+00
4.728376206219987665e+00
4.727532242405049878e+00
4.726706965742356381e+00
4.725899906847997656e+00
4.725110626074924269e+00
4.724338708522251018e+00
4.723583759882326483e+00
4.722845403022248867e+00
4.722123275201054682e+00
4.721417025830436209e+00
4.720726314699168924e+00
4.720050810568984900e+00
4.719390190066225621e+00
4.718744136912439657e+00
4.718112341291954337e+00
4.717494499400129548e+00
4.716890313119751710e+00
4.716299489795425792e+00
4.715721742081147916e+00
4.715156787840986574e+00
4.714604350104035113e+00
4.714064156997030963e+00
4.713535941730959244e+00
4.713019442585689944e+00
4.712514402896353261e+00
4.712020571020437032e+00
4.711537700346783986e+00
4.711065549259113361e+00
4.710603881101642187e+00
4.710152464137406625e+00
4.709711071499442347e+00
4.709279481135195233e+00
4.708857475744774312e+00
4.708444842713751299e+00
4.708041374041266103e+00
4.707646866264210139e+00
4.707261120378253061e+00
4.706883941756404788e+00
4.706515140065790526e+00
4.706154529183222301e+00
4.705801927110090155e+00
4.705457155887037501e+00
4.705120041508813244e+00
4.704790413839633700e+00
4.704468106529327009e+00
4.704152956930488294e+00
4.703844806016825864e+00
4.703543498302832582e+00
4.703248881764904965e+00
4.702960807763959750e+00
4.702679130969626975e+00
4.702403709286035571e+00
4.702134403779209215e+00
4.701871078606074228e+00
4.701613600945074189e+00
4.701361840928369951e+00
4.701115671575596622e+00
4.700874968729160663e+00
4.700639610991031780e+00
4.700409479661010970e+00
4.700184458676418764e+00
4.699964434553195680e+00
4.699749296328345594e+00
4.699538935503716708e+00
4.699333245991073049e+00
4.699132124058412074e+00
4.698935468277521288e+00
4.698743179472709919e+00
4.698555160670714770e+00
4.698371317051729612e+00
4.698191555901543914e+00
4.698015786564751828e+00
4.697843920399012774e+00
4.697675870730332548e+00
4.697511552809350732e+00
4.697350883768595331e+00
4.697193782580693977e+00
4.697040170017517724e+00
4.696889968610229005e+00
4.696743102610218656e+00
4.696599497950915136e+00
4.696459082210437508e+00
4.696321784575078873e+00
4.696187535803602486e+00
4.696056268192325689e+00
4.695927915540983655e+00
4.695802413119348095e+00
4.695679697634589367e+00
4.695559707199355337e+00
4.695442381300567902e+00
4.695327660768908729e+00
4.695215487748980898e+00
4.695105805670129584e+00
4.694998559217920864e+00
4.694893694306239595e+00
4.694791158050023228e+00
4.694690898738582696e+00
4.694592865809529059e+00
4.694497009823273892e+00
4.694403282438096348e+00
4.694311636385761766e+00
4.694222025447689184e+00
4.694134404431636653e+00
4.694048729148912358e+00
4.693964956392092880e+00
4.693883043913226416e+00
4.693802950402529817e+00
4.693724635467557249e+00
4.693648059612826273e+00
4.693573184219903105e+00
4.693499971527922199e+00
4.693428384614546367e+00
4.693358387377344343e+00
4.693289944515584899e+00
4.693223021512432425e+00
4.693157584617543066e+00
4.693093600830040124e+00
4.693031037881870482e+00
4.692969864221535836e+00
4.692910048998177430e+00
4.692851562046016944e+00
4.692794373869146440e+00
4.692738455626649596e+00
4.692683779118059562e+00
4.692630316769135668e+00
4.692578041617955442e+00
4.692526927301322814e+00
4.692476948041465867e+00
4.692428078633043675e+00
4.692380294430428478e+00
4.692333571335278286e+00
4.692287885784389267e+00
4.692243214737802148e+00
4.692199535667191945e+00
4.692156826544502835e+00
4.692115065830837040e+00
4.692074232465597738e+00
4.692034305855862009e+00
4.691995265866000686e+00
4.691957092807519381e+00
4.691919767429133081e+00
4.691883270907053038e+00
4.691847584835498353e+00
4.691812691217408293e+00
4.691778572455373109e+00
4.691745211342753130e+00
4.691712591055002157e+00
4.691680695141187130e+00
4.691649507515685436e+00
4.691619012450077619e+00
4.691589194565212395e+00
4.691560038823451073e+00
4.691531530521086069e+00
4.691503655280922835e+00
4.691476399045028778e+00
4.691449748067648251e+00
4.691423688908264999e+00
4.691398208424826244e+00
4.691373293767115982e+00
4.691348932370271285e+00
4.691325111948449589e+00
4.691301820488629204e+00
4.691279046244552831e+00
4.691256777730803407e+00
4.691235003717013186e+00
4.691213713222196269e+00
4.691192895509215255e+00
4.691172540079362463e+00
4.691152636667068165e+00
4.691133175234722508e+00
4.691114145967612004e+00
4.691095539268971493e+00
4.691077345755145345e+00
4.691059556250851692e+00
4.691042161784557685e+00
4.691025153583955110e+00
4.691008523071534597e+00
4.690992261860263746e+00
4.690976361749350509e+00
4.690960814720114946e+00
4.690945612931940012e+00
4.690930748718320942e+00
4.690916214582994570e+00
4.690902003196163683e+00
4.690888107390797757e+00
4.690874520159019845e+00
4.690861234648570743e+00
4.690848244159353087e+00
4.690835542140056269e+00
4.690823122184846206e+00
4.690810978030141243e+00
4.690799103551448468e+00
4.690787492760279065e+00
4.690776139801124067e+00
4.690765038948502941e+00
4.690754184604077892e+00
4.690743571293829461e+00
4.690733193665294287e+00
4.690723046484868597e+00
4.690713124635164988e+00
4.690703423112435821e+00
4.690693937024048132e+00
4.690684661586015380e+00
4.690675592120584270e+00
4.690666724053878411e+00
4.690658052913589060e+00
4.690649574326721805e+00
4.690641284017387669e+00
4.690633177804651055e+00
4.690625251600419432e+00
4.690617501407380985e+00
4.690609923316988450e+00
4.524137236320123989e+00
4.422639641580882852e+00
4.323395926779274312e+00
4.228758136238038645e+00
4.141610450475920580e+00
4.062935719002086721e+00
3.993132778000752392e+00
3.932170641155133595e+00
3.879726964942554535e+00
3.835286513730822300e+00
3.798188885886627730e+00
3.767702014276563371e+00
3.743068654200639056e+00
3.723540430716432592e+00
3.708401806076085272e+00
3.696990986392779011e+00
3.688703191322988406e+00
3.682993153758123750e+00
3.679378964827637155e+00
3.677441106712175944e+00
3.676819535562100061e+00
3.677209478492252881e+00
3.678356463873917903e+00
3.680050982574942342e+00
3.682123076811810947e+00
3.684437070601696007e+00
3.686886589234799061e+00
3.689389963178158816e+00
3.691886069120513536e+00
3.694330631958015143e+00
3.696692986967446970e+00
3.698953285780177680e+00
3.701100118333862987e+00
3.703128516193272990e+00
3.705038299084336906e+00
3.706832725034666876e+00
3.708517405095060226e+00
3.710099445452621048e+00
3.711586782215559932e+00
3.712987677196272429e+00
3.714310346590283807e+00
3.715562697585782725e+00
3.716752151256612624e+00
3.717885533335055559e+00
3.718969017299662116e+00
3.720008106578797769e+00
3.721007645922884244e+00
3.721971851989319013e+00
3.722904357972750322e+00
3.723808265384394467e+00
3.724686199847097701e+00
3.725540367504876382e+00
3.726372609927522284e+00
3.727184455956512821e+00
3.727977169536101698e+00
3.728751792987865521e+00
3.729509185489184198e+00
3.730250056770601841e+00
3.730974996207484740e+00
3.731684497596172712e+00
3.732378979975418343e+00
3.733058804891333349e+00
3.733724290516517108e+00
3.734375723028288796e+00
3.735013365632322113e+00
3.735637465581175043e+00
3.736248259551449902e+00
3.736845977635218752e+00
3.737430846185887390e+00
3.738003089785306710e+00
3.738562932542542683e+00
3.739110598803369268e+00
3.739646313455189830e+00
3.740170301971106781e+00
3.740682790227296994e+00
3.741184004155666099e+00
3.741674169341544065e+00
3.742153510574256714e+00
3.742622251388441512e+00
3.743080613619010233e+00
3.743528816985465468e+00
3.743967078715210839e+00
3.744395613211735530e+00
3.744814631769981084e+00
3.745224342338812740e+00
3.745624949328769215e+00
3.746016653462121759e+00
3.746399651661519670e+00
3.746774136973154867e+00
3.747140298520212909e+00
3.747498321482470640e+00
3.747848387098084100e+00
3.748190672683891389e+00
3.748525351670885630e+00
3.748852593651885279e+00
3.749172564438768340e+00
3.749485426127013632e+00
3.749791337165613303e+00
3.750090452430733468e+00
3.750382923301778693e+00
3.750668897738762997e+00
3.750948520360104954e+00
3.751221932520160340e+00
3.751489272385955420e+00
3.751750675012723857e+00
3.752006272417953259e+00
3.752256193653751737e+00
3.752500564877401246e+00
3.752739509420030650e+00
3.752973147853381430e+00
3.753201598054681565e+00
3.753424975269651132e+00
3.753643392173699134e+00
3.753856958931357291e+00
3.754065783254039168e+00
3.754269970456178385e+00
3.754469623509825826e+00
3.754664843097776927e+00
3.754855727665291631e+00
3.755042373470473649e+00
3.755224874633373400e+00
3.755403323183861719e+00
3.755577809108334719e+00
3.755748420395288445e+00
3.755915243079817500e+00
3.756078361287064737e+00
3.756237857274667746e+00
3.756393811474231903e+00
3.756546302531859283e+00
3.756695407347764082e+00
3.756841201114996309e+00
3.756983757357302611e+00
3.757123147966145105e+00
3.757259443236893315e+00
3.757392711904224747e+00
3.757523021176731426e+00
3.757650436770769264e+00
3.757775022943557364e+00
3.757896842525548120e+00
3.758015956952078795e+00
3.758132426294329864e+00
3.758246309289597242e+00
3.758357663370895718e+00
3.758466544695905132e+00
3.758573008175283725e+00
3.758677107500347336e+00
3.758778895170140633e+00
3.758878422517906159e+00
3.758975739736971189e+00
3.759070895906055476e+00
3.759163939014020350e+00
3.759254915984070688e+00
3.759343872697417321e+00
3.759430854016415857e+00
3.759515903807191251e+00
3.759599064961760106e+00
3.759680379419664042e+00
3.759759888189119437e+00
3.759837631367700439e+00
3.759913648162559685e+00
3.759987976910204033e+00
3.760060655095825766e+00
3.760131719372210135e+00
3.760201205578219685e+00
3.760269148756869573e+00
3.760335583172998764e+00
3.760400542330551765e+00
3.760464058989477110e+00
3.760526165182245695e+00
3.760586892230006750e+00
3.760646270758386756e+00
3.760704330712928645e+00
3.760761101374200610e+00
3.760816611372555407e+00
3.760870888702577020e+00
3.760923960737192928e+00
3.760975854241481287e+00
3.761026595386168569e+00
3.761076209760827904e+00
3.761124722386783858e+00
3.761172157729732568e+00
3.761218539712078091e+00
3.761263891724998754e+00
3.761308236640241720e+00
3.761351596821659538e+00
3.761393994136487340e+00
3.761435449966371358e+00
3.761475985218152296e+00
3.761515620334408450e+00
3.761554375303764353e+00
3.761592269670973820e+00
3.761629322546774290e+00
3.761665552617524888e+00
3.761700978154632669e+00
3.761735617023765688e+00
3.761769486693860465e+00
3.761802604245936266e+00
3.761834986381705992e+00
3.761866649432000553e+00
3.761897609365004058e+00
3.761927881794308259e+00
3.761957481986785368e+00
3.761986424870286339e+00
3.762014725041173513e+00
3.762042396771676511e+00
3.762069454017093584e+00
3.762095910422828204e+00
3.762121779331270233e+00
3.762147073788525642e+00
3.762171806550994813e+00
3.762195990091807829e+00
3.762219636607111450e+00
3.762242758022223743e+00
3.762265365997645272e+00
3.762287471934941063e+00
3.762309086982490225e+00
3.762330222041107675e+00
3.762350887769543739e+00
3.762371094589856746e+00
3.762390852692670595e+00
3.762410172042312873e+00
3.762429062381842382e+00
3.762447533237960773e+00
3.762465593925817142e+00
3.762483253553706053e+00
3.762500521027661637e+00
3.762517405055947783e+00
3.762533914153451509e+00
3.762550056645975971e+00
3.762565840674439333e+00
3.762581274198979475e+00
3.762596365002971233e+00
3.762611120696949474e+00
3.762625548722447810e+00
3.762639656355750706e+00
3.762653450711563874e+00
3.762666938746602519e+00
3.762680127263099195e+00
3.762693022912234841e+00
3.762705632197492545e+00
3.762717961477936246e+00
3.762730016971421065e+00
3.762741804757725461e+00
3.762753330781619443e+00
3.762764600855861730e+00
3.762775620664131626e+00
3.762786395763895619e+00
3.762796931589209581e+00
3.762807233453458799e+00
3.762817306552038943e+00
3.762827155964975301e+00
3.762836786659485178e+00
3.762846203492482999e+00
3.762855411213028134e+00
3.762864414464721641e+00
3.762873217788048841e+00
3.762881825622665488e+00
3.762890242309641753e+00
3.762898472093648028e+00
3.762906519125096327e+00
3.762914387462234167e+00
3.762922081073189595e+00
3.762929603837974479e+00
3.762936959550440275e+00
3.762944151920190272e+00
3.762951184574452324e+00
3.762958061059906267e+00
3.762964784844474941e+00
3.762971359319070341e+00
3.762977787799306029e+00
3.762984073527167350e+00
3.762990219672647463e+00
3.762996229335347387e+00
3.763002105546035203e+00
3.763007851268178605e+00
3.763013469399437483e+00
3.763018962773125864e+00
3.763024334159640993e+00
3.763029586267858217e+00
3.763034721746500555e+00
3.763039743185472297e+00
3.763044653117165073e+00
3.763049454017737716e+00
3.763054148308359714e+00
3.763058738356438226e+00
3.763063226476807799e+00
3.763067614932900096e+00
3.763071905937883432e+00
3.763076101655780548e+00
3.763080204202559731e+00
3.763084215647201081e+00
3.763088138012740114e+00
3.763091973277289615e+00
3.763095723375033952e+00
3.763099390197208294e+00
3.763102975593049404e+00
3.763106481370730894e+00
3.763109909298271827e+00
3.763113261104431118e+00
3.763116538479578832e+00
3.782519737680817506e+00
3.857951620934441550e+00
3.908295971452570683e+00
3.957522363245693509e+00
4.005655621973451375e+00
4.052720022010931622e+00
4.098739298690626143e+00
4.143736660272537620e+00
4.187734799648481498e+00
4.230755905786472759e+00
4.272821674920978197e+00
4.313953321494680360e+00
4.354171588857255415e+00
4.393496759726582823e+00
4.431948666417640403e+00
4.469546700844263754e+00
4.506309824298797118e+00
4.542256577014578411e+00
4.577405087516076776e+00
4.611773081761397108e+00
4.645377892081766547e+00
4.678236465922508636e+00
4.710365374389906989e+00
4.741780820608286540e+00
4.772498647891505463e+00
4.802534347732994924e+00
4.831903067618364744e+00
4.860619618664525632e+00
4.888698483089174651e+00
4.916153821514407163e+00
4.942999480108147381e+00
4.969248997566992898e+00
4.994915611943996581e+00
5.020012267324831079e+00
5.044551620355695043e+00
5.068546046626266843e+00
5.092007646910912122e+00
5.114948253271295542e+00
5.137379435023484042e+00
5.159312504572535651e+00
5.180758523117529712e+00
5.201728306229902898e+00
5.222232429307918089e+00
5.242281232910009692e+00
5.261884827969688594e+00
5.281053100894650854e+00
5.299795718552652524e+00
5.318122133146664154e+00
5.336041586981771445e+00
5.353563117126213022e+00
5.370695559968925004e+00
5.387447555675870525e+00
5.403827552547411983e+00
5.419843811278932222e+00
5.435504409126825642e+00
5.450817243981996185e+00
5.465790038352888125e+00
5.480430343260068504e+00
5.494745542044332076e+00
5.508742854090235674e+00
5.522429338466950277e+00
5.535811897488264854e+00
5.548897280193532566e+00
5.561692085751317904e+00
5.574202766787466068e+00
5.586435632639265236e+00
5.598396852537345758e+00
5.610092458716922081e+00
5.621528349459948615e+00
5.632710292069711855e+00
5.643643925779381121e+00
5.653891744190657320e+00
5.663166944486103915e+00
5.671360375283623689e+00
5.678434429911416004e+00
5.684402100645732148e+00
5.689309867919158492e+00
5.693227452037314507e+00
5.696238836534987193e+00
5.698435389374249205e+00
5.699910708659322367e+00
5.700756869324456133e+00
5.701061793975171987e+00
5.700907512820420742e+00
5.700369115799515995e+00
5.699514233525312612e+00
5.698402912923487662e+00
5.697087778744445608e+00
5.695614393946645926e+00
5.694021750108790414e+00
5.692342834728046697e+00
5.690605234523534506e+00
5.688831744751968067e+00
5.687040962607753158e+00
5.685247849821984722e+00
5.683464254573276975e+00
5.681699387421824454e+00
5.679960248453507887e+00
5.678252005637376421e+00
5.676578325909441780e+00
5.674941661398902326e+00
5.673343494407795617e+00
5.671784544750040347e+00
5.670264943395975088e+00
5.668784376318656726e+00
5.667342202322783073e+00
5.665937548405142188e+00
5.664569385874353102e+00
5.663236590352622279e+00
5.661937987972845754e+00
5.660672390811186894e+00
5.659438622589819445e+00
5.658235537239844959e+00
5.657062031559480175e+00
5.655917053160464114e+00
5.654799604865629270e+00
5.653708746307891886e+00
5.652643593612119766e+00
5.651603317617962752e+00
5.650587141138780467e+00
5.649594335613463691e+00
5.648624217427001604e+00
5.647676144108856988e+00
5.646749510562443675e+00
5.645843745434284244e+00
5.644958307695965516e+00
5.644092683484242201e+00
5.643246383223312179e+00
5.642418939037272096e+00
5.641609902449049585e+00
5.640818842353886531e+00
5.640045343249915355e+00
5.639289003705059145e+00
5.638549435037735869e+00
5.637826260188386840e+00
5.637119112759245709e+00
5.636427636200796343e+00
5.635751483124813888e+00
5.635090314725576199e+00
5.634443800292641136e+00
5.633811616800406874e+00
5.633193448561513605e+00
5.632588986932790753e+00
5.631997930064101432e+00
5.631419982681830305e+00
5.630854855900127909e+00
5.630302267054111631e+00
5.629761939550300021e+00
5.629233602730396413e+00
5.628716991745308817e+00
5.628211847436922710e+00
5.627717916225686068e+00
5.627234950002505620e+00
5.626762706023821892e+00
5.626300946809021930e+00
5.625849440039596416e+00
5.625407958459616609e+00
5.624976279777283317e+00
5.624554186567371161e+00
5.624141466174517490e+00
5.623737910617328417e+00
5.623343316493333965e+00
5.622957484884866908e+00
5.622580221265915945e+00
5.622211335410046473e+00
5.621850641299476870e+00
5.621497957035384019e+00
5.621153104749509133e+00
5.620815910517137581e+00
5.620486204271508690e+00
5.620163819719695475e+00
5.619848594260002272e+00
5.619540368900905136e+00
5.619238988181542993e+00
5.618944300093795086e+00
5.618656156005926938e+00
5.618374410587814616e+00
5.618098921737736617e+00
5.617829550510724523e+00
5.617566161048447526e+00
5.617308620510628181e+00
5.617056799007942303e+00
5.616810569536411890e+00
5.616569807913231571e+00
5.616334392714025903e+00
5.616104205211502887e+00
5.615879129315464624e+00
5.615659051514166222e+00
5.615443860816978550e+00
5.615233448698332630e+00
5.615027709042920812e+00
5.614826538092112074e+00
5.614629834391577923e+00
5.614437498740076471e+00
5.614249434139388484e+00
5.614065545745365426e+00
5.613885740820069969e+00
5.613709928684988526e+00
5.613538020675277629e+00
5.613369930095040594e+00
5.613205572173589175e+00
5.613044864022685765e+00
5.612887724594737726e+00
5.612734074641913651e+00
5.612583836676177107e+00
5.612436934930207677e+00
5.612293295319183528e+00
5.612152845403424628e+00
5.612015514351855749e+00
5.611881232906285710e+00
5.611749933346481534e+00
5.611621549456014435e+00
5.611496016488869643e+00
5.611373271136789853e+00
5.611253251497353212e+00
5.611135897042751175e+00
5.611021148589268037e+00
5.610908948267432805e+00
5.610799239492834545e+00
5.610691966937586095e+00
5.610587076502422832e+00
5.610484515289420493e+00
5.610384231575316960e+00
5.610286174785428237e+00
5.610190295468142629e+00
5.610096545269984247e+00
5.610004876911220073e+00
5.609915244162029246e+00
5.609827601819175058e+00
5.609741905683217844e+00
5.609658112536219043e+00
5.609576180119948852e+00
5.609496067114575268e+00
5.609417733117822991e+00
5.609341138624597711e+00
5.609266245007067830e+00
5.609193014495177820e+00
5.609121410157604792e+00
5.609051395883132507e+00
5.608982936362436611e+00
5.608915997070281989e+00
5.608850544248108250e+00
5.608786544887007786e+00
5.608723966711073317e+00
5.608662778161126461e+00
5.608602948378799802e+00
5.608544447190972448e+00
5.608487245094556428e+00
5.608431313241617033e+00
5.608376623424821794e+00
5.608323148063218966e+00
5.608270860188323326e+00
5.608219733430520826e+00
5.608169742005768121e+00
5.608120860702585198e+00
5.608073064869347313e+00
5.608026330401848725e+00
5.607980633731146192e+00
5.607935951811676034e+00
5.607892262109627879e+00
5.607849542591585745e+00
5.607807771713408052e+00
5.607766928409373186e+00
5.607726992081545347e+00
5.607687942589393515e+00
5.607649760239632464e+00
5.607612425776290266e+00
5.607575920370996947e+00
5.607540225613490747e+00
5.607505323502333994e+00
5.607471196435828809e+00
5.607437827203150427e+00
5.607405198975657257e+00
5.607373295298412330e+00
5.607342100081877057e+00
5.607311597593803931e+00
5.607281772451298885e+00
5.607252609613063044e+00
5.607224094371809464e+00
5.607196212346843289e+00
5.607168949476812436e+00
5.607142292012614604e+00
5.607116226510460599e+00
5.607090739825101089e+00
5.607065819103190130e+00
5.607041451776808572e+00
5.607017625557122464e+00
5.606994328428186236e+00
5.606971548640884428e+00
5.606949274707003994e+00
5.606927495393442484e+00
5.606906199716542361e+00
5.606885376936553200e+00
5.606865016552211145e+00
5.606845108295448021e+00
5.606825642126210596e+00
5.606806608227397071e+00
5.606787996999907264e+00
5.606769799057799375e+00
5.606752005223559543e+00
5.408089295213890146e+00
5.286962448998429487e+00
5.168525374587856547e+00
5.052718342264206797e+00
4.939482948681962249e+00
4.828762087414304460e+00
4.720499920153431006e+00
4.614641848550396830e+00
4.511134486680290934e+00
4.409925634118859072e+00
4.310964249616988653e+00
4.214200425359791780e+00
4.119585361797288847e+00
4.027071343034016593e+00
3.936611712765129223e+00
3.848160850746882300e+00
3.761674149789606680e+00
3.677107993261588437e+00
3.594419733092501623e+00
3.513567668265298760e+00
3.434511023785723260e+00
3.357209930118822072e+00
3.281625403082099268e+00
3.207719324185167586e+00
3.135454421405981851e+00
3.064794250393961139e+00
2.995703176090514397e+00
2.928146354757711567e+00
2.862089716406025719e+00
2.797499947612290594e+00
2.734344474719206275e+00
2.672591447407921095e+00
2.612209722635404852e+00
2.553168848928512258e+00
2.495439051026814958e+00
2.438991214866461199e+00
2.383796872897485652e+00
2.329828189727165988e+00
2.277057948082189753e+00
2.225459535082543461e+00
2.175006928820212515e+00
2.125674685235912964e+00
2.077437925287246578e+00
2.030272322401798668e+00
1.984785078577497419e+00
1.943071576042943782e+00
1.905745396467578567e+00
1.873073045262980019e+00
1.845063996001837348e+00
1.821554484007590791e+00
1.802255538360935994e+00
1.786794347130261862e+00
1.774755698878017318e+00
1.765710271283094546e+00
1.759235296138297544e+00
1.754929004399141235e+00
1.752420089836121297e+00
1.751373264481743242e+00
1.751491820387774956e+00
1.752517963112654620e+00
1.754231547898735588e+00
1.756447728687398735e+00
1.759013924648748617e+00
1.761806418395595708e+00
1.764726823364247910e+00
1.767698594947465285e+00
1.770663706433190709e+00
1.773579570841365083e+00
1.776416256338964272e+00
1.779154017583204794e+00
1.781781146905913049e+00
1.784292135950603653e+00
1.786686128705423870e+00
1.788965641665461570e+00
1.791135522871963204e+00
1.793202121490266476e+00
1.795172638376243857e+00
1.797054631395131663e+00
1.798855649058077155e+00
1.800582969540630796e+00
1.802243425223582607e+00
1.803843294124311436e+00
1.805388244048842239e+00
1.806883315487215036e+00
1.808332933145854859e+00
1.809740937462396726e+00
1.811110628709167836e+00
1.812444818887511966e+00
1.813745886924320150e+00
1.815015833951318047e+00
1.816256336947111416e+00
1.817468798617727588e+00
1.818654393250066725e+00
1.819814107438767925e+00
1.820948775939844388e+00
1.822059112562941285e+00
1.823145736324147892e+00
1.824209193446991062e+00
1.825249975196157948e+00
1.826268532386610799e+00
1.827265286799556021e+00
1.828240640159750185e+00
1.829194980829123018e+00
1.830128688615646038e+00
1.831042138454515911e+00
1.831935702652023990e+00
1.832809752287158256e+00
1.833664657922581043e+00
1.834500789804434984e+00
1.835318517698322216e+00
1.836118210655386163e+00
1.836900236117667617e+00
1.837664959432964595e+00
1.838412743177045838e+00
1.839143946362533200e+00
1.839858924078650704e+00
1.840558026860619423e+00
1.841241600204875928e+00
1.841909984158532465e+00
1.842563512983223628e+00
1.843202514890454946e+00
1.843827311843516448e+00
1.844438219419757941e+00
1.845035546726379705e+00
1.845619596362668924e+00
1.846190664421784255e+00
1.846749040669055875e+00
1.847295008357090484e+00
1.847828844391252279e+00
1.848350819434810166e+00
1.848861198025684383e+00
1.849360238701347692e+00
1.849848194135357948e+00
1.850325311253322669e+00
1.850791831381667807e+00
1.851247990378145580e+00
1.851694018764220351e+00
1.852130141855160117e+00
1.852556579893578137e+00
1.852973548156182648e+00
1.853381257095058077e+00
1.853779912433918486e+00
1.854169715295794107e+00
1.854550862309255921e+00
1.854923545714525890e+00
1.855287953466258299e+00
1.855644269333136087e+00
1.855992673000777637e+00
1.856333340148250910e+00
1.856666442553589036e+00
1.856992148178856494e+00
1.857310621256163641e+00
1.857622022371408166e+00
1.857926508552191658e+00
1.858224233336490450e+00
1.858515346847554151e+00
1.858799995887078227e+00
1.859078323994849846e+00
1.859350471524545689e+00
1.859616575708160635e+00
1.859876770736014207e+00
1.860131187820680765e+00
1.860379955262794649e+00
1.860623198515414023e+00
1.860861040246987841e+00
1.861093600402951909e+00
1.861320996265987793e+00
1.861543342514976107e+00
1.861760751282665272e+00
1.861973332212089050e+00
1.862181192511751293e+00
1.862384437009608096e+00
1.862583168205866890e+00
1.862777486324628695e+00
1.862967489370725316e+00
1.863153273168244084e+00
1.863334931406134487e+00
1.863512555696556605e+00
1.863686235617640241e+00
1.863856058758583290e+00
1.864022110770088947e+00
1.864184475390300522e+00
1.864343234501489643e+00
1.864498468167919976e+00
1.864650254676154084e+00
1.864798670574477457e+00
1.864943790711453664e+00
1.865085688273632858e+00
1.865224434822428279e+00
1.865360100330181847e+00
1.865492753215433064e+00
1.865622460383738801e+00
1.865749287244199639e+00
1.865873297756943217e+00
1.865994554468310085e+00
1.866113118525148273e+00
1.866229049720118383e+00
1.866342406518418651e+00
1.866453246087205642e+00
1.866561624324364344e+00
1.866667595886650766e+00
1.866771214217213926e+00
1.866872531572515648e+00
1.866971599048655950e+00
1.867068466607120447e+00
1.867163183106288482e+00
1.867255796308856963e+00
1.867346352926750441e+00
1.867434898624071637e+00
1.867521478054590345e+00
1.867606134880826607e+00
1.867688911795998941e+00
1.867769850545490273e+00
1.867848991947847148e+00
1.867926375915318626e+00
1.868002041473947994e+00
1.868076026783223487e+00
1.868148369155297805e+00
1.868219105073788411e+00
1.868288270212160151e+00
1.868355899451707325e+00
1.868422026899135613e+00
1.868486685910089484e+00
1.868549909088763172e+00
1.868611728325178190e+00
1.868672174790661167e+00
1.868731278974359755e+00
1.868789070677982389e+00
1.868845579045258720e+00
1.868900832573181514e+00
1.868954859126283674e+00
1.869007685950608622e+00
1.869059339687383137e+00
1.869109846386394658e+00
1.869159231519080810e+00
1.869207519991336275e+00
1.869254736162373254e+00
1.869300903839775874e+00
1.869346046305994546e+00
1.869390186326677084e+00
1.869433346162101106e+00
1.869475547578357988e+00
1.869516811864621708e+00
1.869557159826654491e+00
1.869596611811777942e+00
1.869635187715720459e+00
1.869672906992596140e+00
1.869709788664667860e+00
1.869745851331902742e+00
1.869781113181318011e+00
1.869815592002455507e+00
1.869849305185457444e+00
1.869882269727116464e+00
1.869914502250544786e+00
1.869946019010110261e+00
1.869976835899548995e+00
1.870006968459911212e+00
1.870036431887334816e+00
1.870065241040656412e+00
1.870093410455193617e+00
1.870120954332832541e+00
1.870147886563668926e+00
1.870174220729593939e+00
1.870199970111088072e+00
1.870225147693868051e+00
1.870249766175398953e+00
1.870273837971261122e+00
1.870297375221387615e+00
1.870320389796163552e+00
1.870342893302398890e+00
1.870364897089166201e+00
1.870386412253518982e+00
1.870407449646079634e+00
1.870428019876508197e+00
1.870448133318851180e+00
1.870467800123101432e+00
1.870487030209440293e+00
1.870505833270540652e+00
1.870524218787565029e+00
1.870542196037838778e+00
1.870559774082251714e+00
1.870576961784262027e+00
1.870593767810915020e+00
1.870610200643451737e+00
1.870626268564305805e+00
1.870641979682046374e+00
1.870657341914812033e+00
1.870672363008723194e+00
1.870687050544648455e+00
1.870701411924722724e+00
1.870715454390497579e+00
1.870729185023126906e+00
1.870742610746837009e+00
1.870755738332336993e+00
1.870768574400163198e+00
1.870781125423963021e+00
1.870793397733712116e+00
1.870805397518874313e+00
1.870817130837824527e+00
