7.012807903034323775e-01
8.239526512879562503e-01
9.537724130112189558e-01
1.069381130900949328e+00
1.181649146687232976e+00
1.291424111982335976e+00
1.398761388063537892e+00
1.503715106842314464e+00
1.606338198163928199e+00
1.706682416500801214e+00
1.804798367053124464e+00
1.900735531269874379e+00
1.994542291803099721e+00
2.086265956908072816e+00
2.175952784301598442e+00
2.263648004490526056e+00
2.349395843582219534e+00
2.433239545588492980e+00
2.512807942767596447e+00
2.586740460334977065e+00
2.654369751091654628e+00
2.715353528917400450e+00
2.769627602430255742e+00
2.817306112497654169e+00
2.858644687325507583e+00
2.893999654814797484e+00
2.923806843193268001e+00
2.948536683413775616e+00
2.968673568021146902e+00
2.984701912320537165e+00
2.997094028106713104e+00
3.006301235889866419e+00
3.012747651748290512e+00
3.016826155366012507e+00
3.018896111401882631e+00
3.019282476478769794e+00
3.018275978800461612e+00
3.016134106520731883e+00
3.013082684767165897e+00
3.009317859589832000e+00
3.005008341801689298e+00
3.000297791327279029e+00
2.995307249395924742e+00
2.990137546405609470e+00
2.984871631466947672e+00
2.979576784691093216e+00
2.974306685534071182e+00
2.969103320556742087e+00
2.963998721963098770e+00
2.959016534568692958e+00
2.954173413679819227e+00
2.949480259965414408e+00
2.944943299984463803e+00
2.940565022774323634e+00
2.936344983968897093e+00
2.932280489437510962e+00
2.928367170533468400e+00
2.924599462815405282e+00
2.920970999638597299e+00
2.917474931376768499e+00
2.914104180284743606e+00
2.910851640194537904e+00
2.907710329388750292e+00
2.904673504144076546e+00
2.901734739605990487e+00
2.898887983859221418e+00
2.896127590308830602e+00
2.893448332790817368e+00
2.890845407193543437e+00
2.888314422793644809e+00
2.885851385992330265e+00
2.883452678678511738e+00
2.881115033041336204e+00
2.878835504303091763e+00
2.876611442540181862e+00
2.874440464500799486e+00
2.872320426108869285e+00
2.870249396160495792e+00
2.868225631567528744e+00
2.866247554379022233e+00
2.864313730711698369e+00
2.862422851641662547e+00
2.860573716048492532e+00
2.858765215356684042e+00
2.856996320085785523e+00
2.855266068097249477e+00
2.853573554411107605e+00
2.851917922457415600e+00
2.850298356624592522e+00
2.848714075968017401e+00
2.847164328946632406e+00
2.845648389061855354e+00
2.844165551281241822e+00
2.842715129138393415e+00
2.841296452410180251e+00
2.839908865282076977e+00
2.838551724921968944e+00
2.837224400392053703e+00
2.835926271837199586e+00
2.834656729896302796e+00
2.833415175290700638e+00
2.832201018550554839e+00
2.831013679846252185e+00
2.829852588897383114e+00
2.828717184936687890e+00
2.827606916710586837e+00
2.826521242501581099e+00
2.825459630160948699e+00
2.824421557142822614e+00
2.823406510532989078e+00
2.822413987067600605e+00
2.821443493138525493e+00
2.820494544783304303e+00
2.819566667658662151e+00
2.818659396997305056e+00
2.817772277548313831e+00
2.816904863501890510e+00
2.816056718399525316e+00
2.815227415030848057e+00
2.814416535318568169e+00
2.813623670192945792e+00
2.812848419457257165e+00
2.812090391645673204e+00
2.811349203874906610e+00
2.810624481690903398e+00
2.809915858911755659e+00
2.809222977467906723e+00
2.808545487240606597e+00
2.807883045899478791e+00
2.807235318739948582e+00
2.806601978521177099e+00
2.805982705305064773e+00
2.805377186296788672e+00
2.804785115687267627e+00
2.804206194497878446e+00
2.803640130427669241e+00
2.803086637703280370e+00
2.802545436931717759e+00
2.802016254956091412e+00
2.801498824714387048e+00
2.800992885101314389e+00
2.800498180833250306e+00
2.800014462316267050e+00
2.799541485517225148e+00
2.799079011837892761e+00
2.798626807992047993e+00
2.798184645885500199e+00
2.797752302498981436e+00
2.797329559773822805e+00
2.796916204500369485e+00
2.796512028209044320e+00
2.796116827064000443e+00
2.795730401759287886e+00
2.795352557417466688e+00
2.794983103490595866e+00
2.794621853663533440e+00
2.794268625759483538e+00
2.793923241647724875e+00
2.793585527153466863e+00
2.793255311969767174e+00
2.792932429571463260e+00
2.792616717131060078e+00
2.792308015436521185e+00
2.792006168810920119e+00
2.791711025033899229e+00
2.791422435264892865e+00
2.791140253968073193e+00
2.790864338838970671e+00
2.790594550732737211e+00
2.790330753594007174e+00
2.790072814388318445e+00
2.789820603035060742e+00
2.789573992341913833e+00
2.789332857940740595e+00
2.789097078224904713e+00
2.788866534287977039e+00
2.788641109863801759e+00
2.788420691267893492e+00
2.788205167340131130e+00
2.787994429388721329e+00
2.787788371135407672e+00
2.787586888661890416e+00
2.787389880357438177e+00
2.787197246867655576e+00
2.787008891044392644e+00
2.786824717896759562e+00
2.786644634543232524e+00
2.786468550164817426e+00
2.786296375959256277e+00
2.786128025096245686e+00
2.785963412673653661e+00
2.785802455674701417e+00
2.785645072926102639e+00
2.785491185057125563e+00
2.785340714459567657e+00
2.785193585248617598e+00
2.785049723224584550e+00
2.784909055835478320e+00
2.784771512140421734e+00
2.784637022773872594e+00
2.784505519910640103e+00
2.784376937231682891e+00
2.784251209890659329e+00
2.784128274481225684e+00
2.784008069005057706e+00
2.783890532840584964e+00
2.783775606712416195e+00
2.783663232661446774e+00
2.783553354015628756e+00
2.783445915361387968e+00
2.783340862515680580e+00
2.783238142498664747e+00
2.783137703506982863e+00
2.783039494887637133e+00
2.782943467112442448e+00
2.782849571753049034e+00
2.782757761456520207e+00
2.782667989921448815e+00
2.782580211874609688e+00
2.782494383048124575e+00
2.782410460157139998e+00
2.782328400877995822e+00
2.782248163826881004e+00
2.782169708538963171e+00
2.782092995447982720e+00
2.782017985866296783e+00
2.781944641965370391e+00
2.781872926756697950e+00
2.781802804073148838e+00
2.781734238550729099e+00
2.781667195610745491e+00
2.781601641442367878e+00
2.781537542985577538e+00
2.781474867914493831e+00
2.781413584621072577e+00
2.781353662199165466e+00
2.781295070428933869e+00
2.781237779761606799e+00
2.781181761304581723e+00
2.781126986806851775e+00
2.781073428644758039e+00
2.781021059808059803e+00
2.780969853886312126e+00
2.780919785055547599e+00
2.780870828065249434e+00
2.780822958225622976e+00
2.780776151395139006e+00
2.780730383968361252e+00
2.780685632864042578e+00
2.780641875513481409e+00
2.780599089849144612e+00
2.780557254293534175e+00
2.780516347748308359e+00
2.780476349583639095e+00
2.780437239627810087e+00
2.780398998157042723e+00
2.780361605885549370e+00
2.780325043955806930e+00
2.780289293929047556e+00
2.780254337775958984e+00
2.780220157867591801e+00
2.780186736966468786e+00
2.780154058217894075e+00
2.780122105141449751e+00
2.780090861622686482e+00
2.780060311904995807e+00
2.780030440581664930e+00
2.780001232588106053e+00
2.779972673194258892e+00
2.779944747997163290e+00
2.779917442913693026e+00
2.779890744173456607e+00
2.779864638311851266e+00
2.779839112163271064e+00
2.779814152854469977e+00
2.779789747798067534e+00
2.779765884686202781e+00
2.779742551484324142e+00
2.779719736425124044e+00
2.779697428002601889e+00
2.779675614966262032e+00
2.779654286315439649e+00
2.779633431293754509e+00
2.779613039383684203e+00
2.779593100301259945e+00
2.779573603990883601e+00
2.779554540620252645e+00
2.779535900575403229e+00
2.779517674455861620e+00
2.779499853069902660e+00
2.779482427429915692e+00
2.779465388747870858e+00
2.779448728430886639e+00
2.779432438076898215e+00
2.779416509470418628e+00
2.779400934578395432e+00
2.779385705546161045e+00
2.779370814693470138e+00
2.779356254510625845e+00
2.779342017654695240e+00
2.779328096945802073e+00
2.779377819951361683e+00
2.847116191525288720e+00
2.927593705829291348e+00
3.002519986736097213e+00
3.071860257337728051e+00
3.139660741255936305e+00
3.205955631363202496e+00
3.270778361236878151e+00
3.334161622020275662e+00
3.396137378909336757e+00
3.456736887273192060e+00
3.515990708416749655e+00
3.573928724993247652e+00
3.630580156074558751e+00
3.685973571886835387e+00
3.740136908218934852e+00
3.793097480510884356e+00
3.844881997629497672e+00
3.895516575338084486e+00
3.945026749467049232e+00
3.993437488792021650e+00
4.040773207626008556e+00
4.087057778131924834e+00
4.132314542361711140e+00
4.176566324028101462e+00
4.219835440014989558e+00
4.262143711632191412e+00
4.303512475620283162e+00
4.343962594911061181e+00
4.383514469149051962e+00
4.421781197557800525e+00
4.457815373415234816e+00
4.491271195608404376e+00
4.521943483829355515e+00
4.549741446220894936e+00
4.574663554251883646e+00
4.596776115328904844e+00
4.616195427502773008e+00
4.633073067508207465e+00
4.647583899138490793e+00
4.659916424990945494e+00
4.670265141094319894e+00
4.678825728411692531e+00
4.685790730800663439e+00
4.691342981989660821e+00
4.695654680270159531e+00
4.698885979487137377e+00
4.701184194406086370e+00
4.702683490873164729e+00
4.703504952090554525e+00
4.703756928379650759e+00
4.703535594763184946e+00
4.702925654234692665e+00
4.702001134542856953e+00
4.700826238843324845e+00
4.699456217306486217e+00
4.697938234818137992e+00
4.696312215742945995e+00
4.694611652216663877e+00
4.692864365859147568e+00
4.691093216979084879e+00
4.689316757275745928e+00
4.687549825052234276e+00
4.685804082803234571e+00
4.684088498833203218e+00
4.682409775261278106e+00
4.680772725574919413e+00
4.679180604970674118e+00
4.677635397424040775e+00
4.676138063358562746e+00
4.674688751480434057e+00
4.673286978663273139e+00
4.671931781297609554e+00
4.670621841890695514e+00
4.669355593253287751e+00
4.668131303887195216e+00
4.666947146697109972e+00
4.665801253826916906e+00
4.664691759392947112e+00
4.663616832159240388e+00
4.662574699794340916e+00
4.661563666169694642e+00
4.660582122968360608e+00
4.659628556723539816e+00
4.658701552133428514e+00
4.657799792568741992e+00
4.656922058377150897e+00
4.656067223557078805e+00
4.655234251283287605e+00
4.654422188592822529e+00
4.653630160630398471e+00
4.652857364645559990e+00
4.652103063941986250e+00
4.651366581925261201e+00
4.650647296358116023e+00
4.649944633901347046e+00
4.649258064993408546e+00
4.648587099101293418e+00
4.647931280359049566e+00
4.647290183597591273e+00
4.646663410759701129e+00
4.646050587686827882e+00
4.645451361259073764e+00
4.644865396866202367e+00
4.644292376185311433e+00
4.643731995239723354e+00
4.643183962713342439e+00
4.642647998495149864e+00
4.642123832429359886e+00
4.641611203247999029e+00
4.641109857664111438e+00
4.640619549605422556e+00
4.640140039569934594e+00
4.639671094086670777e+00
4.639212485266452468e+00
4.638763990429183970e+00
4.638325391795676822e+00
4.637896476233511756e+00
4.637477035047702145e+00
4.637066863808247064e+00
4.636665762207675456e+00
4.636273533942752323e+00
4.635889986615371328e+00
4.635514931648488712e+00
4.635148184213599976e+00
4.634789563166921589e+00
4.634438890991927629e+00
4.634095993746359277e+00
4.633760701012209715e+00
4.633432845847525350e+00
4.633112264739108532e+00
4.632798797555481407e+00
4.632492287499598405e+00
4.632192581061018721e+00
4.631899527967316743e+00
4.631612981134625606e+00
4.631332796617294356e+00
4.631058833556679133e+00
4.630790954129139436e+00
4.630529023493353158e+00
4.630272909737061404e+00
4.630022483823374557e+00
4.629777619536780797e+00
4.629538193428997417e+00
4.629304084764803484e+00
4.629075175467963099e+00
4.628851350067387571e+00
4.628632495643622669e+00
4.628418501775771965e+00
4.628209260488946875e+00
4.628004666202307327e+00
4.627804615677789890e+00
4.627609007969550881e+00
4.627417744374192843e+00
4.627230728381802827e+00
4.627047865627841539e+00
4.626869063845906460e+00
4.626694232821391140e+00
4.626523284346032661e+00
4.626356132173385483e+00
4.626192691975209215e+00
4.626032881298757005e+00
4.625876619524984079e+00
4.625723827827648904e+00
4.625574429133315846e+00
4.625428348082224694e+00
4.625285510990041260e+00
4.625145845810451739e+00
4.625009282098593744e+00
4.624875750975319555e+00
4.624745185092253408e+00
4.624617518597641030e+00
4.624492687102973676e+00
4.624370627650364440e+00
4.624251278680661770e+00
4.624134580002283279e+00
4.624020472760754785e+00
4.623908899408935014e+00
4.623799803677917097e+00
4.623693130548583774e+00
4.623588826223796744e+00
4.623486838101213969e+00
4.623387114746723370e+00
4.623289605868473373e+00
4.623194262291475454e+00
4.623101035932778657e+00
4.623009879777211673e+00
4.622920747853650703e+00
4.622833595211821134e+00
4.622748377899623229e+00
4.622665052940962305e+00
4.622583578314065633e+00
4.622503912930290504e+00
4.622426016613396804e+00
4.622349850079290334e+00
4.622275374916209323e+00
4.622202553565349703e+00
4.622131349301930037e+00
4.622061726216669442e+00
4.621993649197678522e+00
4.621927083912753531e+00
4.621861996792065774e+00
4.621798355011232040e+00
4.621736126474766948e+00
4.621675279799887903e+00
4.621615784300696639e+00
4.621557609972707148e+00
4.621500727477709347e+00
4.621445108128980017e+00
4.621390723876815265e+00
4.621337547294381842e+00
4.621285551563891758e+00
4.621234710463074435e+00
4.621184998351955286e+00
4.621136390159924723e+00
4.621088861373094048e+00
4.621042388021935565e+00
4.620996946669190919e+00
4.620952514398060984e+00
4.620909068800632902e+00
4.620866587966597550e+00
4.620825050472181950e+00
4.620784435369359677e+00
4.620744722175278874e+00
4.620705890861934506e+00
4.620667921846068893e+00
4.620630795979296046e+00
4.620594494538442731e+00
4.620558999216108020e+00
4.620524292111426234e+00
4.620490355721048381e+00
4.620457172930307443e+00
4.620424727004589727e+00
4.620393001580890058e+00
4.620361980659565937e+00
4.620331648596268437e+00
4.620301990094048072e+00
4.620272990195645413e+00
4.620244634275946005e+00
4.620216908034604053e+00
4.620189797488828631e+00
4.620163288966336879e+00
4.620137369098458180e+00
4.620112024813384011e+00
4.620087243329584759e+00
4.620063012149359771e+00
4.620039319052535731e+00
4.620016152090301809e+00
4.619993499579189589e+00
4.619971350095171125e+00
4.619949692467907987e+00
4.619928515775113098e+00
4.619907809337041371e+00
4.619887562711102014e+00
4.619867765686595185e+00
4.619848408279564111e+00
4.619829480727756454e+00
4.619810973485704686e+00
4.619792877219908611e+00
4.619775182804130687e+00
4.619757881314793480e+00
4.619740964026481045e+00
4.619724422407530895e+00
4.619708248115738769e+00
4.619692432994150444e+00
4.619676969066945027e+00
4.619661848535415061e+00
4.619647063774038109e+00
4.619632607326618512e+00
4.619618471902538381e+00
4.619604650373076105e+00
4.619591135767811885e+00
4.619577921271113219e+00
4.619565000218700312e+00
4.619552366094277218e+00
4.619540012526254458e+00
4.619527933284527599e+00
4.619516122277340209e+00
4.619504573548211646e+00
4.619493281272932350e+00
4.619482239756625752e+00
4.619471443430878566e+00
4.619460886850928816e+00
4.619450564692925809e+00
4.619440471751238064e+00
4.619430602935837626e+00
4.619420953269718133e+00
4.619411517886402585e+00
4.619402292027473322e+00
4.619393271040180160e+00
4.619384450375094708e+00
4.619375825583813544e+00
4.619367392316716447e+00
4.619359146320770826e+00
4.619351083437386762e+00
4.619343199600325356e+00
4.619335490833643476e+00
4.619327953249686480e+00
4.619320583047128004e+00
4.619313376509055047e+00
4.457868328258143720e+00
4.361121222699566147e+00
4.270133006201731085e+00
4.185675727125834023e+00
4.108194504715630302e+00
4.037873129768164482e+00
3.974678062506183718e+00
3.918416433844841507e+00
3.868794320746005155e+00
3.825428649812268489e+00
3.787878376907001687e+00
3.755670380639426043e+00
3.728318338407360155e+00
3.705337385411749729e+00
3.686259899288956809e+00
3.670637974367339851e+00
3.658047225039550820e+00
3.648092413594538286e+00
3.640409863477640506e+00
3.634668541687555710e+00
3.630570104035547363e+00
3.627848151363889162e+00
3.626266903888345716e+00
3.625619465109687578e+00
3.625725815230320670e+00
3.626430646901241950e+00
3.627601132869205269e+00
3.629124694770274662e+00
3.630906826235646090e+00
3.632869008972927638e+00
3.634946749121498843e+00
3.637087751738173669e+00
3.639250243659558848e+00
3.641401448996405499e+00
3.643516216905350102e+00
3.645575797621869896e+00
3.647566760301638844e+00
3.649480044271097068e+00
3.651310134269609264e+00
3.653054349456088090e+00
3.654712235729573155e+00
3.656285051011927134e+00
3.657775333379954752e+00
3.659186542322260038e+00
3.660522764437886156e+00
3.661788474461703746e+00
3.662988344507960736e+00
3.664127094204386204e+00
3.665209375826448568e+00
3.666239688186244461e+00
3.667222314788705528e+00
3.668161281880503388e+00
3.669060332476466346e+00
3.669922913216480342e+00
3.670752171304977107e+00
3.671550959101242739e+00
3.672321844483365183e+00
3.673067125337507566e+00
3.673788846814079356e+00
3.674488820307931114e+00
3.675168643283444503e+00
3.675829719276223706e+00
3.676473277550247332e+00
3.677100392040588250e+00
3.677711999305929957e+00
3.678308915270124047e+00
3.678891850705645172e+00
3.679461425345976533e+00
3.680018180649838655e+00
3.680562591232769964e+00
3.681095075026411312e+00
3.681616002196019810e+00
3.682125702967736114e+00
3.682624474391928970e+00
3.683112586160926849e+00
3.683590285569454004e+00
3.684057801708331414e+00
3.684515348978410376e+00
3.684963130006927656e+00
3.685401338046798259e+00
3.685830158908615317e+00
3.686249772531974056e+00
3.686660354212562662e+00
3.687062075555899376e+00
3.687455105200380778e+00
3.687839609349910841e+00
3.688215752157509186e+00
3.688583695967050158e+00
3.688943601469676814e+00
3.689295627779936027e+00
3.689639932446960646e+00
3.689976671439251454e+00
3.690305999085146116e+00
3.690628068002611339e+00
3.690943029000373077e+00
3.691251030987524828e+00
3.691552220879717794e+00
3.691846743508869988e+00
3.692134741539185416e+00
3.692416355391406224e+00
3.692691723176532825e+00
3.692960980639693247e+00
3.693224261114413487e+00
3.693481695487186744e+00
3.693733412172003572e+00
3.693979537094315369e+00
3.694220193683773523e+00
3.694455502875022113e+00
3.694685583115753680e+00
3.694910550381256709e+00
3.695130518194662095e+00
3.695345597652150538e+00
3.695555897452392546e+00
3.695761523929568693e+00
3.695962581089344834e+00
3.696159170647244974e+00
3.696351392068921271e+00
3.696539342611862011e+00
3.696723117368150735e+00
3.696902809307912818e+00
3.697078509323170614e+00
3.697250306271822939e+00
3.697418287021553063e+00
3.697582536493465799e+00
3.697743137705312044e+00
3.697900171814168413e+00
3.698053718158482273e+00
3.698203854299398241e+00
3.698350656061307973e+00
3.698494197571586817e+00
3.698634551299477380e+00
3.698771788094106672e+00
3.698905977221638608e+00
3.699037186401536559e+00
3.699165481841967473e+00
3.699290928274337364e+00
3.699413588986985246e+00
3.699533525858042182e+00
3.699650799387481204e+00
3.699765468728379414e+00
3.699877591717400716e+00
3.699987224904538685e+00
3.700094423582130254e+00
3.700199241813161066e+00
3.700301732458889603e+00
3.700401947205810504e+00
3.700499936591969519e+00
3.700595750032657172e+00
3.700689435845501585e+00
3.700781041274966210e+00
3.700870612516285352e+00
3.700958194738841911e+00
3.701043832109011333e+00
3.701127567812477537e+00
3.701209444076044353e+00
3.701289502188951808e+00
3.701367782523707017e+00
3.701444324556451448e+00
3.701519166886866330e+00
3.701592347257631310e+00
3.701663902573452347e+00
3.701733868919659276e+00
3.701802281580396148e+00
3.701869175056397232e+00
3.701934583082375330e+00
3.701998538644024173e+00
3.702061073994636242e+00
3.702122220671360875e+00
3.702182009511092886e+00
3.702240470666018357e+00
3.702297633618806927e+00
3.702353527197477678e+00
3.702408179589922188e+00
3.702461618358119377e+00
3.702513870452026179e+00
3.702564962223165335e+00
3.702614919437908547e+00
3.702663767290467867e+00
3.702711530415599306e+00
3.702758232901021351e+00
3.702803898299561247e+00
3.702848549641031717e+00
3.702892209443844784e+00
3.702934899726363138e+00
3.702976642018007247e+00
3.703017457370110233e+00
3.703057366366533820e+00
3.703096389134049371e+00
3.703134545352486651e+00
3.703171854264661000e+00
3.703208334686074465e+00
3.703244005014405538e+00
3.703278883238789287e+00
3.703312986948889218e+00
3.703346333343765284e+00
3.703378939240550505e+00
3.703410821082931292e+00
3.703441994949441263e+00
3.703472476561568527e+00
3.703502281291685794e+00
3.703531424170800612e+00
3.703559919896139530e+00
3.703587782838558606e+00
3.703615027049788289e+00
3.703641666269524624e+00
3.703667713932355277e+00
3.703693183174536774e+00
3.703718086840617651e+00
3.703742437489915940e+00
3.703766247402856759e+00
3.703789528587160262e+00
3.703812292783903892e+00
3.703834551473435877e+00
3.703856315881171035e+00
3.703877596983249365e+00
3.703898405512072056e+00
3.703918751961713607e+00
3.703938646593215367e+00
3.703958099439759621e+00
3.703977120311729099e+00
3.703995718801653680e+00
3.704013904289050085e+00
3.704031685945153196e+00
3.704049072737535919e+00
3.704066073434637119e+00
3.704082696610179859e+00
3.704098950647500388e+00
3.704114843743768759e+00
3.704130383914129965e+00
3.704145578995740706e+00
3.704160436651724453e+00
3.704174964375035017e+00
3.704189169492237088e+00
3.704203059167199275e+00
3.704216640404706773e+00
3.704229920053996317e+00
3.704242904812208526e+00
3.704255601227764760e+00
3.704268015703672035e+00
3.704280154500748434e+00
3.704292023740785034e+00
3.704303629409630538e+00
3.704314977360209316e+00
3.704326073315475032e+00
3.704336922871296345e+00
3.704347531499278201e+00
3.704357904549522296e+00
3.704368047253324026e+00
3.704377964725812600e+00
3.704387661968527201e+00
3.704397143871943854e+00
3.704406415217938342e+00
3.704415480682200279e+00
3.704424344836587224e+00
3.704433012151436166e+00
3.704441486997811950e+00
3.704449773649716171e+00
3.704457876286240126e+00
3.704465798993674230e+00
3.704473545767565934e+00
3.704481120514738102e+00
3.704488527055257663e+00
3.704495769124361182e+00
3.704502850374341349e+00
3.704509774376385511e+00
3.704516544622379115e+00
3.704523164526666079e+00
3.704529637427770083e+00
3.704535966590079887e+00
3.704542155205492904e+00
3.704548206395027243e+00
3.704554123210395122e+00
3.704559908635541632e+00
3.704565565588149756e+00
3.704571096921111195e+00
3.704576505423965660e+00
3.704581793824308633e+00
3.704586964789164938e+00
3.704592020926334328e+00
3.704596964785709545e+00
3.704601798860557516e+00
3.704606525588778787e+00
3.704611147354139877e+00
3.704615666487470982e+00
3.704620085267842367e+00
3.704624405923717223e+00
3.704628630634071218e+00
3.704632761529493390e+00
3.704636800693260845e+00
3.704640750162389473e+00
3.704644611928658460e+00
3.704648387939619258e+00
3.704652080099574807e+00
3.704655690270540980e+00
3.704659220273184506e+00
3.704662671887742231e+00
3.704666046854919070e+00
3.704669346876765079e+00
3.704672573617534770e+00
3.704675728704524218e+00
3.682328521440877633e+00
3.739558681157308495e+00
3.805489739264216631e+00
3.857182224107705171e+00
3.907543660036343347e+00
3.956786757837251312e+00
4.004936351595177690e+00
4.052016723923228092e+00
4.098051618208976343e+00
4.143064250588635034e+00
4.187077321655328532e+00
4.230113027907361101e+00
4.272193072942275016e+00
4.313338678402315551e+00
4.353570594676849481e+00
4.392909111367123032e+00
4.431374067518624393e+00
4.468984861626243088e+00
4.505760461417234630e+00
4.541719413416954509e+00
4.576879852302164764e+00
4.611259510046647137e+00
4.644875724863718247e+00
4.677745449950171164e+00
4.709885262036044296e+00
4.741311369744530602e+00
4.772039621766249518e+00
4.802085514851994752e+00
4.831464201627992949e+00
4.860190498237618506e+00
4.888278891813411242e+00
4.915743547783171685e+00
4.942598317013810139e+00
4.968856742796565307e+00
4.994532067677102560e+00
5.019637240133937972e+00
5.044184921108570308e+00
5.068187490390593908e+00
5.091657052861023658e+00
5.114605444596985073e+00
5.137044238840833721e+00
5.158984751836729998e+00
5.180438048537601148e+00
5.201414948185377085e+00
5.221926029767303135e+00
5.241981637351097234e+00
5.261591885301628579e+00
5.280766663381753823e+00
5.299515641739882099e+00
5.317848275786787760e+00
5.335773810964124841e+00
5.353301287407052911e+00
5.370439544503320839e+00
5.387197225351111562e+00
5.403582781117898470e+00
5.419604475302501889e+00
5.435270387902503941e+00
5.450588419489122316e+00
5.465566295191597312e+00
5.480211568593093219e+00
5.494531625540093778e+00
5.508533687867207540e+00
5.522224817039250055e+00
5.535202664208355827e+00
5.547271890457496468e+00
5.558327678866838539e+00
5.568313950607469032e+00
5.577212919121904200e+00
5.585036295625711134e+00
5.591817946453373267e+00
5.597607817198066549e+00
5.602466955083978739e+00
5.606463477168453835e+00
5.609669346926441591e+00
5.612157837780539893e+00
5.614001574880482792e+00
5.615271060010962323e+00
5.616033597071695027e+00
5.616352545964966581e+00
5.616286842582237426e+00
5.615890732152328368e+00
5.615213670577585248e+00
5.614300355846302715e+00
5.613190857716458204e+00
5.611920819220969747e+00
5.610521708348199965e+00
5.609021102368705769e+00
5.607442990668426219e+00
5.605808084938072255e+00
5.604134128109178548e+00
5.602436195475507752e+00
5.600726983198375031e+00
5.599017080822598302e+00
5.597315225593951560e+00
5.595628537280961545e+00
5.593962732967023399e+00
5.592322321842725152e+00
5.590710780457950335e+00
5.589130709235099026e+00
5.587583971227273238e+00
5.586071814323287477e+00
5.584594978115768882e+00
5.583153786755156389e+00
5.581748229052684529e+00
5.580378027134093699e+00
5.579042694825703030e+00
5.577741586949707120e+00
5.576473940601446522e+00
5.575238909343028126e+00
5.574035591528020639e+00
5.572863053028013880e+00
5.571720345626313353e+00
5.570606521518192800e+00
5.569520644548343391e+00
5.568461798735955703e+00
5.567429094433833825e+00
5.566421672806153076e+00
5.565438708694594894e+00
5.564479412140728165e+00
5.563543029048813260e+00
5.562628841061230567e+00
5.561736164862091769e+00
5.560864351028673269e+00
5.560012782637021367e+00
5.559180873614199214e+00
5.558368066956852260e+00
5.557573832913104361e+00
5.556797667159527165e+00
5.556039089001174602e+00
5.555297639633240969e+00
5.554572880483347852e+00
5.553864391648526855e+00
5.553171770435600507e+00
5.552494630009393362e+00
5.551832598149761822e+00
5.551185316115934576e+00
5.550552437614642898e+00
5.549933627867168262e+00
5.549328562769471951e+00
5.548736928138946034e+00
5.548158419041053335e+00
5.547592739188980104e+00
5.547039600409559235e+00
5.546498722168889728e+00
5.545969831151404073e+00
5.545452660886493135e+00
5.544946951417212944e+00
5.544452449006016082e+00
5.543968905872921127e+00
5.543496079961928835e+00
5.543033734731942275e+00
5.542581638968838043e+00
5.542139566615722046e+00
5.541707296618750611e+00
5.541284612786221864e+00
5.540871303658976288e+00
5.540467162390346090e+00
5.540071986634187873e+00
5.539685578439740077e+00
5.539307744152228707e+00
5.538938294318308309e+00
5.538577043595599214e+00
5.538223810665677149e+00
5.537878418150005366e+00
5.537540692528383879e+00
5.537210464059571180e+00
5.536887566703803110e+00
5.536571838047003702e+00
5.536263119226496165e+00
5.535961254858093206e+00
5.535666092964492968e+00
5.535377484904865142e+00
5.535095285305594359e+00
5.534819351992159575e+00
5.534549545922109459e+00
5.534285731119103602e+00
5.534027774608058614e+00
5.533775546351352048e+00
5.533528919186106343e+00
5.533287768762548353e+00
5.533051973483448904e+00
5.532821414444648589e+00
5.532595975376667141e+00
5.532375542587396389e+00
5.532160004905876782e+00
5.531949253627165497e+00
5.531743182458281893e+00
5.531541687465226786e+00
5.531344667021070194e+00
5.531152021755097792e+00
5.530963654503012528e+00
5.530779470258170072e+00
5.530599376123843669e+00
5.530423281266505953e+00
5.530251096870100191e+00
5.530082736091305406e+00
5.529918114015767827e+00
5.529757147615277368e+00
5.529599755705889130e+00
5.529445858906958833e+00
5.529295379601082416e+00
5.529148241894904281e+00
5.529004371580813704e+00
5.528863696099476144e+00
5.528726144503191442e+00
5.528591647420077138e+00
5.528460137019045817e+00
5.528331546975550737e+00
5.528205812438109490e+00
5.528082869995555981e+00
5.527962657645037581e+00
5.527845114760712164e+00
5.527730182063153919e+00
5.527617801589425284e+00
5.527507916663831011e+00
5.527400471869320597e+00
5.527295413019516879e+00
5.527192687131381454e+00
5.527092242398480515e+00
5.526994028164848416e+00
5.526897994899427680e+00
5.526804094171094306e+00
5.526712278624212438e+00
5.526622501954753908e+00
5.526534718886935593e+00
5.526448885150391455e+00
5.526364957457837512e+00
5.526282893483243086e+00
5.526202651840481650e+00
5.526124192062456864e+00
5.526047474580694008e+00
5.525972460705384393e+00
5.525899112605872077e+00
5.525827393291577572e+00
5.525757266593338990e+00
5.525688697145172412e+00
5.525621650366440818e+00
5.525556092444405820e+00
5.525491990317183522e+00
5.525429311657064524e+00
5.525368024854216742e+00
5.525308099000736384e+00
5.525249503875068413e+00
5.525192209926764519e+00
5.525136188261575043e+00
5.525081410626886402e+00
5.525027849397466717e+00
5.524975477561532955e+00
5.524924268707134267e+00
5.524874197008827537e+00
5.524825237214655793e+00
5.524777364633411736e+00
5.524730555122191689e+00
5.524684785074204463e+00
5.524640031406883978e+00
5.524596271550235471e+00
5.524553483435464152e+00
5.524511645483840105e+00
5.524470736595813669e+00
5.524430736140373277e+00
5.524391623944646668e+00
5.524353380283724135e+00
5.524315985870717149e+00
5.524279421847019478e+00
5.524243669772809895e+00
5.524208711617741407e+00
5.524174529751852525e+00
5.524141106936680146e+00
5.524108426316563403e+00
5.524076471410138467e+00
5.524045226102036743e+00
5.524014674634744715e+00
5.523984801600667183e+00
5.523955591934353038e+00
5.523927030904896007e+00
5.523899104108510372e+00
5.523871797461263888e+00
5.523845097191974141e+00
5.523818989835268312e+00
5.523793462224789508e+00
5.523768501486552296e+00
5.523744095032455448e+00
5.523720230553931465e+00
5.523696896015740876e+00
5.523674079649901536e+00
5.523651769949752932e+00
5.523629955664156377e+00
5.523608625791815996e+00
5.523587769575736495e+00
5.523567376497793724e+00
5.523547436273434030e+00
5.523527938846480190e+00
5.523508874384069678e+00
5.523490233271690641e+00
5.523472006108325338e+00
5.523454183701724141e+00
5.523436757063763025e+00
5.523419717405904983e+00
5.523403056134777778e+00
5.523386764847833419e+00
5.327652890938422203e+00
5.208312234812662034e+00
5.091621685926157603e+00
4.977522395361805074e+00
4.865956821015669398e+00
4.756868698577582322e+00
4.650203013156142262e+00
4.545905971533825252e+00
4.443924975038200387e+00
4.344208593015574493e+00
4.246706536893688266e+00
4.151369634820383681e+00
4.058149806865444909e+00
3.967000040773123182e+00
3.877874368253097614e+00
3.790727841797929543e+00
3.705516512015315289e+00
3.622197405463696729e+00
3.540728502980071024e+00
3.461068718489048290e+00
3.383177878282484397e+00
3.307016700759236372e+00
3.232546776614819262e+00
3.159730549470978200e+00
3.088531296935403514e+00
3.018913112082039163e+00
2.950840885342641329e+00
2.884280286800462889e+00
2.819197748877123377e+00
2.755560449403939849e+00
2.693336295069181041e+00
2.632493905232896392e+00
2.573002596101152673e+00
2.514832365251705948e+00
2.457953876503299107e+00
2.402338445120951960e+00
2.347958023349792089e+00
2.294785186270120292e+00
2.242793117966582095e+00
2.191955598004473593e+00
2.142246988206352842e+00
2.093642219722298581e+00
2.046732117158807096e+00
2.002776737886275971e+00
1.962250275224530105e+00
1.925423257971634383e+00
1.892404956737409494e+00
1.863179642972301542e+00
1.837639116558458907e+00
1.815613657380991341e+00
1.796879357765750473e+00
1.781180547865478747e+00
1.768244087715715729e+00
1.757790650010229383e+00
1.749543430841730141e+00
1.743234686717268112e+00
1.738610455428835744e+00
1.735433778757477841e+00
1.733486706670561039e+00
1.732571326410621948e+00
1.732510026058742714e+00
1.733145171217661762e+00
1.734338345224349265e+00
1.735969278226081824e+00
1.737934568134790192e+00
1.740146276821509463e+00
1.742530467745138978e+00
1.745025737226141516e+00
1.747581778463660251e+00
1.750158007441912078e+00
1.752722271058307024e+00
1.755249651121896237e+00
1.757721371237635610e+00
1.760123810263394928e+00
1.762447621778586493e+00
1.764686956400069118e+00
1.766838782367619265e+00
1.768902297688601966e+00
1.770878427163118607e+00
1.772769396448022450e+00
1.774578375425335475e+00
1.776309183525647928e+00
1.777966049228225431e+00
1.779553417055578235e+00
1.781075795682943275e+00
1.782537640404392887e+00
1.783943265692687241e+00
1.785296781785863374e+00
1.786602052040990651e+00
1.787862666309760762e+00
1.789081927703837227e+00
1.790262849632184627e+00
1.791408160736455368e+00
1.792520315694687838e+00
1.793601510157514234e+00
1.794653698536905262e+00
1.795678613388570266e+00
1.796677785578389974e+00
1.797652564503224193e+00
1.798604137844781681e+00
1.799533550465376663e+00
1.800441722175056380e+00
1.801329464178973216e+00
1.802197494127597777e+00
1.803046449710913102e+00
1.803876900799000538e+00
1.804689360193585168e+00
1.805484293037250332e+00
1.806262124974969518e+00
1.807023249163526968e+00
1.807768032231880317e+00
1.808496819297433555e+00
1.809209938141973284e+00
1.809907702647407968e+00
1.810590415586150526e+00
1.811258370854523347e+00
1.811911855230397439e+00
1.812551149728758526e+00
1.813176530621301019e+00
1.813788270178700035e+00
1.814386637187054063e+00
1.814971897283258473e+00
1.815544313147790412e+00
1.816104144590486635e+00
1.816651648543796904e+00
1.817187079010344153e+00
1.817710686962473288e+00
1.818222720217977484e+00
1.818723423302754494e+00
1.819213037309848069e+00
1.819691799762092721e+00
1.820159944483660253e+00
1.820617701484241513e+00
1.821065296858309202e+00
1.821502952703677680e+00
1.821930887046861791e+00
1.822349313799068060e+00
1.822758442721139405e+00
1.823158479405520005e+00
1.823549625272724350e+00
1.823932077581052136e+00
1.824306029448189426e+00
1.824671669886138492e+00
1.825029183837832969e+00
1.825378752224934509e+00
1.825720552008300412e+00
1.826054756247756261e+00
1.826381534170480769e+00
1.826701051232563877e+00
1.827013469196777429e+00
1.827318946204649519e+00
1.827617636851128102e+00
1.827909692259881647e+00
1.828195260158748114e+00
1.828474484954935475e+00
1.828747507809636685e+00
1.829014466711784026e+00
1.829275496553541380e+00
1.829530729194268401e+00
1.829780293536724223e+00
1.830024315594252826e+00
1.830262918560642271e+00
1.830496222870948930e+00
1.830724346264064994e+00
1.830947403849757960e+00
1.831165508167983624e+00
1.831378769248041882e+00
1.831587294669018373e+00
1.831791189608462656e+00
1.831990556903230649e+00
1.832185497101372462e+00
1.832376108516869495e+00
1.832562487272775265e+00
1.832744727356698800e+00
1.832922920667511724e+00
1.833097157062264504e+00
1.833267524401964055e+00
1.833434108596240453e+00
1.833596993646951834e+00
1.833756261690753897e+00
1.833911993040669985e+00
1.834064266226693718e+00
1.834213158038263236e+00
1.834358743555546400e+00
1.834501096193451142e+00
1.834640287737230313e+00
1.834776388378645873e+00
1.834909466751319496e+00
1.835039589965295814e+00
1.835166823643639589e+00
1.835291231950815005e+00
1.835412877626471317e+00
1.835531822014295100e+00
1.835648125097623096e+00
1.835761845528219638e+00
1.835873040655781496e+00
1.835981766556800343e+00
1.836088078062781070e+00
1.836192028787847041e+00
1.836293671155731611e+00
1.836393056426177672e+00
1.836490234720755899e+00
1.836585255050923848e+00
1.836678165338058166e+00
1.836769012436272774e+00
1.836857842160769749e+00
1.836944699309512874e+00
1.837029627685791366e+00
1.837112670120281788e+00
1.837193868495436977e+00
1.837273263759118036e+00
1.837350895951372465e+00
1.837426804223206034e+00
1.837501026859115649e+00
1.837573601288908121e+00
1.837644564112705048e+00
1.837713951117978528e+00
1.837781797297580955e+00
1.837848136870180893e+00
1.837913003290035929e+00
1.837976429269992051e+00
1.838038446799374226e+00
1.838099087152626154e+00
1.838158380911210754e+00
1.838216357977609627e+00
1.838273047590380793e+00
1.838328478338882688e+00
1.838382678177675977e+00
1.838435674440607404e+00
1.838487493854580324e+00
1.838538162553023492e+00
1.838587706089061635e+00
1.838636149448396040e+00
1.838683517061897588e+00
1.838729832820735099e+00
1.838775120080947456e+00
1.838819401681363930e+00
1.838862699953712765e+00
1.838905036733870846e+00
1.838946433372867117e+00
1.838986910747639980e+00
1.839026489274366849e+00
1.839065188911285231e+00
1.839103029174892212e+00
1.839140029148377931e+00
1.839176207491232340e+00
1.839211582448645466e+00
1.839246171860694945e+00
1.839279993171334615e+00
1.839313063437183038e+00
1.839345399336119069e+00
1.839377017175685358e+00
1.839407932901308662e+00
1.839438162104335861e+00
1.839467720029895892e+00
1.839496621584583158e+00
1.839524881343974183e+00
1.839552513559976621e+00
1.839579532168015286e+00
1.839605950794059641e+00
1.839631782761494749e+00
1.839657041097840118e+00
1.839681738541319556e+00
1.839705887547285590e+00
1.839729500297310638e+00
1.839752588697858959e+00
1.839775164392435602e+00
1.839797238766050835e+00
1.839818822953761313e+00
1.839839927838805345e+00
1.839860564064226045e+00
1.839880742036825723e+00
1.839900471932394144e+00
1.839919763703637079e+00
1.839938627077710498e+00
1.839957071567257518e+00
1.839975106476596567e+00
1.839992740898924062e+00
1.840009983727026732e+00
1.840026843656342947e+00
1.840043329189325449e+00
1.840059448639706607e+00
1.840075210136675521e+00
1.840090621628959866e+00
1.840105690888821366e+00
1.840120425515964664e+00
1.840134832941359821e+00
1.840148920430983326e+00
1.840162695089472944e+00
1.840176163863708636e+00
1.840189333546310424e+00
1.840202210779060321e+00
1.840214802056250099e+00
1.840227113727955111e+00
1.840239152003235734e+00
1.840250922953265311e+00
1.840262432514395918e+00
1.840273686493958172e+00
1.840284690565720194e+00
