8.121493939708528398e-01
9.301295594162307667e-01
1.045489829004777604e+00
1.158288380772391823e+00
1.268582100839550586e+00
1.376426612099893143e+00
1.481876302271738277e+00
1.584984351326685026e+00
1.685802758309124627e+00
1.784382367560195526e+00
1.880772894359398650e+00
1.975022949996811716e+00
2.067180066288544005e+00
2.157290719547792612e+00
2.245400354023595391e+00
2.331553404819092901e+00
2.415793320300867020e+00
2.498162584010647613e+00
2.578702736090444425e+00
2.657454394231909323e+00
2.734457274160489781e+00
2.809750209664705345e+00
2.883371172180651865e+00
2.955357289941606069e+00
3.025744866702389846e+00
3.094569400047937346e+00
3.161865599295293539e+00
3.227667402998085411e+00
3.260356820573228287e+00
3.265313509998086339e+00
3.256056682798394775e+00
3.242536351575403764e+00
3.230004978671025651e+00
3.220166711636221812e+00
3.212805584465039832e+00
3.207048562081536325e+00
3.202065632698063880e+00
3.197321048266139609e+00
3.192569831831700622e+00
3.187758792696302024e+00
3.182924556398156746e+00
3.178124714424216180e+00
3.173404670144699846e+00
3.168789171008578265e+00
3.164286048750688529e+00
3.159893341166454928e+00
3.155605300476867825e+00
3.151415958970729125e+00
3.147320573916036146e+00
3.143315779425403189e+00
3.139399196698557493e+00
3.135568969315402743e+00
3.131823425864610932e+00
3.128160903905848667e+00
3.124579693978804418e+00
3.121078047671059341e+00
3.117654206985516208e+00
3.114306431632030581e+00
3.111033016076278024e+00
3.107832296693708418e+00
3.104702652490777925e+00
3.101642502874367491e+00
3.098650304787900822e+00
3.095724550312604517e+00
3.092863765000221310e+00
3.090066506798063717e+00
3.087331365320125531e+00
3.084656961259822250e+00
3.082041945824438578e+00
3.079485000143556750e+00
3.076984834647102041e+00
3.074540188426383658e+00
3.072149828593713661e+00
3.069812549651638189e+00
3.067527172877291708e+00
3.065292545723326434e+00
3.063107541234780129e+00
3.060971057480502022e+00
3.058882016997914288e+00
3.056839366250224899e+00
3.054842075095541176e+00
3.052889136267581627e+00
3.050979564867764893e+00
3.049112397868502633e+00
3.047286693627492937e+00
3.045501531412793117e+00
3.043756010938462264e+00
3.042049251910519558e+00
3.040380393582995389e+00
3.038748594323848806e+00
3.037153031190516828e+00
3.035592899514894860e+00
3.034067412497531091e+00
3.032575800810833222e+00
3.031117312211081938e+00
3.029691211159061925e+00
3.028296778449117710e+00
3.026933310846449121e+00
3.025600120732456766e+00
3.024296535757961646e+00
3.023021898504134608e+00
3.021775566150946446e+00
3.020556910152983665e+00
3.019365315922461601e+00
3.018200182519280794e+00
3.017060922347962304e+00
3.015946960861311865e+00
3.014857736270667665e+00
3.013792699262585195e+00
3.012751312721801522e+00
3.011733051460366628e+00
3.010737401952780168e+00
3.009763862077011076e+00
3.008811940861270795e+00
3.007881158236410002e+00
3.006971044793807391e+00
3.006081141548643920e+00
3.005210999708426645e+00
3.004360180446656869e+00
3.003528254681521403e+00
3.002714802859502097e+00
3.001919414743786874e+00
3.001141689207379226e+00
3.000381234030806255e+00
2.999637665704313783e+00
2.998910609234458846e+00
2.998199697954991194e+00
2.997504573341939871e+00
2.996824884832804070e+00
2.996160289649756336e+00
2.995510452626776399e+00
2.994875046040622824e+00
2.994253749445552337e+00
2.993646249511718427e+00
2.993052239867152409e+00
2.992471420943253690e+00
2.991903499823714618e+00
2.991348190096798199e+00
2.990805211710894529e+00
2.990274290833286663e+00
2.989755159712052635e+00
2.989247556541033468e+00
2.988751225327802796e+00
2.988265915764560354e+00
2.987791383101902731e+00
2.987327388025391439e+00
2.986873696534858791e+00
2.986430079826403183e+00
2.985996314176998734e+00
2.985572180831662870e+00
2.985157465893140571e+00
2.984751960214031996e+00
2.984355459291312851e+00
2.983967763163202669e+00
2.983588676308320586e+00
2.983218007547078887e+00
2.982855569945270791e+00
2.982501180719796530e+00
2.982154661146479313e+00
2.981815836469935643e+00
2.981484535815441372e+00
2.981160592102759299e+00
2.980843841961873686e+00
2.980534125650603272e+00
2.980231286974040827e+00
2.979935173205780163e+00
2.979645635010893301e+00
2.979362526370621822e+00
2.979085704508732668e+00
2.978815029819516180e+00
2.978550365797382860e+00
2.978291578968017550e+00
2.978038538821065284e+00
2.977791117744320371e+00
2.977549190959361436e+00
2.977312636458626649e+00
2.977081334943883384e+00
2.976855169766063902e+00
2.976634026866439964e+00
2.976417794719095955e+00
2.976206364274689431e+00
2.975999628905452443e+00
2.975797484351418998e+00
2.975599828667846669e+00
2.975406562173800840e+00
2.975217587401885133e+00
2.975032809049089622e+00
2.974852133928723497e+00
2.974675470923422882e+00
2.974502730939199591e+00
2.974333826860505070e+00
2.974168673506301097e+00
2.974007187587101253e+00
2.973849287662962304e+00
2.973694894102417496e+00
2.973543929042318013e+00
2.973396316348557722e+00
2.973251981577686998e+00
2.973110851939364085e+00
2.972972856259645802e+00
2.972837924945095800e+00
2.972705989947686422e+00
2.972576984730480376e+00
2.972450844234075351e+00
2.972327504843793822e+00
2.972206904357601598e+00
2.972088981954737807e+00
2.971973678165040322e+00
2.971860934838957746e+00
2.971750695118221319e+00
2.971642903407169189e+00
2.971537505344711505e+00
2.971434447776914123e+00
2.971333678730189831e+00
2.971235147385090425e+00
2.971138804050678761e+00
2.971044600139463032e+00
2.970952488142898584e+00
2.970862421607426640e+00
2.970774355111049037e+00
2.970688244240416331e+00
2.970604045568434604e+00
2.970521716632361198e+00
2.970441215912393407e+00
2.970362502810724781e+00
2.970285537631074835e+00
2.970210281558667287e+00
2.970136696640658158e+00
2.970064745766990644e+00
2.969994392651684301e+00
2.969925601814533689e+00
2.969858338563216016e+00
2.969792568975793579e+00
2.969728259883606114e+00
2.969665378854548177e+00
2.969603894176706227e+00
2.969543774842370087e+00
2.969484990532395230e+00
2.969427511600909231e+00
2.969371309060364172e+00
2.969316354566918559e+00
2.969262620406136755e+00
2.969210079479020159e+00
2.969158705288335920e+00
2.969108471925253845e+00
2.969059354056283073e+00
2.969011326910494741e+00
2.968964366267026200e+00
2.968918448442872116e+00
2.968873550280937135e+00
2.968829649138357674e+00
2.968786722875081718e+00
2.968744749842705755e+00
2.968703708873555058e+00
2.968663579270011788e+00
2.968624340794071781e+00
2.968585973657140720e+00
2.968548458510057664e+00
2.968511776433329974e+00
2.968475908927596940e+00
2.968440837904301688e+00
2.968406545676563812e+00
2.968373014950261179e+00
2.968340228815310677e+00
2.968308170737137264e+00
2.968276824548339299e+00
2.968246174440529295e+00
2.968216204956366067e+00
2.968186900981757859e+00
2.968158247738239996e+00
2.968130230775520406e+00
2.968102835964197439e+00
2.968076049488626023e+00
2.968049857839956562e+00
2.968024247809321725e+00
2.967999206481170660e+00
2.967974721226759094e+00
2.967950779697781538e+00
2.967927369820139827e+00
2.967904479787856875e+00
2.967882098057122331e+00
2.967860213340469677e+00
2.967838814601084785e+00
2.967817891047240586e+00
2.967797432126852097e+00
2.967777427522157119e+00
2.967757867144514172e+00
2.967738741129309243e+00
2.967720039830986423e+00
2.967701753818180688e+00
2.967683873868961264e+00
2.967666390966184231e+00
2.967649296292939720e+00
2.967632581228110134e+00
2.967616237342021179e+00
2.967600256392186608e+00
2.967584630319157757e+00
2.967569351242455244e+00
2.967554411456595709e+00
2.967539803427205136e+00
2.967525519787218791e+00
3.078499041243528911e+00
3.146152102733708933e+00
3.212302844110749067e+00
3.276984626255483146e+00
3.340230069229020327e+00
3.402071068723568903e+00
3.462538812147942124e+00
3.521663794355873289e+00
3.579475833025057785e+00
3.636004083694686528e+00
3.691277054469053631e+00
3.745322620394648805e+00
3.798168037517993145e+00
3.849839956631301074e+00
3.900364436712900229e+00
3.949766958069194089e+00
3.998072435184790496e+00
4.045305229287274429e+00
4.091489160632968414e+00
4.136647520519866283e+00
4.180803083033813650e+00
4.223978116533840144e+00
4.266194394882453444e+00
4.307473208426547906e+00
4.347835374734466463e+00
4.387301249094635480e+00
4.425890734781062541e+00
4.463623293090879685e+00
4.500517953158985840e+00
4.536593321554743596e+00
4.571867591665574437e+00
4.606358552872173107e+00
4.640083599519980062e+00
4.673059739691427517e+00
4.705303603783387523e+00
4.736831452894153749e+00
4.767659187024166023e+00
4.797802353094642314e+00
4.827276152788136265e+00
4.856095450214994891e+00
4.884274779409564005e+00
4.911828351659933922e+00
4.938770062674924688e+00
4.965113499591911506e+00
4.990871947829038646e+00
5.016058397785267964e+00
5.033364124870103318e+00
5.039308293790583981e+00
5.038294615561319745e+00
5.034168262525784421e+00
5.029372134446560949e+00
5.025059610985160852e+00
5.021536361892298572e+00
5.018690668965839485e+00
5.016286251295927201e+00
5.014112191780331074e+00
5.012032127904087808e+00
5.009979905291639390e+00
5.007936212105517093e+00
5.005905206524571049e+00
5.003898377691997190e+00
5.001926138555700341e+00
4.999994971791848819e+00
4.998107565970236976e+00
4.996264047621443716e+00
4.994463248860314231e+00
4.992703596239433494e+00
4.990983580410674136e+00
4.989301920904624765e+00
4.987657563830615537e+00
4.986049616605431112e+00
4.984477278794980926e+00
4.982939792748628527e+00
4.981436416913085807e+00
4.979966415910481281e+00
4.978529059946966484e+00
4.977123627840307485e+00
4.975749410376909765e+00
4.974405712647265609e+00
4.973091855164947006e+00
4.971807174073040514e+00
4.970551020838619216e+00
4.969322761748189876e+00
4.968121777386671489e+00
4.966947462177143002e+00
4.965799223993385247e+00
4.964676483829759235e+00
4.963578675506655102e+00
4.962505245394197573e+00
4.961455652143970774e+00
4.960429366423982245e+00
4.959425870656454016e+00
4.958444658758548229e+00
4.957485235887328479e+00
4.956547118189765122e+00
4.955629832557981729e+00
4.954732916390385711e+00
4.953855917358095162e+00
4.952998393176623715e+00
4.952159911382813640e+00
4.951340049116880415e+00
4.950538392909137109e+00
4.949754538471482057e+00
4.948988090493573466e+00
4.948238662443368518e+00
4.947505876372250810e+00
4.946789362724378414e+00
4.946088760150428421e+00
4.945403715325286775e+00
4.944733882769862809e+00
4.944078924676851727e+00
4.943438510740376657e+00
4.942812317989410786e+00
4.942200030624942286e+00
4.941601339860610231e+00
4.941015943766985608e+00
4.940443547119423684e+00
4.939883861249114716e+00
4.939336603897545253e+00
4.938801499074038759e+00
4.938278276916584275e+00
4.937766673555852748e+00
4.937266430982065302e+00
4.936777296914870661e+00
4.936299024676109148e+00
4.935831373065417971e+00
4.935374106238583636e+00
4.934926993588604205e+00
4.934489809629391210e+00
4.934062333882100582e+00
4.933644350763838560e+00
4.933235649478989515e+00
4.932836023912877010e+00
4.932445272527923308e+00
4.932063198261988468e+00
4.931689608428883709e+00
4.931324314621250871e+00
4.930967132615505122e+00
4.930617882279036301e+00
4.930276387479305633e+00
4.929942475995012785e+00
4.929615979429240902e+00
4.929296733124536090e+00
4.928984576079862734e+00
4.928679350869409781e+00
4.928380903563201798e+00
4.928089083649519253e+00
4.927803743958879323e+00
4.927524740589878327e+00
4.927251932836581361e+00
4.926985183117667866e+00
4.926724356906984070e+00
4.926469322665696815e+00
4.926219951775950179e+00
4.925976118476006249e+00
4.925737699796819413e+00
4.925504575500019300e+00
4.925276628017280167e+00
4.925053742391074074e+00
4.924835806216584011e+00
4.924622709585039004e+00
4.924414345028387707e+00
4.924210607465051126e+00
4.924011394146912579e+00
4.923816604607503145e+00
4.923626140611335522e+00
4.923439906104360553e+00
4.923257807165525968e+00
4.923079751959412498e+00
4.922905650689919810e+00
4.922735415554984506e+00
4.922568960702292884e+00
4.922406202185992896e+00
4.922247057924351132e+00
4.922091447658361041e+00
4.921939292911267749e+00
4.921790516948988170e+00
4.921645044741419284e+00
4.921502802924591080e+00
4.921363719763668598e+00
4.921227725116784413e+00
4.921094750399651829e+00
4.920964728550988987e+00
4.920837593998689918e+00
4.920713282626756779e+00
4.920591731742971930e+00
4.920472880047270792e+00
4.920356667600835898e+00
4.920243035795867748e+00
4.920131927326018229e+00
4.920023286157505282e+00
4.919917057500844848e+00
4.919813187783263153e+00
4.919711624621535329e+00
4.919612316795771711e+00
4.919515214223387112e+00
4.919420267933994673e+00
4.919327430044718064e+00
4.919236653735909570e+00
4.919147893227560076e+00
4.919061103756325437e+00
4.918976241552894813e+00
4.918893263819902550e+00
4.918812128710352560e+00
4.918732795306511640e+00
4.918655223599269100e+00
4.918579374467968890e+00
4.918505209660674282e+00
4.918432691774929033e+00
4.918361784238785006e+00
4.918292451292370693e+00
4.918224657969969549e+00
4.918158370082331921e+00
4.918093554199466588e+00
4.918030177633630373e+00
4.917968208423004306e+00
4.917907615315526115e+00
4.917848367753123284e+00
4.917790435856299602e+00
4.917733790409074324e+00
4.917678402844241958e+00
4.917624245228963353e+00
4.917571290250680960e+00
4.917519511203397364e+00
4.917468881974092376e+00
4.917419377029616179e+00
4.917370971403772550e+00
4.917323640684838182e+00
4.917277361003182357e+00
4.917232109019230357e+00
4.917187861911686220e+00
4.917144597366029934e+00
4.917102293563256232e+00
4.917060929168877159e+00
4.917020483322162683e+00
4.916980935625669069e+00
4.916942266134845418e+00
4.916904455347982150e+00
4.916867484196497884e+00
4.916831334035253853e+00
4.916795986633156090e+00
4.916761424163943239e+00
4.916727629197211513e+00
4.916694584689620839e+00
4.916662273976297293e+00
4.916630680762425598e+00
4.916599789115086772e+00
4.916569583455065562e+00
4.916540048549164155e+00
4.916511169502458145e+00
4.916482931750784324e+00
4.916455321053393668e+00
4.916428323485769525e+00
4.916401925432611009e+00
4.916376113580954943e+00
4.916350874913469227e+00
4.916326196701889195e+00
4.916302066500642276e+00
4.916278472140467315e+00
4.916255401722329665e+00
4.916232843611391345e+00
4.916210786431291169e+00
4.916189219058237470e+00
4.916168130615454324e+00
4.916147510467645532e+00
4.916127348215800552e+00
4.916107633691725987e+00
4.916088356953125960e+00
4.916069508278384959e+00
4.916051078161813415e+00
4.916033057308823118e+00
4.916015436631210989e+00
4.915998207242592066e+00
4.915981360453912430e+00
4.915964887769065150e+00
4.915948780880611046e+00
4.915933031665633557e+00
4.915917632181533214e+00
4.915902574662043278e+00
4.915887851513415896e+00
4.915873455310542539e+00
4.915859378793196122e+00
4.915845614862366375e+00
4.915832156576733780e+00
4.915818997149053793e+00
4.915806129942800418e+00
4.915793548468823104e+00
4.915781246382029401e+00
4.915769217478293207e+00
4.915757455691306177e+00
4.915745955089358077e+00
4.915734709872521258e+00
4.915723714369659270e+00
4.915712963035611338e+00
4.915702450448253380e+00
4.915692171305916958e+00
4.915682120424674117e+00
4.915672292735704829e+00
4.915662683282751466e+00
4.915653287219662104e+00
4.741272970995895619e+00
4.634953608042484241e+00
4.530995198368390930e+00
4.429345314078710238e+00
4.329952691504950657e+00
4.232767205351941620e+00
4.137739843418840380e+00
4.044822681881494297e+00
3.953968861123688061e+00
3.866247018247296552e+00
3.825157657258319244e+00
3.815883209446329971e+00
3.822430214686168171e+00
3.833605935018180144e+00
3.843650028535289032e+00
3.850722923114992202e+00
3.855067873189515826e+00
3.857641430663865556e+00
3.859363203439309054e+00
3.860842694267790254e+00
3.862375449121874471e+00
3.864042776168039595e+00
3.865818683972015890e+00
3.867645089553382043e+00
3.869470731559369714e+00
3.871263748488207312e+00
3.873010203477647018e+00
3.874707733211195659e+00
3.876359402756888617e+00
3.877969613745007926e+00
3.879542113218913624e+00
3.881079442627767051e+00
3.882583111480061078e+00
3.884053989972398924e+00
3.885492659340596067e+00
3.886899632817938155e+00
3.888275456418869069e+00
3.889620731446805646e+00
3.890936100943629850e+00
3.892222225900415111e+00
3.893479765874106047e+00
3.894709367537292799e+00
3.895911660033799961e+00
3.897087254515878119e+00
3.898236745515918145e+00
3.899360712667485185e+00
3.900459722096657700e+00
3.901534327329904794e+00
3.902585069813912622e+00
3.903612479206713282e+00
3.904617073572466346e+00
3.905599359559367212e+00
3.906559832594461046e+00
3.907498977100983151e+00
3.908417266731339712e+00
3.909315164606350645e+00
3.910193123553509675e+00
3.911051586340176023e+00
3.911890985900194018e+00
3.912711745553903331e+00
3.913514279222133574e+00
3.914298991634868496e+00
3.915066278535052735e+00
3.915816526877898163e+00
3.916550115025853263e+00
3.917267412939330562e+00
3.917968782363256963e+00
3.918654577009521578e+00
3.919325142735378797e+00
3.919980817717881649e+00
3.920621932624441364e+00
3.921248810779587757e+00
3.921861768328033904e+00
3.922461114394111714e+00
3.923047151237663677e+00
3.923620174406479144e+00
3.924180472885343551e+00
3.924728329241772062e+00
3.925264019768521795e+00
3.925787814622924810e+00
3.926299977963133792e+00
3.926800768081346593e+00
3.927290437534055378e+00
3.927769233269426508e+00
3.928237396751839139e+00
3.928695164083649605e+00
3.929142766124271713e+00
3.929580428606602727e+00
3.930008372250858972e+00
3.930426812875889464e+00
3.930835961508017284e+00
3.931236024487466896e+00
3.931627203572422680e+00
3.932009696040774660e+00
3.932383694789615358e+00
3.932749388432519755e+00
3.933106961394660317e+00
3.933456594005824591e+00
3.933798462591348688e+00
3.934132739561051473e+00
3.934459593496171692e+00
3.934779189234398622e+00
3.935091687952992245e+00
3.935397247250074670e+00
3.935696021224102559e+00
3.935988160551589399e+00
3.936273812563086505e+00
3.936553121317489357e+00
3.936826227674688816e+00
3.937093269366601866e+00
3.937354381066641373e+00
3.937609694457631537e+00
3.937859338298211664e+00
3.938103438487780661e+00
3.938342118129979585e+00
3.938575497594785979e+00
3.938803694579210646e+00
3.939026824166653729e+00
3.939244998884951610e+00
3.939458328763116857e+00
3.939666921386830278e+00
3.939870881952698412e+00
3.940070313321311968e+00
3.940265316069111901e+00
3.940455988539114163e+00
3.940642426890506922e+00
3.940824725147144214e+00
3.941002975244961792e+00
3.941177267078344482e+00
3.941347688545462802e+00
3.941514325592599732e+00
3.941677262257492043e+00
3.941836580711713722e+00
3.941992361302122827e+00
3.942144682591371296e+00
3.942293621397530146e+00
3.942439252832828256e+00
3.942581650341537625e+00
3.942720885737007741e+00
3.942857029237884614e+00
3.942990149503520669e+00
3.943120313668600829e+00
3.943247587377005647e+00
3.943372034814910165e+00
3.943493718743154464e+00
3.943612700528897452e+00
3.943729040176564560e+00
3.943842796358104863e+00
3.943954026442587857e+00
3.944062786525130537e+00
3.944169131455189881e+00
3.944273114864221164e+00
3.944374789192725217e+00
3.944474205716701487e+00
3.944571414573495360e+00
3.944666464787093485e+00
3.944759404292846661e+00
3.944850279961640283e+00
3.944939137623534542e+00
3.945026022090870832e+00
3.945110977180880329e+00
3.945194045737781430e+00
3.945275269654380246e+00
3.945354689893202149e+00
3.945432346507145915e+00
3.945508278659692003e+00
3.945582524644644096e+00
3.945655121905443874e+00
3.945726107054054577e+00
3.945795515889424454e+00
3.945863383415545211e+00
3.945929743859100558e+00
3.945994630686726623e+00
3.946058076621890010e+00
3.946120113661396811e+00
3.946180773091522820e+00
3.946240085503792461e+00
3.946298080810406894e+00
3.946354788259331947e+00
3.946410236449040543e+00
3.946464453342945600e+00
3.946517466283498088e+00
3.946569302005975555e+00
3.946619986651965117e+00
3.946669545782545807e+00
3.946718004391186252e+00
3.946765386916336382e+00
3.946811717253763785e+00
3.946857018768604952e+00
3.946901314307142083e+00
3.946944626208323204e+00
3.946986976315035811e+00
3.947028385985120735e+00
3.947068876102136858e+00
3.947108467085899353e+00
3.947147178902779441e+00
3.947185031075767903e+00
3.947222042694323640e+00
3.947258232423998425e+00
3.947293618515852920e+00
3.947328218815664425e+00
3.947362050772915687e+00
3.947395131449609629e+00
3.947427477528859807e+00
3.947459105323315676e+00
3.947490030783379567e+00
3.947520269505259360e+00
3.947549836738826201e+00
3.947578747395310561e+00
3.947607016054824225e+00
3.947634656973701528e+00
3.947661684091700707e+00
3.947688111039035608e+00
3.947713951143239530e+00
3.947739217435890957e+00
3.947763922659185631e+00
3.947788079272364303e+00
3.947811699457997925e+00
3.947834795128121854e+00
3.947857377930253708e+00
3.947879459253265111e+00
3.947901050233118880e+00
3.947922161758496085e+00
3.947942804476274770e+00
3.947962988796911432e+00
3.947982724899681273e+00
3.948002022737818084e+00
3.948020892043533792e+00
3.948039342332918533e+00
3.948057382910750590e+00
3.948075022875185081e+00
3.948092271122336072e+00
3.948109136350774317e+00
3.948125627065902421e+00
3.948141751584255399e+00
3.948157518037684888e+00
3.948172934377467858e+00
3.948188008378310521e+00
3.948202747642275412e+00
3.948217159602607662e+00
3.948231251527491992e+00
3.948245030523711563e+00
3.948258503540233555e+00
3.948271677371718802e+00
3.948284558661941723e+00
3.948297153907145418e+00
3.948309469459314602e+00
3.948321511529376160e+00
3.948333286190340630e+00
3.948344799380358872e+00
3.948356056905717892e+00
3.948367064443768282e+00
3.948377827545785923e+00
3.948388351639778193e+00
3.948398642033215111e+00
3.948408703915708085e+00
3.948418542361625150e+00
3.948428162332653368e+00
3.948437568680295495e+00
3.948446766148324905e+00
3.948455759375172569e+00
3.948464552896268742e+00
3.948473151146325577e+00
3.948481558461576668e+00
3.948489779081968631e+00
3.948497817153292733e+00
3.948505676729276992e+00
3.948513361773632546e+00
3.948520876162050719e+00
3.948528223684155680e+00
3.948535408045421580e+00
3.948542432869039054e+00
3.948549301697737324e+00
3.948556017995575651e+00
3.948562585149693493e+00
3.948569006472013587e+00
3.948575285200909057e+00
3.948581424502843884e+00
3.948587427473968958e+00
3.948593297141675951e+00
3.948599036466131640e+00
3.948604648341772716e+00
3.948610135598758397e+00
3.948615501004400397e+00
3.948620747264556918e+00
3.948625877025000452e+00
3.948630892872754039e+00
3.948635797337388009e+00
3.948640592892304735e+00
3.948645281955977193e+00
3.948649866893178206e+00
3.948654350016163495e+00
3.948658733585842295e+00
3.948663019812920894e+00
3.948667210859013732e+00
3.948671308837731875e+00
3.948675315815752818e+00
3.948679233813858325e+00
3.948683064807957166e+00
3.948686810730084318e+00
4.025169259607237038e+00
4.071800335126181558e+00
4.117395909795550146e+00
4.161978978195622680e+00
4.205572024283510402e+00
4.248197032732178968e+00
4.289875500017674703e+00
4.330628445260138015e+00
4.370476420824084940e+00
4.409439522683293866e+00
4.447537400555531484e+00
4.484789267812216096e+00
4.521213911168030286e+00
4.556829700155365259e+00
4.591654596388367260e+00
4.625706162621271211e+00
4.659001571605578818e+00
4.691557614750550442e+00
4.723390710591385933e+00
4.754516913069351425e+00
4.784951919628044337e+00
4.814711079129864402e+00
4.843809399596687548e+00
4.872261555778658604e+00
4.900081896554898897e+00
4.927284452169877760e+00
4.953882941309090349e+00
4.979890778017610486e+00
5.005321078465009066e+00
5.030186667560049507e+00
5.054500085418493605e+00
5.078273593687286258e+00
5.101519181728295216e+00
5.124248572664746426e+00
5.146473229293375695e+00
5.168204359865307573e+00
5.189452923738550716e+00
5.210229636904982975e+00
5.230544977394593786e+00
5.250409190559726547e+00
5.269832294241972193e+00
5.288824083824327893e+00
5.307394137171166371e+00
5.325551819458507197e+00
5.343306287897021889e+00
5.360666496350168231e+00
5.377641199849762188e+00
5.394238959011282475e+00
5.410468144351129105e+00
5.426336940508005746e+00
5.441853350370563724e+00
5.457025199113391345e+00
5.471860138143373575e+00
5.486365648958415164e+00
5.500549046920485630e+00
5.514417484944871717e+00
5.527977957107508722e+00
5.541237302172200785e+00
5.554202207039524275e+00
5.566879210119137333e+00
5.579274704627205317e+00
5.591394941810597707e+00
5.603246034099502282e+00
5.614833958190011742e+00
5.626164558058271759e+00
5.637243547907694108e+00
5.648076515050716395e+00
5.658668922726576511e+00
5.669026112856512256e+00
5.679153308737775241e+00
5.689055617677827748e+00
5.698738033570034389e+00
5.708205439412167514e+00
5.717462609768977799e+00
5.726514213180088575e+00
5.735364814514411158e+00
5.744018877272280221e+00
5.752480765836474497e+00
5.760754747673241027e+00
5.768844995484445626e+00
5.776755589311938444e+00
5.784490518595179154e+00
5.792053684183177786e+00
5.799448900301758414e+00
5.806679896477128011e+00
5.813750319416741696e+00
5.820663734848393389e+00
5.827423629318469800e+00
5.834033411950272807e+00
5.840496416163294846e+00
5.846815901354315059e+00
5.852995054541165310e+00
5.859036991969994723e+00
5.864944760686844560e+00
5.870721340074317673e+00
5.876369643354136585e+00
5.881892519056318491e+00
5.887292752455742573e+00
5.892573066976805052e+00
5.897736125566888532e+00
5.902784532039324183e+00
5.907720832386540444e+00
5.912547516064049269e+00
5.917267017245913863e+00
5.921881716052344480e+00
5.926393939750033368e+00
5.930805963925827484e+00
5.935120013634346492e+00
5.939338264520116262e+00
5.943462838969924000e+00
5.947495824795462127e+00
5.949924802313418581e+00
5.950044816226606414e+00
5.948728242233049635e+00
5.946746608122334798e+00
5.944603038707255038e+00
5.942548395777211390e+00
5.940662542049715888e+00
5.938936212128395731e+00
5.937328729579257391e+00
5.935799341762817427e+00
5.934319177749674878e+00
5.932872265558236435e+00
5.931452088489811203e+00
5.930057459473405679e+00
5.928689369951940513e+00
5.927349143600427084e+00
5.926037639240352206e+00
5.924755091146245434e+00
5.923501238169136762e+00
5.922275524600039809e+00
5.921077268441286456e+00
5.919905767069668201e+00
5.918760347508751352e+00
5.917640380554757940e+00
5.916545276848879098e+00
5.915474477162661948e+00
5.914427443291939923e+00
5.913403651814977735e+00
5.912402590722408924e+00
5.911423758068472090e+00
5.910466661719459225e+00
5.909530819522458955e+00
5.908615759513123677e+00
5.907721020007229207e+00
5.906846149553083514e+00
5.905990706778975863e+00
5.905154260181413761e+00
5.904336387890618099e+00
5.903536677435373470e+00
5.902754725517181278e+00
5.901990137796133240e+00
5.901242528686993616e+00
5.900511521163732453e+00
5.899796746569888839e+00
5.899097844433738302e+00
5.898414462287427718e+00
5.897746255489850320e+00
5.897092887053126731e+00
5.896454027472767478e+00
5.895829354561481495e+00
5.895218553286647456e+00
5.894621315611380474e+00
5.894037340339157716e+00
5.893466332961899923e+00
5.892908005511435121e+00
5.892362076414277894e+00
5.891828270349622088e+00
5.891306318110499873e+00
5.890795956468064531e+00
5.890296928038680768e+00
5.889808981154297740e+00
5.889331869735473290e+00
5.888865353167265226e+00
5.888409196177884830e+00
5.887963168720042439e+00
5.887527045854930030e+00
5.887100607638785732e+00
5.886683639011969227e+00
5.886275929690509834e+00
5.885877274060050013e+00
5.885487471072155863e+00
5.885106324142924450e+00
5.884733641053838227e+00
5.884369233854832792e+00
5.884012918769508715e+00
5.883664516102448339e+00
5.883323850148592271e+00
5.882990749104632044e+00
5.882665044982363867e+00
5.882346573523969724e+00
5.882035174119180532e+00
5.881730689724277816e+00
5.881432966782892180e+00
5.881141855148566577e+00
5.880857208009027559e+00
5.880578881812155601e+00
5.880306736193580797e+00
5.880040633905898595e+00
5.879780440749453163e+00
5.879526025504659081e+00
5.879277259865824945e+00
5.879034018376443349e+00
5.878796178365927716e+00
5.878563619887743563e+00
5.878336225658915559e+00
5.878113881000883723e+00
5.877896473781667908e+00
5.877683894359316596e+00
5.877476035526615128e+00
5.877272792457016948e+00
5.877074062651779229e+00
5.876879745888271778e+00
5.876689744169429908e+00
5.876503961674337972e+00
5.876322304709900024e+00
5.876144681663593161e+00
5.875971002957263600e+00
5.875801181001952145e+00
5.875635130153718855e+00
5.875472766670457148e+00
5.875314008669654697e+00
5.875158776087103796e+00
5.875006990636520321e+00
5.874858575770065094e+00
5.874713456639739206e+00
5.874571560059634656e+00
5.874432814469027875e+00
5.874297149896290371e+00
5.874164497923600514e+00
5.874034791652439580e+00
5.873907965669851627e+00
5.873783956015458330e+00
5.873662700149199445e+00
5.873544136919795378e+00
5.873428206533906959e+00
5.873314850525978237e+00
5.873204011728755169e+00
5.873095634244453578e+00
5.872989663416567474e+00
5.872886045802307109e+00
5.872784729145646310e+00
5.872685662350968450e+00
5.872588795457299504e+00
5.872494079613109541e+00
5.872401467051677315e+00
5.872310911067001982e+00
5.872222365990245940e+00
5.872135787166706145e+00
5.872051130933291674e+00
5.871968354596504902e+00
5.871887416410911165e+00
5.871808275558082713e+00
5.871730892126017842e+00
5.871655227089008555e+00
5.871581242287963853e+00
5.871508900411159360e+00
5.871438164975426588e+00
5.871369000307748109e+00
5.871301371527271939e+00
5.871235244527720276e+00
5.871170585960182819e+00
5.871107363216307995e+00
5.871045544411850337e+00
5.870985098370595345e+00
5.870925994608632514e+00
5.870868203318987177e+00
5.870811695356582760e+00
5.870756442223547644e+00
5.870702416054840000e+00
5.870649589604195917e+00
5.870597936230387504e+00
5.870547429883788304e+00
5.870498045093238026e+00
5.870449756953194154e+00
5.870402541111172212e+00
5.870356373755464929e+00
5.870311231603134949e+00
5.870267091888267785e+00
5.870223932350498330e+00
5.870181731223778954e+00
5.870140467225402503e+00
5.870100119545273998e+00
5.870060667835409696e+00
5.870022092199678632e+00
5.869984373183767978e+00
5.869947491765374004e+00
5.869911429344604414e+00
5.869876167734600969e+00
5.869841689152369923e+00
5.869807976209806100e+00
5.869775011904933670e+00
5.869742779613321915e+00
5.869711263079710584e+00
5.869680446409804908e+00
5.869650314062265117e+00
5.869620850840862047e+00
5.869592041886821931e+00
5.869563872671326621e+00
5.869536328988187890e+00
5.661644183157222621e+00
5.534886836273329003e+00
5.410944293442899067e+00
5.289754048451863255e+00
5.171254983114134340e+00
5.055387336448728064e+00
4.942092674541340713e+00
4.831313861075187788e+00
4.722995028516240978e+00
4.617081549938335527e+00
4.513520011473934446e+00
4.412258185376656705e+00
4.313245003681986489e+00
4.216430532452879021e+00
4.121765946597274244e+00
4.029203505244820072e+00
3.938696527670383141e+00
3.850199369752211886e+00
3.763667400952871667e+00
3.679056981811349658e+00
3.596325441934971945e+00
3.515431058480041671e+00
3.436333035110338052e+00
3.358991481422869185e+00
3.283367392830501608e+00
3.209422630891320960e+00
3.137119904074802346e+00
3.066422748955095479e+00
2.997295511821930436e+00
2.929703330699881203e+00
2.863612117766911602e+00
2.798988542163338700e+00
2.735800013182545953e+00
2.674014663834966221e+00
2.613601334777047480e+00
2.554529558597095296e+00
2.496769544450068601e+00
2.440292163033578543e+00
2.385068931897512012e+00
2.331072001079876888e+00
2.278274139061617021e+00
2.226648719033322177e+00
2.176169705466899362e+00
2.126811640985438068e+00
2.078549633524647167e+00
2.031359343779385096e+00
1.985216972928961043e+00
1.940099250635004324e+00
1.895983423305861448e+00
1.852847242621592949e+00
1.812088608644409904e+00
1.796417751010565889e+00
1.796994635635225102e+00
1.804719915755364168e+00
1.813618585916358716e+00
1.820989908771837973e+00
1.826319075790090896e+00
1.830100346171709580e+00
1.833038149272255390e+00
1.835670776447476449e+00
1.838285838751967605e+00
1.840975866624910084e+00
1.843727595684764742e+00
1.846492793032613600e+00
1.849227318864540059e+00
1.851904490362942690e+00
1.854514031437207278e+00
1.857055927047776223e+00
1.859534495602609194e+00
1.861954617107679066e+00
1.864320097719794456e+00
1.866633415790979633e+00
1.868896081190554392e+00
1.871109101079451387e+00
1.873273323564567550e+00
1.875389615052092562e+00
1.877458912737844932e+00
1.879482211600976838e+00
1.881460531302271200e+00
1.883394887218416525e+00
1.885286273346190367e+00
1.887135655853114047e+00
1.888943973084042049e+00
1.890712138174063250e+00
1.892441041893608400e+00
1.894131554741208756e+00
1.895784528170412431e+00
1.897400795293166409e+00
1.898981170906154370e+00
1.900526452041000347e+00
1.902037418117496603e+00
1.903514831244363048e+00
1.904959436570503373e+00
1.906371962661728592e+00
1.907753121967588728e+00
1.909103610905439563e+00
1.910424110539182374e+00
1.911715286822806226e+00
1.912977790925751043e+00
1.914212259556034690e+00
1.915419315279913937e+00
1.916599566922271292e+00
1.917753609585949981e+00
1.918882025271488656e+00
1.919985383067284390e+00
1.921064239425585463e+00
1.922119138438613373e+00
1.923150612112496161e+00
1.924159180636798139e+00
1.925145352648299113e+00
1.926109625488528376e+00
1.927052485455083009e+00
1.927974408047006483e+00
1.928875858204531779e+00
1.929757290543455017e+00
1.930619149584312133e+00
1.931461869976510703e+00
1.932285876717508399e+00
1.933091585453055261e+00
1.933879402483947629e+00
1.934649725086774241e+00
1.935402941726226844e+00
1.936139432251760439e+00
1.936859567999485110e+00
1.937563712264054994e+00
1.938252220074421439e+00
1.938925438678264390e+00
1.939583707612175134e+00
1.940227358865630913e+00
1.940856717048381475e+00
1.941472099556867503e+00
1.942073816737093228e+00
1.942662172128908571e+00
1.943237462331160792e+00
1.943799977470150431e+00
1.944350001241922365e+00
1.944887811043914505e+00
1.945413678110172517e+00
1.945927867647658571e+00
1.946430639057181722e+00
1.946922245776936622e+00
1.947402935730074613e+00
1.947872951346383275e+00
1.948332529673466151e+00
1.948781902491724782e+00
1.949221296516652435e+00
1.949650933225606897e+00
1.950071029289644153e+00
1.950481796579936589e+00
1.950883442263918743e+00
1.951276168905386577e+00
1.951660174566208994e+00
1.952035652907412766e+00
1.952402793288248173e+00
1.952761780862677821e+00
1.953112796673241558e+00
1.953456017742484452e+00
1.953791617162174754e+00
1.954119764180495489e+00
1.954440624287312911e+00
1.954754359297584232e+00
1.955061127432947465e+00
1.955361083487419771e+00
1.955654378616694666e+00
1.955941160733082107e+00
1.956221574562136301e+00
1.956495761415661061e+00
1.956763859577164588e+00
1.957026004267331087e+00
1.957282327702307700e+00
1.957532959157364694e+00
1.957778025032738345e+00
1.958017649005095118e+00
1.958251951802746138e+00
1.958481051586214994e+00
1.958705063904344623e+00
1.958924101741397195e+00
1.959138275569408449e+00
1.959347693489283504e+00
1.959552460997755707e+00
1.959752681360735549e+00
1.959948455562546155e+00
1.960139882346149998e+00
1.960327058258573896e+00
1.960510077785058147e+00
1.960689033195039288e+00
1.960864014620008033e+00
1.961035110314778951e+00
1.961202406587399194e+00
1.961365987827080826e+00
1.961525936541802295e+00
1.961682333400728284e+00
1.961835257277597666e+00
1.961984785292988809e+00
1.962130992940646301e+00
1.962273953837413654e+00
1.962413740079130386e+00
1.962550422172949949e+00
1.962684069061487069e+00
1.962814748152936994e+00
1.962942525354607781e+00
1.963067465107444898e+00
1.963189630420027587e+00
1.963309082901401936e+00
1.963425882792670718e+00
1.963540088997505206e+00
1.963651759111795458e+00
1.963760949452581173e+00
1.963867715086365706e+00
1.963972109856831683e+00
1.964074186411974399e+00
1.964173996230655028e+00
1.964271589648570737e+00
1.964367015883644818e+00
1.964460323060854385e+00
1.964551558236504736e+00
1.964640767421957701e+00
1.964727995606835753e+00
1.964813286781713630e+00
1.964896684046207653e+00
1.964978229427841505e+00
1.965057963933168894e+00
1.965135927783278946e+00
1.965212160318992041e+00
1.965286700090886240e+00
1.965359584585062658e+00
1.965430850561663112e+00
1.965500533972325936e+00
1.965568669969643745e+00
1.965635292921926736e+00
1.965700436430776632e+00
1.965764133349400034e+00
1.965826415800497218e+00
1.965887315193300067e+00
1.965946862239775106e+00
1.966005086970168403e+00
1.966062018748070850e+00
1.966117686285122179e+00
1.966172117655415219e+00
1.966225340309613490e+00
1.966277381088784582e+00
1.966328266323846163e+00
1.966378021560077016e+00
1.966426671974615070e+00
1.966474241996506001e+00
1.966520755626516292e+00
1.966566236426756209e+00
1.966610707232184785e+00
1.966654190563526416e+00
1.966696708247079206e+00
1.966738281821459822e+00
1.966778932153307125e+00
1.966818679756068056e+00
1.966857544693708881e+00
1.966895546580734067e+00
1.966932704589763770e+00
1.966969037462644510e+00
1.967004563522261718e+00
1.967039300683666836e+00
1.967073266464158587e+00
1.967106477992475622e+00
1.967138952103319127e+00
1.967170705056905611e+00
1.967201752865708864e+00
1.967232111284466844e+00
1.967261795604003938e+00
1.967290820770257298e+00
1.967319201317479171e+00
1.967346951580500658e+00
1.967374085583863508e+00
1.967400617033825183e+00
1.967426559322182689e+00
1.967451925535554924e+00
1.967476728465757496e+00
1.967500980619181217e+00
1.967524694224682902e+00
1.967547881240270247e+00
1.967570553359067498e+00
1.967592722014949169e+00
1.967614398388057406e+00
1.967635593410287820e+00
1.967656317770736241e+00
1.967676582006988140e+00
1.967696396221674471e+00
1.967715770406285980e+00
1.967734714342350699e+00
1.967753237681068912e+00
1.967771349654900304e+00
1.967789059400522733e+00
1.967806375860869705e+00
1.967823307779922537e+00
1.967839863789553778e+00
1.967856052211127249e+00
1.967871881091051156e+00
1.967887358506997364e+00
1.967902492169044004e+00
1.967917289726957231e+00
1.967931758665346642e+00
1.967945906297060565e+00
