8.121493939708528398e-01
9.301295594162307667e-01
1.045489829004777604e+00
1.158288380772391823e+00
1.268582100839550586e+00
1.376426612099893143e+00
1.481876302271738277e+00
1.584984351326685026e+00
1.685802758309124627e+00
1.784382367560195526e+00
1.880772894359398650e+00
1.975022949996811716e+00
2.067180066288544005e+00
2.157290719547792612e+00
2.245400354023595391e+00
2.331553404819092901e+00
2.415793320300867020e+00
2.498162584010647613e+00
2.578702736090444425e+00
2.657454394231909323e+00
2.734457274160489781e+00
2.809750209664705345e+00
2.883371172180651865e+00
2.955357289941606069e+00
3.025744866702389846e+00
3.094569400047937346e+00
3.161865599295293539e+00
3.208141979069148331e+00
3.231963312711688019e+00
3.239224802893879485e+00
3.236177368534129961e+00
3.227887930297304475e+00
3.217798742345713503e+00
3.207877750113566684e+00
3.199003522284721512e+00
3.191373326917714692e+00
3.184833892617824791e+00
3.179106123059202371e+00
3.173913606935852894e+00
3.169040059754287597e+00
3.164342331798861263e+00
3.159740561956616123e+00
3.155200131374282346e+00
3.150713798555000000e+00
3.146287758998737250e+00
3.141932471398198423e+00
3.137657612059158829e+00
3.133469974776923017e+00
3.129373152964948002e+00
3.125368094360908344e+00
3.121453929813552630e+00
3.117628747526848265e+00
3.113890175876757649e+00
3.110235754247359985e+00
3.106663128329453905e+00
3.103170123857792007e+00
3.099754749494872730e+00
3.096415166915883255e+00
3.093149652342197520e+00
3.089956562311715338e+00
3.086834308551171357e+00
3.083781342192693842e+00
3.080796145437951328e+00
3.077877228215630367e+00
3.075023127654017863e+00
3.072232408783512003e+00
3.069503665492426148e+00
3.066835521244099638e+00
3.064226629387859724e+00
3.061675673078806170e+00
3.059181364900427358e+00
3.056742446299478999e+00
3.054357686925866400e+00
3.052025883942768303e+00
3.049745861345715792e+00
3.047516469308953369e+00
3.045336583564239419e+00
3.043205104810110750e+00
3.041120958146773745e+00
3.039083092531491115e+00
3.037090480250242308e+00
3.035142116402687495e+00
3.033237018398645457e+00
3.031374225465103489e+00
3.029552798163377858e+00
3.027771817916270258e+00
3.026030386545210948e+00
3.024327625817353038e+00
3.022662677002566856e+00
3.021034700440222487e+00
3.019442875115591285e+00
3.017886398245685164e+00
3.016364484874336949e+00
3.014876367476294838e+00
3.013421295570134273e+00
3.011998535339775351e+00
3.010607369264413524e+00
3.009247095756673041e+00
3.007917028808785087e+00
3.006616497646632524e+00
3.005344846391466707e+00
3.004101433729141846e+00
3.002885632586687947e+00
3.001696829816068224e+00
3.000534425884961554e+00
2.999397834574405231e+00
2.998286482683153675e+00
2.997199809738608778e+00
2.996137267714158892e+00
2.995098320752803023e+00
2.994082444896910111e+00
2.993089127823977069e+00
2.992117868588258567e+00
2.991168177368129122e+00
2.990239575219060697e+00
2.989331593832082579e+00
2.988443775297604077e+00
2.987575671874486805e+00
2.986726845764237748e+00
2.985896868890222322e+00
2.985085322681779729e+00
2.984291797863128259e+00
2.983515894246962841e+00
2.982757220532634257e+00
2.982015394108808337e+00
2.981290040860511414e+00
2.980580794980455028e+00
2.979887298784556826e+00
2.979209202531551082e+00
2.978546164246612449e+00
2.977897849548889031e+00
2.977263931482871495e+00
2.976644090353501859e+00
2.976038013564948681e+00
2.975445395462957165e+00
2.974865937180704911e+00
2.974299346488078477e+00
2.973745337644295272e+00
2.973203631253801493e+00
2.972673954125367946e+00
2.972156039134315808e+00
2.971649625087800395e+00
2.971154456593088966e+00
2.970670283928759758e+00
2.970196862918765390e+00
2.969733954809290921e+00
2.969281326148345279e+00
2.968838748668028327e+00
2.968405999169411391e+00
2.967982859409976193e+00
2.967569115993547779e+00
2.967164560262680162e+00
2.966768988193423606e+00
2.966382200292433158e+00
2.966004001496360676e+00
2.965634201073481968e+00
2.965272612527507512e+00
2.964919053503528801e+00
2.964573345696053241e+00
2.964235314759084972e+00
2.963904790218194751e+00
2.963581605384551398e+00
2.963265597270854368e+00
2.962956606509139057e+00
2.962654477270404207e+00
2.962359057186024103e+00
2.962070197270908256e+00
2.961787751848363293e+00
2.961511578476629047e+00
2.961241537877040475e+00
2.960977493863787835e+00
2.960719313275236519e+00
2.960466865906770995e+00
2.960220024445130882e+00
2.959978664404204096e+00
2.959742664062247286e+00
2.959511904400499827e+00
2.959286269043158946e+00
2.959065644198692002e+00
2.958849918602448614e+00
2.958638983460547323e+00
2.958432732395009257e+00
2.958231061390110828e+00
2.958033868739927907e+00
2.957841054997040864e+00
2.957652522922383120e+00
2.957468177436203494e+00
2.957287925570113440e+00
2.957111676420203228e+00
2.956939341101197716e+00
2.956770832701628660e+00
2.956606066240004882e+00
2.956444958621954999e+00
2.956287428598320055e+00
2.956133396724180962e+00
2.955982785318790551e+00
2.955835518426399133e+00
2.955691521777949138e+00
2.955550722753618409e+00
2.955413050346199277e+00
2.955278435125286318e+00
2.955146809202262581e+00
2.955018106196062533e+00
2.954892261199692616e+00
2.954769210747502317e+00
2.954648892783172442e+00
2.954531246628422370e+00
2.954416212952407417e+00
2.954303733741798332e+00
2.954193752271523365e+00
2.954086213076161371e+00
2.953981061921969964e+00
2.953878245779533618e+00
2.953777712797021504e+00
2.953679412274035965e+00
2.953583294636046297e+00
2.953489311409383866e+00
2.953397415196798992e+00
2.953307559653556513e+00
2.953219699464062931e+00
2.953133790319014462e+00
2.953049788893050476e+00
2.952967652822902966e+00
2.952887340686032758e+00
2.952808811979740877e+00
2.952732027100739565e+00
2.952656947325182024e+00
2.952583534789131381e+00
2.952511752469467954e+00
2.952441564165214860e+00
2.952372934479284172e+00
2.952305828800623644e+00
2.952240213286761339e+00
2.952176054846740616e+00
2.952113321124430367e+00
2.952051980482207405e+00
2.951992001985001224e+00
2.951933355384692259e+00
2.951876011104858755e+00
2.951819940225860250e+00
2.951765114470251916e+00
2.951711506188524847e+00
2.951659088345162552e+00
2.951607834505004302e+00
2.951557718819916687e+00
2.951508716015754263e+00
2.951460801379617305e+00
2.951413950747384440e+00
2.951368140491529957e+00
2.951323347509206663e+00
2.951279549210594766e+00
2.951236723507508763e+00
2.951194848802259685e+00
2.951153903976760251e+00
2.951113868381878724e+00
2.951074721827021463e+00
2.951036444569952621e+00
2.950999017306836336e+00
2.950962421162503624e+00
2.950926637680931108e+00
2.950891648815934687e+00
2.950857436922068366e+00
2.950823984745724715e+00
2.950791275416433379e+00
2.950759292438355441e+00
2.950728019681961634e+00
2.950697441375898400e+00
2.950667542099034701e+00
2.950638306772686015e+00
2.950609720653007972e+00
2.950581769323560977e+00
2.950554438688040904e+00
2.950527714963170123e+00
2.950501584671744393e+00
2.950476034635838740e+00
2.950451051970159888e+00
2.950426624075547899e+00
2.950402738632623922e+00
2.950379383595575611e+00
2.950356547186082867e+00
2.950334217887377708e+00
2.950312384438436020e+00
2.950291035828299435e+00
2.950270161290521109e+00
2.950249750297736284e+00
2.950229792556353647e+00
2.950210278001363928e+00
2.950191196791263959e+00
2.950172539303093089e+00
2.950154296127580178e+00
2.950136458064398948e+00
2.950119016117528581e+00
2.950101961490714242e+00
2.950085285583034622e+00
2.950068979984560968e+00
2.950053036472119139e+00
2.950037447005139146e+00
2.950022203721602398e+00
2.950007298934076871e+00
2.949992725125839321e+00
2.949978474947083207e+00
3.061568630477788044e+00
3.129597652730966129e+00
3.196116006196111137e+00
3.261157237146732335e+00
3.324754146919743469e+00
3.386938808457700567e+00
3.447742582483703799e+00
3.507196133317113773e+00
3.565329444338056319e+00
3.622171833108528194e+00
3.677751966157710051e+00
3.732097873438959379e+00
3.785236962465763799e+00
3.837196032133792123e+00
3.888001286236007381e+00
3.937678346677659480e+00
3.986252266397824595e+00
4.033747542004001652e+00
4.080188126126149228e+00
4.125597439496377028e+00
4.169998382760399913e+00
4.213413348026699978e+00
4.255864230159227546e+00
4.297372437819329427e+00
4.337958904262484872e+00
4.377644097895278641e+00
4.416448032597950046e+00
4.454390277817711130e+00
4.491489968437934799e+00
4.527765814428184044e+00
4.563236110279950353e+00
4.597918744232854849e+00
4.631831207295981301e+00
4.664990602068868952e+00
4.697413651366629139e+00
4.729116706653528013e+00
4.760115756289295064e+00
4.790426433592307021e+00
4.820064024723722973e+00
4.849043476396539987e+00
4.877379403413460324e+00
4.905086096037371668e+00
4.932177527198156497e+00
4.958667359539462360e+00
4.982541151692718273e+00
4.997506068868839080e+00
5.004968209727695516e+00
5.007060357701042186e+00
5.005821642991215015e+00
5.002844907771581084e+00
4.999205495308983060e+00
4.995531475494386697e+00
4.992123974790114715e+00
4.989076354193788809e+00
4.986369268566194890e+00
4.983935996665455725e+00
4.981701382462473404e+00
4.979601129148785610e+00
4.977588381515191784e+00
4.975633256262992354e+00
4.973719272916924616e+00
4.971839091078760653e+00
4.969990775010403539e+00
4.968175038194155846e+00
4.966393475834770754e+00
4.964647595451469719e+00
4.962938398139741913e+00
4.961266293784992953e+00
4.959631183332014359e+00
4.958032600311438998e+00
4.956469851095610224e+00
4.954942126733445917e+00
4.953448579709268884e+00
4.951988369560708314e+00
4.950560685303607045e+00
4.949164752852753146e+00
4.947799834116228368e+00
4.946465222434137665e+00
4.945160237200527220e+00
4.943884219115808776e+00
4.942636526601499547e+00
4.941416533388628629e+00
4.940223627054404432e+00
4.939057208218603279e+00
4.937916690139710241e+00
4.936801498515494657e+00
4.935711071360376678e+00
4.934644858887725860e+00
4.933602323365148479e+00
4.932582938934405803e+00
4.931586191400621821e+00
4.930611577999978401e+00
4.929658607155455563e+00
4.928726798228241002e+00
4.927815681270492298e+00
4.926924796782381044e+00
4.926053695475160588e+00
4.925201938040741467e+00
4.924369094927669721e+00
4.923554746123146586e+00
4.922758480940620629e+00
4.921979897812552629e+00
4.921218604088039683e+00
4.920474215834902409e+00
4.919746357646351598e+00
4.919034662451787554e+00
4.918338771331792536e+00
4.917658333337184828e+00
4.916993005312058074e+00
4.916342451720730367e+00
4.915706344478538270e+00
4.915084362786363847e+00
4.914476192968842305e+00
4.913881528316169423e+00
4.913300068929417286e+00
4.912731521569288162e+00
4.912175599508222135e+00
4.911632022385804319e+00
4.911100516067367749e+00
4.910580812505742188e+00
4.910072649606112449e+00
4.909575771093735774e+00
4.909089926384798908e+00
4.908614870460046298e+00
4.908150363741112798e+00
4.907696171969801568e+00
4.907252066089913711e+00
4.906817822131755769e+00
4.906393221099099478e+00
4.905978048858826490e+00
4.905572096032940976e+00
4.905175157892912807e+00
4.904787034256461453e+00
4.904407529386600295e+00
4.904036451892896942e+00
4.903673614635014388e+00
4.903318834628306533e+00
4.902971932951553313e+00
4.902632734656674707e+00
4.902301068680489315e+00
4.901976767758521092e+00
4.901659668340610843e+00
4.901349610508439092e+00
4.901046437894864383e+00
4.900749997605074348e+00
4.900460140139471399e+00
4.900176719318285024e+00
4.899899592207844101e+00
4.899628619048529643e+00
4.899363663184194806e+00
4.899104590993339947e+00
4.898851271821729192e+00
4.898603577916404106e+00
4.898361384361351156e+00
4.898124569014473018e+00
4.897893012446020933e+00
4.897666597878271411e+00
4.897445211126719933e+00
4.897228740542504788e+00
4.897017076956004189e+00
4.896810113621871352e+00
4.896607746165176245e+00
4.896409872528765916e+00
4.896216392921820315e+00
4.896027209769436617e+00
4.895842227663511181e+00
4.895661353314598507e+00
4.895484495504863531e+00
4.895311565042074875e+00
4.895142474714626601e+00
4.894977139247550291e+00
4.894815475259518323e+00
4.894657401220787740e+00
4.894502837412081142e+00
4.894351705884422366e+00
4.894203930419719129e+00
4.894059436492430137e+00
4.893918151231978264e+00
4.893780003385904465e+00
4.893644923284030668e+00
4.893512842803295015e+00
4.893383695333393568e+00
4.893257415743186733e+00
4.893133940347881072e+00
4.893013206876819510e+00
4.892895154442204131e+00
4.892779723508260403e+00
4.892666855861313557e+00
4.892556494580402315e+00
4.892448584008593393e+00
4.892343069724849336e+00
4.892239898516590024e+00
4.892139018352916757e+00
4.892040378358375463e+00
4.891943928787202189e+00
4.891849620998332426e+00
4.891757407430837645e+00
4.891667241579938263e+00
4.891579077973549516e+00
4.891492872149351356e+00
4.891408580632363723e+00
4.891326160913022747e+00
4.891245571425742789e+00
4.891166771527950097e+00
4.891089721479592534e+00
4.891014382423092499e+00
4.890940716363754603e+00
4.890868686150602329e+00
4.890798255457643684e+00
4.890729388765548080e+00
4.890662051343737993e+00
4.890596209232870528e+00
4.890531829227713345e+00
4.890468878860393609e+00
4.890407326384033304e+00
4.890347140756728272e+00
4.890288291625902062e+00
4.890230749312992842e+00
4.890174484798486709e+00
4.890119469707289390e+00
4.890065676294403474e+00
4.890013077430950261e+00
4.889961646590476718e+00
4.889911357835584838e+00
4.889862185804847883e+00
4.889814105700021507e+00
4.889767093273538201e+00
4.889721124816274411e+00
4.889676177145600988e+00
4.889632227593684988e+00
4.889589253996061480e+00
4.889547234680456711e+00
4.889506148455853740e+00
4.889465974601811205e+00
4.889426692858008572e+00
4.889388283414033864e+00
4.889350726899384547e+00
4.889314004373710887e+00
4.889278097317251159e+00
4.889242987621500447e+00
4.889208657580077499e+00
4.889175089879788771e+00
4.889142267591906510e+00
4.889110174163621814e+00
4.889078793409705526e+00
4.889048109504338768e+00
4.889018106973135325e+00
4.888988770685337215e+00
4.888960085846183468e+00
4.888932037989449420e+00
4.888904612970150332e+00
4.888877796957409316e+00
4.888851576427480694e+00
4.888825938156928785e+00
4.888800869215963907e+00
4.888776356961916036e+00
4.888752389032861245e+00
4.888728953341389349e+00
4.888706038068504789e+00
4.888683631657666950e+00
4.888661722808963717e+00
4.888640300473410250e+00
4.888619353847379223e+00
4.888598872367150072e+00
4.888578845703586140e+00
4.888559263756915740e+00
4.888540116651651779e+00
4.888521394731600189e+00
4.888503088554996268e+00
4.888485188889742261e+00
4.888467686708748872e+00
4.888450573185385117e+00
4.888433839689025895e+00
4.888417477780702569e+00
4.888401479208839717e+00
4.888385835905102006e+00
4.888370539980319229e+00
4.888355583720513486e+00
4.888340959582999190e+00
4.888326660192591433e+00
4.888312678337876527e+00
4.888299006967582905e+00
4.888285639187016862e+00
4.888272568254593331e+00
4.888259787578430604e+00
4.888247290713029436e+00
4.888235071356018757e+00
4.888223123344981325e+00
4.888211440654343320e+00
4.888200017392335006e+00
4.888188847798025094e+00
4.888177926238404858e+00
4.888167247205558397e+00
4.888156805313876418e+00
4.888146595297346408e+00
4.888136612006893422e+00
4.888126850407782165e+00
4.888117305577083904e+00
4.888107972701185133e+00
4.888098847073366393e+00
4.714686718311629221e+00
4.608957736063256760e+00
4.505576596958634994e+00
4.404491164229676237e+00
4.305650458869871855e+00
4.209004633924761762e+00
4.114504949353314345e+00
4.022103747447542510e+00
3.931754429071876888e+00
3.865601202221924826e+00
3.826944123009999199e+00
3.809185401061236043e+00
3.804996249835463029e+00
3.808254337232701126e+00
3.814646281367729763e+00
3.821566436576086634e+00
3.827718723983617899e+00
3.832666490909255597e+00
3.836451772227163826e+00
3.839324463956653055e+00
3.841577043947521641e+00
3.843461082726484346e+00
3.845157951882546943e+00
3.846780061412573115e+00
3.848385644726849630e+00
3.849996613784551158e+00
3.851614118427062028e+00
3.853229857022380855e+00
3.854833136520849912e+00
3.856414551228124044e+00
3.857967376479235266e+00
3.859487642577660527e+00
3.860973594587799873e+00
3.862424988168198237e+00
3.863842459072702518e+00
3.865227050213098092e+00
3.866579911957971571e+00
3.867902141729738119e+00
3.869194718972383651e+00
3.870458497378631346e+00
3.871694224404083506e+00
3.872902569191100319e+00
3.874084148594461485e+00
3.875239547040624899e+00
3.876369329562551869e+00
3.877474049119428390e+00
3.878554249880461491e+00
3.879610468063057205e+00
3.880643231547436400e+00
3.881653059071191070e+00
3.882640459452415982e+00
3.883605931037076964e+00
3.884549961411670971e+00
3.885473027343880670e+00
3.886375594886233742e+00
3.887258119578715920e+00
3.888121046699932304e+00
3.888964811533013322e+00
3.889789839626949686e+00
3.890596547044601561e+00
3.891385340595230780e+00
3.892156618052854622e+00
3.892910768363008867e+00
3.893648171840624617e+00
3.894369200361178951e+00
3.895074217546661721e+00
3.895763578947279537e+00
3.896437632219388991e+00
3.897096717299874502e+00
3.897741166577010752e+00
3.898371305057817260e+00
3.898987450531885113e+00
3.899589913731652757e+00
3.900178998489171267e+00
3.900755001889403495e+00
3.901318214420104624e+00
3.901868920118358286e+00
3.902407396713846843e+00
3.902933915768926010e+00
3.903448742815578854e+00
3.903952137489335339e+00
3.904444353660200484e+00
3.904925639560689721e+00
3.905396237911009205e+00
3.905856386041461459e+00
3.906306316012137625e+00
3.906746254729944745e+00
3.907176424063043552e+00
3.907597040952735412e+00
3.908008317522871700e+00
3.908410461186827778e+00
3.908803674752109547e+00
3.909188156522630742e+00
3.909564100398720488e+00
3.909931695974911303e+00
3.910291128635552393e+00
3.910642579648304640e+00
3.910986226255555920e+00
3.911322241763807384e+00
3.911650795631074207e+00
3.911972053552345230e+00
3.912286177543147669e+00
3.912593326021253759e+00
3.912893653886571066e+00
3.913187312599263556e+00
3.913474450256134940e+00
3.913755211665314260e+00
3.914029738419288584e+00
3.914298168966305891e+00
3.914560638680200544e+00
3.914817279928664462e+00
3.915068222139996834e+00
3.915313591868383902e+00
3.915553512857719465e+00
3.915788106104010957e+00
3.916017489916395977e+00
3.916241779976814996e+00
3.916461089398346473e+00
3.916675528782252336e+00
3.916885206273756470e+00
3.917090227616582432e+00
3.917290696206285894e+00
3.917486713142395605e+00
3.917678377279398827e+00
3.917865785276595236e+00
3.918049031646848146e+00
3.918228208804242385e+00
3.918403407110695902e+00
3.918574714921527313e+00
3.918742218630015373e+00
3.918906002710969005e+00
3.919066149763330120e+00
3.919222740551827400e+00
3.919375854047710828e+00
3.919525567468572280e+00
3.919671956317294814e+00
3.919815094420123991e+00
3.919955053963904312e+00
3.920091905532478993e+00
3.920225718142293037e+00
3.920356559277191177e+00
3.920484494922459540e+00
3.920609589598097688e+00
3.920731906391359267e+00
3.920851506988566992e+00
3.920968451706221103e+00
3.921082799521420359e+00
3.921194608101604473e+00
3.921303933833633959e+00
3.921410831852231382e+00
3.921515356067782676e+00
3.921617559193529168e+00
3.921717492772148095e+00
3.921815207201745146e+00
3.921910751761277680e+00
3.922004174635400631e+00
3.922095522938768841e+00
3.922184842739798505e+00
3.922272179083899246e+00
3.922357576016190617e+00
3.922441076603718102e+00
3.922522722957166863e+00
3.922602556252104300e+00
3.922680616749742555e+00
3.922756943817244046e+00
3.922831575947574034e+00
3.922904550778913979e+00
3.922975905113642803e+00
3.923045674936897154e+00
3.923113895434719556e+00
3.923180601011801105e+00
3.923245825308834700e+00
3.923309601219482357e+00
3.923371960906958389e+00
3.923432935820254652e+00
3.923492556709998969e+00
3.923550853643962277e+00
3.923607856022224727e+00
3.923663592592001592e+00
3.923718091462138791e+00
3.923771380117291319e+00
3.923823485431783276e+00
3.923874433683162355e+00
3.923924250565448357e+00
3.923972961202095266e+00
3.924020590158660671e+00
3.924067161455189634e+00
3.924112698578335223e+00
3.924157224493201035e+00
3.924200761654919489e+00
3.924243332019980102e+00
3.924284957057302403e+00
3.924325657759060615e+00
3.924365454651270735e+00
3.924404367804144922e+00
3.924442416842211845e+00
3.924479620954211434e+00
3.924515998902774694e+00
3.924551569033885468e+00
3.924586349286131703e+00
3.924620357199752441e+00
3.924653609925485842e+00
3.924686124233213835e+00
3.924717916520425121e+00
3.924749002820479671e+00
3.924779398810696485e+00
3.924809119820264591e+00
3.924838180837963098e+00
3.924866596519730244e+00
3.924894381196051718e+00
3.924921548879186428e+00
3.924948113270231076e+00
3.924974087766035957e+00
3.924999485465956006e+00
3.925024319178459287e+00
3.925048601427584494e+00
3.925072344459259899e+00
3.925095560247478854e+00
3.925118260500334966e+00
3.925140456665929811e+00
3.925162159938147433e+00
3.925183381262295157e+00
3.925204131340628066e+00
3.925224420637743794e+00
3.925244259385860524e+00
3.925263657589978195e+00
3.925282625032920691e+00
3.925301171280275447e+00
3.925319305685211368e+00
3.925337037393201722e+00
3.925354375346630675e+00
3.925371328289305684e+00
3.925387904770869074e+00
3.925404113151106156e+00
3.925419961604163177e+00
3.925435458122669807e+00
3.925450610521769690e+00
3.925465426443059513e+00
3.925479913358446815e+00
3.925494078573915857e+00
3.925507929233212234e+00
3.925521472321445327e+00
3.925534714668612146e+00
3.925547662953040806e+00
3.925560323704759380e+00
3.925572703308788380e+00
3.925584808008359960e+00
3.925596643908068728e+00
3.925608216976950171e+00
3.925619533051487586e+00
3.925630597838558167e+00
3.925641416918313809e+00
3.925651995746988643e+00
3.925662339659655498e+00
3.925672453872916634e+00
3.925682343487531423e+00
3.925692013490991616e+00
3.925701468760035340e+00
3.925710714063106899e+00
3.925719754062761080e+00
3.925728593318012827e+00
3.925737236286642950e+00
3.925745687327437672e+00
3.925753950702393524e+00
3.925762030578862749e+00
3.925769931031656945e+00
3.925777656045100539e+00
3.925785209515042506e+00
3.925792595250819694e+00
3.925799816977176171e+00
3.925806878336143502e+00
3.925813782888880610e+00
3.925820534117463456e+00
3.925827135426644965e+00
3.925833590145570540e+00
3.925839901529458942e+00
3.925846072761243644e+00
3.925852106953174214e+00
3.925858007148391948e+00
3.925863776322458421e+00
3.925869417384860949e+00
3.925874933180479864e+00
3.925880326491017591e+00
3.925885600036407741e+00
3.925890756476182908e+00
3.925895798410821147e+00
3.925900728383048488e+00
3.925905548879129903e+00
3.925910262330118083e+00
3.925914871113082683e+00
3.925919377552307576e+00
3.925923783920462373e+00
3.925928092439748163e+00
3.925932305283021506e+00
3.925936424574886452e+00
3.925940452392767899e+00
3.925944390767959646e+00
3.925948241686647133e+00
3.925952007090910190e+00
3.925955688879702254e+00
4.003237010655956496e+00
4.050355118956567857e+00
4.096426911240818036e+00
4.141475622253172340e+00
4.185523970781787284e+00
4.228594171115960698e+00
4.270707944249151566e+00
4.311886528833227317e+00
4.352150691889457690e+00
4.391520739281656205e+00
4.430016525956752993e+00
4.467657465957962870e+00
4.504462542215601495e+00
4.540450316120477225e+00
4.575638936884704577e+00
4.610046150694637745e+00
4.643689309660558706e+00
4.676585380567629180e+00
4.708750953432507380e+00
4.740202249869959417e+00
4.770955131273686867e+00
4.801025106815474786e+00
4.830427341266719132e+00
4.859176662646265576e+00
4.887287569698416156e+00
4.914774239204875883e+00
4.941650533134336776e+00
4.967930005633290236e+00
4.993625909861594714e+00
5.018751204676264344e+00
5.043318561166826086e+00
5.067340369045552073e+00
5.090828742895791237e+00
5.113795528281548819e+00
5.136252307721393073e+00
5.158210406529708969e+00
5.179680898528229882e+00
5.200674611630750732e+00
5.221202133303812332e+00
5.241273815906134281e+00
5.260899781909476047e+00
5.280089929003559668e+00
5.298853935087636025e+00
5.317201263151202006e+00
5.335141166046341255e+00
5.352682691154083017e+00
5.369834684947142556e+00
5.386605797451341715e+00
5.403004486607952295e+00
5.419039022539172912e+00
5.434717491718887850e+00
5.450047801050797780e+00
5.465037681856006024e+00
5.479694693772043657e+00
5.494026228565317638e+00
5.508039513858896008e+00
5.521741616777516626e+00
5.535139447511649102e+00
5.548239762802414710e+00
5.561049169349122856e+00
5.573574127141131207e+00
5.585820952715724985e+00
5.597795822343647032e+00
5.609504775143889788e+00
5.620953716129321265e+00
5.632148419184677124e+00
5.643094529978422536e+00
5.653797568809956431e+00
5.664262933393581889e+00
5.674495901580666413e+00
5.684501634021341232e+00
5.694285176767105661e+00
5.703851463815625245e+00
5.713205319599033771e+00
5.722351461416964824e+00
5.731294501815565212e+00
5.740038950913675997e+00
5.748589218677357060e+00
5.756949617143904518e+00
5.765124362596479202e+00
5.773117577690445756e+00
5.780933293532497075e+00
5.788575451713602327e+00
5.796047906296815988e+00
5.803354425760943514e+00
5.810498694901046868e+00
5.817484316686744705e+00
5.824314814079247782e+00
5.830993631808045308e+00
5.837524138108135752e+00
5.843909626418685832e+00
5.850153317043959689e+00
5.856258358777373552e+00
5.862227830489480596e+00
5.868064742680697776e+00
5.873772038999544698e+00
5.879352597727179663e+00
5.884809233228954994e+00
5.890144697373754568e+00
5.895361680921798353e+00
5.900462814881642259e+00
5.905450671837032317e+00
5.910327767244305086e+00
5.915096560700968453e+00
5.919229696240535965e+00
5.921392820500447129e+00
5.921893908235005277e+00
5.921197062117610876e+00
5.919748482413014656e+00
5.917901071122406265e+00
5.915898067082224543e+00
5.913886533512314081e+00
5.911941795750720097e+00
5.910092180790952554e+00
5.908339179917621919e+00
5.906671696441335939e+00
5.905074900514130753e+00
5.903534952919508250e+00
5.902040957888457839e+00
5.900585293843412238e+00
5.899163137599512829e+00
5.897771720848741239e+00
5.896409604575178598e+00
5.895076099905140588e+00
5.893770865918169122e+00
5.892493663774034829e+00
5.891244228629854973e+00
5.890022219192748487e+00
5.888827212006980893e+00
5.887658717020497257e+00
5.886516199768431434e+00
5.885399102271997585e+00
5.884306859320343364e+00
5.883238909507194414e+00
5.882194701738369780e+00
5.881173698398645122e+00
5.880175376353786731e+00
5.879199226733847539e+00
5.878244754159439367e+00
5.877311475817825759e+00
5.876398920602707854e+00
5.875506628403400100e+00
5.874634149554702311e+00
5.873781044422906383e+00
5.872946883091821668e+00
5.872131245114258213e+00
5.871333719301768284e+00
5.870553903533878071e+00
5.869791404575434690e+00
5.869045837896208262e+00
5.868316827490462018e+00
5.867604005696232861e+00
5.866907013015066674e+00
5.866225497933177380e+00
5.865559116744938351e+00
5.864907533379416726e+00
5.864270419230353859e+00
5.863647452989849462e+00
5.863038320485800092e+00
5.862442714523070642e+00
5.861860334728334010e+00
5.861290887398430627e+00
5.860734085352194533e+00
5.860189647785607470e+00
5.859657300130179713e+00
5.859136773914506158e+00
5.858627806628882162e+00
5.858130141592942763e+00
5.857643527826211560e+00
5.857167719921546833e+00
5.856702477921375660e+00
5.856247567196682269e+00
5.855802758328676916e+00
5.855367826993103542e+00
5.854942553847106268e+00
5.854526724418609440e+00
5.854120128998156147e+00
5.853722562533148377e+00
5.853333824524435514e+00
5.852953718925201443e+00
5.852582054042088977e+00
5.852218642438527851e+00
5.851863300840213888e+00
5.851515850042678046e+00
5.851176114820907159e+00
5.850843923840971961e+00
5.850519109573628640e+00
5.850201508209824652e+00
5.849890959578099014e+00
5.849587307063789154e+00
5.849290397530056751e+00
5.849000081240655291e+00
5.848716211784424246e+00
5.848438646001437924e+00
5.848167243910815216e+00
5.847901868640126288e+00
5.847642386356359800e+00
5.847388666198435558e+00
5.847140580211205751e+00
5.846898003280921685e+00
5.846660813072145579e+00
5.846428889966046150e+00
5.846202117000078857e+00
5.845980379808994876e+00
5.845763566567169889e+00
5.845551567932205650e+00
5.845344276989786536e+00
5.845141589199763565e+00
5.844943402343429462e+00
5.844749616471972331e+00
5.844560133856062656e+00
5.844374858936578931e+00
5.844193698276403559e+00
5.844016560513308534e+00
5.843843356313873194e+00
5.843673998328442920e+00
5.843508401147066600e+00
5.843346481256424418e+00
5.843188156997716654e+00
5.843033348525479731e+00
5.842881977767317103e+00
5.842733968384521859e+00
5.842589245733586623e+00
5.842447736828558114e+00
5.842309370304222149e+00
5.842174076380119985e+00
5.842041786825349803e+00
5.841912434924170228e+00
5.841785955442339251e+00
5.841662284594224985e+00
5.841541360010630513e+00
5.841423120707347927e+00
5.841307507054401604e+00
5.841194460745967376e+00
5.841083924770975599e+00
5.840975843384362598e+00
5.840870162078950045e+00
5.840766827557957619e+00
5.840665787708125833e+00
5.840566991573440170e+00
5.840470389329422751e+00
5.840375932258011105e+00
5.840283572722984040e+00
5.840193264145950636e+00
5.840104960982843707e+00
5.840018618700960396e+00
5.839934193756499248e+00
5.839851643572608886e+00
5.839770926517907412e+00
5.839692001885485872e+00
5.839614829872383339e+00
5.839539371559518521e+00
5.839465588892052139e+00
5.839393444660199606e+00
5.839322902480464705e+00
5.839253926777296932e+00
5.839186482765141406e+00
5.839120536430900010e+00
5.839056054516774452e+00
5.838993004503503670e+00
5.838931354593954737e+00
5.838871073697085912e+00
5.838812131412272954e+00
5.838754498013977390e+00
5.838698144436750503e+00
5.838643042260579286e+00
5.838589163696548567e+00
5.838536481572837111e+00
5.838484969321004137e+00
5.838434600962592924e+00
5.838385351096031961e+00
5.838337194883822967e+00
5.838290108040014026e+00
5.838244066817952493e+00
5.838199047998313240e+00
5.838155028877384467e+00
5.838111987255615531e+00
5.838069901426425012e+00
5.838028750165251246e+00
5.837988512718856882e+00
5.837949168794850152e+00
5.837910698551459276e+00
5.837873082587520024e+00
5.837836301932699534e+00
5.837800338037925307e+00
5.837765172766026467e+00
5.837730788382589964e+00
5.837697167547020172e+00
5.837664293303792107e+00
5.837632149073895604e+00
5.837600718646477560e+00
5.837569986170672465e+00
5.837539936147597253e+00
5.837510553422545101e+00
5.837481823177334661e+00
5.837453730922840478e+00
5.837426262491689499e+00
5.837399404031109462e+00
5.837373141995948700e+00
5.837347463141840720e+00
5.630585463478117170e+00
5.504517813974275420e+00
5.381249652938421058e+00
5.260718814258048326e+00
5.142864512296259072e+00
5.027627311236590124e+00
4.914949095108578803e+00
4.804773038478940883e+00
4.697043577793599489e+00
4.591706383356086718e+00
4.488708331928208395e+00
4.387997479939142131e+00
4.289523037289459495e+00
4.193235341736865074e+00
4.099085833850730332e+00
4.007027032522790577e+00
3.917012511021662480e+00
3.828996873579098015e+00
3.742935732496168733e+00
3.658785685757837580e+00
3.576504295144623757e+00
3.496050064830331205e+00
3.417382420455032488e+00
3.340461688662772932e+00
3.265249077093656638e+00
3.191706654820236633e+00
3.119797333218341961e+00
3.049484847262686316e+00
2.980733737237835079e+00
2.913509330855301283e+00
2.847777725767753676e+00
2.783505772471519091e+00
2.720661057588755316e+00
2.659211887520863904e+00
2.599127272464900607e+00
2.540376910784919229e+00
2.482931173730371643e+00
2.426761090493850581e+00
2.371838333600649662e+00
2.318135204622759904e+00
2.265624620210110240e+00
2.214280098431999022e+00
2.164075745421830010e+00
2.114986242318420473e+00
2.066986832497293314e+00
2.020053309085512616e+00
1.974162002753771628e+00
1.929289769779566566e+00
1.885413980375449050e+00
1.842512507371260266e+00
1.812730843217363441e+00
1.797638838117917803e+00
1.793309232678934162e+00
1.795536932381963213e+00
1.800941272889992728e+00
1.807270804218823690e+00
1.813287717919100483e+00
1.818488720897686983e+00
1.822814702024643019e+00
1.826420368102926961e+00
1.829522498434812849e+00
1.832317627909676672e+00
1.834949461270701132e+00
1.837506006112135548e+00
1.840030749535210619e+00
1.842537657036913634e+00
1.845024541021163866e+00
1.847482697897656401e+00
1.849902708396806927e+00
1.852277203497632474e+00
1.854601648198193065e+00
1.856874053964421956e+00
1.859094273283096621e+00
1.861263263820167380e+00
1.863382503803136636e+00
1.865453606622363703e+00
1.867478111671643237e+00
1.869457401597319990e+00
1.871392695179462162e+00
1.873285076013546879e+00
1.875135531015597712e+00
1.876944984837272346e+00
1.878714324831916027e+00
1.880444416269427155e+00
1.882136109845241378e+00
1.883790244129061264e+00
1.885407645277168864e+00
1.886989125666715283e+00
1.888535482439027025e+00
1.890047496415323769e+00
1.891525931508406755e+00
1.892971534573072656e+00
1.894385035569326803e+00
1.895767147909778849e+00
1.897118568890209467e+00
1.898439980137416550e+00
1.899732048039073362e+00
1.900995424142069901e+00
1.902230745518682431e+00
1.903438635105895393e+00
1.904619702024744621e+00
1.905774541885734363e+00
1.906903737084705730e+00
1.908007857091813975e+00
1.909087458734944232e+00
1.910143086478032215e+00
1.911175272694284777e+00
1.912184537934116912e+00
1.913171391187620252e+00
1.914136330141431808e+00
1.915079841429971452e+00
1.916002400881076095e+00
1.916904473756125604e+00
1.917786514984779256e+00
1.918648969394447956e+00
1.919492271934641670e+00
1.920316847896316848e+00
1.921123113126346649e+00
1.921911474237227635e+00
1.922682328812129970e+00
1.923436065605399703e+00
1.924173064738609717e+00
1.924893697892260391e+00
1.925598328493223432e+00
1.926287311898024601e+00
1.926960995572056135e+00
1.927619719264809683e+00
1.928263815181218366e+00
1.928893608149191863e+00
1.929509415783434267e+00
1.930111548645620845e+00
1.930700310401020525e+00
1.931275997971637848e+00
1.931838901685957399e+00
1.932389305425358472e+00
1.932927486767282543e+00
1.933453717125220406e+00
1.933968261885589568e+00
1.934471380541572749e+00
1.934963326823984975e+00
1.935444348829234329e+00
1.935914689144439871e+00
1.936374584969773105e+00
1.936824268238081626e+00
1.937263965731857329e+00
1.937693899197604708e+00
1.938114285457672281e+00
1.938525336519600017e+00
1.938927259683037141e+00
1.939320257644287393e+00
1.939704528598531263e+00
1.940080266339780479e+00
1.940447660358609161e+00
1.940806895937719823e+00
1.941158154245381517e+00
1.941501612426797863e+00
1.941837443693443355e+00
1.942165817410417494e+00
1.942486899181856463e+00
1.942800850934453205e+00
1.943107830999115437e+00
1.943407994190819110e+00
1.943701491886679289e+00
1.943988472102296861e+00
1.944269079566401270e+00
1.944543455793840803e+00
1.944811739156952379e+00
1.945074064955342408e+00
1.945330565484122642e+00
1.945581370100627483e+00
1.945826605289651123e+00
1.946066394727236304e+00
1.946300859343046197e+00
1.946530117381350511e+00
1.946754284460657791e+00
1.946973473632024776e+00
1.947187795436070568e+00
1.947397357958720487e+00
1.947602266885719358e+00
1.947802625555928202e+00
1.947998535013441446e+00
1.948190094058543265e+00
1.948377399297535284e+00
1.948560545191456717e+00
1.948739624103721590e+00
1.948914726346700155e+00
1.949085940227265112e+00
1.949253352091324887e+00
1.949417046367370121e+00
1.949577105609051397e+00
1.949733610536814377e+00
1.949886640078607014e+00
1.950036271409683053e+00
1.950182579991525555e+00
1.950325639609900685e+00
1.950465522412070385e+00
1.950602298943178381e+00
1.950736038181824172e+00
1.950866807574853201e+00
1.950994673071369423e+00
1.951119699155996035e+00
1.951241948881393906e+00
1.951361483900062588e+00
1.951478364495430107e+00
1.951592649612258201e+00
1.951704396886365656e+00
1.951813662673696603e+00
1.951920502078741348e+00
1.952024968982327691e+00
1.952127116068791857e+00
1.952226994852549247e+00
1.952324655704074097e+00
1.952420147875301382e+00
1.952513519524466057e+00
1.952604817740390075e+00
1.952694088566229391e+00
1.952781377022694276e+00
1.952866727130754709e+00
1.952950181933840401e+00
1.953031783519548314e+00
1.953111573040868132e+00
1.953189590736936321e+00
1.953265875953329456e+00
1.953340467161907235e+00
1.953413401980212738e+00
1.953484717190446363e+00
1.953554448758013429e+00
1.953622631849663005e+00
1.953689300851222166e+00
1.953754489384939230e+00
1.953818230326437755e+00
1.953880555821298604e+00
1.953941497301268537e+00
1.954001085500114865e+00
1.954059350469122602e+00
1.954116321592251238e+00
1.954172027600952655e+00
1.954226496588661099e+00
1.954279756024961623e+00
1.954331832769443000e+00
1.954382753085243341e+00
1.954432542652295490e+00
1.954481226580276898e+00
1.954528829421275038e+00
1.954575375182165953e+00
1.954620887336724344e+00
1.954665388837460771e+00
1.954708902127195724e+00
1.954751449150380349e+00
1.954793051364161149e+00
1.954833729749202664e+00
1.954873504820267449e+00
1.954912396636562244e+00
1.954950424811853882e+00
1.954987608524362930e+00
1.955023966526431733e+00
1.955059517153984183e+00
1.955094278335772984e+00
1.955128267602419978e+00
1.955161502095257742e+00
1.955193998574974668e+00
1.955225773430066871e+00
1.955256842685104690e+00
1.955287222008811332e+00
1.955316926721968107e+00
1.955345971805138916e+00
1.955374371906224873e+00
1.955402141347853284e+00
1.955429294134598761e+00
1.955455843960047790e+00
1.955481804213704100e+00
1.955507187987739703e+00
1.955532008083599615e+00
1.955556277018456690e+00
1.955580007031524348e+00
1.955603210090228972e+00
1.955625897896245968e+00
1.955648081891399714e+00
1.955669773263434941e+00
1.955690982951659329e+00
1.955711721652458435e+00
1.955731999824692702e+00
1.955751827694969913e+00
1.955771215262803064e+00
1.955790172305654107e+00
1.955808708383863559e+00
1.955826832845473984e+00
1.955844554830941551e+00
1.955861883277748348e+00
1.955878826924908331e+00
1.955895394317374691e+00
1.955911593810349736e+00
1.955927433573497520e+00
1.955942921595064776e+00
1.955958065685909464e+00
1.955972873483440289e+00
1.955987352455466732e+00
1.956001509903966928e+00
1.956015352968768939e+00
