-5.964940648836988268e-01
-5.831937079981159844e-01
-5.698795840482033803e-01
-5.565678613266552555e-01
-5.432739278241330849e-01
-5.300123282705437866e-01
-5.167967251452956212e-01
-5.036398664270321790e-01
-4.905535636969310942e-01
-4.775486775434490960e-01
-4.647758753132203435e-01
-4.524310595439097193e-01
-4.402209271329193818e-01
-4.281509557332779936e-01
-4.162259988618732809e-01
-4.044503674022288386e-01
-3.932671530554709971e-01
-3.823052338971830721e-01
-3.715162667388141049e-01
-3.609002230539226641e-01
-3.506745498897397839e-01
-3.411176154979798092e-01
-3.317396801297287645e-01
-3.225372962694958989e-01
-3.135296721197513570e-01
-3.052229750242898554e-01
-2.970878749192933377e-01
-2.891197693469669261e-01
-2.813131982475913784e-01
-2.743225858259872307e-01
-2.675567203139057604e-01
-2.609344704028870865e-01
-2.544496956227046969e-01
-2.485586239742756387e-01
-2.429537024623584784e-01
-2.374659372792371492e-01
-2.320892443733686417e-01
-2.270922190100637117e-01
-2.225092596159699010e-01
-2.180143810007573180e-01
-2.136019404299616120e-01
-2.092666124409277018e-01
-2.055242935986956176e-01
-2.018671934839688653e-01
-1.982643549088161095e-01
-1.947112938593100750e-01
-1.912338920141638532e-01
-1.882573326041856454e-01
-1.853091270550177860e-01
-1.823858495683285952e-01
-1.794842565042089610e-01
-1.766013023286872041e-01
-1.740015253665858630e-01
-1.716191355094718318e-01
-1.692346154502772926e-01
-1.668460908760902583e-01
-1.644521640813683128e-01
-1.620518618751596307e-01
-1.596446002426228361e-01
-1.575102530110497057e-01
-1.553636357913670274e-01
-1.531995070800187264e-01
-1.510179797747159824e-01
-1.488192800782175418e-01
-1.466037562182749276e-01
-1.443718809952421189e-01
-1.421242551990156144e-01
-1.399103011763256355e-01
-1.378836246368186913e-01
-1.358307572571644251e-01
-1.337530636561399255e-01
-1.316520248180936825e-01
-1.295292297160148820e-01
-1.273863598410427400e-01
-1.252251763950891217e-01
-1.230475087108979793e-01
-1.208552411605317012e-01
-1.186503108882313029e-01
-1.164346834091771754e-01
-1.142103498685749230e-01
-1.119793242552571400e-01
-1.097436201231913877e-01
-1.075052508543232754e-01
-1.052662255928216162e-01
-1.030285319958830215e-01
-1.007941363971491811e-01
-9.856497533169772396e-02
-9.634294843694268806e-02
-9.412992100600003909e-02
-9.192770676323469559e-02
-8.973807147236945170e-02
-8.756272795315922508e-02
-8.540333174529290972e-02
-8.326147638130487749e-02
-8.113870014769020145e-02
-7.903646932233776568e-02
-7.695618668251791306e-02
-7.489918474315926389e-02
-7.286673498704798746e-02
-7.086002899769061614e-02
-6.888019405490375391e-02
-6.692828587778043570e-02
-6.500528983628006685e-02
-6.311212254936826582e-02
-6.124962905354269793e-02
-5.941858909268615818e-02
-5.761971067294835436e-02
-5.585363900714490626e-02
-5.412095261786431522e-02
-5.242216660892795588e-02
-5.075773398324745500e-02
-4.912804732241804473e-02
-4.753344056145758501e-02
-4.597419022869120298e-02
-4.445051947263145564e-02
-4.296259742258801140e-02
-4.151054248650609679e-02
-4.009442463453982697e-02
-3.871426656372412012e-02
-3.737004653149389455e-02
-3.606170028895805402e-02
-3.478912296207736787e-02
-3.363352744965197871e-02
-3.255900737021111269e-02
-3.151954049136485025e-02
-3.051468150861769146e-02
-2.954396549212079393e-02
-2.860690999809945012e-02
-2.770301685490661470e-02
-2.683177321926955017e-02
-2.599265410112083785e-02
-2.518512262043159922e-02
-2.440863345981236776e-02
-2.366262656817585963e-02
-2.294654172997123709e-02
-2.225981060498671837e-02
-2.160185529884905975e-02
-2.097209479968675794e-02
-2.036994381357670747e-02
-1.979481348245304417e-02
-1.924611234250495073e-02
-1.872324661546986846e-02
-1.822562098023849941e-02
-1.775263876795607487e-02
-1.730370287213922609e-02
-1.687821605830430727e-02
-1.647557945374655830e-02
-1.613414561821580051e-02
-1.583884736170526608e-02
-1.556256618173756934e-02
-1.530468903604909059e-02
-1.506460223362626749e-02
-1.484170091798020508e-02
-1.463538471795367002e-02
-1.444506084462515716e-02
-1.427013992760306493e-02
-1.411004324710818381e-02
-1.396419864215792117e-02
-1.383204188537590085e-02
-1.371301867617047421e-02
-1.360657951603805316e-02
-1.351218885440497175e-02
-1.342931538975689065e-02
-1.335744223657142626e-02
-1.329605691161361847e-02
-1.324466060585827165e-02
-1.320276296261901905e-02
-1.316988365701510233e-02
-1.314555197343736381e-02
-1.312930774095688591e-02
-1.312070058047343224e-02
-1.311929046291737677e-02
-1.312464720096651050e-02
-1.313635248535760525e-02
-1.315399412890361219e-02
-1.317717515883387591e-02
-1.320550380965235249e-02
-1.323860248726971278e-02
-1.327610219176378337e-02
-1.331764402501800504e-02
-1.336287976010863687e-02
-1.341147081573357269e-02
-1.346308845503507712e-02
-1.351741421606700300e-02
-1.357413963005171809e-02
-1.363296618442122465e-02
-1.369360528328567028e-02
-1.375577820512718930e-02
-1.381921605767910677e-02
-1.388365972967964268e-02
-1.394885983934468499e-02
-1.401457667927274997e-02
-1.408058015752677861e-02
-1.414664973463741759e-02
-1.421257435622846899e-02
-1.427815238100338391e-02
-1.434319150388629893e-02
-1.440750867396189960e-02
-1.447093000713950417e-02
-1.453329069322517597e-02
-1.459443489728773358e-02
-1.465421565516056290e-02
-1.471249476297042946e-02
-1.476914266063289460e-02
-1.482403805753174098e-02
-1.487706835466662270e-02
-1.492812959051592614e-02
-1.497712294795316978e-02
-1.502396464369137874e-02
-1.506857191356036907e-02
-1.511086992607690860e-02
-1.515079764284488206e-02
-1.518829501452811925e-02
-1.522330864076026913e-02
-1.525579946843791390e-02
-1.528572789247295560e-02
-1.531306338019122748e-02
-1.533777988377371670e-02
-1.535986162718172565e-02
-1.537929899433931880e-02
-1.539608375125123274e-02
-1.541021537678100017e-02
-1.542170013441124254e-02
-1.543054579514357982e-02
-1.543676859897091802e-02
-1.544038854963458718e-02
-1.544143020905730523e-02
-1.543992244229475119e-02
-1.543589795547228860e-02
-1.542939389748854140e-02
-1.542045089357424459e-02
-1.540911305158942923e-02
-1.539542778142788393e-02
-1.537944558657589056e-02
-1.536122007012874491e-02
-1.534080721279984516e-02
-1.531826562142013515e-02
-1.529365611607147457e-02
-1.526704182295812728e-02
-1.523848755857937221e-02
-1.520805979541028918e-02
-1.517582678113438277e-02
-1.514185598302475455e-02
-1.510622231211566913e-02
-1.506899541294437483e-02
-1.503024792991425329e-02
-1.499005056789570745e-02
-1.494848159121664466e-02
-1.490561310497495739e-02
-1.486151947080927016e-02
-1.481627496387760701e-02
-1.476995420098115019e-02
-1.472263139371055019e-02
-1.467438035252977002e-02
-1.462527462621876495e-02
-1.457538795550750166e-02
-1.452479253683547356e-02
-1.447355824264606738e-02
-1.442175450589866514e-02
-1.436945350300700142e-02
-1.431672618144252951e-02
-1.426363785766637804e-02
-1.421025505713169323e-02
-1.415951187811792522e-02
-1.410836985270025323e-02
-1.405678781532504473e-02
-1.400483317345369016e-02
-1.395257311778852483e-02
-1.390007397925829835e-02
-1.384740082210678125e-02
-1.379461743605903123e-02
-1.374178414670534920e-02
-1.368896250065709808e-02
-1.363621032393114163e-02
-1.358358435288575805e-02
-1.353113957980900395e-02
-1.347892922166060714e-02
-1.342700469295188270e-02
-1.337541558262733687e-02
-1.332420963483427201e-02
-1.327343273344361307e-02
-1.322312889024779281e-02
-1.317334023664917808e-02
-1.312410701878663488e-02
-1.307681705608754186e-02
-1.303141108367933398e-02
-1.298681831008696719e-02
-1.294306253446464439e-02
-1.290016579278852049e-02
-1.285814837974230684e-02
-1.281702887267899271e-02
-1.277682415753078615e-02
-1.273754945655891646e-02
-1.269921835778919927e-02
-1.266184284607563271e-02
-1.262543333560772751e-02
-1.258999870383537001e-02
-1.255554632661048942e-02
-1.252208211450644981e-02
-1.248961055019748301e-02
-1.245813472675783018e-02
2.378993430115405872e-02
2.264108148815013877e-02
2.136214428645155650e-02
1.996428814870432333e-02
1.845790611732445186e-02
1.653216027650827868e-02
1.449144714525374411e-02
1.241604355793679559e-02
1.031188120366044458e-02
8.184289677986456013e-03
6.038100278658475872e-03
3.877743986200332671e-03
1.707326166739520090e-03
-4.692999606352721287e-04
-2.648485111622189692e-03
-4.826720333241052430e-03
-7.000601141395446092e-03
-9.166785484135964168e-03
-1.132195980770012156e-02
-1.346281713035812899e-02
-1.558601691645922216e-02
-1.768817062747896074e-02
-1.976581838003532710e-02
-2.181541059603109289e-02
-2.390930918588596299e-02
-2.623314794950859508e-02
-2.854041911892801764e-02
-3.082594740319466453e-02
-3.308461516691929560e-02
-3.531140552838829549e-02
-3.750144915949826796e-02
-3.965006785938429701e-02
-4.209856543528767148e-02
-4.450897108563545146e-02
-4.687426721598608736e-02
-4.918903386909745379e-02
-5.144772964608490540e-02
-5.373687698592677364e-02
-5.638424226086247160e-02
-5.896633620805102893e-02
-6.147720583403692984e-02
-6.391109607854472685e-02
-6.626248639953669084e-02
-6.896032909211635697e-02
-7.166499771170986577e-02
-7.427400606777512237e-02
-7.678226606217419814e-02
-7.918514607300464192e-02
-8.173686965449178388e-02
-8.437455087954681687e-02
-8.689378685470661168e-02
-8.929076619234033174e-02
-9.156201437894395667e-02
-9.379472457139836905e-02
-9.624048214031999393e-02
-9.854005796739784273e-02
-1.006663968666510200e-01
-1.026116285086575708e-01
-1.043681936785443298e-01
-1.061650938146740941e-01
-1.080154732454259303e-01
-1.097332123020118289e-01
-1.113211812284795599e-01
-1.127823392715416873e-01
-1.141197187349947129e-01
-1.153628682242038295e-01
-1.167588997817796681e-01
-1.179995110320648521e-01
-1.190856658554100278e-01
-1.200186064735113689e-01
-1.207998422136480343e-01
-1.214311384848327791e-01
-1.219145038616948895e-01
-1.223990358483382224e-01
-1.228609483032192529e-01
-1.231742871033478792e-01
-1.233419152850157019e-01
-1.233668299722401329e-01
-1.232521672914828059e-01
-1.230011976019360631e-01
-1.226173207462917247e-01
-1.221040629219576346e-01
-1.214650705516104878e-01
-1.208244741681099299e-01
-1.201736113431461916e-01
-1.193980668187508698e-01
-1.185020418253186492e-01
-1.174898430102562230e-01
-1.163658674408925009e-01
-1.151345861336787735e-01
-1.138005286997056942e-01
-1.123682700156152237e-01
-1.108424186995522476e-01
-1.092276030228447325e-01
-1.075284608210305137e-01
-1.057496278739442630e-01
-1.038957268845566162e-01
-1.019713684455938463e-01
-9.998112593522368030e-02
-9.792953268026849400e-02
-9.582109070427602404e-02
-9.366023809017853807e-02
-9.145135766737944039e-02
-8.919876894812794887e-02
-8.690672630236306873e-02
-8.457941043054528762e-02
-8.222091568675704565e-02
-7.983525350012321553e-02
-7.742635937779240862e-02
-7.499806687418786311e-02
-7.255411918465792809e-02
-7.009816568367543965e-02
-6.763375103666025012e-02
-6.516432350422185493e-02
-6.269322653713693683e-02
-6.022369496354063045e-02
-5.775886083219194944e-02
-5.530174199877535557e-02
-5.285525731764195712e-02
-5.042220823693188692e-02
-4.800528331837217166e-02
-4.560706656997925990e-02
-4.323002404343334604e-02
-4.087651648370815849e-02
-3.854879006240174988e-02
-3.624897933666915151e-02
-3.397911026253375155e-02
-3.174110000289864786e-02
-2.953675514865761187e-02
-2.736777613543051046e-02
-2.523575719778659021e-02
-2.314218562875058893e-02
-2.108844535974974121e-02
-1.907581975118777251e-02
-1.710549134588656983e-02
-1.517854323099765423e-02
-1.329596294035884085e-02
-1.145864297440546409e-02
-9.667383482803160177e-03
-7.922895104848670655e-03
-6.225798188307152259e-03
-4.576630340474174830e-03
-2.975844209957223541e-03
-1.423812718101657993e-03
7.917047940342314405e-05
1.532886419384205112e-03
2.836378006525919204e-03
4.083968284950501015e-03
5.282675731367092453e-03
6.432665222949829342e-03
7.534157585056711071e-03
8.587426423690480703e-03
9.592795411091259439e-03
1.055064046924769627e-02
1.146137892760101806e-02
1.232547738235645340e-02
1.314343949095153619e-02
1.391581429781130197e-02
1.464318362636074511e-02
1.532616933596919750e-02
1.596542401458656002e-02
1.656163815232147840e-02
1.711552068664357051e-02
1.762782047066036029e-02
1.809931023955524410e-02
1.853078434811283870e-02
1.892306204594618180e-02
1.927698366369590133e-02
1.959340934037623327e-02
1.987321642519379594e-02
2.011730012403667445e-02
2.032656937579613299e-02
2.050194650458170287e-02
2.064436582931072905e-02
2.075477189809493694e-02
2.083411772791077254e-02
2.088336584042416177e-02
2.090348243907946824e-02
2.089543968641560667e-02
2.086021378173530394e-02
2.079878124225231772e-02
2.071211997227973001e-02
2.060121163405526090e-02
2.045244701336290660e-02
2.026712383899376135e-02
2.006221503929239702e-02
1.983866724553973171e-02
1.959741893332633822e-02
1.933940400404399185e-02
1.906554190334031063e-02
1.877674608575485848e-02
1.847391788745511576e-02
1.815794872165987783e-02
1.782971429260005181e-02
1.749008214035363551e-02
1.713989801846516059e-02
1.678000173515048488e-02
1.641121302000314586e-02
1.603434184153584852e-02
1.565017649703026592e-02
1.525949477486321371e-02
1.486305116418051853e-02
1.446158856909196544e-02
1.405582780458392023e-02
1.364647586975920035e-02
1.323422237308946592e-02
1.281972961727007032e-02
1.240365028728529495e-02
1.198661471962125802e-02
1.156923362628692331e-02
1.115209919798854088e-02
1.073578397483920810e-02
1.032084028411706100e-02
9.907799972185493687e-03
9.497179271284572621e-03
9.089467572052534194e-03
8.685141781541894090e-03
8.284653291152466181e-03
7.888435927766224154e-03
7.496902202344557509e-03
7.110448847464923006e-03
6.729448776619406658e-03
6.354257191016010609e-03
5.985209479275610533e-03
5.622622080394990007e-03
5.266791073312404592e-03
4.917996341097463642e-03
4.576499191824900947e-03
4.242539756911689608e-03
3.913049910891253091e-03
3.577115876088221569e-03
3.249154719153324322e-03
2.929366895457974351e-03
2.617931837908038517e-03
2.315012255362347560e-03
2.020754798197188506e-03
1.735289010500906670e-03
1.458728150776522625e-03
1.191170167469834951e-03
9.326970793530620085e-04
6.833756947450808639e-04
4.432579839201977734e-04
2.123822117034990242e-04
-9.228339875377855606e-06
-2.215629624933157515e-04
-4.246220002119827086e-04
-6.184223690155477016e-04
-8.029932009900875300e-04
-9.783721244494003599e-04
-1.144608520031731302e-03
-1.301765421630740605e-03
-1.449914346334679749e-03
-1.589138370722054105e-03
-1.719529180251200273e-03
-1.841187894540574632e-03
-1.954224415589678188e-03
-2.058757382244813527e-03
-2.154912571107558961e-03
-2.242823599078569430e-03
-2.322632563264370731e-03
-2.394485509185528826e-03
-2.458534404651047112e-03
-2.514942029907096810e-03
-2.563871499096315176e-03
-2.605492693843913798e-03
-2.639979511929624323e-03
-2.667510483413515487e-03
-2.688268902068635668e-03
-2.702440766931601956e-03
-2.710215136414007020e-03
-2.711784051120602612e-03
-2.707341069018376345e-03
-2.697080506622206997e-03
-2.681205548954679330e-03
-2.659912571780331803e-03
-2.633401930510537170e-03
-2.601875755297911041e-03
-2.565533647050699528e-03
-2.524578498130480853e-03
-2.479212744802339330e-03
-2.429636280946390059e-03
-2.376048252253681881e-03
-2.318649372845094092e-03
-2.257639311409320726e-03
-2.193212315148684866e-03
-2.125564302774662906e-03
-2.054889829941508594e-03
-1.981379564100826940e-03
-1.905222524114513760e-03
-1.826605263646641220e-03
-1.745712312688496581e-03
-1.662723511426378309e-03
-1.577817677302029153e-03
-1.491171241176481033e-03
-1.402954496403374662e-03
-1.313334635454133092e-03
-1.222477861148263401e-03
-1.130546728995263095e-03
-1.037696236885210510e-03
-9.440807614664592506e-04
7.051320881505063198e-02
7.877917496436648293e-02
8.654321982865198493e-02
9.354986140611654122e-02
9.955752317778543414e-02
1.051306449982236657e-01
1.099630737460315366e-01
1.138542201901713291e-01
1.173840835933015470e-01
1.204441827569651124e-01
1.225935281431143054e-01
1.244475610867334936e-01
1.260200077848065980e-01
1.269080287166524101e-01
1.273356461006578400e-01
1.275432216532368379e-01
1.275427091214322850e-01
1.269461534404765501e-01
1.259539109624601139e-01
1.248146010056916388e-01
1.235379445583819624e-01
1.221330879298920813e-01
1.202141423955347399e-01
1.180991395293742308e-01
1.159085168364200058e-01
1.136490630348672148e-01
1.113269564199219630e-01
1.089478561163326198e-01
1.064841216644527577e-01
1.037656445469319344e-01
1.010245973920467222e-01
9.826507769248404855e-02
9.549097578272380815e-02
9.270596865473290649e-02
8.991353102398491615e-02
8.711693527699759798e-02
8.431926582696913641e-02
8.152343158788433186e-02
7.873217960194756060e-02
7.594811123158251576e-02
7.317369683226226940e-02
7.041129356414144169e-02
6.766315212052420591e-02
6.493144073095091784e-02
6.221825451332607670e-02
5.952562210753065131e-02
5.685551893354645614e-02
5.420987281695888171e-02
5.159057297562164024e-02
4.899946992883430497e-02
4.643838087408136417e-02
4.390909159597056188e-02
4.141335385321553986e-02
3.895288452353140585e-02
3.652936270962969800e-02
3.414442615533896941e-02
3.179966608090278868e-02
2.949662376498318750e-02
2.723678147421892959e-02
2.502155925753557497e-02
2.285230715998221029e-02
2.059363033288086342e-02
1.834281731492826140e-02
1.613685298573708238e-02
1.397728644427598255e-02
1.186562654108280768e-02
9.803341956344802099e-03
7.791860496558555838e-03
5.832569615197957802e-03
3.926814150970514561e-03
2.075894953353696337e-03
2.810676340572193510e-04
-1.620885797477544799e-03
-3.570254282699192316e-03
-5.461278373974920441e-03
-7.292750756111576749e-03
-9.063567115769277649e-03
-1.077273953211310697e-02
-1.241938552307120247e-02
-1.400273646713623421e-02
-1.552214334715396049e-02
-1.697706197755177726e-02
-1.837735335668488901e-02
-1.995684689585974780e-02
-2.146838252553484594e-02
-2.291158867507725461e-02
-2.428623600841062213e-02
-2.559222262439186935e-02
-2.682957752444092847e-02
-2.799845721819194111e-02
-2.909913382114392988e-02
-3.013200026714590862e-02
-3.109756005798747225e-02
-3.199642279950154489e-02
-3.285506547273842060e-02
-3.380111392688167626e-02
-3.467870255153115977e-02
-3.548868125404558427e-02
-3.623198994275389495e-02
-3.690964955976339112e-02
-3.752275613571320889e-02
-3.807248256594419900e-02
-3.856006700883130023e-02
-3.898681186055830139e-02
-3.935408304977183747e-02
-3.966329984177674461e-02
-3.991593084977917982e-02
-4.011349473093961393e-02
-4.025755186342339087e-02
-4.034970085268518858e-02
-4.039157221090228234e-02
-4.038482914880203722e-02
-4.042496800271422330e-02
-4.041748359802310731e-02
-4.036189419873315032e-02
-4.025998333167901677e-02
-4.011354963708146926e-02
-3.992439971725669778e-02
-3.969434549767969500e-02
-3.942520382887959585e-02
-3.911878773128352194e-02
-3.877690877001027658e-02
-3.840136843424568625e-02
-3.799396700199553223e-02
-3.755648353572205167e-02
-3.709068609773114034e-02
-3.659832606536017607e-02
-3.608113123306777581e-02
-3.554081051208157760e-02
-3.497904829228515311e-02
-3.439749989731399893e-02
-3.379779505499147518e-02
-3.318153241179988555e-02
-3.255027925561249091e-02
-3.190556885449113977e-02
-3.124890037756111738e-02
-3.058173713325817999e-02
-2.990550489533028156e-02
-2.922159191708306736e-02
-2.853134675392920983e-02
-2.783608034680495891e-02
-2.713705780460484718e-02
-2.643550864440546988e-02
-2.573262003858900471e-02
-2.502953423398546207e-02
-2.432735424126342139e-02
-2.362713972772390036e-02
-2.292990820145224262e-02
-2.223663538333520151e-02
-2.154825099526247456e-02
-2.086565094592396363e-02
-2.018968130629605895e-02
-1.952114883659072930e-02
-1.886082012049650203e-02
-1.820941735206504930e-02
-1.756763044813292041e-02
-1.693610139092749378e-02
-1.631543598782680959e-02
-1.570620123746779839e-02
-1.510892537767372090e-02
-1.452410096789735761e-02
-1.395218227022443358e-02
-1.339358601648088509e-02
-1.284870110590841108e-02
-1.231787578814369510e-02
-1.180142241416248794e-02
-1.129962706547260609e-02
-1.081274283941358050e-02
-1.034098888421874918e-02
-9.884555383211868218e-03
-9.454874404677404698e-03
-9.075300343915682078e-03
-8.711299543074702001e-03
-8.362892426546864044e-03
-8.030074482768156940e-03
-7.712819069963128271e-03
-7.411075928200894225e-03
-7.124780870729985338e-03
-6.853841360096701862e-03
-6.598149824532661967e-03
-6.357578859538470795e-03
-6.131984138185497812e-03
-5.921204259086820798e-03
-5.725063168142252579e-03
-5.543369318782076505e-03
-5.375917543546826494e-03
-5.222488658079171842e-03
-5.082851040003610876e-03
-4.956762177080964449e-03
-4.843968219627736715e-03
-4.744205773931309267e-03
-4.657200853133147689e-03
-4.582671635847024305e-03
-4.520329659894350982e-03
-4.469874142442709086e-03
-4.431003187445714531e-03
-4.403403502002412040e-03
-4.386762773165742146e-03
-4.380763477846549847e-03
-4.385079504128697181e-03
-4.399381605525665151e-03
-4.423340036295630995e-03
-4.456621364729684842e-03
-4.498890367679475588e-03
-4.549811279162430111e-03
-4.609047385920383988e-03
-4.676258940067512526e-03
-4.751109099328854057e-03
-4.833260987225695970e-03
-4.922378167746543909e-03
-5.018124337528906409e-03
-5.120167948102327671e-03
-5.228178057382848465e-03
-5.341826243877800806e-03
-5.460790042033369929e-03
-5.584743114994683566e-03
-5.713364315072411159e-03
-5.846344353077626010e-03
-5.983367647300230630e-03
-6.124132699572459870e-03
-6.268335157507465283e-03
-6.415678420428339024e-03
-6.565871057226058127e-03
-6.718626541288408305e-03
-6.873664383566513436e-03
-7.030709394511447385e-03
-7.189493729915508169e-03
-7.349754059819080254e-03
-7.511233978482856344e-03
-7.673683795534014251e-03
-7.836859978665788873e-03
-8.000525683599768456e-03
-8.164451609708578417e-03
-8.328414420366581083e-03
-8.492198442107135037e-03
-8.655594116607545629e-03
-8.818400386245706102e-03
-8.980422424899714429e-03
-9.141472611517986735e-03
-9.301368064440929118e-03
-9.459938467931472417e-03
-9.617020563412292944e-03
-9.772453350088028401e-03
-9.926085474837087474e-03
-1.007777278130328469e-02
-1.022737859050737441e-02
-1.037477265153219363e-02
-1.051983275415757646e-02
-1.066244291079643247e-02
-1.080249549964396039e-02
-1.093988768178633109e-02
-1.107452457689817038e-02
-1.120631894634449566e-02
-1.133518836844027433e-02
-1.146105820817933107e-02
-1.158385747914358888e-02
-1.170352925389162024e-02
-1.182001484689410020e-02
-1.193326450965326302e-02
-1.204323420839736869e-02
-1.214988636552982726e-02
-1.225318841454958729e-02
-1.235311374520930983e-02
-1.244964129593073565e-02
-1.254275530618320644e-02
-1.263244501586235913e-02
-1.271870423391074922e-02
-1.280153302573827645e-02
-1.288093476131191295e-02
-1.295691780570873419e-02
-1.302949243088935560e-02
-1.309868090809329644e-02
-1.316450166358862361e-02
-1.322698042975245514e-02
-1.328614519471882360e-02
-1.334202866128908482e-02
-1.339466668943112282e-02
-1.344409841735672018e-02
-1.349036610147580362e-02
-1.353351495693599915e-02
-1.357359299904059569e-02
-1.361065088570834192e-02
-1.364474176119268023e-02
-1.367592110120785520e-02
-1.370424683573734370e-02
-1.372977781731909985e-02
-1.375257635835769321e-02
-1.377270542427089239e-02
-1.379022751682645875e-02
-1.380521411203572413e-02
-1.381773022316856725e-02
-1.382784457107000264e-02
-1.383562695877182946e-02
-1.384114795257440633e-02
-1.384447925421827819e-02
-1.384569283389103234e-02
-1.384486155879560698e-02
-1.384205817735084665e-02
-1.383735593272383824e-02
-1.383082880698438544e-02
3.832331602045835339e-02
4.006745929420141294e-02
4.084527479919719539e-02
4.116317912800271372e-02
4.113126182064608116e-02
4.077073753447635340e-02
4.000882846472331167e-02
3.861067617792590667e-02
3.699180784471289840e-02
3.516797957828865506e-02
3.315405576929020270e-02
3.096410138182292826e-02
2.861147718380507854e-02
2.610892913834161888e-02
2.346865948390952639e-02
2.070240536481238180e-02
1.782149770083041318e-02
1.483692670026171001e-02
1.175938451349312075e-02
8.599315134818041884e-03
5.366952256211643402e-03
2.072353601054288674e-03
-1.274583922606709052e-03
-4.664082596382179702e-03
-8.086485821061195622e-03
-1.153223772554134996e-02
-1.499187753465447415e-02
-1.845603869838408073e-02
-2.200874365108251851e-02
-2.583930209789375709e-02
-2.966893996053610039e-02
-3.348741861636872486e-02
-3.728471678181088933e-02
-4.105105113750928680e-02
-4.477693104434088411e-02
-4.879098346775512240e-02
-5.284717945826722385e-02
-5.674229721171109020e-02
-6.038773301648525660e-02
-6.374434784514049213e-02
-6.693575587641076297e-02
-7.005483919445909535e-02
-7.277967499920556804e-02
-7.526959083729112265e-02
-7.761322150208371795e-02
-7.981332423028497658e-02
-8.220174759458309666e-02
-8.456469805317556876e-02
-8.678359620124265206e-02
-8.886159959557105026e-02
-9.080194533339369656e-02
-9.260793455365767812e-02
-9.439056950781132826e-02
-9.627379920234524491e-02
-9.802599978747394971e-02
-9.965054523313021662e-02
-1.011507746864310775e-01
-1.025299903022904857e-01
-1.037914552860925710e-01
-1.049383921347866178e-01
-1.062268225788018938e-01
-1.074358228953347094e-01
-1.085344788620385970e-01
-1.095259829568924204e-01
-1.104134158415259748e-01
-1.111997538527766949e-01
-1.118878758602610546e-01
-1.124805695411783546e-01
-1.130050164953964043e-01
-1.137179770119685074e-01
-1.143376381054848068e-01
-1.148667375463805485e-01
-1.153080043070104921e-01
-1.156641532762803237e-01
-1.159378805020452319e-01
-1.161318589197568585e-01
-1.162487345291864926e-01
-1.162911229838918814e-01
-1.162616065608625959e-01
-1.162230721901753583e-01
-1.162448030675182764e-01
-1.161992619969334228e-01
-1.160888112747331391e-01
-1.159157609215952789e-01
-1.156823633302277443e-01
-1.153908187520320539e-01
-1.150432726953729556e-01
-1.146418242620637074e-01
-1.141885155644120076e-01
-1.136853381514191241e-01
-1.131342398120303017e-01
-1.125371121308722522e-01
-1.118958037280970430e-01
-1.112985673322617330e-01
-1.107148451254609256e-01
-1.100896069460510773e-01
-1.094245832868612212e-01
-1.087214562784080130e-01
-1.079818557792062705e-01
-1.072073671725926047e-01
-1.063910262584046862e-01
-1.055293448535765677e-01
-1.046223421138030574e-01
-1.036701518420066748e-01
-1.026730230433585689e-01
-1.016313129971173623e-01
-1.005454825098288651e-01
-9.941609113409022314e-02
-9.824379885285772218e-02
-9.702934658745476781e-02
-9.577356987773821828e-02
-9.447737326830552007e-02
-9.318048502463671667e-02
-9.190473418828037921e-02
-9.058830554230290488e-02
-8.923239012331585229e-02
-8.783824945053186894e-02
-8.640719084280767959e-02
-8.494057536248611484e-02
-8.343981143643564025e-02
-8.190634802034768569e-02
-8.034167344599207894e-02
-7.874730639718041658e-02
-7.712479900774482644e-02
-7.547572874666741427e-02
-7.380169001988523547e-02
-7.210429723786138112e-02
-7.038517779042052780e-02
-6.864597042101117097e-02
-6.688832056844606910e-02
-6.511387601427198746e-02
-6.332428591137961860e-02
-6.152119625779839396e-02
-5.970624693481774159e-02
-5.788106963001915517e-02
-5.604728574132877839e-02
-5.420650126342518860e-02
-5.236030588757412119e-02
-5.051027134693786280e-02
-4.865794785583776871e-02
-4.680486318287258030e-02
-4.495251958693202710e-02
-4.310239391141212906e-02
-4.125593274646810471e-02
-3.941455237075786044e-02
-3.757963945526299199e-02
-3.575254599843447068e-02
-3.393459006879773199e-02
-3.212705425946715820e-02
-3.033118495136921666e-02
-2.854819019244203560e-02
-2.677923995209852137e-02
-2.502546535948280138e-02
-2.328795647999815088e-02
-2.156776532809612235e-02
-1.986590166474577757e-02
-1.818333359847112973e-02
-1.652098817025215993e-02
-1.487974913578504754e-02
-1.326046144294057427e-02
-1.166392423458617600e-02
-1.009089671583840442e-02
-8.542096142944544113e-03
-7.018196999460712959e-03
-5.519830987856799709e-03
-4.047589965429310155e-03
-2.602024285898174583e-03
-1.183642946561924703e-03
2.070857365659151128e-04
1.569732686040659075e-03
2.903908471795446644e-03
4.209263318547762367e-03
5.485485235984910446e-03
6.732301204825041907e-03
7.949473364010195553e-03
9.136802110756292450e-03
1.029412178916544462e-02
1.142130456466183830e-02
1.251825320948185549e-02
1.358490571843695705e-02
1.462123312279217657e-02
1.562723807531885001e-02
1.660295258356558890e-02
1.754844063523286479e-02
1.846379423916655327e-02
1.934913364384005519e-02
2.020460707410531853e-02
2.103038827438208358e-02
2.182667734380139279e-02
2.259369821176804294e-02
2.333169881606700358e-02
2.404094948768875639e-02
2.472174258295201099e-02
2.537439076013736639e-02
2.599922723495673438e-02
2.659660344993763914e-02
2.716688922269394624e-02
2.771047179141383765e-02
2.822394738458289254e-02
2.868678635139598754e-02
2.912481779048281538e-02
2.953850189696183293e-02
2.992830914156563438e-02
3.029472125297605345e-02
3.063822925976200651e-02
3.095933310468623745e-02
3.125854125003257877e-02
3.153636943535698123e-02
3.179333964125774514e-02
3.202998010571800336e-02
3.224682369940357063e-02
3.244440759146360875e-02
3.262327259863617712e-02
3.278396274705741575e-02
3.292702336596509127e-02
3.305300246693132493e-02
3.316244786439259684e-02
3.325590847773263192e-02
3.333393176514398704e-02
3.339706466025749165e-02
3.344585157684498711e-02
3.348083689316094791e-02
3.350256064409418144e-02
3.351156019120793417e-02
3.350836827088876646e-02
3.349351541581224723e-02
3.346752548466014332e-02
3.343091781100504534e-02
3.338420613759041089e-02
3.332789828695315038e-02
3.326249546467519025e-02
3.318849342029661642e-02
3.310637733372168157e-02
3.301662800090809924e-02
3.291971796500536840e-02
3.281611145359430992e-02
3.270626378955832081e-02
3.259062354652719762e-02
3.246962640196304761e-02
3.234370290682253568e-02
3.221327194325152021e-02
3.207874517147946136e-02
3.194052081236709029e-02
3.179899165681465689e-02
3.165453603021539664e-02
3.150752582607374563e-02
3.135832034106744715e-02
3.120726974683751820e-02
3.105471308858032131e-02
3.090097959001347760e-02
3.074638704200527428e-02
3.059124301645432809e-02
3.043584455428938185e-02
3.028047824915436337e-02
3.012541936100010531e-02
2.997093278672569028e-02
2.981727337970241365e-02
2.966468401175692549e-02
2.951339815690978696e-02
2.936363969411370789e-02
2.921561866365607329e-02
2.906953880615414931e-02
2.892559041534870090e-02
2.878395611896689132e-02
2.864480692663828876e-02
2.850830464763287608e-02
2.837460123524415678e-02
2.824383870075664049e-02
2.811614985382249188e-02
2.799165815211601682e-02
2.787047707992496015e-02
2.775271209074059442e-02
2.763846026346339357e-02
2.752780822497147284e-02
2.742083495943425930e-02
2.731761112090769217e-02
2.721819922334489661e-02
2.712265383489409487e-02
2.703102177596949929e-02
2.694334189494895782e-02
2.685964657430073288e-02
2.677996061263421268e-02
2.670430188667083371e-02
2.663268142938157723e-02
2.656510436187797808e-02
2.650156800121816758e-02
2.644206587957764754e-02
2.638658399777149555e-02
2.633510338524303052e-02
2.628759903579958035e-02
2.624404120917755989e-02
2.620439567587506957e-02
2.616862274332820704e-02
2.613667827872578897e-02
2.610851382354173467e-02
2.608407698925230278e-02
2.606331149921103929e-02
2.604615713394320409e-02
2.603255039851237740e-02
2.602242452681124973e-02
1.146985563577906930e-01
1.285778220445932263e-01
1.410190150657850694e-01
1.526730654411343480e-01
1.634101489365544779e-01
1.730112176357048170e-01
1.820893553841207435e-01
1.897840964368571193e-01
1.967991979685033144e-01
2.032911520631017765e-01
2.086497150814965451e-01
2.136515112928814020e-01
2.180451232730948874e-01
2.215866740588934292e-01
2.248476866864330681e-01
2.274823335428846072e-01
2.293507648656354370e-01
2.310109233769628290e-01
2.322311785269985940e-01
2.327747144943850266e-01
2.331685959534066654e-01
2.333730674311942366e-01
2.327918379945463911e-01
2.321118884342348032e-01
2.313440882299926393e-01
2.300196491332453519e-01
2.283426757056763456e-01
2.266242607888937499e-01
2.248729600535916973e-01
2.224160125252381270e-01
2.199052358738242674e-01
2.173999111687718866e-01
2.149054526342388804e-01
2.119272039261259621e-01
2.089640358331323888e-01
2.060353887025692110e-01
2.031455727928412891e-01
1.998674371077950873e-01
1.964416659102514728e-01
1.930806842496988196e-01
1.897871900248464527e-01
1.865633524539020982e-01
1.828951192578980312e-01
1.792674868423835832e-01
1.756899305615784446e-01
1.721649106764056025e-01
1.686946162840863295e-01
1.649323202330952309e-01
1.611336666270142270e-01
1.574086913674022092e-01
1.537588157419469415e-01
1.501851910685076952e-01
1.466886988033595518e-01
1.430330714493357469e-01
1.393286897253886991e-01
1.357174897803425928e-01
1.321994756187667708e-01
1.287744145049893874e-01
1.254418494645399562e-01
1.222011262316178293e-01
1.190513859696407106e-01
1.158497971824070660e-01
1.126293930096322615e-01
1.095109973118977287e-01
1.064929811850934271e-01
1.035736058863949705e-01
1.007510155027357968e-01
9.802325535427991454e-02
9.538827864143062385e-02
9.284395473145412581e-02
9.038808209689230821e-02
8.801840050485099098e-02
8.573260260364912178e-02
8.352833236129875161e-02
8.140321541492934188e-02
7.935485676923148546e-02
7.738085196632682461e-02
7.547879689042091833e-02
7.364629760933594227e-02
7.188097918444391610e-02
7.018049166668993699e-02
6.854251685893419932e-02
6.696477516252463680e-02
6.544503160971082423e-02
6.398109708583965549e-02
6.257083817998032593e-02
6.121217595845118709e-02
5.990309112573610761e-02
5.864162872903255774e-02
5.742588641905332913e-02
5.625403580881860321e-02
5.512431027798880834e-02
5.403500581219988774e-02
5.298448287775969767e-02
5.197116832212334003e-02
5.099354801910394031e-02
5.005017274144485384e-02
4.913964475788468178e-02
4.826063433500982214e-02
4.741186216975323831e-02
4.659210287047832466e-02
4.580018573873667620e-02
4.503498555137208648e-02
4.429542694148835835e-02
4.358047873857873178e-02
4.288915093587419847e-02
4.222049472535638337e-02
4.157360106111451792e-02
4.094759530895264454e-02
4.034163263141832267e-02
3.975490998852015956e-02
3.912813181892760284e-02
3.844433586785100943e-02
3.777735749158939171e-02
3.712673319078896306e-02
3.649201861092787880e-02
3.587278787163028504e-02
3.526862533342534078e-02
3.467913474214467939e-02
3.410393100256281507e-02
3.354264051871846952e-02
3.299489983719960939e-02
3.246035490923016020e-02
3.193866196399985924e-02
3.142947924519723379e-02
3.093247728039427713e-02
3.044733085958317709e-02
2.997371961753159120e-02
2.951132979739501394e-02
2.905985081391659897e-02
2.861897651470823867e-02
2.818840472631389815e-02
2.776057090315831033e-02
2.724979816127537369e-02
2.675098855207025395e-02
2.626391010143991345e-02
2.578832785153872820e-02
2.532400510009380490e-02
2.487070285306369755e-02
2.442818055018070034e-02
2.399619774492123270e-02
2.357450707901320719e-02
2.316286627658636910e-02
2.276102969508886353e-02
2.236875165539764510e-02
2.198578788910099391e-02
2.161189289958320714e-02
2.124682281496537151e-02
2.089033488735014821e-02
2.054218972819210620e-02
2.020214317197699394e-02
1.986996264462059791e-02
1.954541281519484031e-02
1.922826236347008333e-02
1.891828331090850135e-02
1.861525403480079888e-02
1.831894952135026955e-02
1.802915601110011146e-02
1.774566075475325633e-02
1.746825957247444272e-02
1.719675175572321635e-02
1.693093525734012950e-02
1.667062172625355387e-02
1.641562528701911994e-02
1.616576614460552008e-02
1.592086918595536638e-02
1.568076444875510234e-02
1.544529407722050607e-02
1.521429413492736415e-02
1.498761765311584782e-02
1.476511921515610837e-02
1.454665985115322080e-02
1.433210699048337311e-02
1.412133300242968126e-02
1.391421649513313596e-02
1.371064202763183637e-02
1.351049981641438968e-02
1.331368560465140405e-02
1.312010036217903242e-02
1.292965306139204351e-02
1.274225071819379274e-02
1.255781101498398833e-02
1.237625812698639471e-02
1.219751590364048788e-02
1.202151780341487175e-02
1.184819755956434406e-02
1.167749352213398595e-02
1.150935394159313674e-02
1.134372010633866168e-02
1.118054494925213582e-02
1.101978594555919067e-02
1.086139792409523963e-02
1.070534160963432235e-02
1.055157828113095775e-02
1.040007893121974725e-02
1.025080768288511024e-02
1.010373690024168880e-02
9.958842467391537667e-03
9.816098262294792320e-03
9.675481700042176669e-03
9.536971398138804901e-03
9.400547846215578929e-03
9.266192899739511546e-03
9.133889317984200673e-03
9.003620241358811782e-03
8.875374971218707998e-03
8.749135984023714840e-03
8.624889821204462237e-03
8.502620945223249294e-03
8.382319720231512505e-03
8.263974165157561558e-03
8.147573078893799448e-03
8.033104413513347808e-03
7.920559209633859510e-03
7.809921637252692506e-03
7.701182182877186477e-03
7.594329974557112450e-03
7.489353523136621504e-03
7.386241162002704641e-03
7.284981002301238462e-03
7.185560893407272332e-03
7.087968388398424580e-03
6.992190714357526815e-03
6.898214747246500522e-03
6.806026810055376686e-03
6.715613384309371270e-03
6.626959998921266859e-03
6.540051957313997022e-03
6.454876819700583468e-03
6.371416333961210654e-03
6.289651245312999350e-03
6.209569639750167624e-03
6.131153629896912705e-03
6.054385554703056727e-03
5.979248333529918469e-03
5.905724011829871500e-03
5.833794747056142427e-03
5.763443566693560172e-03
5.694645932841746472e-03
5.627389142841332514e-03
5.561650203745438503e-03
5.497405912147979024e-03
5.434639351439729538e-03
5.373331206606657418e-03
5.313459879592530299e-03
5.255004287603615154e-03
5.197943435423013625e-03
5.142256135998835020e-03
5.087921025804575947e-03
5.034916616316609250e-03
4.983220109339381310e-03
4.932812376880812977e-03
4.883672537068894925e-03
4.835774201669362782e-03
4.789098047088158339e-03
4.743622118909662788e-03
4.699324469597421228e-03
4.656182206266290535e-03
4.614176106473300010e-03
4.573285309558583478e-03
4.533485910581447342e-03
4.494753059891776203e-03
4.457068639898809082e-03
4.420412233165027516e-03
4.384761623133393016e-03
4.350095696138644996e-03
4.316395824839114326e-03
4.283638796295008433e-03
4.251801734452831383e-03
4.220868658031395881e-03
4.190813645789992492e-03
4.161620554205658351e-03
4.133271656608705769e-03
4.105740881950037391e-03
4.079013658329966319e-03
4.053069344658988271e-03
4.027887762342308164e-03
4.003452315382682869e-03
3.979743257331636030e-03
3.956742213779174122e-03
3.934430558842016978e-03
3.912790904282426041e-03
3.891805606405451812e-03
3.871457271864331418e-03
3.851728229077311383e-03
3.832603047393412510e-03
3.814064168758068973e-03
3.796094271860006586e-03
3.778679186990263617e-03
3.761802096181154909e-03
3.745447468785911838e-03
3.729599907387859403e-03
3.714246762214656883e-03
3.699367520111351837e-03
3.684952222939408273e-03
3.670984297093005111e-03
3.657452057665100398e-03
3.644340282701330480e-03
3.631636450548647588e-03
