-6.436884261066487811e-01
-6.412855283180176613e-01
-6.173762808271676672e-01
-5.945855850703064549e-01
-5.736869834505810006e-01
-5.538781721300539695e-01
-5.359808853313832167e-01
-5.188764478209546560e-01
-5.032643941398018406e-01
-4.881809880079768238e-01
-4.748751269680464571e-01
-4.620400644792383993e-01
-4.502862799612012967e-01
-4.392810498263755026e-01
-4.287350386373733890e-01
-4.193448777598829391e-01
-4.102123578736087683e-01
-4.017414532476464295e-01
-3.939775384934320890e-01
-3.863997593029160349e-01
-3.785074313549210423e-01
-3.697426616053895998e-01
-3.602010283618861664e-01
-3.502665668961459922e-01
-3.407691562273171826e-01
-3.312510335266707351e-01
-3.218606414286795392e-01
-3.127040875963764677e-01
-3.038531481308277549e-01
-2.953522754637556424e-01
-2.872246263895528173e-01
-2.795123712415219508e-01
-2.722292754556470129e-01
-2.652867979960862321e-01
-2.586692144531022031e-01
-2.523572021662459086e-01
-2.463295000757872444e-01
-2.405641608561057687e-01
-2.350394790594894090e-01
-2.297346426636943661e-01
-2.246301611088132866e-01
-2.197081343429276856e-01
-2.149523772275676592e-01
-2.103484523749821200e-01
-2.058836286286864770e-01
-2.015467902657102073e-01
-1.973283141451935840e-01
-1.932199285412821155e-01
-1.892145641266789191e-01
-1.853062048523530514e-01
-1.814897442426883778e-01
-1.777608508350265737e-01
-1.741158450794588752e-01
-1.705515884239336977e-01
-1.670653874831944385e-01
-1.636549083548191064e-01
-1.603181039262353558e-01
-1.570531547523819071e-01
-1.538584170609289536e-01
-1.507323824120510025e-01
-1.476736440987580501e-01
-1.446808703511379690e-01
-1.417527849092992120e-01
-1.388881491579780914e-01
-1.360857561536334970e-01
-1.333444168859223566e-01
-1.306629566151120692e-01
-1.280402113569554245e-01
-1.254750259337717999e-01
-1.229662531914832435e-01
-1.205127540550159360e-01
-1.181133981583175618e-01
-1.157670648404067748e-01
-1.134726443459110889e-01
-1.112290391078816221e-01
-1.090351650233225556e-01
-1.068899526574735859e-01
-1.047923483400383660e-01
-1.027413151151925774e-01
-1.007358335500203594e-01
-9.877490238547226298e-02
-9.685753903890415017e-02
-9.498277996596593553e-02
-9.314968089358410808e-02
-9.135731693743220916e-02
-8.960478261811122280e-02
-8.789119179017390593e-02
-8.621567749764613708e-02
-8.457739176873468878e-02
-8.297550536055142700e-02
-8.140920746932334140e-02
-7.987770540236871497e-02
-7.838022423687629470e-02
-7.691600645931817581e-02
-7.548431159623136821e-02
-7.408441584010638792e-02
-7.271561167412166071e-02
-7.137720749864184810e-02
-7.006852726179468860e-02
-6.878891009581522553e-02
-6.753770996044039521e-02
-6.631429529416088542e-02
-6.511804867397197327e-02
-6.394836648383339650e-02
-6.280465859199146905e-02
-6.168634803715322690e-02
-6.059287072332297797e-02
-5.952367512310940967e-02
-5.847822198924168546e-02
-5.745598407396856899e-02
-5.645644585605991139e-02
-5.547910327507477035e-02
-5.452346347256264991e-02
-5.358904453995627648e-02
-5.267537527282550869e-02
-5.178199493121349306e-02
-5.090845300585122857e-02
-5.005430898998675104e-02
-4.921913215662110375e-02
-4.840250134095924750e-02
-4.760400472704739983e-02
-4.682323964356305268e-02
-4.605981235574896360e-02
-4.531333786964042432e-02
-4.458343974076273142e-02
-4.386974987855918329e-02
-4.317190836791828801e-02
-4.248956328193953524e-02
-4.182237050816395296e-02
-4.116999357440276341e-02
-4.053210347929825375e-02
-3.990837852658168927e-02
-3.929850416302116400e-02
-3.870217281993104663e-02
-3.811908375817818495e-02
-3.754894291663335437e-02
-3.699146276394182919e-02
-3.644636215359042808e-02
-3.591336618218177179e-02
-3.539220605082116222e-02
-3.488261892960986543e-02
-3.438434782510002563e-02
-3.389714145071698326e-02
-3.342075410003886304e-02
-3.295494552288680268e-02
-3.249948080417519591e-02
-3.205413024543268818e-02
-3.161866924809730861e-02
-3.119287820369320841e-02
-3.077654237792115666e-02
-3.036945180578642933e-02
-2.997140118484908911e-02
-2.958218977169302377e-02
-2.920162128067804730e-02
-2.882950378493642773e-02
-2.846564961874387123e-02
-2.810987528628805521e-02
-2.776200136398321305e-02
-2.742185241340866497e-02
-2.708925689198116160e-02
-2.676404706643698006e-02
-2.644605892824003490e-02
-2.613513211086715415e-02
-2.583110980893721376e-02
-2.553383869912995152e-02
-2.524316886199562404e-02
-2.495895370979717143e-02
-2.468104990656350139e-02
-2.440931730180739834e-02
-2.414361885728188994e-02
-2.388382057614713005e-02
-2.362979143796017922e-02
-2.338140333174987262e-02
-2.313853099140406044e-02
-2.290105193250857596e-02
-2.266884639056110373e-02
-2.244179726058126434e-02
-2.221979003804896990e-02
-2.200271276115683960e-02
-2.179045595349116127e-02
-2.158291257225553039e-02
-2.137997794913681915e-02
-2.118154974094554888e-02
-2.098752787715119084e-02
-2.079781450940965115e-02
-2.061231396222629186e-02
-2.043093268469764467e-02
-2.025357920333137329e-02
-2.008016407591872721e-02
-1.991059984642928882e-02
-1.974480100089559542e-02
-1.958268392430140281e-02
-1.942416685840298030e-02
-1.926916986049809211e-02
-1.911761476311157892e-02
-1.896942513457400281e-02
-1.882452624047648015e-02
-1.868284500598305087e-02
-1.854430997897127398e-02
-1.840885129400282594e-02
-1.827640063709035090e-02
-1.814689121124057891e-02
-1.802025770276927119e-02
-1.789643624836623204e-02
-1.777536440202220902e-02
-1.765698110698599166e-02
-1.754122665980251128e-02
-1.742804268364439579e-02
-1.731737209801620381e-02
-1.720915908996367705e-02
-1.710334908593136305e-02
-1.699988872423352504e-02
-1.689872582814988533e-02
-1.679980937960445786e-02
-1.670308949258725306e-02
-1.660851739142410466e-02
-1.651604538103201847e-02
-1.642562682629122861e-02
-1.633721612766958486e-02
-1.625076869823205428e-02
-1.616624094115248766e-02
-1.608359022772853919e-02
-1.600277487587309366e-02
-1.592375412911106736e-02
-1.584648813600653128e-02
-1.577093793008188527e-02
-1.569706541015314372e-02
-1.562483332112440948e-02
-1.555420523519313036e-02
-1.548514553348168121e-02
-1.541761938807395538e-02
-1.535159274444763966e-02
-1.528703230431016635e-02
-1.522390550879393345e-02
-1.516218052204365563e-02
-1.510182621515587797e-02
-1.504281215048663967e-02
-1.498510856629398091e-02
-1.492868636173438901e-02
-1.487351708218387358e-02
-1.481957290403013161e-02
-1.476682662407968749e-02
-1.471525163981945994e-02
-1.466482194287710428e-02
-1.461551209988920519e-02
-1.456729724311234264e-02
-1.452015305615717011e-02
-1.447405576517235559e-02
-1.442898212169607675e-02
-1.438490939436487537e-02
-1.434181535659551088e-02
-1.429967827536993141e-02
-1.425847690028225756e-02
-1.421819045281491611e-02
-1.417879861586790469e-02
-1.414028152350077505e-02
-1.410261975092641507e-02
-1.406579430471088799e-02
-1.402978661318732279e-02
-1.399457851709806633e-02
-1.396015226043889612e-02
-1.392649048149152691e-02
-1.389357620408393501e-02
-1.386139282901543979e-02
-1.382992412569272744e-02
-1.379915422394573099e-02
-1.376906760601848134e-02
-1.373964909874736406e-02
-1.371088386504437651e-02
-1.368275739986479778e-02
-1.365525551686275207e-02
-1.362836434811587338e-02
-1.360207033112104114e-02
-1.357636020538288690e-02
-1.355122100486960690e-02
-1.352664005147685700e-02
-1.350260494863286809e-02
-1.347910357505277545e-02
-1.345612407861285220e-02
-1.343365487038550299e-02
-1.341168461878794460e-02
-1.339020224386633373e-02
-1.336919691171756241e-02
-1.334865802901141763e-02
-1.332857523766328711e-02
-1.330893840959568308e-02
-1.328973764164365079e-02
-1.327096325055121540e-02
-1.325260576809039748e-02
-1.323465593543016183e-02
-1.321710470189874087e-02
-1.319994321527628856e-02
-1.318316282074460943e-02
-1.316675505568287718e-02
-1.315071164539061144e-02
-1.313502449891723600e-02
-1.311968570498356357e-02
-1.310468752798898961e-02
-1.309002240410928053e-02
-1.307568293749117316e-02
-1.306166189650959097e-02
-2.956301298282593137e-02
-5.841398032412969954e-02
-6.129622944390211714e-02
-6.309098250382350059e-02
-6.548752463799312196e-02
-6.778411465386469104e-02
-6.995948467060664200e-02
-7.201290637064072797e-02
-7.454445093502970465e-02
-7.699032421370732848e-02
-7.930050737810256933e-02
-8.147598497968555620e-02
-8.374402355612087234e-02
-8.615702872890462771e-02
-8.842959269514372167e-02
-9.056369655874396685e-02
-9.256142047766191538e-02
-9.462832198962001229e-02
-9.680475158127022084e-02
-9.884277007318953423e-02
-1.007449766162098470e-01
-1.025139005216466614e-01
-1.041520101123865061e-01
-1.060348093281575643e-01
-1.078594979675902010e-01
-1.095520759396553245e-01
-1.111154510128047335e-01
-1.125526146401885086e-01
-1.138666264765255676e-01
-1.152016543232274870e-01
-1.166139367741525490e-01
-1.179056919742320630e-01
-1.190800647741436791e-01
-1.200452271478011923e-01
-1.201687451040394095e-01
-1.196042839037891881e-01
-1.184870334784644541e-01
-1.170650363451057885e-01
-1.153747008282755004e-01
-1.134130189080408968e-01
-1.112512590170338100e-01
-1.089487888568889673e-01
-1.065544146449015628e-01
-1.041076898301245279e-01
-1.016401887489681855e-01
-9.917665162247057964e-02
-9.673606699324288627e-02
-9.433263737805575033e-02
-9.197662093153535778e-02
-8.967508119083156259e-02
-8.743252799987200063e-02
-8.525146221119062062e-02
-8.313284013471911038e-02
-8.107644982055095539e-02
-7.908122653133364821e-02
-7.714550696902211513e-02
-7.526723087137909829e-02
-7.344409888984859691e-02
-7.167369539077306229e-02
-6.995358014684249781e-02
-6.828135436517257517e-02
-6.665470789648253458e-02
-6.507144742546699945e-02
-6.352951969895226370e-02
-6.202701627936324513e-02
-6.056217755919579560e-02
-5.913338871925066798e-02
-5.773917307199472049e-02
-5.637818360497082182e-02
-5.504919080461689873e-02
-5.375107205064466598e-02
-5.248279975229586114e-02
-5.124343556438226699e-02
-5.003211236812177276e-02
-4.884803231606849039e-02
-4.769045044236719377e-02
-4.655867125799506567e-02
-4.545204428015825471e-02
-4.436995401291010666e-02
-4.331181587299592906e-02
-4.227707316343476407e-02
-4.126519122939065198e-02
-4.027565660492360422e-02
-3.930797264340402108e-02
-3.836165739018859711e-02
-3.743624351945928908e-02
-3.653127578471160319e-02
-3.564631000141371686e-02
-3.478091225075630177e-02
-3.393465818495844388e-02
-3.310713248394048236e-02
-3.229792843241785505e-02
-3.150664759128307679e-02
-3.073289954161673165e-02
-2.997630168345732926e-02
-2.923647907480919628e-02
-2.851306429943356591e-02
-2.780569735410143295e-02
-2.711402554837416545e-02
-2.643770341156681525e-02
-2.577639260286890277e-02
-2.512976182191195562e-02
-2.449748671769835795e-02
-2.387924979495092970e-02
-2.327474031697285284e-02
-2.268365420494511397e-02
-2.210569393357619816e-02
-2.154056851200802924e-02
-2.098799287790154011e-02
-2.044768896642690237e-02
-1.991938413611560321e-02
-1.940281196279425302e-02
-1.889771189582933886e-02
-1.840382914035743056e-02
-1.792091453956068392e-02
-1.744872445731804333e-02
-1.698702066167001590e-02
-1.653557020931728516e-02
-1.609414533144448711e-02
-1.566252332110362744e-02
-1.524048642230013684e-02
-1.482782172092367290e-02
-1.442432103761959183e-02
-1.402978082273964588e-02
-1.364400205330618121e-02
-1.326679013215059655e-02
-1.289795478915323201e-02
-1.253730998463176149e-02
-1.218467381480081713e-02
-1.183986841940676271e-02
-1.150271989139017847e-02
-1.117305818855651722e-02
-1.085071704731443987e-02
-1.053553389834149812e-02
-1.022734978416028895e-02
-9.926009278617087261e-03
-9.631360408162592535e-03
-9.343254574941894930e-03
-9.061546481637705597e-03
-8.786094057992244188e-03
-8.516758389001566343e-03
-8.253403644761014846e-03
-7.995897011825903178e-03
-7.744108626175361110e-03
-7.497911507661214614e-03
-7.257181495925912884e-03
-7.021797187730882683e-03
-6.791639875742383481e-03
-6.566593488615879437e-03
-6.346544532488174184e-03
-6.131382033694343647e-03
-5.920997482840917314e-03
-5.715284780063001335e-03
-5.514140181512416916e-03
-5.317462247059090430e-03
-5.125151789133752800e-03
-4.937111822703954545e-03
-4.753247516383396487e-03
-4.573466144600857319e-03
-4.397677040841152518e-03
-4.225791551929702905e-03
-4.057722993329626604e-03
-3.893386605413162727e-03
-3.732699510750947525e-03
-3.575580672285916251e-03
-3.421950852480648564e-03
-3.271732573359109608e-03
-3.124850077449892183e-03
-2.981229289536813098e-03
-2.840797779358084085e-03
-2.703484725044447146e-03
-2.569220877412625725e-03
-2.437938525043925608e-03
-2.309571460134662857e-03
-2.184054945106872481e-03
-2.061325679959757906e-03
-1.941321770346782216e-03
-1.823982696365966660e-03
-1.709249282032310191e-03
-1.597063665440323632e-03
-1.487369269581151343e-03
-1.380110773804510416e-03
-1.275234085925447403e-03
-1.172686314948379049e-03
-1.072415744374666247e-03
-9.743718061532291586e-04
-8.785050551454176571e-04
-7.847671442169357192e-04
-6.931107998227048483e-04
-6.034897982019060692e-04
-5.158589420410919502e-04
-4.301740376986273873e-04
-3.463918728954240578e-04
-2.644701949447991751e-04
-1.843676894228707397e-04
-1.060439593594253438e-04
-2.945950483290715738e-05
4.542429692566685162e-05
1.186452110246705161e-04
1.902401639384265764e-04
2.602452621518480669e-04
3.286958103609904924e-04
3.956263292765882511e-04
4.610705730296871252e-04
5.250615462069063710e-04
5.876315204842441631e-04
6.488120509029471350e-04
7.086339917865558391e-04
7.671275123000143026e-04
8.243221116623900002e-04
8.802466340345205253e-04
9.349292830451716441e-04
9.883976360356427904e-04
1.040678657951765729e-03
1.091798714952574301e-03
1.141783587703670833e-03
1.190658484379270021e-03
1.238448053373808477e-03
1.285176395737330779e-03
1.330867077322217540e-03
1.375543140665236308e-03
1.419227116629784291e-03
1.461941035745262241e-03
1.503706439326180089e-03
1.544544390334579020e-03
1.584475484006198087e-03
1.623519858231503576e-03
1.661697203716450133e-03
1.699026773909650956e-03
1.735527394711944282e-03
1.771217473972797052e-03
1.806115010771769391e-03
1.840237604495698065e-03
1.873602463718704314e-03
1.906226414873479769e-03
1.938125910743160318e-03
1.969317038753359839e-03
1.999815529093673661e-03
2.029636762640230074e-03
2.058795778721034253e-03
2.087307282695682886e-03
2.115185653372542163e-03
2.142444950263389103e-03
2.169098920667522634e-03
2.195161006611101584e-03
2.220644351621281487e-03
2.245561807360019202e-03
2.269925940098005412e-03
2.293749037059811258e-03
2.317043112615380096e-03
2.339819914340957041e-03
2.362090928943239021e-03
2.383867388052962610e-03
2.405160273887041456e-03
2.425980324790799614e-03
2.446338040649642664e-03
2.466243688186153804e-03
2.485707306139062212e-03
2.504738710321419148e-03
2.523347498577521719e-03
2.541543055617268010e-03
2.559334557751924422e-03
2.576730977523311594e-03
2.593741088222856206e-03
2.610373468323601287e-03
2.626636505802082411e-03
2.642538402368721506e-03
2.658087177604961937e-03
2.673290673008033025e-03
2.688156555946008552e-03
2.702692323520494710e-03
2.716905306353822880e-03
2.730802672279430965e-03
2.744391429963854989e-03
2.757678432435461957e-03
2.770670380543016620e-03
2.783373826333424006e-03
2.795795176360194034e-03
2.807940694908417356e-03
2.819816507157568708e-03
2.831428602270591455e-03
2.842782836414592396e-03
2.853884935710482296e-03
2.864740499125772999e-03
2.875355001296320268e-03
2.885733795285894132e-03
2.895882115285353109e-03
2.905805079255863177e-03
2.915507691509056087e-03
2.924994845225903362e-03
2.934271324932069547e-03
2.943341808904875734e-03
2.952210871534077796e-03
2.960882985632018460e-03
2.969362524682495064e-03
2.977653765054988355e-03
2.985760888154054271e-03
2.993687982534076752e-03
3.001439045953624429e-03
3.009017987400497418e-03
7.532263029409680399e-02
8.398319137554910441e-02
9.187508535485555683e-02
9.833273493249894415e-02
1.020190868023433950e-01
1.038232894407657980e-01
1.042688990926570192e-01
1.034490411500192941e-01
1.014663981509706936e-01
9.897116303998076958e-02
9.613531372727379676e-02
9.309457318245240032e-02
8.995407275689881743e-02
8.679344586595760802e-02
8.357420598548914725e-02
8.039299829395751829e-02
7.734827312175873715e-02
7.445362917642128764e-02
7.171460723926070813e-02
6.913079337543770464e-02
6.669752631076164562e-02
6.440726353898407197e-02
6.225065616675884428e-02
6.021737850373165557e-02
5.829675474104645261e-02
5.647821869812919005e-02
5.475162736008254427e-02
5.310749006339232636e-02
5.153709103105974521e-02
5.003255853632992967e-02
4.858687570563047231e-02
4.719387214141068654e-02
4.584817627454018663e-02
4.454515799527225539e-02
4.328086137256459409e-02
4.205193347847302476e-02
4.085555066979695837e-02
3.968934965043757757e-02
3.855136278641291270e-02
3.743995555789858543e-02
3.635377206330181465e-02
3.529168754009504028e-02
3.425276513315944626e-02
3.323621908922813617e-02
3.224138649482366503e-02
3.126769058792655542e-02
3.031463758453423196e-02
2.938177819977116911e-02
2.846871012208218588e-02
2.757505885817934654e-02
2.670047013945842096e-02
2.584460323120474357e-02
2.500712626701684371e-02
2.418771268747743619e-02
2.338603867132382774e-02
2.260178171695104155e-02
2.183461971787625799e-02
2.108423058879704826e-02
2.035029225945983455e-02
1.963248292513819493e-02
1.893048146540854404e-02
1.824396796235117080e-02
1.757262422072214392e-02
1.691613471290143167e-02
1.627418604919483869e-02
1.564646895975840835e-02
1.503267780807959753e-02
1.443251130716527442e-02
1.384567257178659361e-02
1.327187008240260369e-02
1.271081666275986066e-02
1.216223115488146433e-02
1.162583760126523202e-02
1.110136555314111817e-02
1.058855012062664969e-02
1.008713198214028495e-02
9.596857366175992610e-03
9.117478016427149612e-03
8.648751130269971554e-03
8.190439282277139910e-03
7.742310343881619872e-03
7.304137387951659122e-03
6.875698588558964985e-03
6.456777116317535814e-03
6.047161031104142381e-03
5.646643173406129534e-03
5.255021055493358517e-03
4.872096753200327868e-03
4.497676799001038006e-03
4.131572076863765375e-03
3.773597719259225158e-03
3.423573006510860495e-03
3.081321268695536020e-03
2.746669790105293885e-03
2.419449716374089121e-03
2.099495964140274396e-03
1.786647133317220693e-03
1.480745421819751328e-03
1.181636542674890933e-03
8.891696434711882091e-04
6.031972279822994665e-04
3.235750799377434817e-04
5.016218878095557443e-05
-2.171793226115603659e-04
-4.785842683712182577e-04
-7.341844683206311117e-04
-9.841088149586951772e-04
-1.228483338814534420e-03
-1.467431272241359608e-03
-1.701073111725737164e-03
-1.929526678716264598e-03
-2.152907179052920839e-03
-2.371327261071254355e-03
-2.584897072348990577e-03
-2.793724315192314123e-03
-2.997914300894244377e-03
-3.197570002739347217e-03
-3.392792107879127883e-03
-3.583679068022593839e-03
-3.770327149009933265e-03
-3.952830479301727706e-03
-4.131281097392580648e-03
-4.305768998168701955e-03
-4.476382178248972110e-03
-4.643206680311706691e-03
-4.806326636475510838e-03
-4.965824310680932996e-03
-5.121780140161291683e-03
-5.274272775987576267e-03
-5.423379122727833845e-03
-5.569174377202834592e-03
-5.711732066408625741e-03
-5.851124084591319274e-03
-5.987420729492320959e-03
-6.120690737810186022e-03
-6.251001319844018411e-03
-6.378418193409896020e-03
-6.503005616958823509e-03
-6.624826422004570503e-03
-6.743942044794781765e-03
-6.860412557304407244e-03
-6.974296697524362543e-03
-7.085651899099154605e-03
-7.194534320271728234e-03
-7.300998872222130842e-03
-7.405099246750257436e-03
-7.506887943361295612e-03
-7.606416295743656519e-03
-7.703734497650938096e-03
-7.798891628219006833e-03
-7.891935676727079851e-03
-7.982913566781046910e-03
-8.071871179993639345e-03
-8.158853379117481097e-03
-8.243904030674098493e-03
-8.327066027067786536e-03
-8.408381308232737439e-03
-8.487890882766357947e-03
-8.565634848621606068e-03
-8.641652413327705062e-03
-8.715981913760995070e-03
-8.788660835487238643e-03
-8.859725831647846661e-03
-8.929212741457526192e-03
-8.997156608281819956e-03
-9.063591697304307360e-03
-9.128551512804783385e-03
-9.192068815059961651e-03
-9.254175636865813459e-03
-9.314903299687316007e-03
-9.374282429462255095e-03
-9.432342972035545614e-03
-9.489114208273363715e-03
-9.544624768819787164e-03
-9.598902648543461424e-03
-9.651975220648978393e-03
-9.703869250485386289e-03
-9.754610909045613454e-03
-9.804225786164355583e-03
-9.852738903418423178e-03
-9.900174726753530052e-03
-9.946557178816206601e-03
-9.991909651021035899e-03
-1.003625501534743947e-02
-1.007961563587222997e-02
-1.012201338005835893e-02
-1.016346962976610868e-02
-1.020400529204712470e-02
-1.024364080968753754e-02
-1.028239617151172069e-02
-1.032029092247377378e-02
-1.035734417350830938e-02
-1.039357461116141579e-02
-1.042900050702444403e-02
-1.046363972694575040e-02
-1.049750974003993420e-02
-1.053062762749723547e-02
-1.056301009120153012e-02
-1.059467346214804095e-02
-1.062563370868341295e-02
-1.065590644455705061e-02
-1.068550693679570784e-02
-1.071445011340266262e-02
-1.074275057088636132e-02
-1.077042258162208554e-02
-1.079748010104886191e-02
-1.082393677470827598e-02
-1.084980594512563457e-02
-1.087510065853880548e-02
-1.089983367147784321e-02
-1.092401745719850936e-02
-1.094766421197146400e-02
-1.097078586123512167e-02
-1.099339406560906340e-02
-1.101550022677288965e-02
-1.103711549321850782e-02
-1.105825076587230171e-02
-1.107891670359073544e-02
-1.109912372853916196e-02
-1.111888203144406617e-02
-1.113820157673428568e-02
-1.115709210756676839e-02
-1.117556315074041962e-02
-1.119362402149759461e-02
-1.121128382822655922e-02
-1.122855147705070777e-02
-1.124543567632230179e-02
-1.126194494101495636e-02
-1.127808759701531827e-02
-1.129387178532370584e-02
-1.130930546616015775e-02
-1.132439642297677906e-02
-1.133915226638659846e-02
-1.135358043799783445e-02
-1.136768821416866970e-02
-1.138148270967764830e-02
-1.139497088131058433e-02
-1.140815953136797845e-02
-1.142105531109871563e-02
-1.143366472405071832e-02
-1.144599412935409788e-02
-1.145804974492481421e-02
-1.146983765060483051e-02
-1.148136379122277617e-02
-1.149263397959776611e-02
-1.150365389946594874e-02
-1.151442910834976630e-02
-1.152496504036015779e-02
-1.153526700893658941e-02
-1.154534020952757700e-02
-1.155518972220948015e-02
-1.156482051425022917e-02
-1.157423744261265597e-02
-1.158344525640409017e-02
-1.159244859927399673e-02
-1.160125201175254972e-02
-1.160985993354168855e-02
-1.161827670575465987e-02
-1.162650657310448921e-02
-1.163455368604537910e-02
-1.164242210286658974e-02
-1.165011579173569345e-02
-1.165763863270408152e-02
-1.166499441966095674e-02
-1.167218686224824609e-02
-1.167921958773021629e-02
-1.168609614282312137e-02
-1.169281999548399398e-02
-1.169939453665991280e-02
-1.170582308199641375e-02
-1.171210887351303853e-02
-1.171825508123580661e-02
-1.172426480479504818e-02
-1.173014107499170677e-02
-1.173588685532278575e-02
-1.174150504347659663e-02
-1.174699847279736531e-02
-1.175236991370853801e-02
-1.175762207511388269e-02
-1.176275760576350748e-02
-1.176777909558746060e-02
-1.177268907700357303e-02
-1.177749002619421503e-02
-1.178218436435596317e-02
-1.178677445891818110e-02
-1.179126262473939590e-02
-1.179565112527347637e-02
-1.179994217371227450e-02
-1.180413793409984535e-02
-1.180824052242535060e-02
-1.181225200769064898e-02
-1.181617441295168547e-02
-1.182000971634078468e-02
-1.182375985206318703e-02
-1.182742671137138046e-02
-1.183101214352211272e-02
-1.183451795670587003e-02
-1.183794591896170090e-02
-1.184129775906495041e-02
-1.184457516740344829e-02
-1.974577303639657444e-02
-4.683958209999827815e-02
-5.010126066284303903e-02
-5.320055276269330946e-02
-5.614059455975883850e-02
-5.892443833461369351e-02
-6.155506190145487722e-02
-6.428889490906719573e-02
-6.706510166454027200e-02
-6.968810207804754242e-02
-7.216123022310583224e-02
-7.448789822787116321e-02
-7.667158062246670625e-02
-7.876595136587294377e-02
-8.101128171516513987e-02
-8.311746768971328692e-02
-8.508805638088290380e-02
-8.692655672766225194e-02
-8.863643739248239228e-02
-9.022112484977640179e-02
-9.168400167336265838e-02
-9.323306622389182508e-02
-9.474481285665081742e-02
-9.613936228134623008e-02
-9.742006660725088807e-02
-9.859016168600387431e-02
-9.965277478475353945e-02
-1.006109316148044996e-01
-1.014675627675085678e-01
-1.022255096055060264e-01
-1.031642335956526324e-01
-1.040313153593377393e-01
-1.048022247032012189e-01
-1.054798067928768290e-01
-1.060668910279423116e-01
-1.065662862544334288e-01
-1.069807764690651197e-01
-1.073131169766217141e-01
-1.075660309646524482e-01
-1.077422064625093157e-01
-1.078726355647239288e-01
-1.080911849307586436e-01
-1.082379444914032263e-01
-1.083153778348080465e-01
-1.083258919263512254e-01
-1.082718366405615029e-01
-1.081555052859748400e-01
-1.079791388690320986e-01
-1.077449231641471883e-01
-1.074549909635731382e-01
-1.071114212388302178e-01
-1.067162452016541252e-01
-1.062714370598119018e-01
-1.057789281039838158e-01
-1.053029990191980403e-01
-1.048617156629134683e-01
-1.043756136606353024e-01
-1.038465005722759571e-01
-1.032761317156012382e-01
-1.026662096534849411e-01
-1.020183875395179740e-01
-1.013342719115239987e-01
-1.006154273175479119e-01
-9.986336778568993822e-02
-9.907956483392066360e-02
-9.826544910042223080e-02
-9.742240261936530032e-02
-9.655177574663653672e-02
-9.565487611950196367e-02
-9.473297657724089049e-02
-9.378730482801422852e-02
-9.262186588232967921e-02
-9.119349057575831807e-02
-8.959708621320139343e-02
-8.786024985552032263e-02
-8.597236426180021596e-02
-8.396540900341076252e-02
-8.186776935909456654e-02
-7.970430137724271447e-02
-7.749648279738963197e-02
-7.526263856965886845e-02
-7.301820383638801815e-02
-7.077600800389660662e-02
-6.854656417379789701e-02
-6.633835272125576665e-02
-6.415809391860172184e-02
-6.201099775295126904e-02
-5.990099443853313943e-02
-5.783094046102021935e-02
-5.580280603629184100e-02
-5.381783389108729665e-02
-5.187667968310449851e-02
-4.997953110667019416e-02
-4.812621259461113965e-02
-4.631626380303011103e-02
-4.454901779993925004e-02
-4.282365439939717078e-02
-4.113924814587655021e-02
-3.949480580597342083e-02
-3.788929694424325589e-02
-3.632167357432081189e-02
-3.479089049139272305e-02
-3.329591616771043761e-02
-3.183574598134875089e-02
-3.040940216371801341e-02
-2.901594143876096155e-02
-2.765445758483853211e-02
-2.632407961190175172e-02
-2.502397427570457467e-02
-2.375334306724763422e-02
-2.251142094721103604e-02
-2.129747583549690404e-02
-2.011080513747920406e-02
-1.895073498411647961e-02
-1.781661806529122316e-02
-1.670783128981057075e-02
-1.562377346970134084e-02
-1.456386473177140317e-02
-1.352754423072433099e-02
-1.251426928057597365e-02
-1.152351293723441472e-02
-1.055476412308298251e-02
-9.607525675098038676e-03
-8.681314407764872954e-03
-7.775659370766518919e-03
-6.890101689271510566e-03
-6.024193819295753372e-03
-5.177499011366215598e-03
-4.349590839335171211e-03
-3.540052779667846039e-03
-2.748477860637699166e-03
-1.974468325056655260e-03
-1.217635326412391805e-03
-4.775986818836841508e-04
2.460135082058556577e-04
9.535646755454152412e-04
1.645410392060675520e-03
2.321898434368918629e-03
2.983368938299868489e-03
3.630154597852097709e-03
4.262580809590410524e-03
4.880965819331173350e-03
5.485620932461188204e-03
6.076850599704641809e-03
6.654952589217444370e-03
7.220217970894893256e-03
7.772931675742000834e-03
8.313372225700277340e-03
8.841811998253845672e-03
9.358517356686135713e-03
9.863748784361803246e-03
1.035776098543372825e-02
1.084080304602075273e-02
1.131311853069760787e-02
1.177494560802205825e-02
1.222651716768918817e-02
1.266806093550432166e-02
1.309979958621099172e-02
1.352195085412777331e-02
1.393472764162861921e-02
1.433833812547380404e-02
1.473298586096927210e-02
1.511886988400412690e-02
1.549618481094316991e-02
1.586512093644465438e-02
1.622586432921746535e-02
1.657859692565200049e-02
1.692349662152370371e-02
1.726073736164579486e-02
1.759048922757511235e-02
1.791291852344301105e-02
1.822818785979762879e-02
1.853645623572930390e-02
1.883787911904022394e-02
1.913260853105391845e-02
1.942079309817223987e-02
1.970257817081222385e-02
1.997810584661774413e-02
2.024751508602484762e-02
2.051094176365175770e-02
2.076851871796669968e-02
2.102037585595706304e-02
2.126664019362589642e-02
2.150743592633475032e-02
2.174288449144601287e-02
2.197310462958768085e-02
2.219821244455211229e-02
2.241832146186606423e-02
2.263354268604889086e-02
2.284398465660242294e-02
2.304975350275917378e-02
2.325095299701374074e-02
2.344768460745783045e-02
2.364004754894644122e-02
2.382813883315471060e-02
2.401205331748546001e-02
2.419188375291980719e-02
2.436772083078508899e-02
2.453965322851203723e-02
2.470776765432791677e-02
2.487214889101529991e-02
2.503287983863344834e-02
2.519004155636839215e-02
2.534371330336337991e-02
2.549397257873931011e-02
2.564089516064349539e-02
2.578455514448307895e-02
2.592502498028093072e-02
2.606237550922774204e-02
2.619667599939745628e-02
2.632799418067222064e-02
2.645639627891682721e-02
2.658194704936889252e-02
2.670470980929540161e-02
2.682474646991650502e-02
2.694211757394704421e-02
2.705688230096647828e-02
2.716909853490356852e-02
2.727882286820548785e-02
2.738611063662421685e-02
2.749101594709646434e-02
2.759359170506225922e-02
2.769388964112273754e-02
2.779196033713837721e-02
2.788785325174103491e-02
2.798161674526689069e-02
2.807329810414760374e-02
2.816294356477566652e-02
2.825059833678977839e-02
2.833630662590369553e-02
2.842011165618885116e-02
2.850205569185604304e-02
2.858218005860990729e-02
2.866052516444828058e-02
2.873713052007431656e-02
2.881203475879523523e-02
2.888527566230170152e-02
2.895689015462288296e-02
2.902691435832860378e-02
2.909538358774899081e-02
2.916233237301479875e-02
2.922779447747991810e-02
2.929180291473443276e-02
2.935438996526151811e-02
2.941558719271863964e-02
2.947542545985371021e-02
2.953393494406331143e-02
2.959114515262051270e-02
2.964708493755274787e-02
2.970178251019994775e-02
2.975526545542184209e-02
2.980756074552903812e-02
2.985869476015867718e-02
2.990869327447676085e-02
2.995758150977145817e-02
3.000538412116515730e-02
3.005212521628131128e-02
3.009782836741337064e-02
3.014251662339173521e-02
3.018621252122510867e-02
3.022893809744964244e-02
3.027071489927113390e-02
3.031156399539547408e-02
3.035150598668501232e-02
3.039056101653159203e-02
3.042874878101375913e-02
3.046608853882659673e-02
3.050259912101882520e-02
3.053829894674375822e-02
3.057320600745683237e-02
3.060733791359027123e-02
3.064071187840688992e-02
3.067334473293215069e-02
3.070525293445047765e-02
3.073645257477242154e-02
3.076695938838280853e-02
3.079678876036151536e-02
3.082595573413637879e-02
3.085447501908777923e-02
3.088236099794361422e-02
3.090962773406058517e-02
3.093628897849054482e-02
3.096235817692694070e-02
3.098784847648161644e-02
3.101277273232572185e-02
3.103714351416542172e-02
3.106097311257638438e-02
3.108427354520593155e-02
3.110705656283929699e-02
3.112933365531400653e-02
3.115111605732856503e-02
3.117241475409571194e-02
3.119324048689531281e-02
3.121360375847626045e-02
3.123351483836245279e-02
3.125298376803442579e-02
3.127202036597953594e-02
3.129063423266753574e-02
3.130883475536538896e-02
3.132663111288991331e-02
1.214830872780217064e-01
1.355051832636116060e-01
1.487851622072762225e-01
1.605360482735900263e-01
1.716782953558144698e-01
1.817118992811552758e-01
1.908339105146366066e-01
1.994229920113053112e-01
2.064366196382616536e-01
2.130203421742429271e-01
2.188985556848797032e-01
2.238547096824055060e-01
2.284660957432347317e-01
2.322936255966325803e-01
2.354712830322260864e-01
2.383793381730887617e-01
2.404662550038807467e-01
2.420070279145836167e-01
2.433493691163239880e-01
2.440886262629158310e-01
2.443363748979354710e-01
2.444432559752161005e-01
2.442039539620934896e-01
2.433557986061796186e-01
2.424168348577357968e-01
2.413977793185306808e-01
2.396524184955506342e-01
2.377427614390028587e-01
2.357986188191598664e-01
2.337110052631525825e-01
2.309925904634035909e-01
2.282792576421384112e-01
2.255772368093702518e-01
2.227877380244729366e-01
2.196107556771815794e-01
2.164693431436766069e-01
2.133675507741332744e-01
2.103096390771623803e-01
2.067231201750661107e-01
2.031421250855869332e-01
1.996303606269083097e-01
1.961903147951558068e-01
1.927119808082009556e-01
1.889112923234530506e-01
1.849633029876072143e-01
1.802168515196116427e-01
1.749738143957593195e-01
1.694704686070003241e-01
1.636939971038948727e-01
1.578643623752564729e-01
1.522235167334569095e-01
1.468348215491743769e-01
1.417357286178368980e-01
1.369437794166108446e-01
1.324616547768273644e-01
1.282813363213350932e-01
1.243874781980875976e-01
1.207600798005996623e-01
1.173765725968645146e-01
1.142133932578948130e-01
1.112471417728468914e-01
1.084553985260410247e-01
1.058172667612498064e-01
1.033137031461386357e-01
1.009276682874906683e-01
9.864417945752879113e-02
9.645024936636570345e-02
9.433477759329589318e-02
9.228839563095836418e-02
9.030329413596183130e-02
8.837304043074323268e-02
8.649239534408637020e-02
8.465713596280899367e-02
8.286389842460817334e-02
8.111002179770721021e-02
7.939342519959136091e-02
7.771248368110783566e-02
7.606593480080814373e-02
7.445279328401088748e-02
7.287227990120159760e-02
7.132377247453858260e-02
6.980674541729858795e-02
6.832074582068647928e-02
6.686536226463757338e-02
6.544020174784259680e-02
6.404488191557922150e-02
6.267901328169545039e-02
6.134219419798347950e-02
6.003401120219509224e-02
5.875403119631328330e-02
5.750180442665531189e-02
5.627686764995498692e-02
5.507874287383685008e-02
5.390694076707491789e-02
5.276096409025665679e-02
5.164030640696015695e-02
5.054446042565108321e-02
4.947291739799397625e-02
4.842516724915379989e-02
4.740070344515268097e-02
4.639902363686676523e-02
4.541963103692947534e-02
4.446203791080760581e-02
4.352575943050118745e-02
4.261032144689025358e-02
4.171525867992231795e-02
4.084011509846097177e-02
3.998444074390250513e-02
3.914780276277518567e-02
3.832977610886101338e-02
3.752993696725148709e-02
3.674788071352308449e-02
3.598320872852855956e-02
3.523553163820669631e-02
3.450446922380945303e-02
3.378964991355659642e-02
3.309071086890535973e-02
3.240729766419625513e-02
3.173906406588522522e-02
3.108567181409860325e-02
3.044679040859654684e-02
2.982209690060155793e-02
2.921127569143155966e-02
2.861401823785447718e-02
2.803002316771330271e-02
2.745899579895749731e-02
2.690064806810932296e-02
2.635469836552628564e-02
2.582087137725186388e-02
2.529889793302220191e-02
2.478851486002842108e-02
2.428946484199712152e-02
2.380149628312078214e-02
2.332436317652097912e-02
2.285782497686206227e-02
2.240164647678133392e-02
2.195559768687393998e-02
2.151945371896268888e-02
2.109299467243896942e-02
2.067600552348602960e-02
2.026827601700587067e-02
1.986960056113229456e-02
1.947977812417489574e-02
1.909861213391650381e-02
1.872591037917392676e-02
1.836148491351696777e-02
1.800515196111573957e-02
1.765673182460125723e-02
1.731604879499881733e-02
1.698293106350257098e-02
1.665721063526537371e-02
1.633872324497209760e-02
1.602730827428189286e-02
1.572280867104858260e-02
1.542507087027522594e-02
1.513394471684637033e-02
1.484928338988789065e-02
1.457094332881103682e-02
1.429878416097163374e-02
1.403266863091623406e-02
1.377246253119568387e-02
1.351803463468970179e-02
1.326925662844313791e-02
1.302600304893197780e-02
1.278815121882215244e-02
1.255558118506794330e-02
1.232817565841548557e-02
1.210581995423964941e-02
1.188840193470408479e-02
1.167581195217159973e-02
1.146794279393681393e-02
1.126468962812121610e-02
1.106594995080789623e-02
1.087162353431403439e-02
1.068161237668108221e-02
1.049582065221410510e-02
1.031415466316065732e-02
1.013652279245214061e-02
9.962835457496543867e-03
9.793005065008131282e-03
9.626945966797251231e-03
9.464574416631510445e-03
9.305808527937386998e-03
9.150568232553446535e-03
8.998775240326439828e-03
8.850352999629107487e-03
8.705226658756615166e-03
8.563323028180302998e-03
8.424570543631881847e-03
8.288899230013191399e-03
8.156240666112646309e-03
8.026527950095951880e-03
7.899695665753547758e-03
7.775679849538752464e-03
7.654417958292469848e-03
7.535848837686209833e-03
7.419912691417618333e-03
7.306551051026843879e-03
7.195706746426111522e-03
7.087323877040807574e-03
6.981347783663105488e-03
6.877725020840053105e-03
6.776403329944225007e-03
6.677331612826797880e-03
6.580459906028846007e-03
6.485739355593489464e-03
6.393122192425382266e-03
6.302561708203313628e-03
6.214012231819499021e-03
6.127429106351556243e-03
6.042768666540743183e-03
5.959988216766909375e-03
5.879046009525490391e-03
5.799901224357029150e-03
5.722513947274743273e-03
5.646845150627743948e-03
5.572856673430548469e-03
5.500511202107372100e-03
5.429772251676068251e-03
5.360604147348624338e-03
5.292972006538221308e-03
5.226841721271302532e-03
5.162179940982891679e-03
5.098954055699156385e-03
5.037132179592340719e-03
4.976683134896076055e-03
4.917576436188397793e-03
4.859782275010937624e-03
4.803271504841832851e-03
4.748015626397483757e-03
4.693986773240288457e-03
4.641157697757414269e-03
4.589501757404246263e-03
4.538992901249816470e-03
4.489605656870176986e-03
4.441315117487354414e-03
4.394096929406288154e-03
4.347927279737762163e-03
4.302782884385791817e-03
4.258640976307237480e-03
4.215479294028767754e-03
4.173276070422060613e-03
4.132010021722809512e-03
4.091660336800417852e-03
4.052206666660840284e-03
4.013629114184569247e-03
3.975908224093771537e-03
3.939024973137028596e-03
3.902960760499896153e-03
3.867697398420189003e-03
3.833217103018204952e-03
3.799502485327899137e-03
3.766536542525678044e-03
3.734302649357923443e-03
3.702784549754589705e-03
3.671966348631983124e-03
3.641832503876951677e-03
3.612367818507378203e-03
3.583557433009421089e-03
3.555386817843286806e-03
3.527841766115535904e-03
3.500908386414591789e-03
3.474573095804345257e-03
3.448822612975410706e-03
3.423643951545374264e-03
3.399024413511142484e-03
3.374951582844731846e-03
3.351413319231388854e-03
3.328397751946488015e-03
3.305893273869653370e-03
3.283888535632106809e-03
3.262372439890803832e-03
3.241334135733131561e-03
3.220763013204397396e-03
3.200648697957664268e-03
3.180981046020381342e-03
3.161750138680474720e-03
3.142946277481906137e-03
3.124559979336360982e-03
3.106581971738187065e-03
3.089003188089467500e-03
3.071814763127678205e-03
3.055008028454153646e-03
3.038574508162694698e-03
3.022505914564765916e-03
3.006794144011282199e-03
2.991431272804101482e-03
2.976409553200332070e-03
2.961721409505679858e-03
2.947359434253504773e-03
2.933316384469142335e-03
2.919585178017047866e-03
2.906158890029653108e-03
2.893030749414160496e-03
2.880194135438607361e-03
2.867642574392537114e-03
2.855369736321833329e-03
2.843369431837716732e-03
2.831635608993687825e-03
