1.000000000000000000e+01
1.000000000000000000e+01
1.000000000000000000e+01
1.000000000000000000e+01
1.000000000000000000e+01
1.000000000000000000e+01
1.000000000000000000e+01
1.000000000000000000e+01
1.000000000000000000e+01
1.000000000000000000e+01
1.000000000000000000e+01
1.000000000000000000e+01
1.000000000000000000e+01
1.000000000000000000e+01
1.000000000000000000e+01
1.000000000000000000e+01
1.000000000000000000e+01
1.000000000000000000e+01
1.000000000000000000e+01
1.000000000000000000e+01
1.000000000000000000e+01
1.000000000000000000e+01
1.000000000000000000e+01
1.000000000000000000e+01
1.000000000000000000e+01
1.000000000000000000e+01
1.000000000000000000e+01
1.000000000000000000e+01
8.540669265120966358e+00
6.758272917182279294e+00
5.451882968629205628e+00
4.764927587318983804e+00
4.543803745587654319e+00
4.573744608140613899e+00
4.688906022248115590e+00
4.797721879441875004e+00
4.867575123700116357e+00
4.899176641070897453e+00
4.905646081312129425e+00
4.900404790916558895e+00
4.892480037579264085e+00
4.886199063285585176e+00
4.882651802322862444e+00
4.881333586304459793e+00
4.881304049590571736e+00
4.881773482019082344e+00
4.882274630162852347e+00
4.882619465799940883e+00
4.882789142578748631e+00
4.882835348739413384e+00
4.882819176625749158e+00
4.882784764912162956e+00
4.882754991138976486e+00
4.882736979209364669e+00
4.882729481503810476e+00
4.882728492561124511e+00
4.882730305870627063e+00
4.882732573483130167e+00
4.882734251752317789e+00
4.882735142595380218e+00
4.882735435357449028e+00
4.882735402804713409e+00
4.882735257732051970e+00
4.882735118692277609e+00
4.882735028648935938e+00
4.882734987447334696e+00
4.882734978621558142e+00
4.882734985047120446e+00
4.882734995101991160e+00
4.882735003156388309e+00
4.882735007745961475e+00
4.882735009478947674e+00
4.882735009545651650e+00
4.882735008957613587e+00
4.882735008318680237e+00
4.882735007875013800e+00
4.882735007654545711e+00
4.882735007592763132e+00
4.882735007611906042e+00
4.882735007655420567e+00
4.882735007693561613e+00
4.882735007716858533e+00
4.882735007726700438e+00
4.882735007728132182e+00
4.882735007725904630e+00
4.882735007723037590e+00
4.882735007720865106e+00
4.882735007719726461e+00
4.882735007719299247e+00
4.882735007719305464e+00
4.882735007719524845e+00
4.882735007719721132e+00
4.882735007719804621e+00
4.882735007719866793e+00
4.882735007719850806e+00
4.882735007719839260e+00
4.882735007719812614e+00
4.882735007719828602e+00
4.882735007719825937e+00
4.882735007719825049e+00
4.882735007719825937e+00
4.882735007719832154e+00
4.882735007719809062e+00
4.882735007719827713e+00
4.882735007719825937e+00
4.882735007719825049e+00
4.882735007719830378e+00
4.882735007719808173e+00
4.882735007719833931e+00
4.882735007719829490e+00
4.882735007719802844e+00
4.882735007719817943e+00
4.882735007719820608e+00
4.882735007719821496e+00
4.882735007719825937e+00
4.882735007719825937e+00
4.882735007719825049e+00
4.882735007719823273e+00
4.882735007719822384e+00
4.882735007719820608e+00
4.882735007719823273e+00
4.882735007719823273e+00
4.882735007719822384e+00
4.882735007719825937e+00
4.882735007719825049e+00
4.882735007719823273e+00
4.882735007719821496e+00
4.882735007719829490e+00
4.882735007719801956e+00
4.882735007719814391e+00
4.882735007719846365e+00
4.882735007719849918e+00
4.882735007719839260e+00
4.882735007719812614e+00
4.882735007719839260e+00
4.882735007719835707e+00
4.882735007719804621e+00
4.882735007719819720e+00
4.882735007719820608e+00
4.882735007719829490e+00
4.882735007719803733e+00
4.882735007719817943e+00
4.882735007719820608e+00
4.882735007719821496e+00
4.882735007719830378e+00
4.882735007719805509e+00
4.882735007719819720e+00
4.882735007719822384e+00
4.882735007719823273e+00
4.882735007719822384e+00
4.882735007719825937e+00
4.882735007719824161e+00
4.882735007719824161e+00
4.882735007719823273e+00
4.882735007719822384e+00
4.882735007719824161e+00
4.882735007719827713e+00
4.882735007719801956e+00
4.882735007719814391e+00
4.882735007719846365e+00
4.882735007719841036e+00
4.882735007719834819e+00
4.882735007719811726e+00
4.882735007719829490e+00
4.882735007719827713e+00
4.882735007719801956e+00
4.882735007719817055e+00
4.882735007719824161e+00
4.882735007719825937e+00
4.882735007719826825e+00
4.882735007719809950e+00
4.882735007719834819e+00
4.882735007719829490e+00
4.882735007719805509e+00
4.882735007719819720e+00
4.882735007719827713e+00
4.882735007719804621e+00
4.882735007719818832e+00
4.882735007719820608e+00
4.882735007719821496e+00
4.882735007719821496e+00
4.882735007719820608e+00
4.882735007719820608e+00
4.882735007719829490e+00
4.882735007719801956e+00
4.882735007719815279e+00
4.882735007719840148e+00
4.882735007719839260e+00
4.882735007719833931e+00
4.882735007719811726e+00
4.882735007719838372e+00
4.882735007719833931e+00
4.882735007719801956e+00
4.882735007719817055e+00
4.882735007719825937e+00
4.882735007719822384e+00
4.882735007719830378e+00
4.882735007719801956e+00
4.882735007719815279e+00
4.882735007719849030e+00
4.882735007719841924e+00
4.882735007719834819e+00
4.882735007719803733e+00
4.882735007719816167e+00
4.882735007719848142e+00
4.882735007719843701e+00
4.882735007719832154e+00
4.882735007719801956e+00
4.882735007719817943e+00
4.882735007719825937e+00
4.882735007719825049e+00
4.882735007719822384e+00
4.882735007719822384e+00
4.882735007719822384e+00
4.882735007719820608e+00
4.882735007719823273e+00
4.882735007719822384e+00
4.882735007719828602e+00
4.882735007719801068e+00
4.882735007719816167e+00
4.882735007719848142e+00
4.882735007719841924e+00
4.882735007719833931e+00
4.882735007719803733e+00
4.882735007719818832e+00
4.882735007719825937e+00
4.882735007719823273e+00
4.882735007719821496e+00
4.882735007719822384e+00
4.882735007719826825e+00
4.882735007719810838e+00
4.882735007719833042e+00
4.882735007719827713e+00
4.882735007719810838e+00
4.882735007719834819e+00
4.882735007719828602e+00
4.882735007719811726e+00
4.882735007719835707e+00
4.882735007719829490e+00
4.882735007719802844e+00
4.882735007719817943e+00
4.882735007719829490e+00
4.882735007719810838e+00
4.882735007719832154e+00
4.882735007719825937e+00
4.882735007719822384e+00
4.882735007719830378e+00
4.882735007719801956e+00
4.882735007719815279e+00
4.882735007719849030e+00
4.882735007719851694e+00
4.882735007719834819e+00
4.882735007719803733e+00
4.882735007719817055e+00
4.882735007719827713e+00
4.882735007719801956e+00
4.882735007719817943e+00
4.882735007719820608e+00
4.882735007719819720e+00
4.882735007719823273e+00
4.882735007719822384e+00
4.882735007719821496e+00
4.882735007719820608e+00
4.882735007719822384e+00
4.882735007719820608e+00
4.882735007719824161e+00
4.882735007719822384e+00
4.882735007719821496e+00
4.882735007719821496e+00
4.882735007719827713e+00
4.882735007719810838e+00
4.882735007719833042e+00
4.882735007719826825e+00
4.882735007719801068e+00
4.882735007719817055e+00
4.882735007719819720e+00
4.882735007719825937e+00
4.882735007719825049e+00
4.882735007719823273e+00
4.882735007719823273e+00
4.882735007719831266e+00
4.882735007719804621e+00
4.882735007719818832e+00
4.882735007719821496e+00
4.882735007719823273e+00
4.882735007719822384e+00
4.882735007719828602e+00
4.882735007719802844e+00
4.882735007719817055e+00
4.882735007719824161e+00
4.882735007719824161e+00
4.882735007719823273e+00
4.882735007719822384e+00
4.882735007719821496e+00
4.882735007719826825e+00
4.882735007719801068e+00
4.882735007719816167e+00
4.882735007719848142e+00
4.882735007719842812e+00
4.882735007719834819e+00
4.882735007719807285e+00
1.000000000000000000e+01
1.000000000000000000e+01
1.000000000000000000e+01
1.000000000000000000e+01
1.000000000000000000e+01
1.000000000000000000e+01
1.000000000000000000e+01
1.000000000000000000e+01
1.000000000000000000e+01
1.000000000000000000e+01
1.000000000000000000e+01
1.000000000000000000e+01
1.000000000000000000e+01
1.000000000000000000e+01
1.000000000000000000e+01
1.000000000000000000e+01
1.000000000000000000e+01
1.000000000000000000e+01
1.000000000000000000e+01
1.000000000000000000e+01
1.000000000000000000e+01
1.000000000000000000e+01
1.000000000000000000e+01
1.000000000000000000e+01
1.000000000000000000e+01
1.000000000000000000e+01
1.000000000000000000e+01
1.000000000000000000e+01
1.000000000000000000e+01
1.000000000000000000e+01
1.000000000000000000e+01
1.000000000000000000e+01
1.000000000000000000e+01
1.000000000000000000e+01
1.000000000000000000e+01
1.000000000000000000e+01
1.000000000000000000e+01
1.000000000000000000e+01
1.000000000000000000e+01
1.000000000000000000e+01
1.000000000000000000e+01
1.000000000000000000e+01
1.000000000000000000e+01
1.000000000000000000e+01
1.000000000000000000e+01
1.000000000000000000e+01
9.662433303630651338e+00
9.032044756703161426e+00
8.485272014428828058e+00
8.139443811895558767e+00
7.977033377237404466e+00
7.934634525857372722e+00
7.951002294381886770e+00
7.984660082745312693e+00
8.014482177013864117e+00
8.033619409126586675e+00
8.042772013832951927e+00
8.045295206901570850e+00
8.044516114997842138e+00
8.042721855316361967e+00
8.041096613755502887e+00
8.040038450302231965e+00
8.039523346354343403e+00
8.039374163972953014e+00
8.039410321606551335e+00
8.039505792823039343e+00
8.039594290523757181e+00
8.039652757855316523e+00
8.039681714731035100e+00
8.039690488316873385e+00
8.039688870401660026e+00
8.039683800305489569e+00
8.039678985564703950e+00
8.039675757451577809e+00
8.039674131513930178e+00
8.039673618010013456e+00
8.039673686510377948e+00
8.039673955201275035e+00
8.039674216917788385e+00
8.039674395016309205e+00
8.039674486211584536e+00
8.039674516138354932e+00
8.039674513503923592e+00
8.039674499296696197e+00
8.039674485082665356e+00
8.039674475265366382e+00
8.039674470155556918e+00
8.039674468417025821e+00
8.039674468500848548e+00
8.039674469249870725e+00
8.039674470022243113e+00
8.039674470562552244e+00
8.039674470847378629e+00
8.039674470946973628e+00
8.039674470947320017e+00
8.039674470907659298e+00
8.039674470865136868e+00
8.039674470834581754e+00
8.039674470818074070e+00
8.039674470812125051e+00
8.039674470812013141e+00
8.039674470816294161e+00
8.039674470818630070e+00
8.039674470819676344e+00
8.039674470819845098e+00
8.039674470819628382e+00
8.039674470819326402e+00
8.039674470819081264e+00
8.039674470821019270e+00
8.039674470821189800e+00
8.039674470820576957e+00
8.039674470819882401e+00
8.039674470821324803e+00
8.039674470823316099e+00
8.039674470824872188e+00
8.039674470823502617e+00
8.039674470823763741e+00
8.039674470822443908e+00
8.039674470820829200e+00
8.039674470819665686e+00
8.039674470819015539e+00
8.039674470818646057e+00
8.039674470818635399e+00
8.039674470818756191e+00
8.039674470818880536e+00
8.039674470818914287e+00
8.039674470821088548e+00
8.039674470821280394e+00
8.039674470820724395e+00
8.039674470820060037e+00
8.039674470819475616e+00
8.039674470819051066e+00
8.039674470818775731e+00
8.039674470818715335e+00
8.039674470818784613e+00
8.039674470818875207e+00
8.039674470818852114e+00
8.039674470818885865e+00
8.039674470818836127e+00
8.039674470818843233e+00
8.039674470818882313e+00
8.039674470818869878e+00
8.039674470818910734e+00
8.039674470821081442e+00
8.039674470821278618e+00
8.039674470820717289e+00
8.039674470820072472e+00
8.039674470819488050e+00
8.039674470819035079e+00
8.039674470818724217e+00
8.039674470818717111e+00
8.039674470818798824e+00
8.039674470818876983e+00
8.039674470818832575e+00
8.039674470818843233e+00
8.039674470818880536e+00
8.039674470818853891e+00
8.039674470818887642e+00
8.039674470818836127e+00
8.039674470818839680e+00
8.039674470818898300e+00
8.039674470821045915e+00
8.039674470823392483e+00
8.039674470822932406e+00
8.039674470821553953e+00
8.039674470820257213e+00
8.039674470819440089e+00
8.039674470818882313e+00
8.039674470818640728e+00
8.039674470818672702e+00
8.039674470820958874e+00
8.039674470823420904e+00
8.039674470825096009e+00
8.039674470823804597e+00
8.039674470821864816e+00
8.039674470822388841e+00
8.039674470821465135e+00
8.039674470820422414e+00
8.039674470819642593e+00
8.039674470821157826e+00
8.039674470821090324e+00
8.039674470820422414e+00
8.039674470819779373e+00
8.039674470819285546e+00
8.039674470818914287e+00
8.039674470820944663e+00
8.039674470823314323e+00
8.039674470824969887e+00
8.039674470823642949e+00
8.039674470821754682e+00
8.039674470822328445e+00
8.039674470821477570e+00
8.039674470820376229e+00
8.039674470819567986e+00
8.039674470819063501e+00
8.039674470818770402e+00
8.039674470818708230e+00
8.039674470818800600e+00
8.039674470818875207e+00
8.039674470818829022e+00
8.039674470818839680e+00
8.039674470818878760e+00
8.039674470818850338e+00
8.039674470818887642e+00
8.039674470818857444e+00
8.039674470818885865e+00
8.039674470818841456e+00
8.039674470818846785e+00
8.039674470818882313e+00
8.039674470818855667e+00
8.039674470818900076e+00
8.039674470821051244e+00
8.039674470821216445e+00
8.039674470822715691e+00
8.039674470822093966e+00
8.039674470820827423e+00
8.039674470819827334e+00
8.039674470821188024e+00
8.039674470821040586e+00
8.039674470822511410e+00
8.039674470823989338e+00
8.039674470823023000e+00
8.039674470821440266e+00
8.039674470820221686e+00
8.039674470819374363e+00
8.039674470818850338e+00
8.039674470818715335e+00
8.039674470818770402e+00
8.039674470818868102e+00
8.039674470818908958e+00
8.039674470821054797e+00
8.039674470823419128e+00
8.039674470825055153e+00
8.039674470823770847e+00
8.039674470821861263e+00
8.039674470822383512e+00
8.039674470821461583e+00
8.039674470820418861e+00
8.039674470819639041e+00
8.039674470821159602e+00
8.039674470821076113e+00
8.039674470820434848e+00
8.039674470819734964e+00
8.039674470821235985e+00
8.039674470821118746e+00
8.039674470820443730e+00
8.039674470819759833e+00
8.039674470819246466e+00
8.039674470818862773e+00
8.039674470818745533e+00
8.039674470818752638e+00
8.039674470818813035e+00
8.039674470818882313e+00
8.039674470818853891e+00
8.039674470818900076e+00
8.039674470821051244e+00
8.039674470821211116e+00
8.039674470820674657e+00
8.039674470822104624e+00
8.039674470821600138e+00
8.039674470820623142e+00
8.039674470819816676e+00
8.039674470819276664e+00
8.039674470818852114e+00
8.039674470818717111e+00
8.039674470818770402e+00
8.039674470818868102e+00
8.039674470818912511e+00
8.039674470821100982e+00
8.039674470823392483e+00
8.039674470822935959e+00
8.039674470821532637e+00
8.039674470820255436e+00
8.039674470819402785e+00
8.039674470818908958e+00
8.039674470820884267e+00
8.039674470823181096e+00
8.039674470824852648e+00
8.039674470825824315e+00
8.039674470824083485e+00
8.039674470821850605e+00
8.039674470820131091e+00
8.039674470819132779e+00
8.039674470818619412e+00
8.039674470818550134e+00
8.039674470820775909e+00
8.039674470823273467e+00
8.039674470822923524e+00
8.039674470821543295e+00
8.039674470820253660e+00
8.039674470819436536e+00
8.039674470818878760e+00
8.039674470818638952e+00
8.039674470818681584e+00
8.039674470820978414e+00
8.039674470823372943e+00
8.039674470822960828e+00
8.039674470823698016e+00
8.039674470824706987e+00
8.039674470825438846e+00
0.000000000000000000e+00
0.000000000000000000e+00
0.000000000000000000e+00
0.000000000000000000e+00
0.000000000000000000e+00
0.000000000000000000e+00
0.000000000000000000e+00
0.000000000000000000e+00
0.000000000000000000e+00
5.138387677053519315e-02
2.130553598247095337e+00
4.320737634037560504e+00
5.846956186383572174e+00
6.628897970210380741e+00
6.876009212931386116e+00
6.840266136391213614e+00
6.708573726822955940e+00
6.582871345301327892e+00
6.499960402242602520e+00
6.460031673707652189e+00
6.449303924417831624e+00
6.453128877212006564e+00
6.461250301157557274e+00
6.468386477900796905e+00
6.472848181885471064e+00
6.474855562448293078e+00
6.475283492891044546e+00
6.474973354974303597e+00
6.474482750484233939e+00
6.474081704770293655e+00
6.473843944160402764e+00
6.473744858627179077e+00
6.473730411219101200e+00
6.473752778830156096e+00
6.473781924844806746e+00
6.473804252011010618e+00
6.473816791881843891e+00
6.473821559977666062e+00
6.473821838332045608e+00
6.473820321085359097e+00
6.473818610635489357e+00
6.473817378088135399e+00
6.473816724393531175e+00
6.473816501332803064e+00
6.473816513788491100e+00
6.473816611714075187e+00
6.473816710550863718e+00
6.473816777877013706e+00
6.473816811530168636e+00
6.473816821542081712e+00
6.473816819344425433e+00
6.473816813216175525e+00
6.473816807569695797e+00
6.473816803926247587e+00
6.473816802218162358e+00
6.473816801795992504e+00
6.473816801998551362e+00
6.473816802373140611e+00
6.473816802692334171e+00
6.473816802887646382e+00
6.473816802972870654e+00
6.473816802988855201e+00
6.473816802973362705e+00
6.473816802950885574e+00
6.473816802933099801e+00
6.473816802922756075e+00
6.473816802918522129e+00
6.473816802917963464e+00
6.473816802918940461e+00
6.473816802920233648e+00
6.473816802921230185e+00
6.473816802921753322e+00
6.473816802921978919e+00
6.473816802922017111e+00
6.473816802921916747e+00
6.473816802921808389e+00
6.473816802921827041e+00
6.473816802921874114e+00
6.473816802921960267e+00
6.473816802921943392e+00
6.473816802921886548e+00
6.473816802921953162e+00
6.473816802921931846e+00
6.473816802921873226e+00
6.473816802921914082e+00
6.473816802921865232e+00
6.473816802921909641e+00
6.473816802921867897e+00
6.473816802921916747e+00
6.473816802921868785e+00
6.473816802921919411e+00
6.473816802921871449e+00
6.473816802921921187e+00
6.473816802921873226e+00
6.473816802921923852e+00
6.473816802921875002e+00
6.473816802921921187e+00
6.473816802921865232e+00
6.473816802921906088e+00
6.473816802921905200e+00
6.473816802921878555e+00
6.473816802921950497e+00
6.473816802921921187e+00
6.473816802921811053e+00
6.473816802921825264e+00
6.473816802921890101e+00
6.473816802921905200e+00
6.473816802921869673e+00
6.473816802921944280e+00
6.473816802921938951e+00
6.473816802921887437e+00
6.473816802921955826e+00
6.473816802921931846e+00
6.473816802921869673e+00
6.473816802921917635e+00
6.473816802921870561e+00
6.473816802921921187e+00
6.473816802921866120e+00
6.473816802921917635e+00
6.473816802921863456e+00
6.473816802921905200e+00
6.473816802921907865e+00
6.473816802921804836e+00
6.473816802921774638e+00
6.473816802921795066e+00
6.473816802921821711e+00
6.473816802921886548e+00
6.473816802921979807e+00
6.473816802921961155e+00
6.473816802921891878e+00
6.473816802921857239e+00
6.473816802921898095e+00
6.473816802921900759e+00
6.473816802921871449e+00
6.473816802921953162e+00
6.473816802921930957e+00
6.473816802921869673e+00
6.473816802921919411e+00
6.473816802921865232e+00
6.473816802921906977e+00
6.473816802921864344e+00
6.473816802921900759e+00
6.473816802921906977e+00
6.473816802921803948e+00
6.473816802921777303e+00
6.473816802921799507e+00
6.473816802921819935e+00
6.473816802921886548e+00
6.473816802921978919e+00
6.473816802921960267e+00
6.473816802921898095e+00
6.473816802921853686e+00
6.473816802921896318e+00
6.473816802921899871e+00
6.473816802921867009e+00
6.473816802921953162e+00
6.473816802921924740e+00
6.473816802921817271e+00
6.473816802921828817e+00
6.473816802921873226e+00
6.473816802921962044e+00
6.473816802921941616e+00
6.473816802921885660e+00
6.473816802921952274e+00
6.473816802921922964e+00
6.473816802921814606e+00
6.473816802921821711e+00
6.473816802921889213e+00
6.473816802921904312e+00
6.473816802921869673e+00
6.473816802921945168e+00
6.473816802921929181e+00
6.473816802921883884e+00
6.473816802921954050e+00
6.473816802921930957e+00
6.473816802921873226e+00
6.473816802921920299e+00
6.473816802921865232e+00
6.473816802921907865e+00
6.473816802921867009e+00
6.473816802921916747e+00
6.473816802921860791e+00
6.473816802921898983e+00
6.473816802921901647e+00
6.473816802921874114e+00
6.473816802921952274e+00
6.473816802921930957e+00
6.473816802921870561e+00
6.473816802921920299e+00
6.473816802921869673e+00
6.473816802921918523e+00
6.473816802921871449e+00
6.473816802921921187e+00
6.473816802921862568e+00
6.473816802921901647e+00
6.473816802921905200e+00
6.473816802921872338e+00
6.473816802921949609e+00
6.473816802921922964e+00
6.473816802921809277e+00
6.473816802921826152e+00
6.473816802921874114e+00
6.473816802921958491e+00
6.473816802921945168e+00
6.473816802921885660e+00
6.473816802921951385e+00
6.473816802921922076e+00
6.473816802921812830e+00
6.473816802921829705e+00
6.473816802921877667e+00
6.473816802921956715e+00
6.473816802921943392e+00
6.473816802921888325e+00
6.473816802921854574e+00
6.473816802921896318e+00
6.473816802921899871e+00
6.473816802921873226e+00
6.473816802921954050e+00
6.473816802921931846e+00
6.473816802921872338e+00
6.473816802921920299e+00
6.473816802921864344e+00
6.473816802921906088e+00
6.473816802921911417e+00
6.473816802921810165e+00
6.473816802921827929e+00
6.473816802921874114e+00
6.473816802921958491e+00
6.473816802921938063e+00
6.473816802921882996e+00
6.473816802921951385e+00
6.473816802921925628e+00
6.473816802921819935e+00
6.473816802921831481e+00
6.473816802921875890e+00
6.473816802921964708e+00
6.473816802921945168e+00
6.473816802921892766e+00
6.473816802921861679e+00
6.473816802921898095e+00
6.473816802921905200e+00
6.473816802921876778e+00
6.473816802921947833e+00
6.473816802921919411e+00
6.473816802921811941e+00
6.473816802921827929e+00
6.473816802921873226e+00
6.473816802921962044e+00
6.473816802921941616e+00
6.473816802921886548e+00
6.473816802921955826e+00
6.473816802921932734e+00
6.473816802921872338e+00
6.473816802921918523e+00
6.473816802921863456e+00
6.473816802921906088e+00
6.473816802921906088e+00
6.473816802921878555e+00
6.473816802921955826e+00
6.473816802921927405e+00
6.473816802921808389e+00
6.473816802921829705e+00
6.473816802921875890e+00
6.473816802921957603e+00
6.473816802921937175e+00
6.473816802921882108e+00
6.473816802921950497e+00
6.473816802921922076e+00
6.473816802921809277e+00
6.473816802921823488e+00
6.473816802921891878e+00
6.473816802921900759e+00
6.473816802921877667e+00
6.473816802921950497e+00
6.473816802921923852e+00
6.473816802921815494e+00
6.473816802921831481e+00
6.473816802921883884e+00
6.473816802921968261e+00
6.473816802921938063e+00
6.473816802921884772e+00
6.473816802921961155e+00
6.473816802921930069e+00
6.473816802921872338e+00
6.473816802921919411e+00
6.473816802921862568e+00
6.473816802921901647e+00
6.473816802921905200e+00
6.473816802921867897e+00
6.473816802921952274e+00
6.473816802921930069e+00
6.473816802921868785e+00
6.473816802921918523e+00
6.473816802921864344e+00
6.473816802921906088e+00
6.473816802921911417e+00
6.473816802921810165e+00
6.473816802921827929e+00
6.473816802921875002e+00
6.473816802921954938e+00
1.000000000000000000e+01
1.000000000000000000e+01
1.000000000000000000e+01
1.000000000000000000e+01
1.000000000000000000e+01
1.000000000000000000e+01
1.000000000000000000e+01
1.000000000000000000e+01
1.000000000000000000e+01
1.000000000000000000e+01
1.000000000000000000e+01
1.000000000000000000e+01
1.000000000000000000e+01
1.000000000000000000e+01
1.000000000000000000e+01
1.000000000000000000e+01
1.000000000000000000e+01
1.000000000000000000e+01
1.000000000000000000e+01
1.000000000000000000e+01
1.000000000000000000e+01
1.000000000000000000e+01
1.000000000000000000e+01
1.000000000000000000e+01
1.000000000000000000e+01
1.000000000000000000e+01
1.000000000000000000e+01
1.000000000000000000e+01
1.000000000000000000e+01
1.000000000000000000e+01
1.000000000000000000e+01
1.000000000000000000e+01
1.000000000000000000e+01
1.000000000000000000e+01
1.000000000000000000e+01
1.000000000000000000e+01
1.000000000000000000e+01
1.000000000000000000e+01
1.000000000000000000e+01
1.000000000000000000e+01
1.000000000000000000e+01
1.000000000000000000e+01
1.000000000000000000e+01
1.000000000000000000e+01
1.000000000000000000e+01
1.000000000000000000e+01
1.000000000000000000e+01
1.000000000000000000e+01
1.000000000000000000e+01
1.000000000000000000e+01
1.000000000000000000e+01
1.000000000000000000e+01
1.000000000000000000e+01
1.000000000000000000e+01
1.000000000000000000e+01
1.000000000000000000e+01
1.000000000000000000e+01
1.000000000000000000e+01
1.000000000000000000e+01
1.000000000000000000e+01
1.000000000000000000e+01
1.000000000000000000e+01
1.000000000000000000e+01
1.000000000000000000e+01
1.000000000000000000e+01
1.000000000000000000e+01
1.000000000000000000e+01
1.000000000000000000e+01
1.000000000000000000e+01
1.000000000000000000e+01
1.000000000000000000e+01
1.000000000000000000e+01
1.000000000000000000e+01
1.000000000000000000e+01
1.000000000000000000e+01
1.000000000000000000e+01
1.000000000000000000e+01
1.000000000000000000e+01
1.000000000000000000e+01
1.000000000000000000e+01
1.000000000000000000e+01
1.000000000000000000e+01
1.000000000000000000e+01
1.000000000000000000e+01
1.000000000000000000e+01
1.000000000000000000e+01
1.000000000000000000e+01
1.000000000000000000e+01
1.000000000000000000e+01
1.000000000000000000e+01
1.000000000000000000e+01
1.000000000000000000e+01
1.000000000000000000e+01
1.000000000000000000e+01
1.000000000000000000e+01
1.000000000000000000e+01
1.000000000000000000e+01
1.000000000000000000e+01
1.000000000000000000e+01
1.000000000000000000e+01
1.000000000000000000e+01
1.000000000000000000e+01
1.000000000000000000e+01
1.000000000000000000e+01
1.000000000000000000e+01
1.000000000000000000e+01
1.000000000000000000e+01
1.000000000000000000e+01
1.000000000000000000e+01
9.999999772003802079e+00
9.999999810976635928e+00
9.930173518787537290e+00
9.800497684570483869e+00
9.686648642130178288e+00
9.612727407048479833e+00
9.576020686141804461e+00
9.564413791565929301e+00
9.565819771676562056e+00
9.571761604860194339e+00
9.577661027388005621e+00
9.581787551467211728e+00
9.584010260056038177e+00
9.584846128654614716e+00
9.584905062412111931e+00
9.584650635838691812e+00
9.584352726311379911e+00
9.584127012946538571e+00
9.583996001356121397e+00
9.583940059713302873e+00
9.583929358777819374e+00
9.583939069395286836e+00
9.583953659863885477e+00
9.583965763489274536e+00
9.583973316010359511e+00
9.583976886722641808e+00
9.583977878097719838e+00
9.583977592198397844e+00
9.583976905124353962e+00
9.583976269906088419e+00
9.583975843589010779e+00
9.583975623759441120e+00
9.583975548009604495e+00
9.583975549673938943e+00
9.583975580317494192e+00
9.583975612871530103e+00
9.583975636456850467e+00
9.583975649603893032e+00
9.583975654861784932e+00
9.583975655550339923e+00
9.583975654293976021e+00
9.583975652671258061e+00
9.583975651392297124e+00
9.583975650624990905e+00
9.583975650281123748e+00
9.583975650200796892e+00
9.583975650244619615e+00
9.583975650322706485e+00
9.583975650390710754e+00
9.583975650434521043e+00
9.583975650456153517e+00
9.583975650462907225e+00
9.583975650461974638e+00
9.583975650458402384e+00
9.583975650454844342e+00
9.583975650452432049e+00
9.583975650451076689e+00
9.583975650450657469e+00
9.583975650450655692e+00
9.583975650453023576e+00
9.583975650453277595e+00
9.583975650452593698e+00
9.583975650454094719e+00
9.583975650453892214e+00
9.583975650452986272e+00
9.583975650452027040e+00
9.583975650451362682e+00
9.583975650451128203e+00
9.583975650451113992e+00
9.583975650451217021e+00
9.583975650451252548e+00
9.583975650451241890e+00
9.583975650451261430e+00
9.583975650451254324e+00
9.583975650451270312e+00
9.583975650451259654e+00
9.583975650451254324e+00
9.583975650451268535e+00
9.583975650451261430e+00
9.583975650451254324e+00
9.583975650451268535e+00
9.583975650451261430e+00
9.583975650451250772e+00
9.583975650451241890e+00
9.583975650451247219e+00
9.583975650451243666e+00
9.583975650451261430e+00
9.583975650451248995e+00
9.583975650451263206e+00
9.583975650451256101e+00
9.583975650451264983e+00
9.583975650451257877e+00
9.583975650451243666e+00
9.583975650451263206e+00
9.583975650451257877e+00
9.583975650451264983e+00
9.583975650451256101e+00
9.583975650451264983e+00
9.583975650451257877e+00
9.583975650451264983e+00
9.583975650451256101e+00
9.583975650451264983e+00
9.583975650451257877e+00
9.583975650451264983e+00
9.583975650451248995e+00
9.583975650451263206e+00
9.583975650451248995e+00
9.583975650451261430e+00
9.583975650451247219e+00
9.583975650451245443e+00
9.583975650451243666e+00
9.583975650451264983e+00
9.583975650451259654e+00
9.583975650451248995e+00
9.583975650451268535e+00
9.583975650451259654e+00
9.583975650451254324e+00
9.583975650451243666e+00
9.583975650451263206e+00
9.583975650451254324e+00
9.583975650451270312e+00
9.583975650451261430e+00
9.583975650451250772e+00
9.583975650451268535e+00
9.583975650451259654e+00
9.583975650451248995e+00
9.583975650451268535e+00
9.583975650451259654e+00
9.583975650451254324e+00
9.583975650451241890e+00
9.583975650451264983e+00
9.583975650451256101e+00
9.583975650451257877e+00
9.583975650451257877e+00
9.583975650451257877e+00
9.583975650451243666e+00
9.583975650451264983e+00
9.583975650451257877e+00
9.583975650451243666e+00
9.583975650451263206e+00
9.583975650451250772e+00
9.583975650451241890e+00
9.583975650451261430e+00
9.583975650451254324e+00
9.583975650451243666e+00
9.583975650451263206e+00
9.583975650451248995e+00
9.583975650451263206e+00
9.583975650451248995e+00
9.583975650451241890e+00
9.583975650451247219e+00
9.583975650451241890e+00
9.583975650451261430e+00
9.583975650451248995e+00
9.583975650451245443e+00
9.583975650451243666e+00
9.583975650451261430e+00
9.583975650451254324e+00
9.583975650451243666e+00
9.583975650451263206e+00
9.583975650451250772e+00
9.583975650451268535e+00
9.583975650451261430e+00
9.583975650451248995e+00
9.583975650451245443e+00
9.583975650451243666e+00
9.583975650451243666e+00
9.583975650451263206e+00
9.583975650451256101e+00
9.583975650451243666e+00
9.583975650451261430e+00
9.583975650451254324e+00
9.583975650451268535e+00
9.583975650451261430e+00
9.583975650451254324e+00
9.583975650451270312e+00
9.583975650451261430e+00
9.583975650451250772e+00
9.583975650451266759e+00
9.583975650451259654e+00
9.583975650451257877e+00
9.583975650451257877e+00
9.583975650451257877e+00
9.583975650451243666e+00
9.583975650451263206e+00
9.583975650451250772e+00
9.583975650451266759e+00
9.583975650451259654e+00
9.583975650451252548e+00
9.583975650451240114e+00
9.583975650451261430e+00
0.000000000000000000e+00
0.000000000000000000e+00
0.000000000000000000e+00
0.000000000000000000e+00
0.000000000000000000e+00
0.000000000000000000e+00
0.000000000000000000e+00
0.000000000000000000e+00
0.000000000000000000e+00
0.000000000000000000e+00
0.000000000000000000e+00
0.000000000000000000e+00
0.000000000000000000e+00
0.000000000000000000e+00
0.000000000000000000e+00
0.000000000000000000e+00
0.000000000000000000e+00
0.000000000000000000e+00
0.000000000000000000e+00
0.000000000000000000e+00
0.000000000000000000e+00
0.000000000000000000e+00
0.000000000000000000e+00
0.000000000000000000e+00
0.000000000000000000e+00
0.000000000000000000e+00
0.000000000000000000e+00
0.000000000000000000e+00
0.000000000000000000e+00
0.000000000000000000e+00
0.000000000000000000e+00
0.000000000000000000e+00
0.000000000000000000e+00
0.000000000000000000e+00
0.000000000000000000e+00
0.000000000000000000e+00
0.000000000000000000e+00
0.000000000000000000e+00
0.000000000000000000e+00
0.000000000000000000e+00
0.000000000000000000e+00
0.000000000000000000e+00
0.000000000000000000e+00
0.000000000000000000e+00
0.000000000000000000e+00
0.000000000000000000e+00
0.000000000000000000e+00
0.000000000000000000e+00
0.000000000000000000e+00
0.000000000000000000e+00
6.545555103722969226e-02
1.204533911452034589e+00
2.356930513220850898e+00
3.111324405899902779e+00
3.451038786601898778e+00
3.514782772832738100e+00
3.451638028703362338e+00
3.362481422833621281e+00
3.294643539438180557e+00
3.258608636999134944e+00
3.247229223503969475e+00
3.249174152275621452e+00
3.255489148159244284e+00
3.261252140580943149e+00
3.264790588160690010e+00
3.266248488140586659e+00
3.266407987816050351e+00
3.266019589056117223e+00
3.265559348518324079e+00
3.265232824850806459e+00
3.265071168266409973e+00
3.265028531225678599e+00
3.265045915320942793e+00
3.265079973436473271e+00
3.265108437246324602e+00
3.265124826881332432e+00
3.265130908681011856e+00
3.265130956782803295e+00
3.265128701163824143e+00
3.265126361177303149e+00
3.265124807508602789e+00
3.265124095190085729e+00
3.265123954820275287e+00
3.265124076357713179e+00
3.265124254661849967e+00
3.265124392128680775e+00
3.265124466045048468e+00
3.265124493986688137e+00
3.265124490770888510e+00
3.265124476870326919e+00
3.265124463781058584e+00
3.265124455576572160e+00
3.265124452092631469e+00
3.265124451616213896e+00
3.265124452446314329e+00
3.265124453481365485e+00
3.265124454232112949e+00
3.265124454612574834e+00
3.265124454719610103e+00
3.265124454685579103e+00
3.265124454609996896e+00
3.265124454545091925e+00
3.265124454506917129e+00
3.265124454492215111e+00
3.265124454491605377e+00
3.265124454496503681e+00
3.265124454501819873e+00
3.265124454505403229e+00
3.265124458467973945e+00
3.265124458584493627e+00
3.265124457202507102e+00
3.265124455735842979e+00
3.265124454749980476e+00
3.265124454291077782e+00
3.265124454192437131e+00
3.265124454264808573e+00
3.265124454376710617e+00
3.265124454464466197e+00
3.265124454512330132e+00
3.265124454528366638e+00
3.265124454526744380e+00
3.265124458479871539e+00
3.265124458588642309e+00
3.265124461163161129e+00
3.265124459811060031e+00
3.265124457443507655e+00
3.265124455518999547e+00
3.265124454435451185e+00
3.265124454049550984e+00
3.265124458023902498e+00
3.265124458300159738e+00
3.265124461039036863e+00
3.265124459792650757e+00
3.265124457471623387e+00
3.265124455554937022e+00
3.265124454461771908e+00
3.265124454063037973e+00
3.265124458027796717e+00
3.265124458299061505e+00
3.265124457075575748e+00
3.265124455713377838e+00
3.265124454774969376e+00
3.265124454325352588e+00
3.265124454218228500e+00
3.265124454278371946e+00
3.265124454380869512e+00
3.265124454463576686e+00
3.265124454509888974e+00
3.265124458487049353e+00
3.265124458602406410e+00
3.265124457213728348e+00
3.265124455740591625e+00
3.265124454750634619e+00
3.265124454289994205e+00
3.265124454191041803e+00
3.265124458224623272e+00
3.265124458453145362e+00
3.265124457159562343e+00
3.265124455741426068e+00
3.265124454772021512e+00
3.265124454311699953e+00
3.265124454205287741e+00
3.265124454270201149e+00
3.265124454377393626e+00
3.265124454463114390e+00
3.265124454510686558e+00
3.265124454527168485e+00
3.265124454526115549e+00
3.265124454518784081e+00
3.265124454511647123e+00
3.265124454507109419e+00
3.265124454505133222e+00
3.265124458465666013e+00
3.265124458582206568e+00
3.265124461161906577e+00
3.265124459812210667e+00
3.265124457445169881e+00
3.265124455520264313e+00
3.265124454436120427e+00
3.265124454049765479e+00
3.265124454063008219e+00
3.265124458183938927e+00
3.265124458459784940e+00
3.265124457181816542e+00
3.265124455761799549e+00
3.265124454784550156e+00
3.265124454316827851e+00
3.265124458166667409e+00
3.265124458345810776e+00
3.265124461031895020e+00
3.265124459768017573e+00
3.265124461409829593e+00
3.265124459617990027e+00
3.265124457151301396e+00
3.265124455291415817e+00
3.265124458272805619e+00
3.265124458085661541e+00
3.265124456763015992e+00
3.265124459433391468e+00
3.265124458722529877e+00
3.265124456978695910e+00
3.265124459414004754e+00
3.265124458620794812e+00
3.265124456881296044e+00
3.265124455391444247e+00
3.265124454517248864e+00
3.265124454182070313e+00
3.265124454168428336e+00
3.265124454281439270e+00
3.265124458363769744e+00
3.265124458562108423e+00
3.265124457218966381e+00
3.265124455761283517e+00
3.265124454769930740e+00
3.265124458262851803e+00
3.265124458273075181e+00
3.265124456959728416e+00
3.265124455603982234e+00
3.265124454706290091e+00
3.265124454296111089e+00
3.265124458175026056e+00
3.265124458362306026e+00
3.265124457084856324e+00
3.265124455698934280e+00
3.265124454756600958e+00
3.265124454311879809e+00
3.265124454211332683e+00
3.265124454276349120e+00
3.265124454381399755e+00
3.265124454464902737e+00
3.265124454511049379e+00
3.265124454526901143e+00
3.265124454525725195e+00
3.265124454518511854e+00
3.265124454511537433e+00
3.265124454507069451e+00
3.265124454505138107e+00
3.265124454504814810e+00
3.265124458466111879e+00
3.265124458582827849e+00
3.265124457201535435e+00
3.265124455735477049e+00
3.265124454749988470e+00
3.265124454291245204e+00
3.265124454192604997e+00
3.265124454264920484e+00
3.265124454376738594e+00
3.265124454464440440e+00
3.265124454512315033e+00
3.265124454528341325e+00
3.265124454526724396e+00
3.265124454518967045e+00
3.265124454511586283e+00
3.265124454506931784e+00
3.265124458465812118e+00
3.265124458581669664e+00
3.265124457200433650e+00
3.265124455734766951e+00
3.265124454749640748e+00
3.265124454291158607e+00
3.265124458153494835e+00
3.265124458341963631e+00
3.265124457072070996e+00
3.265124455693510175e+00
3.265124454755839345e+00
3.265124454313177882e+00
3.265124454212922078e+00
3.265124454277522847e+00
3.265124454382009933e+00
3.265124458425960885e+00
3.265124458587995271e+00
3.265124457222048360e+00
3.265124455754626176e+00
3.265124454761922923e+00
3.265124454296268741e+00
3.265124454193208514e+00
3.265124454263616638e+00
3.265124454375187835e+00
3.265124454463348425e+00
3.265124454511784347e+00
3.265124454528256948e+00
3.265124454526834974e+00
3.265124454519122477e+00
3.265124458472568048e+00
3.265124458583992251e+00
3.265124457200265340e+00
3.265124459694594972e+00
3.265124458825670928e+00
3.265124456985872836e+00
3.265124455421432703e+00
3.265124454508443019e+00
3.265124454161647094e+00
3.265124458111590577e+00
3.265124458347910874e+00
3.265124457094084942e+00
3.265124455713893425e+00
3.265124454768459916e+00
3.265124454318436786e+00
3.265124454213565564e+00
