7.830914987452435305e-01
1.574381778454564174e+00
2.346012713716227438e+00
3.095615872942167446e+00
3.821013865268464649e+00
4.520220808787381195e+00
5.191441906145238150e+00
5.833209768937543949e+00
6.444183150270444749e+00
7.023144353824887887e+00
7.569173500714034830e+00
8.081513200692347354e+00
8.559478953694224401e+00
9.002856192201265983e+00
9.411304140626715053e+00
9.741524136552806468e+00
9.938822676995325622e+00
1.000000000000000000e+01
1.000000000000000000e+01
1.000000000000000000e+01
1.000000000000000000e+01
1.000000000000000000e+01
1.000000000000000000e+01
1.000000000000000000e+01
1.000000000000000000e+01
1.000000000000000000e+01
1.000000000000000000e+01
1.000000000000000000e+01
1.000000000000000000e+01
1.000000000000000000e+01
9.999986309187036682e+00
9.980485321649707586e+00
9.942359310431163166e+00
9.886468827735880538e+00
9.813766000131137091e+00
9.725252894069612353e+00
9.621862403990064649e+00
9.504545125963531405e+00
9.374347511199871974e+00
9.232317102268522646e+00
9.079421564475831374e+00
8.916630390135329876e+00
8.744911460233756983e+00
8.565294664859081308e+00
8.378777435827418074e+00
8.186292019222692673e+00
7.988756525011032394e+00
7.787072280397141277e+00
7.582121319684812732e+00
7.374764027396988553e+00
7.165836931659682385e+00
6.956150652101257492e+00
6.746518030590208603e+00
6.537688779125168992e+00
6.330377453024955692e+00
6.125266362598882353e+00
5.923004366000722776e+00
5.724205820256492494e+00
5.529449688804632501e+00
5.339278800943620062e+00
5.154199264249493595e+00
4.974680025339784706e+00
4.801152576126893834e+00
4.634030782586744834e+00
4.473687445626804760e+00
4.320444696981899924e+00
4.174586929966408455e+00
4.036361168513669107e+00
3.905977557332280803e+00
3.783609965397527031e+00
3.669396697511104755e+00
3.563441309099700582e+00
3.465813515892397056e+00
3.376550195519847808e+00
3.295656468800476802e+00
3.223181852746289433e+00
3.159072932296560499e+00
3.103245692614344353e+00
3.055588894998454652e+00
3.015965514371036438e+00
2.984214214404155019e+00
2.960150863002106725e+00
2.943570075455373747e+00
2.934247199991105504e+00
2.932015406875817742e+00
2.936611827060455759e+00
2.947758241584531813e+00
2.965162723789187993e+00
2.988521270570624111e+00
3.017519413914253157e+00
3.051833810360070842e+00
3.091133799070314492e+00
3.135082927730436619e+00
3.183340437736112527e+00
3.235578503404808348e+00
3.291474241744034135e+00
3.350679201904960713e+00
3.412845993369016728e+00
3.477629548138394089e+00
3.544688323543784048e+00
3.613685446068373608e+00
3.684289795260941247e+00
3.756177021923147841e+00
3.829030502407291259e+00
3.902542226549714055e+00
3.976413617829686054e+00
4.050356285841319348e+00
4.124092710577689225e+00
4.197356858803452440e+00
4.269894731939928079e+00
4.341464848579522418e+00
4.411838659899242288e+00
4.480800897811525019e+00
4.548149862372779850e+00
4.613697645445253848e+00
4.677270293981138138e+00
4.738707914484154848e+00
4.797864721156405388e+00
4.854609029060917180e+00
4.908823195366539771e+00
4.960403510351645728e+00
5.009260041308222888e+00
5.055316431287860013e+00
5.098509655548479458e+00
5.138789737635942600e+00
5.176119430773153063e+00
5.210473861170945575e+00
5.241840142052622831e+00
5.270216957440595706e+00
5.295614121108427774e+00
5.318052109507285685e+00
5.337561575030554728e+00
5.354182840226555662e+00
5.367965376222532115e+00
5.378980441391489897e+00
5.387301953346330663e+00
5.393002875901181881e+00
5.396162999366336699e+00
5.396868384898553472e+00
5.395210806587424024e+00
5.391287194486610090e+00
5.385199080369006630e+00
5.377052047492800746e+00
5.366955189219760669e+00
5.355020572095321008e+00
5.341362711306418376e+00
5.326098056713945539e+00
5.309344491656037945e+00
5.291220845681618101e+00
5.271846422720909864e+00
5.251340545551885342e+00
5.229822117688162741e+00
5.207409203276221810e+00
5.184218626702756794e+00
5.160365591578354838e+00
5.135963320310548141e+00
5.111122714637683195e+00
5.085952037254221736e+00
5.060556616539052754e+00
5.035038571136135843e+00
5.009496558331887783e+00
4.984025543997353758e+00
4.958716594927540022e+00
4.933656693483387201e+00
4.908928573871232715e+00
4.884610580492636522e+00
4.860776547657118307e+00
4.837495700398729781e+00
4.814832575350935784e+00
4.792846964130309750e+00
4.771593872979998707e+00
4.751123503713468033e+00
4.731481252344790889e+00
4.712707726092062011e+00
4.694838775758321425e+00
4.677905546478645427e+00
4.661934542459423625e+00
4.646947707174372333e+00
4.632962515960227456e+00
4.619992083355248802e+00
4.608045281225003009e+00
4.597126868728468096e+00
4.587237631780266334e+00
4.578374532409951847e+00
4.570530866388504698e+00
4.563696428377246761e+00
4.557857683701306506e+00
4.552997945858791695e+00
4.549097558888907322e+00
4.546134083737254805e+00
4.544082487774250723e+00
4.542915336642879609e+00
4.542602987634639433e+00
4.543113783817398499e+00
4.544414248165734804e+00
4.546469276973037488e+00
4.549242331854974175e+00
4.552695629685752365e+00
4.556790329841667209e+00
4.561486718160607801e+00
4.566744387061277166e+00
4.572522411301732426e+00
4.578779518893249190e+00
4.585474256722324782e+00
4.592565150470719004e+00
4.600010858460573893e+00
4.607770319088777988e+00
4.615802891551638254e+00
4.624068489597535248e+00
4.632527707965562236e+00
4.641141941840616347e+00
4.649873498201016808e+00
4.658685699373346090e+00
4.667542980859021640e+00
4.676410978318259026e+00
4.685256607786297600e+00
4.694048139341925996e+00
4.702755261663571495e+00
4.711349139263503183e+00
4.719802462033237944e+00
4.728089486683713538e+00
4.736186073047008449e+00
4.744069709712782412e+00
4.751719534906277076e+00
4.759116349401745438e+00
4.766242625127212307e+00
4.773082503529114007e+00
4.779621790358127065e+00
4.785847943644821356e+00
4.791750057436422239e+00
4.797318839031459170e+00
4.802546580069992466e+00
4.807427124566011400e+00
4.811955831907808623e+00
4.816129535998491917e+00
4.819946499267944162e+00
4.823406365211251767e+00
4.826510106084071161e+00
4.829259968536539382e+00
4.831659416316481881e+00
4.833713070366291831e+00
4.835426647698472635e+00
4.836806898160123325e+00
4.837861539955824242e+00
4.838599193877900717e+00
4.839029316445465412e+00
4.839162134847991403e+00
4.839008577521258125e+00
4.838580207924242593e+00
4.837889157232535098e+00
4.836948058244881388e+00
4.835769979541717944e+00
4.834368360529451181e+00
4.832756947742105957e+00
4.830949732517949791e+00
4.828960890125485683e+00
4.826804719594535165e+00
4.824495588431330084e+00
4.822047875187869259e+00
4.819475916856235109e+00
4.816793957491506184e+00
4.814016098803390875e+00
4.811156255446516816e+00
4.808228109483509094e+00
4.805245068847076695e+00
4.802220229110901961e+00
4.799166337065885912e+00
4.796095757170332874e+00
4.793020440690796136e+00
4.789951897550409399e+00
4.786901170881517231e+00
4.783878814269644231e+00
4.780894871135731528e+00
4.777958858419474097e+00
4.775079751184978072e+00
4.772265971236068438e+00
4.769525375280577961e+00
4.766865249130247228e+00
4.764292302692258119e+00
4.761812666983395559e+00
4.759431893941642677e+00
4.757154958199348194e+00
4.754986260914699336e+00
4.752929635568545308e+00
4.750988354928024293e+00
4.749165142415708196e+00
4.747462181457864361e+00
4.745881128666211701e+00
4.744423128032582149e+00
4.743088826235369204e+00
4.741878389422829798e+00
4.740791521029415811e+00
4.739827480651841007e+00
4.738985103821404365e+00
4.738262822579244471e+00
4.737658686667329810e+00
4.737170385515167226e+00
4.736795270486441112e+00
4.736530377615460807e+00
4.736372450745762741e+00
4.736317964615315290e+00
6.362877487457188064e-01
1.259482695982208744e+00
1.883231779128097472e+00
2.505277818681125979e+00
3.123375700582851078e+00
3.735381445469543316e+00
4.339256420311008888e+00
4.933070941371769713e+00
5.515007272083892964e+00
6.083362036348356483e+00
6.636548060857261788e+00
7.173095682811846174e+00
7.691664779878091274e+00
8.191097332327464287e+00
8.670289441846000145e+00
9.128253690399082743e+00
9.555498558997385317e+00
9.850382403572121248e+00
1.000000000000000000e+01
1.000000000000000000e+01
1.000000000000000000e+01
1.000000000000000000e+01
1.000000000000000000e+01
1.000000000000000000e+01
1.000000000000000000e+01
1.000000000000000000e+01
1.000000000000000000e+01
1.000000000000000000e+01
1.000000000000000000e+01
1.000000000000000000e+01
1.000000000000000000e+01
1.000000000000000000e+01
1.000000000000000000e+01
1.000000000000000000e+01
1.000000000000000000e+01
1.000000000000000000e+01
1.000000000000000000e+01
1.000000000000000000e+01
1.000000000000000000e+01
1.000000000000000000e+01
1.000000000000000000e+01
1.000000000000000000e+01
1.000000000000000000e+01
1.000000000000000000e+01
1.000000000000000000e+01
1.000000000000000000e+01
1.000000000000000000e+01
1.000000000000000000e+01
1.000000000000000000e+01
1.000000000000000000e+01
1.000000000000000000e+01
1.000000000000000000e+01
1.000000000000000000e+01
1.000000000000000000e+01
9.992985538499219444e+00
9.978892439645127510e+00
9.958026150430720591e+00
9.930703979599512010e+00
9.897253592811813050e+00
9.858024096228019673e+00
9.813417748575821165e+00
9.763780039840682434e+00
9.709460830627014261e+00
9.650813038071804684e+00
9.588191358797857333e+00
9.521951029500254293e+00
9.452446628359091108e+00
9.380030919715247606e+00
9.305053744566908591e+00
9.227860958716631146e+00
9.148793421340204901e+00
9.068186034194054557e+00
8.986366834201502840e+00
8.903656139310340834e+00
8.820365753743770298e+00
8.736799744740022078e+00
8.653261996876471684e+00
8.570031797514129579e+00
8.487377354788641526e+00
8.405555299372721834e+00
8.324810241808338063e+00
8.245374385048744870e+00
8.167467191921986114e+00
8.091295108645640610e+00
8.017051336782619941e+00
7.944915659454534484e+00
7.875054321022303405e+00
7.807619953560135606e+00
7.742760700777411742e+00
7.680606844891341822e+00
7.621271392348371698e+00
7.564853744150792814e+00
7.511439846895304306e+00
7.461102381117168392e+00
7.413900990210273712e+00
7.369882544710472771e+00
7.329081439032326450e+00
7.291519921696995254e+00
7.257208454298979206e+00
7.226146097712215166e+00
7.198320923249195147e+00
7.173710447084361341e+00
7.152282083645888022e+00
7.133993619497752903e+00
7.118793701628729487e+00
7.106622340270802418e+00
7.097411422411603610e+00
7.091085235907264028e+00
7.087561000372408770e+00
7.086749402508043083e+00
7.088555136819943314e+00
7.092877446569973543e+00
7.099610661310797433e+00
7.108644736136898956e+00
7.119879226532038530e+00
7.133209814288067996e+00
7.148514936597455183e+00
7.165670649158406569e+00
7.184551140043266670e+00
7.205029231627669617e+00
7.226976868859872560e+00
7.250265592634466572e+00
7.274766997805625302e+00
7.300353172985833083e+00
7.326897123187204208e+00
7.354273174875044283e+00
7.382357360624055787e+00
7.411027782459553848e+00
7.440164957173693416e+00
7.469652138447369971e+00
7.499375620565082556e+00
7.529225017061339287e+00
7.559093519535341699e+00
7.588878134459036140e+00
7.618479896682930352e+00
7.647804065473681412e+00
7.676760293586650796e+00
7.705262777483728343e+00
7.733230386664941669e+00
7.760586771462389066e+00
7.787260450846568816e+00
7.813184879943890770e+00
7.838298498310146911e+00
7.862544759218398127e+00
7.885872141140468194e+00
7.908234139424396680e+00
7.929589245949741461e+00
7.949900906759984842e+00
7.969137466850240159e+00
7.987272100845385303e+00
8.004282729189656109e+00
8.020151919949958241e+00
8.034866779684671556e+00
8.048418832250868959e+00
8.060803886948020747e+00
8.072021897250529321e+00
8.082076810282570634e+00
8.090976407436238915e+00
8.098732138841150174e+00
8.105358950777066696e+00
8.110875106868030926e+00
8.115302007463212064e+00
8.118663999927287378e+00
8.120988188450930068e+00
8.122304243368345666e+00
8.122644206452992677e+00
8.122042293170437688e+00
8.120534700025334729e+00
8.118159406086121521e+00
8.114955980960740334e+00
8.110965392276108687e+00
8.106229813170498844e+00
8.100792435352111909e+00
8.094697284596950482e+00
8.087989042134294593e+00
8.080717661214196212e+00
8.072931242765333693e+00
8.064674801305997676e+00
8.055993311334255225e+00
8.046931557810113489e+00
8.037533990502192083e+00
8.027844587157639822e+00
8.017906721012497684e+00
8.007763036455251893e+00
7.997455330776967131e+00
7.987024444348787000e+00
7.976510156647290017e+00
7.965951089958970499e+00
7.955384620778378491e+00
7.944846798123692544e+00
7.934372270162355356e+00
7.923994217342124280e+00
7.913744293509010319e+00
7.903652572881547655e+00
7.893747506990195006e+00
7.884055884724458174e+00
7.874602804929147659e+00
7.865411649981487230e+00
7.856504069811926172e+00
7.847899970553267934e+00
7.839617510454213622e+00
7.831673101555630900e+00
7.824081416894332897e+00
7.816855404612840452e+00
7.810006305494238354e+00
7.803543676604553170e+00
7.797475420348302322e+00
7.791807817274154502e+00
7.786545563591390717e+00
7.781691811959966287e+00
7.777248217082479265e+00
7.773214984654608806e+00
7.769590922038954517e+00
7.766373493372315195e+00
7.763558876967993072e+00
7.761142024596447975e+00
7.759116722886892248e+00
7.757475656695516975e+00
7.756210473698752494e+00
7.755314502123908049e+00
7.754778811954679441e+00
7.754592191389476419e+00
7.754742639337420584e+00
7.755217434921985564e+00
7.756003207126997978e+00
7.757086004151873659e+00
7.758451362245822658e+00
7.760084373883762154e+00
7.761969754688588630e+00
7.764091909718484175e+00
7.766434998040304905e+00
7.768982995866287489e+00
7.771719758124579158e+00
7.774629078353496148e+00
7.777694746221587963e+00
7.780900603110450398e+00
7.784230595427413135e+00
7.787668826729492011e+00
7.791199605230367808e+00
7.794807491162768720e+00
7.798477340011758407e+00
7.802194343818674938e+00
7.805944070126231260e+00
7.809712496670413451e+00
7.813486045623254661e+00
7.817251613878474892e+00
7.820996600140927235e+00
7.824708930194973711e+00
7.828377079148046036e+00
7.831990090676486105e+00
7.835537594527467675e+00
7.839009820519208915e+00
7.842397610195049218e+00
7.845692426330844071e+00
7.848886359023715009e+00
7.851972130340897138e+00
7.854943096326151952e+00
7.857793246762364348e+00
7.860517202773025680e+00
7.863110212349118555e+00
7.865568143892243569e+00
7.867887477868145574e+00
7.870065296667902111e+00
7.872099272776567958e+00
7.873987655351297299e+00
7.875729254973807159e+00
7.877323428087324331e+00
7.878770058981872104e+00
7.880069541105660491e+00
7.881222757376089127e+00
7.882231058584124206e+00
7.883096243978681805e+00
7.883820536961610337e+00
7.884406561319907247e+00
7.884857320904769651e+00
7.885176172731658717e+00
7.885366803773543154e+00
7.885433205297260884e+00
7.885379650060466261e+00
7.885210666574645089e+00
7.884931014715039765e+00
7.884545660808581324e+00
7.884059752348916206e+00
7.883478594877712631e+00
7.882807627200573819e+00
7.882052399296529011e+00
7.881218548094522269e+00
7.880311774699661598e+00
7.879337824039013505e+00
7.878302463555148627e+00
7.877211461260899661e+00
7.876070566745574375e+00
7.874885492128462339e+00
7.873661893767954112e+00
7.872405355455875053e+00
7.871121371127072663e+00
7.869815329683521377e+00
7.868492500356348174e+00
7.867158019007069569e+00
7.865816875381135276e+00
0.000000000000000000e+00
0.000000000000000000e+00
0.000000000000000000e+00
0.000000000000000000e+00
0.000000000000000000e+00
0.000000000000000000e+00
5.092966448778601073e-03
3.205239978512745141e-02
7.997762133775933313e-02
1.480759539158110760e-01
2.354314163906507107e-01
3.410195376073545392e-01
4.638775023505636308e-01
6.030115347733888687e-01
7.573164415522222193e-01
9.256729492075034260e-01
1.107088534967797466e+00
1.300434017726459723e+00
1.504563362924047798e+00
1.718333982633349466e+00
1.940666665970906646e+00
2.170505411889735115e+00
2.406728544348450960e+00
2.648233208213163881e+00
2.893938820340529627e+00
3.142790293097015741e+00
3.393761027947808540e+00
3.645855672169602268e+00
3.898162958357350050e+00
4.149746324218732241e+00
4.399707267127452859e+00
4.647187598166169664e+00
4.891371093489583544e+00
5.131484915695551763e+00
5.366800804277472636e+00
5.596636047194341934e+00
5.820354236915668444e+00
6.037365818042235155e+00
6.247128433949806769e+00
6.449155406188260109e+00
6.643042600076772608e+00
6.828394378379141649e+00
7.004861160619443972e+00
7.172138896762580096e+00
7.329968396650364149e+00
7.478134523127694777e+00
7.616465259088438522e+00
7.744830656631303434e+00
7.863141677433564958e+00
7.971378997466588068e+00
8.069591175217464496e+00
8.157803667500751033e+00
8.236076621371907436e+00
8.304503344572379930e+00
8.363208720817251418e+00
8.412347577154557499e+00
8.452103011402554600e+00
8.482744660157516492e+00
8.504525661363445010e+00
8.517700738373417124e+00
8.522545438275791696e+00
8.519354386399770718e+00
8.508439537469120850e+00
8.490128435352367831e+00
8.464762481421367113e+00
8.432741121723545064e+00
8.394446384037429709e+00
8.350247168893149663e+00
8.300519305018813299e+00
8.245643979535653756e+00
8.186006213214360727e+00
8.121993378957837351e+00
8.053993767910164081e+00
7.982395206698526202e+00
7.907583726168256000e+00
7.829942286563970733e+00
7.749849752698566796e+00
7.667716001650525470e+00
7.583903448161422034e+00
7.498766918745750409e+00
7.412652707899011872e+00
7.325897697635756600e+00
7.238828539695558284e+00
7.151760901340773913e+00
7.064998776951132875e+00
6.978833863080338595e+00
6.893544998871535157e+00
6.809397669036668432e+00
6.726643572843127750e+00
6.645520253989738002e+00
6.566250793589477830e+00
6.489043564009235432e+00
6.414092041297347002e+00
6.341574678782106567e+00
6.271654833463330192e+00
6.204480749741970058e+00
6.140185595617777992e+00
6.078887550381407046e+00
6.020689940667847573e+00
5.965681424108042030e+00
5.913936217099469594e+00
5.865514364452664609e+00
5.820473261032085510e+00
5.778862339677081295e+00
5.740701372973266103e+00
5.705997192218723590e+00
5.674744140007463855e+00
5.646924550965497502e+00
5.622509258092589057e+00
5.601458121317775429e+00
5.583720575075324710e+00
5.569236195918581878e+00
5.557935280422079849e+00
5.549739436641901058e+00
5.544562186297117279e+00
5.542309571788053724e+00
5.542880768156472016e+00
5.546168696709915302e+00
5.552060638278893734e+00
5.560438843821647659e+00
5.571181140351810335e+00
5.584161530406727358e+00
5.599250780903116009e+00
5.616317004921817180e+00
5.635226228092161449e+00
5.655842943268388545e+00
5.678038144786326846e+00
5.701684472926915603e+00
5.726643542759124905e+00
5.752777443097632393e+00
5.779949212676330994e+00
5.808023295210134052e+00
5.836865972047202256e+00
5.866345772168234163e+00
5.896333858555532714e+00
5.926704390677636880e+00
5.957334861970819517e+00
5.988106414350380824e+00
6.018904125338212729e+00
6.049617272229209419e+00
6.080139569745607098e+00
6.110369384226184586e+00
6.140209921317300257e+00
6.169569392429116839e+00
6.198361152778777416e+00
6.226503818694284931e+00
6.253921360929643569e+00
6.280543174959382746e+00
6.306304129135785530e+00
6.331144593739534088e+00
6.355010446009474734e+00
6.377853056197396953e+00
6.399629255992857146e+00
6.420301287860736394e+00
6.439836736481256985e+00
6.458208444404752946e+00
6.475394411901441494e+00
6.491377682300966789e+00
6.506146213583850368e+00
6.519692737170015739e+00
6.532014605745478875e+00
6.543113629324066594e+00
6.552995902535405648e+00
6.561671622619894784e+00
6.569154899857752916e+00
6.575463561220688646e+00
6.580622108408828552e+00
6.584661745425330892e+00
6.587609932005931590e+00
6.589496954573933252e+00
6.590355714081015392e+00
6.590221512352607114e+00
6.589131838189698165e+00
6.587126153667600903e+00
6.584245680736064976e+00
6.580533192368398510e+00
6.576032801991678056e+00
6.570789758772445310e+00
6.564850245710944776e+00
6.558261182208329210e+00
6.551070031207374633e+00
6.543324611115880707e+00
6.535072915921354308e+00
6.526362937489905924e+00
6.517242497486329889e+00
6.507759084384969306e+00
6.497959699174232995e+00
6.487890707597544271e+00
6.477597700261931379e+00
6.467125360833496650e+00
6.456517342331517639e+00
6.445816150419411805e+00
6.435063038617444775e+00
6.424297906635568545e+00
6.413559212508465279e+00
6.402883888155519898e+00
6.392307268370268858e+00
6.381863023603727036e+00
6.371583102719452718e+00
6.361497686609581592e+00
6.351635145578007347e+00
6.342022007059885169e+00
6.332682930385859166e+00
6.323640689686733651e+00
6.314916162581894810e+00
6.306528328172229969e+00
6.298494269726508499e+00
6.290829185417917913e+00
6.283546404744750902e+00
6.276657410256913039e+00
6.270171867469373161e+00
6.264097655893841043e+00
6.258440910060061313e+00
6.253206061229027668e+00
6.248395884674229350e+00
6.244011553621435340e+00
6.240052692165885873e+00
6.236517436733433506e+00
6.233402496112820046e+00
6.230703217076916545e+00
6.228413651300467535e+00
6.226526624609939553e+00
6.225033807972085498e+00
6.223925789988284052e+00
6.223192150472033113e+00
6.222821534782003283e+00
6.222801728746549799e+00
6.223119733857545910e+00
6.223761842421609458e+00
6.224713712404157384e+00
6.225960441121324074e+00
6.227486640700838016e+00
6.229276508734942652e+00
6.231313899987621419e+00
6.233582396464995234e+00
6.236065375393860855e+00
6.238746075764598054e+00
6.241607662569551351e+00
6.244633289056527481e+00
6.247806157000548311e+00
6.251109573870287761e+00
6.254527008059409532e+00
6.258042141323667096e+00
6.261638918390239006e+00
6.265301593887014242e+00
6.269014776548847756e+00
6.272763469639474287e+00
6.276533111194142478e+00
6.280309607323713017e+00
6.284079364624091113e+00
6.287829320732879701e+00
6.291546970615004675e+00
6.295220388869836370e+00
6.298838250796808147e+00
6.302389849940131406e+00
6.305865112968061403e+00
6.309254611667798329e+00
6.312549572059846348e+00
6.315741881349635101e+00
6.318824091006337795e+00
6.321789419278387001e+00
6.324631750020111909e+00
6.327345629353079204e+00
6.329926260219096434e+00
6.332369495020738981e+00
6.334671825946892376e+00
6.336830373392788651e+00
6.338842872802058714e+00
6.340707659128404394e+00
6.342423652374310272e+00
6.343990337424916248e+00
6.345407745050584580e+00
6.346676433151104746e+00
6.347797463567945719e+00
6.348772379859467740e+00
6.349603183975677467e+00
6.350292312166372355e+00
6.350842610133261346e+00
6.351257307842160138e+00
6.351539993648795068e+00
6.351694588352931881e+00
6.351725318928234110e+00
6.351636692208413315e+00
6.351433468546890282e+00
6.351120635563204608e+00
6.350703382046252621e+00
6.350187072177826408e+00
6.349577219936575645e+00
6.348879464328271105e+00
6.348099544570196429e+00
6.347243276197848338e+00
6.346316527597623214e+00
6.345325197442002185e+00
6.344275192642736094e+00
6.343172407256174594e+00
6.342022702031883341e+00
6.340831885093011877e+00
6.339605693426361377e+00
6.338349775087299243e+00
6.337069672001920395e+00
6.679615711618402951e-01
1.321334346044198860e+00
1.979101006454895728e+00
2.638752017285640239e+00
3.297864407479550675e+00
3.954107552215181176e+00
4.605248325543805699e+00
5.249174044397611816e+00
5.883858781730794796e+00
6.507366323334765390e+00
7.117873583727501341e+00
7.713698760318928649e+00
8.293281787234095148e+00
8.855165821785066171e+00
9.397987443342168845e+00
9.781621686082237588e+00
9.987746502289274630e+00
1.000000000000000000e+01
1.000000000000000000e+01
1.000000000000000000e+01
1.000000000000000000e+01
1.000000000000000000e+01
1.000000000000000000e+01
1.000000000000000000e+01
1.000000000000000000e+01
1.000000000000000000e+01
1.000000000000000000e+01
1.000000000000000000e+01
1.000000000000000000e+01
1.000000000000000000e+01
1.000000000000000000e+01
1.000000000000000000e+01
1.000000000000000000e+01
1.000000000000000000e+01
1.000000000000000000e+01
1.000000000000000000e+01
1.000000000000000000e+01
1.000000000000000000e+01
1.000000000000000000e+01
1.000000000000000000e+01
1.000000000000000000e+01
1.000000000000000000e+01
1.000000000000000000e+01
1.000000000000000000e+01
1.000000000000000000e+01
1.000000000000000000e+01
1.000000000000000000e+01
1.000000000000000000e+01
1.000000000000000000e+01
1.000000000000000000e+01
1.000000000000000000e+01
1.000000000000000000e+01
1.000000000000000000e+01
1.000000000000000000e+01
1.000000000000000000e+01
1.000000000000000000e+01
1.000000000000000000e+01
1.000000000000000000e+01
1.000000000000000000e+01
1.000000000000000000e+01
1.000000000000000000e+01
1.000000000000000000e+01
1.000000000000000000e+01
1.000000000000000000e+01
1.000000000000000000e+01
1.000000000000000000e+01
1.000000000000000000e+01
1.000000000000000000e+01
1.000000000000000000e+01
1.000000000000000000e+01
1.000000000000000000e+01
1.000000000000000000e+01
1.000000000000000000e+01
1.000000000000000000e+01
1.000000000000000000e+01
1.000000000000000000e+01
1.000000000000000000e+01
1.000000000000000000e+01
1.000000000000000000e+01
1.000000000000000000e+01
1.000000000000000000e+01
1.000000000000000000e+01
1.000000000000000000e+01
1.000000000000000000e+01
1.000000000000000000e+01
1.000000000000000000e+01
1.000000000000000000e+01
1.000000000000000000e+01
1.000000000000000000e+01
1.000000000000000000e+01
1.000000000000000000e+01
1.000000000000000000e+01
1.000000000000000000e+01
1.000000000000000000e+01
1.000000000000000000e+01
1.000000000000000000e+01
1.000000000000000000e+01
1.000000000000000000e+01
1.000000000000000000e+01
1.000000000000000000e+01
1.000000000000000000e+01
1.000000000000000000e+01
1.000000000000000000e+01
1.000000000000000000e+01
1.000000000000000000e+01
9.998389483182263504e+00
9.994752387412058070e+00
9.989172243764345538e+00
9.981736022116152185e+00
9.972533690439458809e+00
9.961657839095698463e+00
9.949203282063400877e+00
9.935266661441968239e+00
9.919946068929331062e+00
9.903340679021464865e+00
9.885550377876398898e+00
9.866675415769027069e+00
9.846816066733991235e+00
9.826072297843317926e+00
9.804543453482770232e+00
9.782327951826198742e+00
9.759527389880252812e+00
9.736241822502226029e+00
9.712564170115562945e+00
9.688585354589985599e+00
9.664394073916376726e+00
9.640076592747627515e+00
9.615716547486702126e+00
9.591394766971271579e+00
9.567189108807367504e+00
9.543174310338823574e+00
9.519421855759611972e+00
9.495999857934579680e+00
9.472972955200415157e+00
9.450402223490181441e+00
9.428345102748732387e+00
9.406855337972453768e+00
9.385982933780196547e+00
9.365774123482983882e+00
9.346271350976513403e+00
9.327513265819463939e+00
9.309534730730760543e+00
9.292366840995084587e+00
9.276036955770413428e+00
9.260568740179500935e+00
9.245982218461342939e+00
9.232293836337012394e+00
9.219517248378600982e+00
9.207668261877266502e+00
9.196753133526488710e+00
9.186774828337103571e+00
9.177733125739932163e+00
9.169624732210753137e+00
9.162443400310495534e+00
9.156180052541023073e+00
9.150822913323374053e+00
9.146357640229677344e+00
9.142767462556918190e+00
9.140033321929436738e+00
9.138134015638975427e+00
9.137046342048767755e+00
9.136745247796296709e+00
9.137203975075877338e+00
9.138394210058615741e+00
9.140286230615739527e+00
9.142849054773938278e+00
9.146050586399645965e+00
9.149857760428156794e+00
9.154236686033051740e+00
9.159152787074201996e+00
9.164570940446546743e+00
9.170455611037670707e+00
9.176770982870518623e+00
9.183481087622276107e+00
9.190549928101328092e+00
9.197941597407174541e+00
9.205620394689503883e+00
9.213550934903365075e+00
9.221698254333647427e+00
9.230027910711910977e+00
9.238506078352408224e+00
9.247099637367382385e+00
9.255776258112822674e+00
9.264504479248598656e+00
9.273253781144152441e+00
9.281994652626849529e+00
9.290698652451570894e+00
9.299338465314775704e+00
9.307887951476041977e+00
9.316322191786753137e+00
9.324617526138382573e+00
9.332751586880069894e+00
9.340703326699395959e+00
9.348453041012410480e+00
9.355982385736286489e+00
9.363274389343017035e+00
9.370313459772198428e+00
9.377085387396967064e+00
9.383577342818430367e+00
9.389777870150700423e+00
9.395676876191755511e+00
9.401265615242461848e+00
9.406536670484154428e+00
9.411483931220924859e+00
9.416102566167328547e+00
9.420388996595832509e+00
9.424340861137999070e+00
9.427956981621980148e+00
9.431237324952270740e+00
9.434182962768216996e+00
9.436796029014200116e+00
9.439079675383082346e+00
9.441038024917743243e+00
9.442676124282858297e+00
9.443999894324475619e+00
9.445016080095298250e+00
9.445732199117433225e+00
9.446156489958632108e+00
9.446297859336969083e+00
9.446165828503447770e+00
9.445770482834852544e+00
9.445122416209668970e+00
9.444232679116483453e+00
9.443112726309212945e+00
9.441774364699513811e+00
9.440229702320211302e+00
9.438491097827183651e+00
9.436571110996593958e+00
9.434482454585209510e+00
9.432237946912762183e+00
9.429850466215826899e+00
9.427332906179529459e+00
9.424698132845326981e+00
9.421958943551478782e+00
9.419128027267179348e+00
9.416217926571373908e+00
9.413241001880772174e+00
9.410209396977618823e+00
9.407135006715920511e+00
9.404029447056100111e+00
9.400904026422043813e+00
9.397769719569463831e+00
9.394637143282526637e+00
9.391516533941892675e+00
9.388417727387610157e+00
9.385350140929972440e+00
9.382322757002720337e+00
9.379344108754999354e+00
9.376422268270371063e+00
9.373564835964607767e+00
9.370778932420618546e+00
9.368071191730287239e+00
9.365447757136541540e+00
9.362914277878061853e+00
9.360475908274079160e+00
9.358137308103854579e+00
9.355902644695190062e+00
9.353775596625819588e+00
9.351759358958299018e+00
9.349856649741774106e+00
9.348069717896658304e+00
9.346400352373267495e+00
9.344849892489021315e+00
9.343419239404758159e+00
9.342108868601362914e+00
9.340918843187456133e+00
9.339848828705774153e+00
9.338898107795619907e+00
9.338065596208979358e+00
9.337349859330576152e+00
9.336749129241429301e+00
9.336261322311985467e+00
9.335884057340312125e+00
9.335614673487635073e+00
9.335450249142654755e+00
9.335387620754687532e+00
9.335423401819781475e+00
9.335554001571102489e+00
9.335775644477068980e+00
9.336084388826693115e+00
9.336476145717115926e+00
9.336946697502732206e+00
9.337491716391904006e+00
9.338106782497545666e+00
9.338787401627529405e+00
9.339529022677595549e+00
9.340327054625150893e+00
9.341176883004960629e+00
9.342073885926819088e+00
9.343013449586154096e+00
9.343990983030460384e+00
9.345001932459942040e+00
9.346041794995961993e+00
9.347106131636207849e+00
9.348190579587456028e+00
9.349290863989327960e+00
9.350402808755458040e+00
9.351522346803273322e+00
9.352645529640600586e+00
9.353768536162313296e+00
0.000000000000000000e+00
0.000000000000000000e+00
0.000000000000000000e+00
0.000000000000000000e+00
0.000000000000000000e+00
0.000000000000000000e+00
0.000000000000000000e+00
0.000000000000000000e+00
0.000000000000000000e+00
0.000000000000000000e+00
0.000000000000000000e+00
0.000000000000000000e+00
0.000000000000000000e+00
0.000000000000000000e+00
0.000000000000000000e+00
0.000000000000000000e+00
0.000000000000000000e+00
0.000000000000000000e+00
0.000000000000000000e+00
0.000000000000000000e+00
0.000000000000000000e+00
0.000000000000000000e+00
0.000000000000000000e+00
0.000000000000000000e+00
0.000000000000000000e+00
0.000000000000000000e+00
0.000000000000000000e+00
0.000000000000000000e+00
0.000000000000000000e+00
0.000000000000000000e+00
0.000000000000000000e+00
0.000000000000000000e+00
0.000000000000000000e+00
0.000000000000000000e+00
0.000000000000000000e+00
0.000000000000000000e+00
0.000000000000000000e+00
0.000000000000000000e+00
0.000000000000000000e+00
0.000000000000000000e+00
0.000000000000000000e+00
0.000000000000000000e+00
0.000000000000000000e+00
0.000000000000000000e+00
0.000000000000000000e+00
0.000000000000000000e+00
0.000000000000000000e+00
2.385618238611093497e-03
1.676592120604994060e-02
4.261404877488710746e-02
7.947911759650784502e-02
1.268006868266662868e-01
1.839836275431872559e-01
2.504179021276641270e-01
3.254815678677040469e-01
4.085437095892809345e-01
4.990278742955620017e-01
5.963172358658730410e-01
6.997633299369977466e-01
8.087193279360082032e-01
9.225425483852233155e-01
1.040596847305766293e+00
1.162254882642828724e+00
1.286900252799965338e+00
1.413929498201448975e+00
1.542753969723532403e+00
1.672814611564567677e+00
1.803574525141598661e+00
1.934493201390016459e+00
2.065051173305844312e+00
2.194751223636018267e+00
2.323119453594475026e+00
2.449706212707099873e+00
2.574086892384767289e+00
2.695862585738123318e+00
2.814660617530891695e+00
2.930134946363883497e+00
3.041966444033482375e+00
3.149863058577996089e+00
3.253559861781467610e+00
3.352818986456464589e+00
3.447459092964121119e+00
3.537298545435274999e+00
3.622180991345683054e+00
3.701975519245798818e+00
3.776576137662833954e+00
3.845901174637802011e+00
3.909892610927835577e+00
3.968515349475794096e+00
4.021756427122062938e+00
4.069624171252552713e+00
4.112147313328197384e+00
4.149374057008824224e+00
4.181371111899347959e+00
4.208222695368297295e+00
4.230029508205857880e+00
4.246923673379559894e+00
4.259065371140565937e+00
4.266596798743384156e+00
4.269672106587428573e+00
4.268456336291881037e+00
4.263124362698437864e+00
4.253859836689746210e+00
4.240854141172473390e+00
4.224305357774301051e+00
4.204417248925254924e+00
4.181398259339963452e+00
4.155460540080229137e+00
4.126818996094467451e+00
4.095690361600404117e+00
4.062292303825041806e+00
4.026842559166288638e+00
3.989558103042372572e+00
3.950654355989058786e+00
3.910344424133617380e+00
3.868854682484287544e+00
3.826392099172100991e+00
3.783156407499058460e+00
3.739342395022247967e+00
3.695139362660485371e+00
3.650730625083038916e+00
3.606293052061678051e+00
3.561996653300515181e+00
3.518004204232556997e+00
3.474470913726726451e+00
3.431544133243478623e+00
3.389363106849564211e+00
3.348058760918680044e+00
3.307753535220478103e+00
3.268561250758134751e+00
3.230587015779437632e+00
3.193927167332876849e+00
3.158669252171002917e+00
3.124892037294666025e+00
3.092665554316108789e+00
3.062051178549486163e+00
3.033101733590269244e+00
3.005861626351329807e+00
2.980367009000282952e+00
2.956646829793589504e+00
2.934734549809182802e+00
2.914642918494176893e+00
2.896377187385420715e+00
2.879935384371946405e+00
2.865308606462040775e+00
2.852481326093312841e+00
2.841431711853586783e+00
2.832131961612727622e+00
2.824548643190797126e+00
2.818643047675762237e+00
2.814371544846566486e+00
2.811685945188777236e+00
2.810533866233473788e+00
2.810859099909726488e+00
2.812601978854124329e+00
2.815699745444879110e+00
2.820086914005023093e+00
2.825695631011559961e+00
2.832456029580735724e+00
2.840296580521852743e+00
2.849144432019741657e+00
2.858925742348067178e+00
2.869566004335096121e+00
2.880990358699965448e+00
2.893123895796886114e+00
2.905891946223995159e+00
2.919220358142026406e+00
2.933035764683485258e+00
2.947265831939636538e+00
2.961839499598084124e+00
2.976687201860993337e+00
2.991741076048909154e+00
3.006935156700377032e+00
3.022205553836659231e+00
3.037490615780764625e+00
3.052731078569471013e+00
3.067870199078210902e+00
3.082853871956958258e+00
3.097630733448589968e+00
3.112152250025721489e+00
3.126372791975553511e+00
3.140249695109962325e+00
3.153743305277246556e+00
3.166817011906835067e+00
3.179437266726674594e+00
3.191573593375375495e+00
3.203198579660291756e+00
3.214287863826850167e+00
3.224820104607344362e+00
3.234776945572274798e+00
3.244142965362499798e+00
3.252905621006254577e+00
3.261055181938440128e+00
3.268584655587388532e+00
3.275489705883766867e+00
3.281768563926967364e+00
3.287421933584187883e+00
3.292452890602043158e+00
3.296866776590331671e+00
3.300671087983924945e+00
3.303875363585567992e+00
3.306491066199387152e+00
3.308531462444446181e+00
3.310011501171460147e+00
3.310947687989867383e+00
3.311357961140020123e+00
3.311261565882109625e+00
3.310678929185062014e+00
3.309631534232059913e+00
3.308141796883085739e+00
3.306232942143879416e+00
3.303928882951355117e+00
3.301254102352031872e+00
3.298233536493779372e+00
3.294892461107743031e+00
3.291256381179000989e+00
3.287350924957923137e+00
3.283201739133249308e+00
3.278834389889583978e+00
3.274274270139880816e+00
3.269546506659921636e+00
3.264675876062459459e+00
3.259686722664862035e+00
3.254602882348241799e+00
3.249447611364106425e+00
3.244243519976700796e+00
3.239012510882516072e+00
3.233775724847687272e+00
3.228553487440985581e+00
3.223365265606395358e+00
3.218229625134695127e+00
3.213164195179970317e+00
3.208185639332514771e+00
3.203309628079742399e+00
3.198550818882182067e+00
3.193922838549980270e+00
3.189438274222539782e+00
3.185108664239157061e+00
3.180944495782478842e+00
3.176955206302441326e+00
3.173149188184920089e+00
3.169533799594197010e+00
3.166115375327707593e+00
3.162899243804071503e+00
3.159889745274771844e+00
3.157090256730151534e+00
3.154503213776828296e+00
3.152130141714966971e+00
3.149971683461313177e+00
3.148027632668523257e+00
3.146296967978949866e+00
3.144777889431533247e+00
3.143467855473903949e+00
3.142363624036595304e+00
3.141461290153626074e+00
3.140756328577796630e+00
3.140243635417266255e+00
3.139917570624808807e+00
3.139772000865987511e+00
3.139800342586491766e+00
3.139995605105204479e+00
3.140350433588171342e+00
3.140857151633768218e+00
3.141507803539140387e+00
3.142294195879632657e+00
3.143207938377738486e+00
3.144240483910736739e+00
3.145383167565012350e+00
3.146627243920245398e+00
3.147963925596322987e+00
3.149384416952270449e+00
3.150879948811005526e+00
3.152441810896059682e+00
3.154061383047739309e+00
3.155730164753077105e+00
3.157439802942919371e+00
3.159182117845810822e+00
3.160949129441367411e+00
3.162733077656068037e+00
3.164526445103353680e+00
3.166321975275859568e+00
3.168112690238536810e+00
3.169891907918678697e+00
3.171653254294755087e+00
3.173390676198526883e+00
3.175098451363132401e+00
3.176771199212581109e+00
3.178403885526468908e+00
3.179991828884173533e+00
3.181530705948559135e+00
3.183016552139176447e+00
3.184445763500306281e+00
3.185815095492809057e+00
3.187121663011459827e+00
3.188362935762825146e+00
3.189536733001248514e+00
3.190641221056292220e+00
3.191674903667521601e+00
3.192636615856863536e+00
