1.000000000000000000e+01
1.000000000000000000e+01
1.000000000000000000e+01
1.000000000000000000e+01
1.000000000000000000e+01
1.000000000000000000e+01
1.000000000000000000e+01
1.000000000000000000e+01
1.000000000000000000e+01
1.000000000000000000e+01
1.000000000000000000e+01
1.000000000000000000e+01
1.000000000000000000e+01
1.000000000000000000e+01
1.000000000000000000e+01
1.000000000000000000e+01
1.000000000000000000e+01
1.000000000000000000e+01
1.000000000000000000e+01
1.000000000000000000e+01
1.000000000000000000e+01
1.000000000000000000e+01
1.000000000000000000e+01
1.000000000000000000e+01
1.000000000000000000e+01
1.000000000000000000e+01
1.000000000000000000e+01
1.000000000000000000e+01
8.540669265120971687e+00
6.758272917182283734e+00
5.451882968629189641e+00
4.764927587319023772e+00
4.543803745587676524e+00
4.573744608140598800e+00
4.688906022248098715e+00
4.797721879441841253e+00
4.867575123700094153e+00
4.899176641070907223e+00
4.905646081312145412e+00
4.900404790916506492e+00
4.892480037579239216e+00
4.886199063285441291e+00
4.882651802322680368e+00
4.881333586304296368e+00
4.881304049590485583e+00
4.881773482019045041e+00
4.882274630162776852e+00
4.882619465799878711e+00
4.882789142578704222e+00
4.882835348739415160e+00
4.882819176625766033e+00
4.882784764912145192e+00
4.882754991138955170e+00
4.882736979209359340e+00
4.882729481503793600e+00
4.882728492561088096e+00
4.882730305870602194e+00
4.882732573483095528e+00
4.882734251752331112e+00
4.882735142595474365e+00
4.882735435357598242e+00
4.882735402804812885e+00
4.882735257732170098e+00
4.882735118692359322e+00
4.882735028649063835e+00
4.882734987447381769e+00
4.882734978621586563e+00
4.882734985047101794e+00
4.882734995101987607e+00
4.882735003156368769e+00
4.882735007745982792e+00
4.882735009478948562e+00
4.882735009545648985e+00
4.882735008957586942e+00
4.882735008318657144e+00
4.882735007874956956e+00
4.882735007654476433e+00
4.882735007592734711e+00
4.882735007611946898e+00
4.882735007655463200e+00
4.882735007693558060e+00
4.882735007716856757e+00
4.882735007726692444e+00
4.882735007728117083e+00
4.882735007725900189e+00
4.882735007723035814e+00
4.882735007720892639e+00
4.882735007719733566e+00
4.882735007719296583e+00
4.882735007719309017e+00
4.882735007719522180e+00
4.882735007719716691e+00
4.882735007719807285e+00
4.882735007719838372e+00
4.882735007719854359e+00
4.882735007719862352e+00
4.882735007719824161e+00
4.882735007719806397e+00
4.882735007719831266e+00
4.882735007719825937e+00
4.882735007719828602e+00
4.882735007719808173e+00
4.882735007719833931e+00
4.882735007719833931e+00
4.882735007719814391e+00
4.882735007719831266e+00
4.882735007719833042e+00
4.882735007719808173e+00
4.882735007719831266e+00
4.882735007719826825e+00
4.882735007719809062e+00
4.882735007719833931e+00
4.882735007719834819e+00
4.882735007719803733e+00
4.882735007719821496e+00
4.882735007719829490e+00
4.882735007719811726e+00
4.882735007719829490e+00
4.882735007719825937e+00
4.882735007719831266e+00
4.882735007719811726e+00
4.882735007719828602e+00
4.882735007719825937e+00
4.882735007719828602e+00
4.882735007719809950e+00
4.882735007719836595e+00
4.882735007719828602e+00
4.882735007719810838e+00
4.882735007719828602e+00
4.882735007719826825e+00
4.882735007719809062e+00
4.882735007719830378e+00
4.882735007719833042e+00
4.882735007719808173e+00
4.882735007719829490e+00
4.882735007719833042e+00
4.882735007719802844e+00
4.882735007719815279e+00
4.882735007719843701e+00
4.882735007719843701e+00
4.882735007719833042e+00
4.882735007719806397e+00
4.882735007719827713e+00
4.882735007719832154e+00
4.882735007719810838e+00
4.882735007719833931e+00
4.882735007719833042e+00
4.882735007719809062e+00
4.882735007719833042e+00
4.882735007719833931e+00
4.882735007719803733e+00
4.882735007719822384e+00
4.882735007719828602e+00
4.882735007719811726e+00
4.882735007719830378e+00
4.882735007719833042e+00
4.882735007719808173e+00
4.882735007719833042e+00
4.882735007719825937e+00
4.882735007719828602e+00
4.882735007719809062e+00
4.882735007719833931e+00
4.882735007719834819e+00
4.882735007719809950e+00
4.882735007719832154e+00
4.882735007719833042e+00
4.882735007719807285e+00
4.882735007719831266e+00
4.882735007719826825e+00
4.882735007719809950e+00
4.882735007719829490e+00
4.882735007719834819e+00
4.882735007719803733e+00
4.882735007719814391e+00
4.882735007719841924e+00
4.882735007719849918e+00
4.882735007719841924e+00
4.882735007719813503e+00
4.882735007719835707e+00
4.882735007719825937e+00
4.882735007719823273e+00
4.882735007719829490e+00
4.882735007719801956e+00
4.882735007719821496e+00
4.882735007719826825e+00
4.882735007719809950e+00
4.882735007719833042e+00
4.882735007719826825e+00
4.882735007719809950e+00
4.882735007719833931e+00
4.882735007719826825e+00
4.882735007719808173e+00
4.882735007719832154e+00
4.882735007719833931e+00
4.882735007719807285e+00
4.882735007719828602e+00
4.882735007719830378e+00
4.882735007719810838e+00
4.882735007719826825e+00
4.882735007719825049e+00
4.882735007719829490e+00
4.882735007719811726e+00
4.882735007719828602e+00
4.882735007719825937e+00
4.882735007719831266e+00
4.882735007719810838e+00
4.882735007719830378e+00
4.882735007719833042e+00
4.882735007719806397e+00
4.882735007719834819e+00
4.882735007719828602e+00
4.882735007719809950e+00
4.882735007719836595e+00
4.882735007719832154e+00
4.882735007719811726e+00
4.882735007719827713e+00
4.882735007719825049e+00
4.882735007719827713e+00
4.882735007719807285e+00
4.882735007719829490e+00
4.882735007719825049e+00
4.882735007719831266e+00
4.882735007719811726e+00
4.882735007719829490e+00
4.882735007719825049e+00
4.882735007719830378e+00
4.882735007719811726e+00
4.882735007719828602e+00
4.882735007719825937e+00
4.882735007719828602e+00
4.882735007719808173e+00
4.882735007719829490e+00
4.882735007719830378e+00
4.882735007719811726e+00
4.882735007719827713e+00
4.882735007719828602e+00
4.882735007719809950e+00
4.882735007719834819e+00
4.882735007719827713e+00
4.882735007719809950e+00
4.882735007719828602e+00
4.882735007719826825e+00
4.882735007719808173e+00
4.882735007719828602e+00
4.882735007719833042e+00
4.882735007719806397e+00
4.882735007719827713e+00
4.882735007719831266e+00
4.882735007719801068e+00
4.882735007719813503e+00
4.882735007719842812e+00
4.882735007719847253e+00
4.882735007719836595e+00
4.882735007719809062e+00
4.882735007719831266e+00
4.882735007719833042e+00
4.882735007719808173e+00
4.882735007719831266e+00
4.882735007719833931e+00
4.882735007719802844e+00
4.882735007719814391e+00
4.882735007719843701e+00
4.882735007719843701e+00
4.882735007719835707e+00
4.882735007719809062e+00
4.882735007719832154e+00
4.882735007719826825e+00
4.882735007719808173e+00
4.882735007719831266e+00
4.882735007719833042e+00
4.882735007719806397e+00
4.882735007719827713e+00
4.882735007719831266e+00
4.882735007719806397e+00
4.882735007719828602e+00
4.882735007719833042e+00
4.882735007719802844e+00
4.882735007719824161e+00
4.882735007719830378e+00
4.882735007719806397e+00
4.882735007719828602e+00
4.882735007719834819e+00
4.882735007719807285e+00
4.882735007719831266e+00
4.882735007719833931e+00
4.882735007719803733e+00
4.882735007719815279e+00
4.882735007719841924e+00
4.882735007719848142e+00
4.882735007719837483e+00
4.882735007719811726e+00
4.882735007719833931e+00
4.882735007719834819e+00
4.882735007719813503e+00
4.882735007719831266e+00
4.882735007719832154e+00
4.882735007719812614e+00
4.882735007719828602e+00
4.882735007719825049e+00
4.882735007719828602e+00
4.882735007719810838e+00
1.000000000000000000e+01
1.000000000000000000e+01
1.000000000000000000e+01
1.000000000000000000e+01
1.000000000000000000e+01
1.000000000000000000e+01
1.000000000000000000e+01
1.000000000000000000e+01
1.000000000000000000e+01
1.000000000000000000e+01
1.000000000000000000e+01
1.000000000000000000e+01
1.000000000000000000e+01
1.000000000000000000e+01
1.000000000000000000e+01
1.000000000000000000e+01
1.000000000000000000e+01
1.000000000000000000e+01
1.000000000000000000e+01
1.000000000000000000e+01
1.000000000000000000e+01
1.000000000000000000e+01
1.000000000000000000e+01
1.000000000000000000e+01
1.000000000000000000e+01
1.000000000000000000e+01
1.000000000000000000e+01
1.000000000000000000e+01
1.000000000000000000e+01
1.000000000000000000e+01
1.000000000000000000e+01
1.000000000000000000e+01
1.000000000000000000e+01
1.000000000000000000e+01
1.000000000000000000e+01
1.000000000000000000e+01
1.000000000000000000e+01
1.000000000000000000e+01
1.000000000000000000e+01
1.000000000000000000e+01
1.000000000000000000e+01
1.000000000000000000e+01
1.000000000000000000e+01
1.000000000000000000e+01
1.000000000000000000e+01
1.000000000000000000e+01
9.662433303630656667e+00
9.032044756703172084e+00
8.485272014428824505e+00
8.139443811895548109e+00
7.977033377237395584e+00
7.934634525857369169e+00
7.951002294381834368e+00
7.984660082745321574e+00
8.014482177011734265e+00
8.033619409124375110e+00
8.042772013829312172e+00
8.045295206898474660e+00
8.044516114995960976e+00
8.042721855315512869e+00
8.041096613755341238e+00
8.040038450300205142e+00
8.039523346352291711e+00
8.039374163971482190e+00
8.039410321607855181e+00
8.039505792822847496e+00
8.039594290521016262e+00
8.039652757852415732e+00
8.039681714728876827e+00
8.039690488315642369e+00
8.039688870401171528e+00
8.039683800303281558e+00
8.039678985562494162e+00
8.039675757450115867e+00
8.039674131511127086e+00
8.039673618007592282e+00
8.039673686508839623e+00
8.039673955202733424e+00
8.039674216919900473e+00
8.039674395018037600e+00
8.039674486212524229e+00
8.039674516138758165e+00
8.039674513503872078e+00
8.039674499296472376e+00
8.039674485082477062e+00
8.039674475263135278e+00
8.039674470153091335e+00
8.039674468415279662e+00
8.039674468497773674e+00
8.039674469249323607e+00
8.039674470020770514e+00
8.039674470561106290e+00
8.039674470846419396e+00
8.039674470946511775e+00
8.039674470947232976e+00
8.039674470907753445e+00
8.039674470865286082e+00
8.039674470836837727e+00
8.039674470822644636e+00
8.039674470816066787e+00
8.039674470814340168e+00
8.039674470815123541e+00
8.039674470816624563e+00
8.039674470819944574e+00
8.039674470822975039e+00
8.039674470824948571e+00
8.039674470823751307e+00
8.039674470821880803e+00
8.039674470820248331e+00
8.039674470819260677e+00
8.039674470818743757e+00
8.039674470818590990e+00
8.039674470818690466e+00
8.039674470820967755e+00
8.039674470823408470e+00
8.039674470823012342e+00
8.039674470821660535e+00
8.039674470820337149e+00
8.039674470821498886e+00
8.039674470823298336e+00
8.039674470822662400e+00
8.039674470821289276e+00
8.039674470820104446e+00
8.039674470819345942e+00
8.039674470818846785e+00
8.039674470818711782e+00
8.039674470818782837e+00
8.039674470818857444e+00
8.039674470818900076e+00
8.039674470821053021e+00
8.039674470823419128e+00
8.039674470825051600e+00
8.039674470823770847e+00
8.039674470821879027e+00
8.039674470822379959e+00
8.039674470823554131e+00
8.039674470824724750e+00
8.039674470823445773e+00
8.039674470821591257e+00
8.039674470820100893e+00
8.039674470819186070e+00
8.039674470818706453e+00
8.039674470818662044e+00
8.039674470818784613e+00
8.039674470818855667e+00
8.039674470818900076e+00
8.039674470821051244e+00
8.039674470823419128e+00
8.039674470825055153e+00
8.039674470823774399e+00
8.039674470821884356e+00
8.039674470820260765e+00
8.039674470819246466e+00
8.039674470818690466e+00
8.039674470818626517e+00
8.039674470818731322e+00
8.039674470818834351e+00
8.039674470818919616e+00
8.039674470821106311e+00
8.039674470823401364e+00
8.039674470822923524e+00
8.039674470821530861e+00
8.039674470820248331e+00
8.039674470819397456e+00
8.039674470818868102e+00
8.039674470818710006e+00
8.039674470818741980e+00
8.039674470818811258e+00
8.039674470818882313e+00
8.039674470818852114e+00
8.039674470818885865e+00
8.039674470818836127e+00
8.039674470818843233e+00
8.039674470818885865e+00
8.039674470818852114e+00
8.039674470818885865e+00
8.039674470818836127e+00
8.039674470818846785e+00
8.039674470818885865e+00
8.039674470818852114e+00
8.039674470818884089e+00
8.039674470818839680e+00
8.039674470818843233e+00
8.039674470818882313e+00
8.039674470818853891e+00
8.039674470818891194e+00
8.039674470818839680e+00
8.039674470818852114e+00
8.039674470818891194e+00
8.039674470818843233e+00
8.039674470818853891e+00
8.039674470818900076e+00
8.039674470821051244e+00
8.039674470821214669e+00
8.039674470822703256e+00
8.039674470822122387e+00
8.039674470820854069e+00
8.039674470822010477e+00
8.039674470823667818e+00
8.039674470822912866e+00
8.039674470821349672e+00
8.039674470820093788e+00
8.039674470819253571e+00
8.039674470818797047e+00
8.039674470818695795e+00
8.039674470818784613e+00
8.039674470818857444e+00
8.039674470818900076e+00
8.039674470821054797e+00
8.039674470823435115e+00
8.039674470822989250e+00
8.039674470821541519e+00
8.039674470820241226e+00
8.039674470821472241e+00
8.039674470821250196e+00
8.039674470820502350e+00
8.039674470819788255e+00
8.039674470819255347e+00
8.039674470818859220e+00
8.039674470818720664e+00
8.039674470818768626e+00
8.039674470818868102e+00
8.039674470818908958e+00
8.039674470821058350e+00
8.039674470823419128e+00
8.039674470825055153e+00
8.039674470823774399e+00
8.039674470821880803e+00
8.039674470820251884e+00
8.039674470819241137e+00
8.039674470818690466e+00
8.039674470818630070e+00
8.039674470818733099e+00
8.039674470818855667e+00
8.039674470818892971e+00
8.039674470821045915e+00
8.039674470823394259e+00
8.039674470822930630e+00
8.039674470821537966e+00
8.039674470820248331e+00
8.039674470819432983e+00
8.039674470818871654e+00
8.039674470818614083e+00
8.039674470818647833e+00
8.039674470818825469e+00
8.039674470818908958e+00
8.039674470821077890e+00
8.039674470821276842e+00
8.039674470820722618e+00
8.039674470820058261e+00
8.039674470819472063e+00
8.039674470819043961e+00
8.039674470818763297e+00
8.039674470818708230e+00
8.039674470818793495e+00
8.039674470818864549e+00
8.039674470818894747e+00
8.039674470821045915e+00
8.039674470823413799e+00
8.039674470825033836e+00
8.039674470823703345e+00
8.039674470823950259e+00
8.039674470824678565e+00
8.039674470825390884e+00
8.039674470823568342e+00
8.039674470823616304e+00
8.039674470822232522e+00
8.039674470822784969e+00
8.039674470821900343e+00
8.039674470820582286e+00
8.039674470819615948e+00
8.039674470818999552e+00
8.039674470818695795e+00
8.039674470818706453e+00
8.039674470818837904e+00
8.039674470818919616e+00
8.039674470821108088e+00
8.039674470823401364e+00
8.039674470822937735e+00
8.039674470821521979e+00
8.039674470820244778e+00
8.039674470819395680e+00
8.039674470818903629e+00
8.039674470820882490e+00
8.039674470823177543e+00
8.039674470824845542e+00
8.039674470825815433e+00
8.039674470824081709e+00
8.039674470821866592e+00
8.039674470822287589e+00
8.039674470821388752e+00
8.039674470820346031e+00
8.039674470819546670e+00
8.039674470821120522e+00
8.039674470821074337e+00
8.039674470820424190e+00
8.039674470819820229e+00
8.039674470819313967e+00
8.039674470818962249e+00
8.039674470820978414e+00
0.000000000000000000e+00
0.000000000000000000e+00
0.000000000000000000e+00
0.000000000000000000e+00
0.000000000000000000e+00
0.000000000000000000e+00
0.000000000000000000e+00
0.000000000000000000e+00
0.000000000000000000e+00
5.138387677163703399e-02
2.130553598248260627e+00
4.320737634038336772e+00
5.846956186384155707e+00
6.628897970210754664e+00
6.876009212931609937e+00
6.840266136391321972e+00
6.708573726823034100e+00
6.582871345301350097e+00
6.499960402240208879e+00
6.460031673704985877e+00
6.449303924415970002e+00
6.453128877211175229e+00
6.461250301157389409e+00
6.468386477900907927e+00
6.472848181885624719e+00
6.474855562448350810e+00
6.475283483946317808e+00
6.474973345514059453e+00
6.474482743877361557e+00
6.474081701377157216e+00
6.473843943082012053e+00
6.473744858775928535e+00
6.473730411786249306e+00
6.473752779373426414e+00
6.473781925203891063e+00
6.473804252184419461e+00
6.473816791928947545e+00
6.473821559961529637e+00
6.473821838297133091e+00
6.473820321054655658e+00
6.473818610616296709e+00
6.473817378079496088e+00
6.473816724391697974e+00
6.473816501334082041e+00
6.473816513790388250e+00
6.473816611715585978e+00
6.473816710551776765e+00
6.473816777877380524e+00
6.473816811530201498e+00
6.473816821541987565e+00
6.473816819344331286e+00
6.473816813216047628e+00
6.473816807569663823e+00
6.473816803926248475e+00
6.473816802218202326e+00
6.473816801795959641e+00
6.473816801998441228e+00
6.473816802372971857e+00
6.473816802692211603e+00
6.473816802887661481e+00
6.473816802972907958e+00
6.473816802988869412e+00
6.473816802973323625e+00
6.473816802950815408e+00
6.473816802932956804e+00
6.473816802922699232e+00
6.473816802918596736e+00
6.473816802918060276e+00
6.473816802919139413e+00
6.473816802920423719e+00
6.473816802921464664e+00
6.473816802921952274e+00
6.473816802922057079e+00
6.473816802922033098e+00
6.473816802921962932e+00
6.473816802921876778e+00
6.473816802921911417e+00
6.473816802921864344e+00
6.473816802921898983e+00
6.473816802921906088e+00
6.473816802921876778e+00
6.473816802921946056e+00
6.473816802921931846e+00
6.473816802921885660e+00
6.473816802921951385e+00
6.473816802921922076e+00
6.473816802921817271e+00
6.473816802921835034e+00
6.473816802921875002e+00
6.473816802921962932e+00
6.473816802921939839e+00
6.473816802921886548e+00
6.473816802921951385e+00
6.473816802921930957e+00
6.473816802921875890e+00
6.473816802921922076e+00
6.473816802921870561e+00
6.473816802921916747e+00
6.473816802921872338e+00
6.473816802921917635e+00
6.473816802921872338e+00
6.473816802921922964e+00
6.473816802921873226e+00
6.473816802921918523e+00
6.473816802921865232e+00
6.473816802921906088e+00
6.473816802921905200e+00
6.473816802921872338e+00
6.473816802921954050e+00
6.473816802921930069e+00
6.473816802921876778e+00
6.473816802921924740e+00
6.473816802921876778e+00
6.473816802921919411e+00
6.473816802921865232e+00
6.473816802921903424e+00
6.473816802921912306e+00
6.473816802921808389e+00
6.473816802921822600e+00
6.473816802921891878e+00
6.473816802921906977e+00
6.473816802921802172e+00
6.473816802921774638e+00
6.473816802921797731e+00
6.473816802921818159e+00
6.473816802921879443e+00
6.473816802921971814e+00
6.473816802921954050e+00
6.473816802921890989e+00
6.473816802921854574e+00
6.473816802921897207e+00
6.473816802921906977e+00
6.473816802921809277e+00
6.473816802921827929e+00
6.473816802921877667e+00
6.473816802921957603e+00
6.473816802921936286e+00
6.473816802921889213e+00
6.473816802921855462e+00
6.473816802921898095e+00
6.473816802921909641e+00
6.473816802921804836e+00
6.473816802921779967e+00
6.473816802921797731e+00
6.473816802921823488e+00
6.473816802921883884e+00
6.473816802921972702e+00
6.473816802921953162e+00
6.473816802921889213e+00
6.473816802921852798e+00
6.473816802921893654e+00
6.473816802921903424e+00
6.473816802921880331e+00
6.473816802921956715e+00
6.473816802921923852e+00
6.473816802921814606e+00
6.473816802921823488e+00
6.473816802921885660e+00
6.473816802921979807e+00
6.473816802921954050e+00
6.473816802921893654e+00
6.473816802921858127e+00
6.473816802921899871e+00
6.473816802921907865e+00
6.473816802921810165e+00
6.473816802921824376e+00
6.473816802921882996e+00
6.473816802921972702e+00
6.473816802921954050e+00
6.473816802921892766e+00
6.473816802921856350e+00
6.473816802921897207e+00
6.473816802921907865e+00
6.473816802921802172e+00
6.473816802921778191e+00
6.473816802921803060e+00
6.473816802921822600e+00
6.473816802921882108e+00
6.473816802921978031e+00
6.473816802921961155e+00
6.473816802921895430e+00
6.473816802921857239e+00
6.473816802921895430e+00
6.473816802921905200e+00
6.473816802921872338e+00
6.473816802921954938e+00
6.473816802921924740e+00
6.473816802921810165e+00
6.473816802921821711e+00
6.473816802921890101e+00
6.473816802921902536e+00
6.473816802921878555e+00
6.473816802921957603e+00
6.473816802921924740e+00
6.473816802921817271e+00
6.473816802921831481e+00
6.473816802921879443e+00
6.473816802921968261e+00
6.473816802921948721e+00
6.473816802921882996e+00
6.473816802921921187e+00
6.473816802921870561e+00
6.473816802921919411e+00
6.473816802921872338e+00
6.473816802921914970e+00
6.473816802921863456e+00
6.473816802921904312e+00
6.473816802921904312e+00
6.473816802921873226e+00
6.473816802921952274e+00
6.473816802921924740e+00
6.473816802921819047e+00
6.473816802921832370e+00
6.473816802921884772e+00
6.473816802921963820e+00
6.473816802921937175e+00
6.473816802921883884e+00
6.473816802921948721e+00
6.473816802921930069e+00
6.473816802921876778e+00
6.473816802921918523e+00
6.473816802921867897e+00
6.473816802921913194e+00
6.473816802921862568e+00
6.473816802921905200e+00
6.473816802921904312e+00
6.473816802921874114e+00
6.473816802921954938e+00
6.473816802921928293e+00
6.473816802921869673e+00
6.473816802921910529e+00
6.473816802921867897e+00
6.473816802921918523e+00
6.473816802921867897e+00
6.473816802921915858e+00
6.473816802921870561e+00
6.473816802921916747e+00
6.473816802921866120e+00
6.473816802921920299e+00
6.473816802921865232e+00
6.473816802921898095e+00
6.473816802921909641e+00
6.473816802921805724e+00
6.473816802921783520e+00
6.473816802921809277e+00
6.473816802921866120e+00
6.473816802921959379e+00
6.473816802921943392e+00
6.473816802921894542e+00
6.473816802921859903e+00
6.473816802921899871e+00
6.473816802921906977e+00
6.473816802921802172e+00
6.473816802921778191e+00
6.473816802921802172e+00
6.473816802921828817e+00
6.473816802921876778e+00
6.473816802921955826e+00
6.473816802921934510e+00
6.473816802921888325e+00
6.473816802921856350e+00
6.473816802921906088e+00
6.473816802921912306e+00
6.473816802921805724e+00
6.473816802921779079e+00
6.473816802921804836e+00
6.473816802921819935e+00
6.473816802921881219e+00
6.473816802921970037e+00
6.473816802921954050e+00
6.473816802921887437e+00
6.473816802921955826e+00
6.473816802921927405e+00
6.473816802921810165e+00
6.473816802921819047e+00
6.473816802921891878e+00
6.473816802921904312e+00
6.473816802921873226e+00
6.473816802921952274e+00
6.473816802921926516e+00
6.473816802921819935e+00
6.473816802921836810e+00
6.473816802921880331e+00
6.473816802921970037e+00
6.473816802921947833e+00
6.473816802921878555e+00
6.473816802921922076e+00
6.473816802921867009e+00
6.473816802921913194e+00
6.473816802921865232e+00
6.473816802921906088e+00
6.473816802921912306e+00
6.473816802921805724e+00
6.473816802921779967e+00
6.473816802921804836e+00
6.473816802921819935e+00
6.473816802921890101e+00
6.473816802921899871e+00
6.473816802921871449e+00
6.473816802921944280e+00
1.000000000000000000e+01
1.000000000000000000e+01
1.000000000000000000e+01
1.000000000000000000e+01
1.000000000000000000e+01
1.000000000000000000e+01
1.000000000000000000e+01
1.000000000000000000e+01
1.000000000000000000e+01
1.000000000000000000e+01
1.000000000000000000e+01
1.000000000000000000e+01
1.000000000000000000e+01
1.000000000000000000e+01
1.000000000000000000e+01
1.000000000000000000e+01
1.000000000000000000e+01
1.000000000000000000e+01
1.000000000000000000e+01
1.000000000000000000e+01
1.000000000000000000e+01
1.000000000000000000e+01
1.000000000000000000e+01
1.000000000000000000e+01
1.000000000000000000e+01
1.000000000000000000e+01
1.000000000000000000e+01
1.000000000000000000e+01
1.000000000000000000e+01
1.000000000000000000e+01
1.000000000000000000e+01
1.000000000000000000e+01
1.000000000000000000e+01
1.000000000000000000e+01
1.000000000000000000e+01
1.000000000000000000e+01
1.000000000000000000e+01
1.000000000000000000e+01
1.000000000000000000e+01
1.000000000000000000e+01
1.000000000000000000e+01
1.000000000000000000e+01
1.000000000000000000e+01
1.000000000000000000e+01
1.000000000000000000e+01
1.000000000000000000e+01
1.000000000000000000e+01
1.000000000000000000e+01
1.000000000000000000e+01
1.000000000000000000e+01
1.000000000000000000e+01
1.000000000000000000e+01
1.000000000000000000e+01
1.000000000000000000e+01
1.000000000000000000e+01
1.000000000000000000e+01
1.000000000000000000e+01
1.000000000000000000e+01
1.000000000000000000e+01
1.000000000000000000e+01
1.000000000000000000e+01
1.000000000000000000e+01
1.000000000000000000e+01
1.000000000000000000e+01
1.000000000000000000e+01
1.000000000000000000e+01
1.000000000000000000e+01
1.000000000000000000e+01
1.000000000000000000e+01
1.000000000000000000e+01
1.000000000000000000e+01
1.000000000000000000e+01
1.000000000000000000e+01
1.000000000000000000e+01
1.000000000000000000e+01
1.000000000000000000e+01
1.000000000000000000e+01
1.000000000000000000e+01
1.000000000000000000e+01
1.000000000000000000e+01
1.000000000000000000e+01
1.000000000000000000e+01
1.000000000000000000e+01
1.000000000000000000e+01
1.000000000000000000e+01
1.000000000000000000e+01
1.000000000000000000e+01
1.000000000000000000e+01
1.000000000000000000e+01
1.000000000000000000e+01
1.000000000000000000e+01
1.000000000000000000e+01
1.000000000000000000e+01
1.000000000000000000e+01
1.000000000000000000e+01
1.000000000000000000e+01
1.000000000000000000e+01
1.000000000000000000e+01
1.000000000000000000e+01
1.000000000000000000e+01
1.000000000000000000e+01
1.000000000000000000e+01
1.000000000000000000e+01
1.000000000000000000e+01
1.000000000000000000e+01
1.000000000000000000e+01
1.000000000000000000e+01
1.000000000000000000e+01
1.000000000000000000e+01
9.999999772009269705e+00
9.999999810976653691e+00
9.930173518787308140e+00
9.800497684568895806e+00
9.686648642126062470e+00
9.612727407046895323e+00
9.576020686141939464e+00
9.564413791566870771e+00
9.565819771677652739e+00
9.571761604861112716e+00
9.577661027388749915e+00
9.581787551467742858e+00
9.584010260053311470e+00
9.584846128651433261e+00
9.584905062409683651e+00
9.584650635837300925e+00
9.584352726310843451e+00
9.584127012946526136e+00
9.583996001356389627e+00
9.583940059713695447e+00
9.583929358778092933e+00
9.583939069395462695e+00
9.583953659864061336e+00
9.583965763489388223e+00
9.583973316010443000e+00
9.583976886722679112e+00
9.583977878097725167e+00
9.583977592198388962e+00
9.583976905124380608e+00
9.583976269906109735e+00
9.583975843589048083e+00
9.583975623759384277e+00
9.583975548009597389e+00
9.583975549673965588e+00
9.583975580317504850e+00
9.583975612869332750e+00
9.583975636454340474e+00
9.583975649601985225e+00
9.583975654860772408e+00
9.583975655549924255e+00
9.583975654293970692e+00
9.583975652671423262e+00
9.583975651394590400e+00
9.583975650627358789e+00
9.583975650282772207e+00
9.583975650201619345e+00
9.583975650245033506e+00
9.583975650322912543e+00
9.583975650390790690e+00
9.583975650434553017e+00
9.583975650456086015e+00
9.583975650462773999e+00
9.583975650461878715e+00
9.583975650458265605e+00
9.583975650454737760e+00
9.583975650452407180e+00
9.583975650451163730e+00
9.583975650450755168e+00
9.583975650450778261e+00
9.583975650450989647e+00
9.583975650453394834e+00
9.583975650453663064e+00
9.583975650452941863e+00
9.583975650452147832e+00
9.583975650451506567e+00
9.583975650451204586e+00
9.583975650451161954e+00
9.583975650451215245e+00
9.583975650451257877e+00
9.583975650451293404e+00
9.583975650451314721e+00
9.583975650451312944e+00
9.583975650451320050e+00
9.583975650451320050e+00
9.583975650451321826e+00
9.583975650451321826e+00
9.583975650451320050e+00
9.583975650451320050e+00
9.583975650451321826e+00
9.583975650451321826e+00
9.583975650451328931e+00
9.583975650451327155e+00
9.583975650451330708e+00
9.583975650451320050e+00
9.583975650451318273e+00
9.583975650451314721e+00
9.583975650451304062e+00
9.583975650451316497e+00
9.583975650451316497e+00
9.583975650451304062e+00
9.583975650451316497e+00
9.583975650451304062e+00
9.583975650451316497e+00
9.583975650451304062e+00
9.583975650451318273e+00
9.583975650451318273e+00
9.583975650451316497e+00
9.583975650451316497e+00
9.583975650451316497e+00
9.583975650451318273e+00
9.583975650451320050e+00
9.583975650451321826e+00
9.583975650451328931e+00
9.583975650451332484e+00
9.583975650451327155e+00
9.583975650451328931e+00
9.583975650451320050e+00
9.583975650451321826e+00
9.583975650451328931e+00
9.583975650451327155e+00
9.583975650451330708e+00
9.583975650451321826e+00
9.583975650451320050e+00
9.583975650451320050e+00
9.583975650451318273e+00
9.583975650451318273e+00
9.583975650451320050e+00
9.583975650451320050e+00
9.583975650451321826e+00
9.583975650451321826e+00
9.583975650451328931e+00
9.583975650451332484e+00
9.583975650451327155e+00
9.583975650451332484e+00
9.583975650451327155e+00
9.583975650451330708e+00
9.583975650451320050e+00
9.583975650451320050e+00
9.583975650451320050e+00
9.583975650451318273e+00
9.583975650451318273e+00
9.583975650451318273e+00
9.583975650451309392e+00
9.583975650451321826e+00
9.583975650451328931e+00
9.583975650451327155e+00
9.583975650451321826e+00
9.583975650451320050e+00
9.583975650451320050e+00
9.583975650451320050e+00
9.583975650451321826e+00
9.583975650451328931e+00
9.583975650451327155e+00
9.583975650451330708e+00
9.583975650451328931e+00
9.583975650451307615e+00
9.583975650451320050e+00
9.583975650451320050e+00
9.583975650451318273e+00
9.583975650451318273e+00
9.583975650451314721e+00
9.583975650451320050e+00
9.583975650451316497e+00
9.583975650451302286e+00
9.583975650451314721e+00
9.583975650451312944e+00
9.583975650451320050e+00
9.583975650451320050e+00
9.583975650451320050e+00
9.583975650451320050e+00
9.583975650451320050e+00
9.583975650451316497e+00
9.583975650451316497e+00
9.583975650451302286e+00
9.583975650451314721e+00
9.583975650451305839e+00
9.583975650451318273e+00
9.583975650451316497e+00
9.583975650451312944e+00
9.583975650451320050e+00
9.583975650451318273e+00
9.583975650451316497e+00
9.583975650451316497e+00
9.583975650451312944e+00
9.583975650451307615e+00
9.583975650451321826e+00
9.583975650451321826e+00
9.583975650451320050e+00
9.583975650451328931e+00
9.583975650451332484e+00
9.583975650451327155e+00
9.583975650451328931e+00
9.583975650451320050e+00
9.583975650451318273e+00
9.583975650451314721e+00
9.583975650451320050e+00
9.583975650451321826e+00
9.583975650451321826e+00
9.583975650451318273e+00
9.583975650451318273e+00
9.583975650451314721e+00
0.000000000000000000e+00
0.000000000000000000e+00
0.000000000000000000e+00
0.000000000000000000e+00
0.000000000000000000e+00
0.000000000000000000e+00
0.000000000000000000e+00
0.000000000000000000e+00
0.000000000000000000e+00
0.000000000000000000e+00
0.000000000000000000e+00
0.000000000000000000e+00
0.000000000000000000e+00
0.000000000000000000e+00
0.000000000000000000e+00
0.000000000000000000e+00
0.000000000000000000e+00
0.000000000000000000e+00
0.000000000000000000e+00
0.000000000000000000e+00
0.000000000000000000e+00
0.000000000000000000e+00
0.000000000000000000e+00
0.000000000000000000e+00
0.000000000000000000e+00
0.000000000000000000e+00
0.000000000000000000e+00
0.000000000000000000e+00
0.000000000000000000e+00
0.000000000000000000e+00
0.000000000000000000e+00
0.000000000000000000e+00
0.000000000000000000e+00
0.000000000000000000e+00
0.000000000000000000e+00
0.000000000000000000e+00
0.000000000000000000e+00
0.000000000000000000e+00
0.000000000000000000e+00
0.000000000000000000e+00
0.000000000000000000e+00
0.000000000000000000e+00
0.000000000000000000e+00
0.000000000000000000e+00
0.000000000000000000e+00
0.000000000000000000e+00
0.000000000000000000e+00
0.000000000000000000e+00
0.000000000000000000e+00
0.000000000000000000e+00
6.545555308980413600e-02
1.204533913585000393e+00
2.356930514638205132e+00
3.111324406550307398e+00
3.451038786734192065e+00
3.514782772722374826e+00
3.451638028539594671e+00
3.362481422706855572e+00
3.294643539369732643e+00
3.258608636976749739e+00
3.247229223506892914e+00
3.249174152287125583e+00
3.255489148169953495e+00
3.261252145279309289e+00
3.264790592992706131e+00
3.266248491333517912e+00
3.266407989271129964e+00
3.266019589343670759e+00
3.265559348262796924e+00
3.265232824478804030e+00
3.265071171933712879e+00
3.265028535141480059e+00
3.265045917961563848e+00
3.265079970704011014e+00
3.265108433432879931e+00
3.265124823991764291e+00
3.265130907152130391e+00
3.265130956304281629e+00
3.265128701250735066e+00
3.265126361448118963e+00
3.265124807754434144e+00
3.265124095340500521e+00
3.265123950921069440e+00
3.265124072287178603e+00
3.265124251949843348e+00
3.265124390879985405e+00
3.265124465787677011e+00
3.265124494195032145e+00
3.265124491082898484e+00
3.265124477112511414e+00
3.265124463912058239e+00
3.265124455619623944e+00
3.265124452087301510e+00
3.265124451594408228e+00
3.265124456386777840e+00
3.265124457545571346e+00
3.265124456921939977e+00
3.265124455840813678e+00
3.265124454964377865e+00
3.265124454471990845e+00
3.265124454297363865e+00
3.265124458265121987e+00
3.265124458454508716e+00
3.265124457145611281e+00
3.265124455726538422e+00
3.265124454761984207e+00
3.265124454306990387e+00
3.265124454204230364e+00
3.265124454270955212e+00
3.265124454378568686e+00
3.265124454464025661e+00
3.265124454511186602e+00
3.265124454527348785e+00
3.265124454526101339e+00
3.265124454518707253e+00
3.265124454511576069e+00
3.265124454507050356e+00
3.265124454505091478e+00
3.265124458465638924e+00
3.265124462543054662e+00
3.265124465238926188e+00
3.265124466468388498e+00
3.265124466712099771e+00
3.265124462536122429e+00
3.265124462106211656e+00
3.265124459285619007e+00
3.265124456545235088e+00
3.265124454793536746e+00
3.265124454029181056e+00
3.265124453906345536e+00
3.265124454069607829e+00
3.265124454284209499e+00
3.265124458404134344e+00
3.265124458602636004e+00
3.265124457245396794e+00
3.265124455773095402e+00
3.265124454772100560e+00
3.265124454299763279e+00
3.265124454192956271e+00
3.265124458222946835e+00
3.265124458450700651e+00
3.265124457157643434e+00
3.265124455740384235e+00
3.265124454771667573e+00
3.265124454311691959e+00
3.265124458166277055e+00
3.265124458347385517e+00
3.265124457072794417e+00
3.265124455692194338e+00
3.265124454754229522e+00
3.265124454311999713e+00
3.265124454212325666e+00
3.265124454277372745e+00
3.265124454382091201e+00
3.265124454465215376e+00
3.265124454511099561e+00
3.265124454526858511e+00
3.265124454525678122e+00
3.265124454518477659e+00
3.265124454511504126e+00
3.265124454507046359e+00
3.265124454505127893e+00
3.265124458465673563e+00
3.265124458582222999e+00
3.265124457201043384e+00
3.265124459696060022e+00
3.265124458826872633e+00
3.265124456986532309e+00
3.265124455421660965e+00
3.265124454508449681e+00
3.265124454161579148e+00
3.265124454150698963e+00
3.265124458231816629e+00
3.265124458475867186e+00
3.265124457180228035e+00
3.265124455754072841e+00
3.265124454777191598e+00
3.265124454312205771e+00
3.265124458164690324e+00
3.265124458345526559e+00
3.265124457071501674e+00
3.265124455691572614e+00
3.265124454754080752e+00
3.265124454312115176e+00
3.265124458173354949e+00
3.265124462315380782e+00
3.265124461154511160e+00
3.265124458389673467e+00
3.265124455983743346e+00
3.265124454555170530e+00
3.265124453996589793e+00
3.265124453963157869e+00
3.265124454140423627e+00
3.265124454335581294e+00
3.265124458430110899e+00
3.265124458609868885e+00
3.265124457242987166e+00
3.265124455767913325e+00
3.265124454767664108e+00
3.265124454297132495e+00
3.265124454191939751e+00
3.265124454262028131e+00
3.265124454374011886e+00
3.265124454462713821e+00
3.265124454511594276e+00
3.265124454528260944e+00
3.265124454526917575e+00
3.265124454519164665e+00
3.265124454511732388e+00
3.265124454507039253e+00
3.265124454505029750e+00
3.265124454504710894e+00
3.265124454505179408e+00
3.265124454505748730e+00
3.265124454506146190e+00
3.265124454506390883e+00
3.265124454506462826e+00
3.265124454506413976e+00
3.265124454506358020e+00
3.265124458467201229e+00
3.265124462544175987e+00
3.265124461278610113e+00
3.265124458430670895e+00
3.265124455978885898e+00
3.265124458495479054e+00
3.265124458054316836e+00
3.265124456646385287e+00
3.265124455364364131e+00
3.265124454578391955e+00
3.265124454255289965e+00
3.265124454220620809e+00
3.265124454307386070e+00
3.265124454409836119e+00
3.265124454482407401e+00
3.265124454518267161e+00
3.265124454527653874e+00
3.265124454523739672e+00
3.265124454516164398e+00
3.265124454509863661e+00
3.265124454506231011e+00
3.265124454504898299e+00
3.265124458465756607e+00
3.265124458582394418e+00
3.265124461162067782e+00
3.265124459812302149e+00
3.265124457445234274e+00
3.265124459481182573e+00
3.265124458513134265e+00
3.265124460705879805e+00
3.265124459369024734e+00
3.265124461122696164e+00
3.265124459473662810e+00
3.265124457111552303e+00
3.265124455305215445e+00
3.265124454341197691e+00
3.265124454033559331e+00
3.265124454082313665e+00
3.265124454249080266e+00
3.265124454402239529e+00
3.265124454496689754e+00
3.265124454535860643e+00
3.265124458501243776e+00
3.265124458607204350e+00
3.265124457213279374e+00
3.265124459699183301e+00
3.265124462786301862e+00
3.265124465021768341e+00
3.265124462191803190e+00
3.265124458431592380e+00
3.265124455633712230e+00
3.265124454179006097e+00
3.265124453742098254e+00
3.265124453843760044e+00
3.265124454114009200e+00
3.265124454353625971e+00
3.265124454497839501e+00
3.265124454555463629e+00
3.265124454560111467e+00
3.265124454543073096e+00
3.265124454523772091e+00
3.265124454510353047e+00
3.265124454503862239e+00
3.265124458463100066e+00
3.265124458580057620e+00
3.265124457199796826e+00
3.265124455734724318e+00
3.265124458710704669e+00
3.265124458368419802e+00
3.265124456888120807e+00
3.265124455494122557e+00
3.265124454620335737e+00
3.265124458210149516e+00
3.265124462236418612e+00
3.265124461059244254e+00
3.265124462282401385e+00
3.265124460026758602e+00
3.265124457241325384e+00
3.265124455229157618e+00
3.265124454213722327e+00
