5.256000177488720157e-03
1.484521233568323641e-02
2.858601180929891059e-02
4.629710208201565091e-02
6.779786154024960987e-02
9.290867940104327594e-02
1.214512565646018449e-01
1.532488885902920372e-01
1.881267271653457862e-01
2.259120231345203011e-01
2.662935860852460590e-01
3.089168352884804625e-01
3.539186878537903258e-01
4.011390188399289736e-01
4.504204587875649812e-01
5.016084729894223493e-01
5.541121889686331237e-01
6.081583843233355768e-01
6.636535541363000057e-01
7.204586722968646662e-01
7.782201761794914630e-01
8.365270443100185638e-01
8.957402877546185582e-01
9.557374559929114888e-01
1.016376706289594312e+00
1.077032609357013726e+00
1.138119634444601402e+00
1.199530552835725183e+00
1.261162453459446331e+00
1.322256034385974388e+00
1.383302430659914206e+00
1.444285863695474514e+00
1.505119029464431657e+00
1.565255784699219443e+00
1.624918195956083666e+00
1.684193248239459484e+00
1.743008386235835205e+00
1.801019852397794718e+00
1.858122078129580190e+00
1.914573710619688729e+00
1.970316194859053738e+00
2.025294005712829470e+00
2.078933709417591036e+00
2.131689845924142013e+00
2.183542982576686331e+00
2.234450350825436082e+00
2.284341926537575951e+00
2.332751503219919531e+00
2.380114422323964973e+00
2.426399536071165208e+00
2.471578379188065444e+00
2.515625094693420216e+00
2.558248987959099718e+00
2.599492895749748289e+00
2.639556188624713862e+00
2.678422951985322875e+00
2.716079248176563432e+00
2.752513102645406384e+00
2.787714472563354917e+00
2.821395110760964275e+00
2.853834557165112695e+00
2.885034295468042131e+00
2.914992473253599226e+00
2.943709077434045973e+00
2.971185855652860308e+00
2.997426243658783296e+00
3.022435291721769168e+00
3.046170900924350278e+00
3.068488485804548915e+00
3.089612419991879744e+00
3.109553521378920937e+00
3.128323859558644671e+00
3.145936696542630084e+00
3.162406435147132377e+00
3.177748565347617404e+00
3.191979610101917331e+00
3.205117073442629749e+00
3.217179378557246228e+00
3.228185828887830677e+00
3.238156548474505847e+00
3.247112423323050390e+00
3.255075064297975107e+00
3.262066747519183796e+00
3.268110360201965658e+00
3.273229360835588686e+00
3.277447723119179201e+00
3.280789889761551059e+00
3.283280726153235740e+00
3.284945465662871378e+00
3.285809676031723914e+00
3.285899206250638027e+00
3.285240143390808498e+00
3.283858770161805385e+00
3.281781524252032067e+00
3.279034947585443671e+00
3.275645660539405313e+00
3.271640312305235998e+00
3.267045547972028174e+00
3.261887961061136210e+00
3.256194075629713414e+00
3.249990295343188951e+00
3.243302876878134011e+00
3.236157896307565895e+00
3.228581216555531874e+00
3.220598460734238166e+00
3.212234977798925417e+00
3.203515822382065448e+00
3.194465720654112495e+00
3.185109050451103485e+00
3.175469815630590720e+00
3.165571623770934373e+00
3.155437664880946791e+00
3.145090691369450298e+00
3.134552999886191849e+00
3.123846411691234337e+00
3.112992258989623284e+00
3.102011368598913243e+00
3.090924047882225967e+00
3.079750073026639612e+00
3.068508676851911421e+00
3.057218538694558063e+00
3.045897775491233972e+00
3.034482577464365782e+00
3.023025798174002965e+00
3.011589814029965062e+00
3.000190764274560884e+00
2.988844179346545893e+00
2.977564977810553959e+00
2.966367464581936897e+00
2.955265330818666492e+00
2.944271653247676479e+00
2.933398896631229658e+00
2.922658913872884678e+00
2.912062956678965531e+00
2.901621666110845155e+00
2.891345086420940458e+00
2.881242673050521841e+00
2.871323293422005651e+00
2.861595235972002271e+00
2.852066217899720701e+00
2.842743393240683591e+00
2.833633362140711487e+00
2.824742180149032666e+00
2.816075368555455150e+00
2.807637924447177635e+00
2.799434331770156437e+00
2.791468574582606887e+00
2.783705196065578313e+00
2.776161757660720042e+00
2.768867424603483673e+00
2.761824380217639874e+00
2.755034364875142305e+00
2.748498679932001476e+00
2.742218205686952182e+00
2.736193412041665773e+00
2.730424376552154087e+00
2.724910791178914327e+00
2.719651980447884476e+00
2.714646914194121408e+00
2.709894219718826491e+00
2.705392201076243897e+00
2.701138844068703637e+00
2.697131840065764230e+00
2.693368589890889009e+00
2.689846227829788550e+00
2.686561626248348933e+00
2.683511414607357981e+00
2.680691991544680519e+00
2.678099538818970338e+00
2.675730033737521385e+00
2.673579263101943493e+00
2.671642835656292903e+00
2.669916195403741366e+00
2.668394632166958491e+00
2.667073299721868906e+00
2.665947218840577726e+00
2.665011299203288608e+00
2.664260342072720000e+00
2.663689057260061777e+00
2.663292072730659488e+00
2.663063944872442246e+00
2.662999170077239963e+00
2.663092194807318069e+00
2.663337425135795300e+00
2.663729236700909553e+00
2.664261984112267889e+00
2.664930010053206288e+00
2.665727654076616382e+00
2.666649261092012058e+00
2.667689189542424177e+00
2.668841819270093563e+00
2.670101559070579889e+00
2.671462853935365978e+00
2.672920191983522376e+00
2.674468111083498467e+00
2.676101205166518504e+00
2.677814130233424628e+00
2.679601610057372962e+00
2.681458441584892327e+00
2.683379500038433285e+00
2.685359743723682246e+00
2.687394218545305247e+00
2.689478062235039602e+00
2.691606508296325195e+00
2.693774889921652260e+00
2.695978642832541183e+00
2.698213308321078863e+00
2.700474539460584911e+00
2.702758093662720018e+00
2.705059848895398744e+00
2.707375798700172087e+00
2.709702048020771858e+00
2.712034827466608178e+00
2.714370488859835007e+00
2.716705498518860562e+00
2.719036452931698822e+00
2.721360069669830128e+00
2.723673192315112956e+00
2.725972784804139071e+00
2.728255935485015993e+00
2.730519861648533109e+00
2.732761902759905936e+00
2.734979520781948725e+00
2.737170304680131672e+00
2.739331962519650165e+00
2.741462325084576435e+00
2.743559343845419995e+00
2.745621089836480788e+00
2.747645752606556080e+00
2.749631637978590337e+00
2.751577167258714152e+00
2.753480875358416569e+00
2.755341408997098895e+00
2.757157524832437812e+00
2.758928087282707331e+00
2.760652066990335385e+00
2.762328538233330910e+00
2.763956676923910560e+00
2.765535758032559688e+00
2.767065153658682330e+00
2.768544330462450631e+00
2.769972846892195584e+00
2.771350353041842407e+00
2.772676579684411280e+00
2.773951348219326540e+00
2.775174559596884638e+00
2.776346196433300939e+00
2.777466310661527604e+00
2.778535034401118597e+00
2.779552568665887513e+00
2.780519182834087388e+00
2.781435211344855940e+00
2.782301051574004980e+00
2.783117160965689507e+00
2.783884054040183464e+00
2.784602299103117851e+00
2.785272517164769646e+00
2.785895379922862514e+00
2.786471605104449356e+00
2.787001950540257234e+00
2.787487215433142929e+00
2.787928242087737818e+00
2.788325906426760259e+00
2.788678249031640632e+00
2.788989318291983821e+00
2.789260189752085228e+00
2.789491854483982181e+00
2.789685325567297980e+00
2.789841636393989965e+00
2.789961838789662085e+00
2.790047000789727338e+00
2.790098206653005786e+00
2.790116550053277411e+00
2.790103136962325703e+00
2.790059081013013031e+00
2.789985502210098556e+00
2.789883525077854642e+00
2.789754276864622629e+00
2.789598885804992712e+00
2.789418479440167520e+00
2.789214182996973435e+00
2.788987117825841189e+00
2.788738399898064380e+00
2.788469138362436706e+00
2.788179084701222887e+00
2.787869428682724582e+00
2.787542360296015875e+00
2.787198960304195783e+00
2.786840296255867599e+00
2.786467421370844022e+00
2.786081373485170154e+00
2.785683174054990996e+00
2.785273827218702980e+00
2.784854318916802463e+00
2.784425616068700648e+00
2.783988665805825935e+00
2.783544394760131713e+00
2.783093708407248457e+00
2.782637490463302665e+00
2.782176602334471838e+00
2.781711882618299825e+00
2.724260414649540607e+00
2.671579986062872614e+00
2.623586308534756828e+00
2.580190678215583233e+00
2.541300170129075386e+00
2.506497447791177891e+00
2.475978114607392033e+00
2.449710794621147159e+00
2.427587240616790432e+00
2.409496386804474977e+00
2.395324702605714062e+00
2.384956535195807081e+00
2.378274423047542108e+00
2.375159402285710986e+00
2.375491281603172133e+00
2.379148926220881144e+00
2.386010507563357752e+00
2.395953752450394880e+00
2.408856177395844345e+00
2.424595304011508023e+00
2.443048885658258840e+00
2.464095101371110541e+00
2.487612751608759609e+00
2.513481441898784308e+00
2.541505739822263354e+00
2.571378113117226860e+00
2.603224794701847866e+00
2.636931822355024657e+00
2.672386619709236300e+00
2.709478073943266452e+00
2.748096603227382140e+00
2.788134220969993748e+00
2.829138846449686273e+00
2.871340327483533628e+00
2.914639382399464296e+00
2.958937279449921576e+00
3.004137631640288575e+00
3.050054279734490947e+00
3.096262353203135476e+00
3.143091400608640118e+00
3.190455571480307562e+00
3.238271308393722681e+00
3.286457349897461189e+00
3.334500526762581796e+00
3.382659685668786498e+00
3.430959004635508069e+00
3.479327809310449826e+00
3.527697601792613824e+00
3.575743673351431617e+00
3.623461577910531695e+00
3.670991225335399566e+00
3.718274417625631934e+00
3.765255247346660283e+00
3.811789758907574655e+00
3.857572388032365573e+00
3.902891449604529939e+00
3.947656296928302666e+00
3.991775761159554126e+00
4.035158364400357023e+00
4.077482775844750940e+00
4.118744257899765060e+00
4.159181027990435098e+00
4.198811475068407795e+00
4.237653426995865225e+00
4.275724176974376789e+00
4.312994311883842968e+00
4.349171816071121910e+00
4.384543407503548096e+00
4.419088359692394441e+00
4.452787676426503971e+00
4.485624059782410633e+00
4.517581876784403150e+00
4.548647126947884978e+00
4.578660550203245805e+00
4.607637837206558729e+00
4.635698699342666984e+00
4.662835599373430284e+00
4.689042480946291391e+00
4.714314714272003215e+00
4.738649051052532535e+00
4.762043579032669172e+00
4.784497674658541477e+00
4.806011958547862228e+00
4.826467880830912272e+00
4.845881180914312303e+00
4.864374677582457451e+00
4.881953623653985552e+00
4.898624254940709299e+00
4.914393755622155524e+00
4.929270225393330485e+00
4.943262645838608194e+00
4.956380845166753701e+00
4.968635461572486811e+00
4.980037909638745042e+00
4.990600343252260984e+00
5.000335620606523257e+00
5.009257269197926021e+00
5.017379439461713275e+00
5.024716885162617608e+00
5.031284922195772502e+00
5.037099376535565831e+00
5.042176574361243446e+00
5.046533291616045247e+00
5.050186721151464830e+00
5.053154434477842294e+00
5.055454351094595289e+00
5.057104712860668094e+00
5.058124043164919037e+00
5.058531103453540290e+00
5.058344883762709188e+00
5.057584556561966593e+00
5.056269446648235188e+00
5.054419009461767587e+00
5.052052791200376980e+00
5.049190406670004627e+00
5.045851513557530588e+00
5.042055778069109095e+00
5.037822858867843756e+00
5.033172365426489492e+00
5.028123851038485803e+00
5.022696783920030938e+00
5.016910515537515103e+00
5.010784271719756156e+00
5.004337118731769785e+00
4.997587952308759185e+00
4.990555475474739211e+00
4.983258177322402283e+00
4.975714316008928328e+00
4.967941904336721670e+00
4.959958690122110880e+00
4.951782142007872700e+00
4.943429436935015353e+00
4.934917444242866935e+00
4.926262711499502345e+00
4.917481454296716237e+00
4.908589545344120175e+00
4.899602501915209629e+00
4.890535477556081645e+00
4.881403252490127187e+00
4.872220224708250669e+00
4.863000405506553214e+00
4.853757407492550691e+00
4.844504443154706408e+00
4.835254316743764491e+00
4.826019421674216048e+00
4.816811734538065437e+00
4.807542001575708213e+00
4.798315952492509417e+00
4.789151453980734274e+00
4.780059017952037692e+00
4.771048718010646006e+00
4.762130188711024559e+00
4.753312625866199959e+00
4.744604792328550147e+00
4.736015011287120657e+00
4.727551178805774690e+00
4.719220756786334903e+00
4.711030786956736272e+00
4.702987884368023508e+00
4.695098251204164796e+00
4.687367674426365483e+00
4.679801540295525086e+00
4.672404822617608922e+00
4.665182112281938132e+00
4.658137609586486150e+00
4.651275130646486566e+00
4.644598119621564436e+00
4.638109654103052648e+00
4.631812453278508990e+00
4.625708884983709801e+00
4.619800976194198050e+00
4.614090418916489966e+00
4.608578580012173909e+00
4.603266510113071419e+00
4.598154952276861884e+00
4.593244350746160443e+00
4.588534862584554119e+00
4.584026362512478414e+00
4.579718455895632090e+00
4.575610487559352180e+00
4.571701548820211514e+00
4.567990489308420443e+00
4.564475930073481180e+00
4.561141679646765645e+00
4.557986270819252006e+00
4.555023727401120937e+00
4.552251841798105936e+00
4.549668215570060958e+00
4.547270273475666258e+00
4.545055263944033364e+00
4.543020277792369832e+00
4.541162252216169648e+00
4.539477982973933123e+00
4.537964128443054079e+00
4.536617226862341923e+00
4.535433692234742686e+00
4.534409839544618848e+00
4.533541879802113428e+00
4.532825939371854851e+00
4.532258056869631346e+00
4.531834202951631418e+00
4.531550275934290717e+00
4.531402121729704469e+00
4.531385531336225903e+00
4.531496256904558706e+00
4.531730015725894845e+00
4.532082487659264025e+00
4.532549339955128431e+00
4.533126221408351419e+00
4.533808771750083011e+00
4.534592629186130708e+00
4.535473435468582615e+00
4.536446841302122834e+00
4.537508511811710221e+00
4.538654136912073866e+00
4.539879425340222596e+00
4.541180124056719336e+00
4.542552010004354379e+00
4.543990902634805096e+00
4.545492664493580470e+00
4.547053210869653306e+00
4.548668505630966585e+00
4.550334570993671335e+00
4.552047488854995549e+00
4.553803404871531235e+00
4.555598530046044203e+00
4.557429147677411585e+00
4.559291613550023214e+00
4.561182355694882951e+00
4.563094589473513096e+00
4.565013788526757210e+00
4.566950882016317159e+00
4.568902672239704366e+00
4.570866042072048607e+00
4.572837960427375670e+00
4.574815483906808034e+00
4.576795756559877582e+00
4.578776011348353769e+00
4.580753571601507979e+00
4.582725850716666827e+00
4.584690353046167566e+00
4.586644674288417711e+00
4.588586502495177299e+00
4.590513616528324015e+00
4.592423888071230920e+00
4.594315282620271113e+00
4.596185853307662050e+00
4.598033744489246288e+00
4.599857194578627073e+00
4.601654531789082903e+00
4.603424171129057108e+00
4.605164618373730256e+00
4.606874465689148934e+00
4.608552393197429708e+00
4.610197166677496128e+00
4.611807636663420418e+00
4.613382736860413225e+00
4.614921484043828848e+00
4.616422975588059252e+00
4.617886386997193782e+00
4.619310974552237603e+00
4.620696071393085802e+00
4.622041080636809518e+00
4.623345483830015645e+00
4.624608832434949690e+00
4.625830748471460474e+00
4.627010921756750328e+00
4.628149107602737011e+00
4.629245126680276989e+00
4.630298862447901342e+00
4.631310258995235962e+00
4.632279320261067035e+00
4.633206108533464374e+00
4.634090734072641382e+00
4.634933368533064701e+00
4.635734231897240321e+00
4.636493592417996190e+00
4.637211768665473244e+00
4.637889121451504337e+00
4.638526055342033771e+00
4.639123018519319075e+00
4.639680498776309392e+00
4.640199019009129344e+00
4.640679137666388065e+00
4.641121450982629071e+00
4.641526583760539282e+00
4.641895190317987030e+00
4.642227954953798807e+00
4.642525587676327170e+00
4.642788823024022626e+00
4.643018417662240438e+00
4.643215151125235529e+00
4.643379820258620505e+00
4.643513238737017268e+00
4.643616239009089597e+00
4.643689667490281892e+00
4.643734380726217914e+00
4.643751246373184927e+00
4.643741145473608611e+00
4.643704963922477447e+00
4.550457113192927672e+00
4.458343174402596532e+00
4.368183171095488149e+00
4.279773220780230147e+00
4.192918802555002600e+00
4.108227245421765872e+00
4.025429935512732982e+00
3.944359604488653304e+00
3.865625625080163719e+00
3.789143770472394923e+00
3.714492957510781679e+00
3.642305089378169658e+00
3.572605499095331094e+00
3.504998668012720309e+00
3.439712586881905398e+00
3.376987625358499834e+00
3.316831620022759886e+00
3.258848675939394646e+00
3.203228296946353471e+00
3.150204792248583630e+00
3.099769921421878571e+00
3.051911534751522659e+00
3.006219253803730673e+00
2.962984333413112292e+00
2.922297377334696300e+00
2.884132431750016767e+00
2.848460250329274857e+00
2.815248528164182140e+00
2.784429263352897532e+00
2.755789793309350255e+00
2.729517997342912228e+00
2.705571498031900113e+00
2.683905835726370093e+00
2.664474598292173813e+00
2.647229566145210544e+00
2.632120844047955543e+00
2.619097005078524276e+00
2.608105230337994129e+00
2.599091447308925495e+00
2.592000468158989435e+00
2.586776123792656534e+00
2.583361398208595006e+00
2.581698548841221186e+00
2.581729241176325296e+00
2.583394665612931185e+00
2.586635648450668956e+00
2.591392766294055683e+00
2.597606449556818742e+00
2.605217086026976325e+00
2.614165112015165882e+00
2.624391105618880449e+00
2.635835873143315577e+00
2.648440527617343498e+00
2.662146565688843669e+00
2.676895939105291777e+00
2.692631122141563527e+00
2.709295174101476356e+00
2.726831800245096638e+00
2.745185403766794430e+00
2.764301140381753452e+00
2.784124965104278981e+00
2.804467008740223477e+00
2.825371319536357895e+00
2.846822627371136338e+00
2.868771253427059964e+00
2.891168570139767802e+00
2.913967036502250529e+00
2.937120229664774484e+00
2.960582874892971450e+00
2.984310869934066357e+00
3.008261307525859962e+00
3.032392495350156203e+00
3.056499546254001221e+00
3.080602115912385308e+00
3.104767292818201518e+00
3.128958844386562355e+00
3.153141752039464674e+00
3.177282204229856521e+00
3.201347611723179831e+00
3.225306601453788780e+00
3.249129011103885745e+00
3.272785902318175566e+00
3.296239256949507812e+00
3.319228428647495122e+00
3.341975540053935489e+00
3.364457032676133164e+00
3.386650485617820561e+00
3.408534618768339186e+00
3.430089276360250405e+00
3.451295416110442105e+00
3.472135105649122089e+00
3.492591500660363835e+00
3.512648837397854162e+00
3.532292418368690790e+00
3.551482831301277621e+00
3.570080696953673360e+00
3.588231513647004878e+00
3.605925022896497634e+00
3.623151927842887421e+00
3.639903878472877885e+00
3.656173453200079582e+00
3.671954132160930140e+00
3.687240283390579521e+00
3.702027137957104141e+00
3.716310764372895648e+00
3.730088052147262800e+00
3.743356688816434019e+00
3.756115132024967718e+00
3.768362590417364544e+00
3.780098999524124537e+00
3.791325000345742602e+00
3.802041910732343322e+00
3.812157897087747216e+00
3.821771963104926506e+00
3.830889636534592579e+00
3.839514766649410937e+00
3.847651748635359414e+00
3.855305503466973871e+00
3.862481453441043211e+00
3.869185495675291353e+00
3.875423984204527272e+00
3.881203701202427414e+00
3.886531839496115026e+00
3.891415967903322670e+00
3.895864025798122299e+00
3.899884287796977045e+00
3.903485344745099450e+00
3.906676086320874486e+00
3.909465672460750607e+00
3.911863515575244143e+00
3.913879262130137704e+00
3.915522766684393030e+00
3.916804075383317318e+00
3.917733404745156189e+00
3.918321123351351964e+00
3.918577731482727700e+00
3.918513842980184680e+00
3.918140167566984466e+00
3.917467492039855337e+00
3.916506664218676548e+00
3.915268573205319846e+00
3.913764140525501478e+00
3.912004293382535192e+00
3.909999955504263269e+00
3.907762034400314999e+00
3.905301400933685052e+00
3.902628879287810104e+00
3.899755232229189517e+00
3.896691147773828856e+00
3.893447231027573174e+00
3.890033980208126074e+00
3.886461791480482653e+00
3.882740937799609160e+00
3.878881559732538342e+00
3.874893660199571599e+00
3.870787083448069321e+00
3.866571522374216752e+00
3.862256498958745787e+00
3.857851359654234980e+00
3.853365268626046447e+00
3.848807198487190551e+00
3.844185927259483382e+00
3.839510032455977218e+00
3.834787876733215306e+00
3.830027616565968795e+00
3.825237193818134429e+00
3.820424322906831094e+00
3.815596494785122417e+00
3.810760975616951818e+00
3.805924799935503700e+00
3.801083498366124136e+00
3.796220438035022404e+00
3.791376668520193505e+00
3.786558393513539844e+00
3.781771575536637897e+00
3.777021933592672465e+00
3.772314945473911774e+00
3.767655839232662895e+00
3.763049609116027927e+00
3.758501004059300765e+00
3.754014534615758070e+00
3.749594472465755501e+00
3.745244853271265661e+00
3.740969477223138107e+00
3.736771913107109100e+00
3.732655499898270168e+00
3.728623350853281782e+00
3.724678355841919863e+00
3.720823183913282151e+00
3.717060288050018091e+00
3.713391907858433427e+00
3.709820075268662087e+00
3.706346616578264364e+00
3.702973156205263461e+00
3.699701127446991755e+00
3.696531766459537849e+00
3.693466127850229430e+00
3.690505077691239588e+00
3.687649305201932126e+00
3.684899331688777480e+00
3.682255510708281054e+00
3.679718031107253484e+00
3.677286925934023731e+00
3.674962076298822655e+00
3.672743215906615788e+00
3.670629937260859066e+00
3.668621699556911420e+00
3.666717828541791402e+00
3.664917525252345598e+00
3.663219871318592613e+00
3.661623835024204077e+00
3.660128272402797922e+00
3.658731937072588369e+00
3.657433483957100329e+00
3.656231471433485147e+00
3.655124376690803700e+00
3.654110592119967915e+00
3.653188424033373849e+00
3.652356116143941289e+00
3.651611834410232849e+00
3.650953689136952285e+00
3.650379729420150099e+00
3.649887950697897399e+00
3.649476299884107711e+00
3.649142679001963874e+00
3.648884950585010944e+00
3.648700940185281461e+00
3.648588443650764734e+00
3.648545229044374505e+00
3.648569041068636665e+00
3.648657605721230546e+00
3.648808633742739449e+00
3.649019823617914327e+00
3.649288866891125860e+00
3.649613450076919285e+00
3.649991259695112955e+00
3.650419983244566069e+00
3.650897314709159680e+00
3.651420956691825648e+00
3.651988625862060189e+00
3.652598047979962459e+00
3.653246966141612262e+00
3.653933148184759894e+00
3.654654381770277904e+00
3.655408479188280602e+00
3.656193279307145438e+00
3.657006650730288744e+00
3.657846492167759145e+00
3.658710736120564189e+00
3.659597348482547030e+00
3.660504333754197592e+00
3.661429733376905027e+00
3.662371627449592548e+00
3.663328138841918769e+00
3.664297431398506166e+00
3.665277715146590065e+00
3.666267236842737365e+00
3.667264296660309508e+00
3.668267238241685213e+00
3.669274452580173485e+00
3.670284377838680445e+00
3.671295501261869987e+00
3.672306358604342957e+00
3.673315534823462958e+00
3.674321664525384445e+00
3.675323432379863142e+00
3.676319573584038380e+00
3.677308872127896588e+00
3.678290163626033671e+00
3.679262333429794918e+00
3.680224319449490800e+00
3.681175101722937715e+00
3.682113717872520731e+00
3.683039251483159138e+00
3.683950836634604098e+00
3.684847654862084987e+00
3.685728936082467211e+00
3.686593957788941278e+00
3.687442044478213887e+00
3.688272567030966620e+00
3.689084942047909266e+00
3.689878631143892918e+00
3.690653140202439619e+00
3.691408018593096418e+00
3.692142858077851475e+00
3.692857293341834435e+00
3.693550998424286469e+00
3.694223688471685474e+00
3.694875119773794570e+00
3.695505079220707589e+00
3.696113398631992730e+00
3.696699943440843406e+00
3.697264614170091779e+00
3.697807345587425853e+00
3.698328105158740886e+00
3.698826892732987481e+00
3.699303738723912716e+00
3.699758703932549242e+00
3.700191877736259460e+00
3.700603376646937726e+00
3.626687476862077375e+00
3.557957778923445336e+00
3.493820582123189578e+00
3.434681578723949080e+00
3.380545654815783951e+00
3.331324810670203362e+00
3.286833390060112325e+00
3.246720451006595898e+00
3.211282926662506032e+00
3.180414764805150618e+00
3.154006373376978978e+00
3.131944978984460448e+00
3.114114983330884545e+00
3.100398308473411912e+00
3.090674718129304388e+00
3.084822140640739008e+00
3.082716966025280669e+00
3.084234343316844651e+00
3.089248448484676501e+00
3.097632752895033814e+00
3.109260272861155805e+00
3.124003808696021789e+00
3.141736157506878957e+00
3.162330345332855064e+00
3.185659808494100353e+00
3.211598590042395340e+00
3.240021514183963447e+00
3.270804348679577700e+00
3.303730664370407411e+00
3.338480264942141673e+00
3.375203009534393228e+00
3.413781642665380200e+00
3.454100434277519227e+00
3.496045275525875518e+00
3.539503733790988704e+00
3.584027330962016755e+00
3.629745068981039768e+00
3.676490411210275422e+00
3.723913708645705256e+00
3.771650067264958661e+00
3.819163027399850474e+00
3.865949772309226429e+00
3.911919927399710062e+00
3.956959765997039025e+00
4.001090432638477523e+00
4.044332607821535142e+00
4.086377360243783841e+00
4.127460891810888377e+00
4.167723692686024606e+00
4.207184029515207868e+00
4.245859613653018449e+00
4.283767627225976149e+00
4.320817096391794010e+00
4.356903655797482955e+00
4.392278078067023195e+00
4.426955712782403296e+00
4.460951528568739555e+00
4.494280124496572881e+00
4.526955741067064665e+00
4.558992270798304602e+00
4.590150426914773263e+00
4.620667496473761737e+00
4.650590393663970090e+00
4.679931570674685126e+00
4.708703244102306229e+00
4.736917395173443346e+00
4.764585770430686651e+00
4.791719882833630706e+00
4.818306533855830409e+00
4.844102635770171972e+00
4.869403370507813911e+00
4.894219072370054491e+00
4.918559794174711897e+00
4.942435318987551618e+00
4.965855171182813166e+00
4.988828626877514161e+00
5.011364723780824981e+00
5.033472270496888612e+00
5.055159855316606610e+00
5.076375513821485441e+00
5.097060642779506878e+00
5.117353222188461892e+00
5.137261100658509605e+00
5.156791952329605522e+00
5.175953287259009272e+00
5.194752450857978765e+00
5.213196631307535966e+00
5.231292855929106977e+00
5.249048006370080621e+00
5.266468816678003151e+00
5.283561870897786505e+00
5.300333619818713871e+00
5.316790371941783278e+00
5.332851850520599513e+00
5.348556412238659519e+00
5.363966712939714832e+00
5.379088478475319235e+00
5.393927317481967521e+00
5.408488728967633996e+00
5.422778098110152101e+00
5.436790357602170332e+00
5.450516082228546999e+00
5.463946513971761121e+00
5.477073554622870155e+00
5.489889749950843445e+00
5.502388280716688840e+00
5.514562951160406179e+00
5.526408177096036489e+00
5.537918967180209151e+00
5.549090925041753941e+00
5.559920217915675700e+00
5.570403584333615932e+00
5.580499561219174787e+00
5.590185263616366029e+00
5.599522120996414110e+00
5.608509067832081918e+00
5.617145507326644527e+00
5.625431317378318141e+00
5.633366823836293058e+00
5.640952788062462808e+00
5.648190394943927828e+00
5.655081235236669279e+00
5.661627295825334194e+00
5.667830937916037648e+00
5.673694886535931126e+00
5.679222220416962230e+00
5.684416350528741724e+00
5.689281008854788269e+00
5.693820231926492781e+00
5.698038347570443918e+00
5.701939961543833313e+00
5.705529940997142724e+00
5.708813401720552072e+00
5.711795694064852214e+00
5.714482388231096444e+00
5.716879259847384986e+00
5.718992278844330812e+00
5.720827594404317651e+00
5.722391520968338696e+00
5.723690526462282158e+00
5.724731218209094585e+00
5.725520331309881250e+00
5.726064714203766393e+00
5.726371319508763769e+00
5.726447190431520617e+00
5.726299446774923751e+00
5.725935277083027408e+00
5.725361925343256608e+00
5.724586680352500956e+00
5.723616864651805081e+00
5.722459825226478003e+00
5.721122922212419581e+00
5.719613519005274149e+00
5.717938974218567338e+00
5.716106628790822874e+00
5.714123800701860212e+00
5.711997775269392896e+00
5.709735795849876894e+00
5.707345057730142557e+00
5.704832695706015144e+00
5.702205783526388849e+00
5.699471320844404332e+00
5.696636228432506499e+00
5.693707342584136910e+00
5.690691409070144147e+00
5.687595074517519222e+00
5.684424882750313657e+00
5.681187269682429708e+00
5.677888558036078948e+00
5.674534951641840408e+00
5.671132531935710652e+00
5.667687254391952756e+00
5.664204943409570703e+00
5.660691290582204438e+00
5.657151848285780993e+00
5.653592030496491283e+00
5.650017106498158803e+00
5.646432203079084111e+00
5.642842295924670459e+00
5.639252213133732816e+00
5.635666632203392368e+00
5.632090078054730498e+00
5.628526920468610584e+00
5.624981376670042721e+00
5.621457507568742074e+00
5.617959218418420164e+00
5.614490259222998603e+00
5.611054223169415600e+00
5.607654548567851727e+00
5.604294517635093342e+00
5.600977258179403506e+00
5.597705743679513901e+00
5.594482794792288161e+00
5.591311079676509976e+00
5.588193116460922205e+00
5.585131273280603104e+00
5.582127770942230782e+00
5.579184684625418278e+00
5.576300138240093851e+00
5.573454979854778557e+00
5.570676306997738969e+00
5.567965676224303273e+00
5.565324504344157930e+00
5.562754072754071188e+00
5.560255528918457202e+00
5.557829889506677112e+00
5.555478043596708382e+00
5.553200755098909092e+00
5.550998665447612446e+00
5.548872297400364140e+00
5.546822057242682291e+00
5.544848238325579715e+00
5.542951024320744935e+00
5.541130492716641598e+00
5.539386616868121394e+00
5.537719271349786254e+00
5.536128233058143167e+00
5.534613186503078097e+00
5.533173725227928053e+00
5.531809356729144866e+00
5.530519504431244293e+00
5.529303514127589914e+00
5.528160653603419128e+00
5.527090118216274384e+00
5.526091032822527005e+00
5.525162458045457470e+00
5.524303389609007908e+00
5.523512764254298268e+00
5.522789462393331128e+00
5.522132311450529407e+00
5.521540088784435696e+00
5.521011526412086035e+00
5.520545309397723699e+00
5.520140085487246218e+00
5.519794464615588758e+00
5.519507022157083220e+00
5.519276301580921640e+00
5.519100819781273870e+00
5.518979064028227910e+00
5.518909502769981934e+00
5.518890582036027226e+00
5.518920732759366565e+00
5.518998367349074563e+00
5.519121890418456466e+00
5.519289692375444645e+00
5.519500160011920897e+00
5.519751672800858877e+00
5.520042608753868763e+00
5.520371344717194262e+00
5.520736259891771525e+00
5.521135736350260004e+00
5.521568162296566662e+00
5.522031933713077656e+00
5.522525456318764903e+00
5.523047146472175761e+00
5.523595433848578651e+00
5.524168763380940206e+00
5.524765594858973117e+00
5.525384406970228035e+00
5.526023698474719303e+00
5.526681985250943896e+00
5.527357809051316018e+00
5.528049731481331719e+00
5.528756340837494676e+00
5.529476249127554865e+00
5.530208095389173018e+00
5.530950545857512779e+00
5.531702294629232242e+00
5.532462065080878233e+00
5.533228610324602670e+00
5.534000713123338855e+00
5.534777188303264595e+00
5.535556882810641177e+00
5.536338673969693147e+00
5.537121472567521963e+00
5.537904222377392216e+00
5.538685900499845438e+00
5.539465517649583504e+00
5.540242118389290482e+00
5.541014780886011515e+00
5.541782618345446387e+00
5.542544777768577902e+00
5.543300440439967502e+00
5.544048821783886360e+00
5.544789172028251834e+00
5.545520773998831032e+00
5.546242946785607586e+00
5.546955041597095182e+00
5.547656443887108324e+00
5.548346571817514672e+00
5.549024877053080118e+00
5.549690844464536532e+00
5.550343990580485887e+00
5.550983864007530855e+00
5.551610044912960618e+00
5.552222144761985057e+00
5.552819805675731857e+00
5.553402699669451437e+00
5.553970528591589684e+00
5.554523023379139168e+00
5.446953922429916162e+00
5.341390328324024495e+00
5.237041038350924715e+00
5.134498083214904973e+00
5.033574047298728260e+00
4.933993570190974509e+00
4.836314673730873537e+00
4.739623052887295351e+00
4.644569821116751207e+00
4.551259995804238123e+00
4.459033001671066643e+00
4.368616249023363096e+00
4.279710199330965636e+00
4.192023923113456618e+00
4.106082935749300944e+00
4.021496423625062100e+00
3.938080549947440723e+00
3.856350247194584746e+00
3.776031829668294648e+00
3.696847360285594242e+00
3.619283695607750762e+00
3.543261764919879209e+00
3.468146835090460289e+00
3.394588298368623747e+00
3.322560270392636461e+00
3.251558025237075267e+00
3.181750527827451158e+00
3.113414511688388231e+00
3.046524936164832997e+00
2.980376190004576209e+00
2.915587970081076730e+00
2.852188149949338225e+00
2.790151433761900890e+00
2.728953137058264033e+00
2.669062769322282591e+00
2.610471061600602383e+00
2.553154252376581113e+00
2.496657742247587741e+00
2.441195376595866051e+00
2.386953337580947743e+00
2.333908662967495218e+00
2.282038431654760835e+00
2.230831409746076410e+00
2.180836906312565215e+00
2.132097258568175224e+00
2.084644714549709121e+00
2.038508243899735728e+00
1.993364957292972806e+00
1.949492137290730120e+00
1.907018561243587929e+00
1.865961539244889167e+00
1.826335412605764041e+00
1.788151629345179794e+00
1.751181942095060284e+00
1.715542743232908229e+00
1.681379652027677585e+00
1.648693908323927371e+00
1.617484255042005215e+00
1.587747033612542991e+00
1.559476294459546164e+00
1.532663873667343246e+00
1.507157709140128699e+00
1.482980037322134237e+00
1.460239225669318630e+00
1.438919396702799114e+00
1.419002946178183677e+00
1.400470619946206696e+00
1.383301616010123469e+00
1.367473674139707773e+00
1.352963166336802248e+00
1.339745191056702200e+00
1.327793665673932200e+00
1.317081417238636032e+00
1.307580258883702884e+00
1.299261096877654786e+00
1.292094003630217314e+00
1.286048302734762006e+00
1.281092651126862103e+00
1.277195119694526149e+00
1.274323271208843922e+00
1.272444233736718333e+00
1.271524773069221181e+00
1.271531363437621964e+00
1.272430255577588820e+00
1.274187538110299611e+00
1.276769205656756778e+00
1.280141213940931610e+00
1.284269539339355948e+00
1.289120236009424270e+00
1.294659474594340942e+00
1.300853612066864118e+00
1.307669226006107355e+00
1.315073159937262703e+00
1.323032567727305153e+00
1.331514956030365182e+00
1.340488215508566006e+00
1.349920663338514348e+00
1.359781064497820546e+00
1.370038681059092545e+00
1.380663285493812564e+00
1.391625193171795782e+00
1.402895290311308107e+00
1.414445050105466617e+00
1.426246560668708030e+00
1.438272541176447206e+00
1.450496358910219996e+00
1.462892047681754182e+00
1.475434323126959768e+00
1.488098592464527359e+00
1.500860963412779636e+00
1.513698268186100426e+00
1.526529539645937517e+00
1.539316959671561902e+00
1.552114316488119039e+00
1.564901754336175399e+00
1.577660151096285768e+00
1.590371120927873916e+00
1.603017008114983266e+00
1.615580897115486136e+00
1.628046604082409976e+00
1.640398675859107369e+00
1.652622386219203987e+00
1.664703731711557166e+00
1.676629428144629674e+00
1.688386897001468601e+00
1.699964269513066117e+00
1.711350371581293661e+00
1.722534716510464969e+00
1.733507498158497695e+00
1.744259578163343871e+00
1.754782477191223489e+00
1.765068363827875242e+00
1.775102776971867913e+00
1.784793778146254839e+00
1.794230790349814253e+00
1.803408620112635141e+00
1.812322645761573314e+00
1.820968805031109472e+00
1.829343580524702917e+00
1.837443986122365702e+00
1.845267554047639091e+00
1.852812312964092101e+00
1.860076784873353706e+00
1.867059961354252895e+00
1.873761291421415454e+00
1.880180667358017477e+00
1.886318406347722743e+00
1.892175237517998543e+00
1.897752285568727215e+00
1.903051057105220822e+00
1.908073416588418336e+00
1.912821586820608433e+00
1.917298118730743628e+00
1.921505882354858530e+00
1.925448050456994853e+00
1.929128085937539039e+00
1.932549716598427114e+00
1.935716934458957539e+00
1.938633970322505506e+00
1.941305286335591074e+00
1.943735556072382797e+00
1.945929645121597273e+00
1.947892611752360725e+00
1.949629681540068216e+00
1.951146237078944967e+00
1.952447802949569766e+00
1.953540032828530393e+00
1.954428703368561893e+00
1.955119683215733595e+00
1.955618943591771242e+00
1.955932530691626647e+00
1.956066558725146232e+00
1.956027198336171002e+00
1.955820663938895754e+00
1.955453204149723678e+00
1.954931090970262630e+00
1.954260609308252628e+00
1.953448047008125243e+00
1.952499685061828361e+00
1.951421791247459181e+00
1.950220601380524332e+00
1.948902323517017310e+00
1.947473125697553042e+00
1.945939121401584648e+00
1.944306372119322557e+00
1.942580870992872022e+00
1.940768540495655836e+00
1.938875231397564347e+00
1.936906699918198749e+00
1.934868620716999832e+00
1.932766574489725331e+00
1.930606035817223010e+00
1.928392377088423482e+00
1.926130858855430672e+00
1.923826635017730213e+00
1.921484732564137321e+00
1.919110063342960526e+00
1.916707416286298482e+00
1.914281449129751511e+00
1.911836691502710739e+00
1.909377540420080788e+00
1.906908259059628907e+00
1.904432974634375997e+00
1.901955676574506704e+00
1.899480214906992481e+00
1.897010305189155144e+00
1.894549514908726362e+00
1.892101274013709977e+00
1.889668868623581632e+00
1.887255449092436255e+00
1.884864022043788001e+00
1.882497453990827019e+00
1.880158470397716775e+00
1.877849660493486894e+00
1.875573468364894358e+00
1.873332207383399339e+00
1.871128053916558898e+00
1.868963049619113193e+00
1.866839103570915759e+00
1.864757994070466829e+00
1.862721370566421619e+00
1.860730755719135265e+00
1.858787547584434874e+00
1.856893021911841801e+00
1.855048334368508245e+00
1.853254523771970197e+00
1.851512513586944131e+00
1.849823115342679625e+00
1.848187033878528673e+00
1.846604862100059696e+00
1.845077088686833511e+00
1.843604109384711531e+00
1.842186216672296872e+00
1.840823608999063499e+00
1.839516394207498129e+00
1.838264591174483265e+00
1.837068133917939328e+00
1.835926875492032595e+00
1.834840582699259759e+00
1.833808958660657185e+00
1.832831623832676282e+00
1.831908129255208850e+00
1.831037966201752631e+00
1.830220560622177528e+00
1.829455276378753048e+00
1.828741421146908630e+00
1.828078249062389249e+00
1.827464963488219185e+00
1.826900720044603021e+00
1.826384629639440815e+00
1.825915760223848938e+00
1.825493144672645451e+00
1.825115778207806017e+00
1.824782617452094913e+00
1.824492595765393022e+00
1.824244616243960726e+00
1.824037557008490795e+00
1.823870272843379325e+00
1.823741602347066726e+00
1.823650365089536818e+00
1.823595362616317939e+00
1.823575382899311315e+00
1.823589210299465080e+00
1.823635618740902631e+00
1.823713374360322437e+00
1.823821240491690920e+00
1.823957981060294387e+00
1.824122355448291266e+00
1.824313125295907945e+00
1.824529062863926132e+00
1.824768935920146884e+00
1.825031529132577601e+00
1.825315634287202560e+00
1.825620045045707407e+00
1.825943578253121036e+00
1.826285057735158368e+00
1.826643322146862092e+00
1.827017229335463400e+00
1.827405650775276946e+00
1.827807477199509867e+00
1.828221618014281624e+00
1.828647003760860201e+00
1.829082585528041482e+00
1.829527336300809548e+00
1.829980251210897357e+00
1.830440350773865354e+00
1.830906677173292696e+00
1.831378297223683393e+00
1.831854305823624518e+00
1.832333820631153909e+00
1.832815986426358901e+00
1.833299974325400816e+00
1.833784984710740806e+00
1.834270236879113503e+00
1.834754987686212147e+00
1.835238514527296694e+00
1.835720126966178034e+00
1.836199158374193452e+00
1.836674972198791167e+00
