1.479155544871898764e-01
2.916826111451478187e-01
4.307392817932574891e-01
5.658025494441154546e-01
6.968565629551356500e-01
8.239305912168927160e-01
9.471763740937089171e-01
1.066979627871197378e+00
1.183334610064787906e+00
1.296579788326175375e+00
1.406183410809998202e+00
1.513227055440467872e+00
1.616787383435326797e+00
1.717880880438577895e+00
1.816224402056837883e+00
1.911761546522696920e+00
2.005131888646324079e+00
2.095703925810725732e+00
2.184018792374826656e+00
2.270361802692287156e+00
2.354052229215688463e+00
2.435784110524969126e+00
2.515717040716318298e+00
2.593232422463283893e+00
2.668847657183878397e+00
2.742823152603080850e+00
2.814974732458843221e+00
2.885198150006092810e+00
2.934737997723921854e+00
2.959791204232953721e+00
2.967135893236212851e+00
2.965292386349529963e+00
2.960581066498197078e+00
2.956364096584069845e+00
2.953751355472796103e+00
2.952625106617111861e+00
2.952441307250698088e+00
2.952676902975448936e+00
2.952992514015782444e+00
2.953232468218816908e+00
2.953363104041135223e+00
2.953408371691551793e+00
2.953406035524773099e+00
2.953386420928148404e+00
2.953366837450661642e+00
2.953353842178091604e+00
2.953347713389378626e+00
2.953346249211394436e+00
2.953347047083198174e+00
2.953348435365437563e+00
2.953349581345910746e+00
2.953350250410079703e+00
2.953350513731315186e+00
2.953350534618929935e+00
2.953350456487589870e+00
2.953350367025386891e+00
2.953350303315817715e+00
2.953350270780906506e+00
2.953350261005920352e+00
2.953350263151873989e+00
2.953350269100879721e+00
2.953350274494699335e+00
2.953350277865907980e+00
2.953350279337072504e+00
2.953350279592978023e+00
2.953350279301735437e+00
2.953350278900685133e+00
2.953350278592686617e+00
2.953350278423469533e+00
2.953350278363761294e+00
2.953350278365666881e+00
2.953350278390318273e+00
2.953350278415318275e+00
2.953350278432052001e+00
2.953350278440029175e+00
2.953350278442001375e+00
2.953350278441035481e+00
2.953350278439280441e+00
2.953350278437810950e+00
2.953350278436944532e+00
2.953350278436598142e+00
2.953350278436565279e+00
2.953350278436662091e+00
2.953350278436775778e+00
2.953350278436857490e+00
2.953350278436900567e+00
2.953350278436912557e+00
2.953350278436912113e+00
2.953350278436904564e+00
2.953350278436896126e+00
2.953350278436891685e+00
2.953350278436890797e+00
2.953350278436889909e+00
2.953350278436891685e+00
2.953350278436892129e+00
2.953350278436893017e+00
2.953350278436891685e+00
2.953350278436892129e+00
2.953350278436892129e+00
2.953350278436892129e+00
2.953350278436892129e+00
2.953350278436893017e+00
2.953350278436891685e+00
2.953350278436892129e+00
2.953350278436892129e+00
2.953350278436892129e+00
2.953350278436893017e+00
2.953350278436891685e+00
2.953350278436892129e+00
2.953350278436893017e+00
2.953350278436892129e+00
2.953350278436892129e+00
2.953350278436892129e+00
2.953350278436892129e+00
2.953350278436892129e+00
2.953350278436892129e+00
2.953350278436892129e+00
2.953350278436892129e+00
2.953350278436892129e+00
2.953350278436892129e+00
2.953350278436892129e+00
2.953350278436892129e+00
2.953350278436892129e+00
2.953350278436892129e+00
2.953350278436892129e+00
2.953350278436892129e+00
2.953350278436892129e+00
2.953350278436893017e+00
2.953350278436892129e+00
2.953350278436891241e+00
2.953350278436891685e+00
2.953350278436892129e+00
2.953350278436893017e+00
2.953350278436891685e+00
2.953350278436892129e+00
2.953350278436893017e+00
2.953350278436892129e+00
2.953350278436892129e+00
2.953350278436892129e+00
2.953350278436893017e+00
2.953350278436892129e+00
2.953350278436892129e+00
2.953350278436892129e+00
2.953350278436892129e+00
2.953350278436893017e+00
2.953350278436892129e+00
2.953350278436892129e+00
2.953350278436892129e+00
2.953350278436892129e+00
2.953350278436892129e+00
2.953350278436892129e+00
2.953350278436892129e+00
2.953350278436892129e+00
2.953350278436892129e+00
2.953350278436892129e+00
2.953350278436892129e+00
2.953350278436893017e+00
2.953350278436892129e+00
2.953350278436891241e+00
2.953350278436891685e+00
2.953350278436892129e+00
2.953350278436893017e+00
2.953350278436891685e+00
2.953350278436892129e+00
2.953350278436893017e+00
2.953350278436892129e+00
2.953350278436892129e+00
2.953350278436892129e+00
2.953350278436892129e+00
2.953350278436893017e+00
2.953350278436891685e+00
2.953350278436892129e+00
2.953350278436893017e+00
2.953350278436892129e+00
2.953350278436892129e+00
2.953350278436893017e+00
2.953350278436892129e+00
2.953350278436892129e+00
2.953350278436892129e+00
2.953350278436892129e+00
2.953350278436892129e+00
2.953350278436892129e+00
2.953350278436892129e+00
2.953350278436893017e+00
2.953350278436892129e+00
2.953350278436891241e+00
2.953350278436891685e+00
2.953350278436892129e+00
2.953350278436893017e+00
2.953350278436891685e+00
2.953350278436892129e+00
2.953350278436893017e+00
2.953350278436892129e+00
2.953350278436892129e+00
2.953350278436892129e+00
2.953350278436892129e+00
2.953350278436893017e+00
2.953350278436892129e+00
2.953350278436891241e+00
2.953350278436891685e+00
2.953350278436892129e+00
2.953350278436893017e+00
2.953350278436892129e+00
2.953350278436891241e+00
2.953350278436891685e+00
2.953350278436892129e+00
2.953350278436893017e+00
2.953350278436892129e+00
2.953350278436892129e+00
2.953350278436892129e+00
2.953350278436892129e+00
2.953350278436892129e+00
2.953350278436892129e+00
2.953350278436892129e+00
2.953350278436892129e+00
2.953350278436892129e+00
2.953350278436892129e+00
2.953350278436893017e+00
2.953350278436892129e+00
2.953350278436891241e+00
2.953350278436891685e+00
2.953350278436892129e+00
2.953350278436893017e+00
2.953350278436892129e+00
2.953350278436892129e+00
2.953350278436892129e+00
2.953350278436892129e+00
2.953350278436892129e+00
2.953350278436892129e+00
2.953350278436893017e+00
2.953350278436891685e+00
2.953350278436892129e+00
2.953350278436893017e+00
2.953350278436891685e+00
2.953350278436892129e+00
2.953350278436893017e+00
2.953350278436891685e+00
2.953350278436892129e+00
2.953350278436893017e+00
2.953350278436892129e+00
2.953350278436892129e+00
2.953350278436893017e+00
2.953350278436891685e+00
2.953350278436892129e+00
2.953350278436892129e+00
2.953350278436892129e+00
2.953350278436893017e+00
2.953350278436892129e+00
2.953350278436891241e+00
2.953350278436891685e+00
2.953350278436892129e+00
2.953350278436893017e+00
2.953350278436892129e+00
2.953350278436892129e+00
2.953350278436893017e+00
2.953350278436892129e+00
2.953350278436892129e+00
2.953350278436892129e+00
2.953350278436892129e+00
2.953350278436892129e+00
2.953350278436892129e+00
2.953350278436892129e+00
2.953350278436892129e+00
2.953350278436892129e+00
2.953350278436892129e+00
2.953350278436892129e+00
2.953350278436892129e+00
2.953350278436892129e+00
2.953350278436892129e+00
2.953350278436893017e+00
2.953350278436891685e+00
2.953350278436892129e+00
2.953350278436893017e+00
2.953350278436892129e+00
2.953350278436892129e+00
2.953350278436892129e+00
2.953350278436892129e+00
2.953350278436892129e+00
2.953350278436892129e+00
2.953350278436892129e+00
2.953350278436893017e+00
2.953350278436892129e+00
2.953350278436892129e+00
2.953350278436892129e+00
2.953350278436892129e+00
2.953350278436892129e+00
2.953350278436893017e+00
2.953350278436892129e+00
2.953350278436892129e+00
2.953350278436892129e+00
2.953350278436892129e+00
2.953350278436892129e+00
2.953350278436892129e+00
2.953350278436892129e+00
2.953350278436893017e+00
2.953350278436892129e+00
2.953350278436891241e+00
2.953350278436891685e+00
2.953350278436892129e+00
2.953350278436893017e+00
2.953350278436891685e+00
3.020609040544664836e+00
3.085941482535621727e+00
3.149658613120108530e+00
3.212029990019314329e+00
3.273089005412422203e+00
3.332456437121424475e+00
3.390345491351819618e+00
3.447029745356530839e+00
3.502538112433118300e+00
3.556821475141680899e+00
3.609554991029592319e+00
3.661203990313154133e+00
3.711793737138686211e+00
3.761348788939585575e+00
3.809821405788926807e+00
3.856930528617586784e+00
3.903083480491372104e+00
3.948301963750367349e+00
3.992607213242646669e+00
4.036019999131590374e+00
4.078318140907251532e+00
4.119562906096976285e+00
4.159983333644898806e+00
4.199597800983898566e+00
4.238424125004298659e+00
4.276479588448263591e+00
4.313739197586123453e+00
4.349965590053937348e+00
4.385476825309631899e+00
4.420288328126823707e+00
4.454415140062404355e+00
4.487871930941921050e+00
4.520673009924125019e+00
4.552832336163222138e+00
4.584165892584968205e+00
4.614799583329002530e+00
4.644836661018513446e+00
4.674289623487912770e+00
4.703170732993299019e+00
4.731492016340056672e+00
4.759265265482755858e+00
4.786502038549238947e+00
4.813213661244597930e+00
4.839141941879200104e+00
4.864537870823659738e+00
4.889446786298059067e+00
4.909787652108007272e+00
4.922099087726349964e+00
4.927547787776061838e+00
4.928700378569324414e+00
4.927862210078333582e+00
4.926526085575829050e+00
4.925413897537930019e+00
4.924730959465140501e+00
4.924422574828190236e+00
4.924352064505505666e+00
4.924393849864222794e+00
4.924465423974254463e+00
4.924526189362288697e+00
4.924564040042069379e+00
4.924581466354156944e+00
4.924585732640932356e+00
4.924583673311435206e+00
4.924579844930629946e+00
4.924576527994656949e+00
4.924574431734037638e+00
4.924573448294768063e+00
4.924573192387182274e+00
4.924573292385019840e+00
4.924573496826154084e+00
4.924573677748947276e+00
4.924573793755425477e+00
4.924573849181145491e+00
4.924573864416569968e+00
4.924573859651332874e+00
4.924573848752421767e+00
4.924573838892098543e+00
4.924573832477233459e+00
4.924573829357462351e+00
4.924573828456208169e+00
4.924573828677646148e+00
4.924573829257537838e+00
4.924573829794505642e+00
4.924573830148991860e+00
4.924573830324318280e+00
4.924573830377372730e+00
4.924573830367476646e+00
4.924573830336608893e+00
4.924573830307429567e+00
4.924573830287803489e+00
4.924573830277997999e+00
4.924573830274932007e+00
4.924573830275374320e+00
4.924573830276933073e+00
4.924573830278553110e+00
4.924573830279658893e+00
4.924573830280230879e+00
4.924573830280420950e+00
4.924573830280402298e+00
4.924573830280313480e+00
4.924573830280137621e+00
4.924573830280109199e+00
4.924573830280103870e+00
4.924573830280113640e+00
4.924573830280124298e+00
4.924573830280134068e+00
4.924573830280139397e+00
4.924573830280056796e+00
4.924573830280079889e+00
4.924573830280107423e+00
4.924573830280126963e+00
4.924573830280056796e+00
4.924573830279998177e+00
4.924573830279967090e+00
4.924573830280046138e+00
4.924573830280015052e+00
4.924573830280071896e+00
4.924573830280117193e+00
4.924573830280139397e+00
4.924573830280147391e+00
4.924573830280151832e+00
4.924573830280146503e+00
4.924573830280141173e+00
4.924573830280138509e+00
4.924573830280139397e+00
4.924573830280051467e+00
4.924573830280077225e+00
4.924573830280102982e+00
4.924573830280120745e+00
4.924573830280134956e+00
4.924573830280142950e+00
4.924573830280147391e+00
4.924573830280145614e+00
4.924573830280141173e+00
4.924573830280139397e+00
4.924573830280141173e+00
4.924573830280139397e+00
4.924573830280142062e+00
4.924573830280141173e+00
4.924573830280139397e+00
4.924573830280141173e+00
4.924573830280139397e+00
4.924573830280051467e+00
4.924573830280077225e+00
4.924573830280102982e+00
4.924573830280120745e+00
4.924573830280134956e+00
4.924573830280143838e+00
4.924573830280149167e+00
4.924573830280144726e+00
4.924573830280141173e+00
4.924573830280139397e+00
4.924573830280142062e+00
4.924573830280141173e+00
4.924573830280139397e+00
4.924573830280141173e+00
4.924573830280139397e+00
4.924573830280142062e+00
4.924573830280141173e+00
4.924573830280139397e+00
4.924573830280052356e+00
4.924573830279990183e+00
4.924573830280046138e+00
4.924573830280095876e+00
4.924573830280126074e+00
4.924573830280139397e+00
4.924573830280149167e+00
4.924573830280150055e+00
4.924573830280144726e+00
4.924573830280052356e+00
4.924573830279988407e+00
4.924573830279958209e+00
4.924573830280037257e+00
4.924573830280096765e+00
4.924573830280044362e+00
4.924573830280090547e+00
4.924573830280118081e+00
4.924573830280134068e+00
4.924573830280059461e+00
4.924573830280086995e+00
4.924573830280111864e+00
4.924573830280128739e+00
4.924573830280138509e+00
4.924573830280145614e+00
4.924573830280056796e+00
4.924573830279991959e+00
4.924573830279961761e+00
4.924573830280041697e+00
4.924573830280098541e+00
4.924573830280044362e+00
4.924573830280089659e+00
4.924573830280119857e+00
4.924573830280135844e+00
4.924573830280143838e+00
4.924573830280147391e+00
4.924573830280145614e+00
4.924573830280141173e+00
4.924573830280139397e+00
4.924573830280142062e+00
4.924573830280141173e+00
4.924573830280139397e+00
4.924573830280141173e+00
4.924573830280139397e+00
4.924573830280141173e+00
4.924573830280139397e+00
4.924573830280142062e+00
4.924573830280141173e+00
4.924573830280139397e+00
4.924573830280141173e+00
4.924573830280139397e+00
4.924573830280052356e+00
4.924573830280079001e+00
4.924573830280021269e+00
4.924573830280070119e+00
4.924573830280111864e+00
4.924573830280133180e+00
4.924573830280061237e+00
4.924573830280088771e+00
4.924573830280026598e+00
4.924573830279989295e+00
4.924573830280052356e+00
4.924573830280101205e+00
4.924573830280126963e+00
4.924573830280141173e+00
4.924573830280149167e+00
4.924573830280146503e+00
4.924573830280142062e+00
4.924573830280139397e+00
4.924573830280139397e+00
4.924573830280052356e+00
4.924573830279989295e+00
4.924573830279959985e+00
4.924573830280038145e+00
4.924573830280095876e+00
4.924573830280044362e+00
4.924573830280090547e+00
4.924573830280118081e+00
4.924573830280134068e+00
4.924573830280059461e+00
4.924573830280086995e+00
4.924573830280111864e+00
4.924573830280130515e+00
4.924573830280057685e+00
4.924573830280086106e+00
4.924573830280111864e+00
4.924573830280129627e+00
4.924573830280139397e+00
4.924573830280146503e+00
4.924573830280145614e+00
4.924573830280142950e+00
4.924573830280141173e+00
4.924573830280139397e+00
4.924573830280141173e+00
4.924573830280139397e+00
4.924573830280052356e+00
4.924573830280079001e+00
4.924573830280103870e+00
4.924573830280037257e+00
4.924573830280079889e+00
4.924573830280111864e+00
4.924573830280129627e+00
4.924573830280139397e+00
4.924573830280147391e+00
4.924573830280146503e+00
4.924573830280142062e+00
4.924573830280139397e+00
4.924573830280139397e+00
4.924573830280050579e+00
4.924573830279991071e+00
4.924573830280046138e+00
4.924573830280096765e+00
4.924573830280126963e+00
4.924573830280141173e+00
4.924573830280147391e+00
4.924573830280059461e+00
4.924573830279996400e+00
4.924573830279964426e+00
4.924573830279951991e+00
4.924573830280038145e+00
4.924573830280101205e+00
4.924573830280136733e+00
4.924573830280150055e+00
4.924573830280154496e+00
4.924573830280149167e+00
4.924573830280057685e+00
4.924573830279991071e+00
4.924573830280044362e+00
4.924573830280095876e+00
4.924573830280126074e+00
4.924573830280139397e+00
4.924573830280149167e+00
4.924573830280150055e+00
4.924573830280144726e+00
4.924573830280052356e+00
4.924573830279990183e+00
4.924573830280044362e+00
4.924573830280008835e+00
4.924573830279979525e+00
4.924573830279964426e+00
4.924573830280047027e+00
4.827075395817468362e+00
4.730455486669328025e+00
4.635580112177366985e+00
4.542364247610159111e+00
4.450311481722764029e+00
4.360066366122897108e+00
4.271251351254298001e+00
4.183733079358433748e+00
4.097957551664265452e+00
4.014097496874695636e+00
3.957739600965449078e+00
3.930173995220073824e+00
3.922432669849270415e+00
3.924717911156512251e+00
3.930075915148477872e+00
3.934874459193310692e+00
3.937913822557169485e+00
3.939305155127265312e+00
3.939621860520861940e+00
3.939428174519866488e+00
3.939102994222382303e+00
3.938832663872342543e+00
3.938670306882027017e+00
3.938601305189477486e+00
3.938590017024354850e+00
3.938604290927882889e+00
3.938623678828265362e+00
3.938638760324089105e+00
3.938647344702414621e+00
3.938650693829610638e+00
3.938650974213172340e+00
3.938649997793415292e+00
3.938648858745948722e+00
3.938648025044380052e+00
3.938647576077057622e+00
3.938647418000554179e+00
3.938647421857299324e+00
3.938647485820074401e+00
3.938647552003796459e+00
3.938647597699100000e+00
3.938647620881350786e+00
3.938647628037668991e+00
3.938647626798298162e+00
3.938647622768452372e+00
3.938647618977261011e+00
3.938647616498713866e+00
3.938647615317786954e+00
3.938647615010529179e+00
3.938647615134261759e+00
3.938647615381868139e+00
3.938647615596727825e+00
3.938647615729894635e+00
3.938647615789099721e+00
3.938647615801121216e+00
3.938647615791339263e+00
3.938647615776423638e+00
3.938647615764367504e+00
3.938647615757284726e+00
3.938647615754371056e+00
3.938647615753985143e+00
3.938647615754680142e+00
3.938647615755563436e+00
3.938647615756234455e+00
3.938647615756603493e+00
3.938647615756743825e+00
3.938647615756752707e+00
3.938647615756708742e+00
3.938647615756660336e+00
3.938647615756623033e+00
3.938647615756603049e+00
3.938647615756597276e+00
3.938647615756596387e+00
3.938647615756598608e+00
3.938647615756603049e+00
3.938647615756605713e+00
3.938647615756603493e+00
3.938647615756601716e+00
3.938647615756599052e+00
3.938647615756601272e+00
3.938647615756603049e+00
3.938647615756599496e+00
3.938647615756601716e+00
3.938647615756603493e+00
3.938647615756600828e+00
3.938647615756603493e+00
3.938647615756601272e+00
3.938647615756603493e+00
3.938647615756600828e+00
3.938647615756603493e+00
3.938647615756600828e+00
3.938647615756603493e+00
3.938647615756600828e+00
3.938647615756603493e+00
3.938647615756600828e+00
3.938647615756603493e+00
3.938647615756600828e+00
3.938647615756603493e+00
3.938647615756601272e+00
3.938647615756601716e+00
3.938647615756603049e+00
3.938647615756599496e+00
3.938647615756601716e+00
3.938647615756605713e+00
3.938647615756603493e+00
3.938647615756601272e+00
3.938647615756601716e+00
3.938647615756603049e+00
3.938647615756599496e+00
3.938647615756601272e+00
3.938647615756603049e+00
3.938647615756599496e+00
3.938647615756601716e+00
3.938647615756603493e+00
3.938647615756600828e+00
3.938647615756603493e+00
3.938647615756600828e+00
3.938647615756603493e+00
3.938647615756600828e+00
3.938647615756603493e+00
3.938647615756601272e+00
3.938647615756601716e+00
3.938647615756605713e+00
3.938647615756605269e+00
3.938647615756603937e+00
3.938647615756603493e+00
3.938647615756601272e+00
3.938647615756598608e+00
3.938647615756600828e+00
3.938647615756603049e+00
3.938647615756603493e+00
3.938647615756601272e+00
3.938647615756601716e+00
3.938647615756603049e+00
3.938647615756599496e+00
3.938647615756601716e+00
3.938647615756603493e+00
3.938647615756600828e+00
3.938647615756603493e+00
3.938647615756601272e+00
3.938647615756603493e+00
3.938647615756601272e+00
3.938647615756601716e+00
3.938647615756605713e+00
3.938647615756605269e+00
3.938647615756603937e+00
3.938647615756603493e+00
3.938647615756601272e+00
3.938647615756598608e+00
3.938647615756600828e+00
3.938647615756603049e+00
3.938647615756603493e+00
3.938647615756601272e+00
3.938647615756601716e+00
3.938647615756603049e+00
3.938647615756599496e+00
3.938647615756601716e+00
3.938647615756605713e+00
3.938647615756603493e+00
3.938647615756601716e+00
3.938647615756599052e+00
3.938647615756601272e+00
3.938647615756603049e+00
3.938647615756599496e+00
3.938647615756601716e+00
3.938647615756605713e+00
3.938647615756603493e+00
3.938647615756601272e+00
3.938647615756601716e+00
3.938647615756603049e+00
3.938647615756599496e+00
3.938647615756601272e+00
3.938647615756603049e+00
3.938647615756599496e+00
3.938647615756601716e+00
3.938647615756603493e+00
3.938647615756600828e+00
3.938647615756603493e+00
3.938647615756601272e+00
3.938647615756603493e+00
3.938647615756600828e+00
3.938647615756603493e+00
3.938647615756601272e+00
3.938647615756601716e+00
3.938647615756603049e+00
3.938647615756599496e+00
3.938647615756601716e+00
3.938647615756603493e+00
3.938647615756600828e+00
3.938647615756603493e+00
3.938647615756600828e+00
3.938647615756603493e+00
3.938647615756600828e+00
3.938647615756603493e+00
3.938647615756601272e+00
3.938647615756601716e+00
3.938647615756603049e+00
3.938647615756599496e+00
3.938647615756601716e+00
3.938647615756605713e+00
3.938647615756603493e+00
3.938647615756601716e+00
3.938647615756599052e+00
3.938647615756601272e+00
3.938647615756603049e+00
3.938647615756599496e+00
3.938647615756601716e+00
3.938647615756605713e+00
3.938647615756603493e+00
3.938647615756601716e+00
3.938647615756599052e+00
3.938647615756601272e+00
3.938647615756603049e+00
3.938647615756603493e+00
3.938647615756601272e+00
3.938647615756601716e+00
3.938647615756603049e+00
3.938647615756599496e+00
3.938647615756601716e+00
3.938647615756603493e+00
3.938647615756600828e+00
3.938647615756603493e+00
3.938647615756601272e+00
3.938647615756601716e+00
3.938647615756605713e+00
3.938647615756603493e+00
3.938647615756601716e+00
3.938647615756599052e+00
3.938647615756601272e+00
3.938647615756603049e+00
3.938647615756599496e+00
3.938647615756601716e+00
3.938647615756605713e+00
3.938647615756603493e+00
3.938647615756601716e+00
3.938647615756599052e+00
3.938647615756601272e+00
3.938647615756603049e+00
3.938647615756603493e+00
3.938647615756601272e+00
3.938647615756601716e+00
3.938647615756603049e+00
3.938647615756599496e+00
3.938647615756601716e+00
3.938647615756605713e+00
3.938647615756603493e+00
3.938647615756601716e+00
3.938647615756599052e+00
3.938647615756601272e+00
3.938647615756603049e+00
3.938647615756599496e+00
3.938647615756601716e+00
3.938647615756603493e+00
3.938647615756600828e+00
3.938647615756603493e+00
3.938647615756601272e+00
3.938647615756601716e+00
3.938647615756603049e+00
3.938647615756599496e+00
3.938647615756601716e+00
3.938647615756605713e+00
3.938647615756603493e+00
3.938647615756601716e+00
3.938647615756599052e+00
3.938647615756601272e+00
3.938647615756603049e+00
3.938647615756599496e+00
3.938647615756601716e+00
3.938647615756605713e+00
3.938647615756603493e+00
3.938647615756601272e+00
3.938647615756601716e+00
3.938647615756603049e+00
3.938647615756599496e+00
3.938647615756601716e+00
3.938647615756605713e+00
3.938647615756603493e+00
3.938647615756601716e+00
3.938647615756599052e+00
3.938647615756601272e+00
3.938647615756603049e+00
3.938647615756599496e+00
3.938647615756601716e+00
3.938647615756603493e+00
3.938647615756600828e+00
3.938647615756603493e+00
3.938647615756601272e+00
3.938647615756601716e+00
3.938647615756603049e+00
3.938647615756599496e+00
3.938647615756601716e+00
3.938647615756603493e+00
3.938647615756600828e+00
3.938647615756603493e+00
3.938647615756601272e+00
3.938647615756601716e+00
3.938647615756605713e+00
3.938647615756603493e+00
3.938647615756601716e+00
3.938647615756599052e+00
3.938647615756601272e+00
3.983147646940484066e+00
4.026750783314684057e+00
4.069331574640723481e+00
4.110756218278507568e+00
4.151352492983589215e+00
4.191138900453781346e+00
4.230133375934617135e+00
4.268353314986878644e+00
4.305815598570532643e+00
4.342229661286141074e+00
4.377893500958091266e+00
4.412854321144264347e+00
4.447127244895026976e+00
4.480727021093621865e+00
4.513668035609726736e+00
4.545964322046757822e+00
4.577493480348167054e+00
4.608257234829000737e+00
4.638421655617016803e+00
4.667999291216312407e+00
4.697002454591878262e+00
4.725443223188938724e+00
4.753333439435385444e+00
4.780684711678440557e+00
4.807508415510387323e+00
4.833611392064518952e+00
4.859113487787367625e+00
4.884126358173407567e+00
4.908660169721700939e+00
4.932724814464296337e+00
4.956329921295667518e+00
4.979484866657934106e+00
5.002198784624756200e+00
5.024480576423214551e+00
5.046338919430507275e+00
5.067782275679450166e+00
5.088647434505911171e+00
5.109099626889458179e+00
5.129163926602847923e+00
5.148848081155812828e+00
5.168159667442552951e+00
5.187106097143613148e+00
5.205694621360685836e+00
5.223932333915933590e+00
5.241826176498537215e+00
5.259382940617675750e+00
5.276609273169964531e+00
5.293511680303221389e+00
5.310096524005126106e+00
5.326341858274220797e+00
5.342168462626678327e+00
5.357698430075097384e+00
5.372937534451346586e+00
5.387891432928880064e+00
5.402565666810023259e+00
5.416965670703596913e+00
5.431096762905893272e+00
5.444964160613229964e+00
5.458572969339043901e+00
5.471928197257914128e+00
5.485034747789755194e+00
5.497897428729349834e+00
5.510520947048819451e+00
5.522909916351284920e+00
5.535068855922180120e+00
5.547002198051840693e+00
5.558714280441535038e+00
5.570209356637001896e+00
5.581443293936879435e+00
5.592405618131564893e+00
5.603165223217109414e+00
5.613725975830378800e+00
5.624091664208798136e+00
5.634266002464369372e+00
5.644252626772334303e+00
5.654055100607600970e+00
5.663676917694250967e+00
5.673121503247716468e+00
5.682392210494771945e+00
5.691492330412899925e+00
5.700425084766962414e+00
5.709193629543168669e+00
5.717801063953487528e+00
5.726250426331955801e+00
5.734544684954874683e+00
5.742686760059741324e+00
5.750679511027070312e+00
5.758525742653299417e+00
5.766228199921885178e+00
5.773789578881062035e+00
5.781212521126687598e+00
5.788499616393998792e+00
5.795653406541199537e+00
5.802676378678243374e+00
5.809570975749748456e+00
5.816339592394836444e+00
5.822984577068597289e+00
5.829508232441575011e+00
5.835855694560295071e+00
5.842080934026975036e+00
5.848192626649243664e+00
5.854192881288515338e+00
5.860083765074116435e+00
5.865867306035525530e+00
5.871545493302678942e+00
5.877120278752675731e+00
5.882593575753803705e+00
5.887967261644115879e+00
5.893243181452391788e+00
5.898423135296485320e+00
5.903508895157523639e+00
5.907687100627350141e+00
5.910275597809415693e+00
5.911488027488112529e+00
5.911815487564062721e+00
5.911708485733616847e+00
5.911467930981415542e+00
5.911248160532476703e+00
5.911101748142651324e+00
5.911026865148651943e+00
5.911001514826534020e+00
5.911002576500687056e+00
5.911013376684380205e+00
5.911024668594633269e+00
5.911032782652331896e+00
5.911037269917063242e+00
5.911039040700490688e+00
5.911039249897953596e+00
5.911038802240117462e+00
5.911038237795740002e+00
5.911037796968233948e+00
5.911037534477935118e+00
5.911037418053222581e+00
5.911037391911032834e+00
5.911037407927810072e+00
5.911037435226693226e+00
5.911037458691985158e+00
5.911037473710090140e+00
5.911037481039859820e+00
5.911037483259678815e+00
5.911037482872910864e+00
5.911037481608877542e+00
5.911037480387238752e+00
5.911037479545442785e+00
5.911037479099059411e+00
5.911037478936124856e+00
5.911037478929624278e+00
5.911037478984617621e+00
5.911037479046655108e+00
5.911037479092897229e+00
5.911037479119355176e+00
5.911037479130404115e+00
5.911037479132291494e+00
5.911037479130132333e+00
5.911037479127078775e+00
5.911037479124590988e+00
5.911037479123055327e+00
5.911037479122344784e+00
5.911037479122155602e+00
5.911037479122222216e+00
5.911037479122366101e+00
5.911037479122497551e+00
5.911037479122585481e+00
5.911037479122628113e+00
5.911037479122644989e+00
5.911037479122640548e+00
5.911037479122634331e+00
5.911037479122538407e+00
5.911037479122565053e+00
5.911037479122596139e+00
5.911037479122524196e+00
5.911037479122556171e+00
5.911037479122589922e+00
5.911037479122615679e+00
5.911037479122627225e+00
5.911037479122626337e+00
5.911037479122622784e+00
5.911037479122619231e+00
5.911037479122619231e+00
5.911037479122619231e+00
5.911037479122619231e+00
5.911037479122619231e+00
5.911037479122619231e+00
5.911037479122619231e+00
5.911037479122619231e+00
5.911037479122619231e+00
5.911037479122619231e+00
5.911037479122619231e+00
5.911037479122619231e+00
5.911037479122619231e+00
5.911037479122619231e+00
5.911037479122619231e+00
5.911037479122619231e+00
5.911037479122619231e+00
5.911037479122619231e+00
5.911037479122619231e+00
5.911037479122619231e+00
5.911037479122619231e+00
5.911037479122619231e+00
5.911037479122619231e+00
5.911037479122619231e+00
5.911037479122619231e+00
5.911037479122619231e+00
5.911037479122619231e+00
5.911037479122619231e+00
5.911037479122619231e+00
5.911037479122619231e+00
5.911037479122619231e+00
5.911037479122619231e+00
5.911037479122619231e+00
5.911037479122619231e+00
5.911037479122619231e+00
5.911037479122619231e+00
5.911037479122619231e+00
5.911037479122619231e+00
5.911037479122619231e+00
5.911037479122619231e+00
5.911037479122619231e+00
5.911037479122619231e+00
5.911037479122619231e+00
5.911037479122619231e+00
5.911037479122619231e+00
5.911037479122619231e+00
5.911037479122619231e+00
5.911037479122619231e+00
5.911037479122619231e+00
5.911037479122619231e+00
5.911037479122619231e+00
5.911037479122619231e+00
5.911037479122619231e+00
5.911037479122619231e+00
5.911037479122619231e+00
5.911037479122619231e+00
5.911037479122619231e+00
5.911037479122619231e+00
5.911037479122619231e+00
5.911037479122619231e+00
5.911037479122619231e+00
5.911037479122619231e+00
5.911037479122619231e+00
5.911037479122619231e+00
5.911037479122619231e+00
5.911037479122619231e+00
5.911037479122619231e+00
5.911037479122619231e+00
5.911037479122619231e+00
5.911037479122619231e+00
5.911037479122619231e+00
5.911037479122619231e+00
5.911037479122619231e+00
5.911037479122619231e+00
5.911037479122619231e+00
5.911037479122619231e+00
5.911037479122619231e+00
5.911037479122619231e+00
5.911037479122619231e+00
5.911037479122619231e+00
5.911037479122619231e+00
5.911037479122619231e+00
5.911037479122619231e+00
5.911037479122619231e+00
5.911037479122619231e+00
5.911037479122619231e+00
5.911037479122619231e+00
5.911037479122619231e+00
5.911037479122619231e+00
5.911037479122619231e+00
5.911037479122619231e+00
5.911037479122619231e+00
5.911037479122619231e+00
5.911037479122619231e+00
5.911037479122619231e+00
5.911037479122619231e+00
5.911037479122619231e+00
5.911037479122619231e+00
5.911037479122619231e+00
5.911037479122619231e+00
5.911037479122619231e+00
5.911037479122619231e+00
5.911037479122619231e+00
5.911037479122619231e+00
5.911037479122619231e+00
5.911037479122619231e+00
5.911037479122619231e+00
5.911037479122619231e+00
5.911037479122619231e+00
5.911037479122619231e+00
5.911037479122619231e+00
5.911037479122619231e+00
5.911037479122619231e+00
5.911037479122619231e+00
5.911037479122619231e+00
5.911037479122619231e+00
5.911037479122619231e+00
5.911037479122619231e+00
5.911037479122619231e+00
5.911037479122619231e+00
5.911037479122619231e+00
5.911037479122619231e+00
5.911037479122619231e+00
5.798786963807390116e+00
5.687791804793771888e+00
5.578838416931703570e+00
5.470839079284055551e+00
5.364829205091580455e+00
5.260245571575787871e+00
5.157264496896766914e+00
5.056110151133638375e+00
4.956100752471754411e+00
4.857998746450609140e+00
4.761139270323988981e+00
4.665668976362115750e+00
4.572053004468339843e+00
4.479503313876432635e+00
4.388684017085916267e+00
4.299564588399618970e+00
4.211484265173606190e+00
4.125155216033964400e+00
4.040387406115814706e+00
3.956590925789426283e+00
3.874485910017155810e+00
3.793967550182599346e+00
3.714416912658554892e+00
3.636493028762783908e+00
3.560169358139528839e+00
3.484811755877952777e+00
3.410907372008637140e+00
3.338539227296235978e+00
3.267375813877115398e+00
3.197235746004198020e+00
3.128572783298257942e+00
3.061361847136180536e+00
2.995059917723674747e+00
2.929957741703097973e+00
2.866249557752534205e+00
2.803910174049660142e+00
2.742529033785878312e+00
2.682344856926811794e+00
2.623464769725357026e+00
2.565864825211480849e+00
2.509232356687544740e+00
2.453493897013110381e+00
2.398980901447375746e+00
2.345670404089855943e+00
2.293539471233651650e+00
2.242173316782011927e+00
2.191829992413244721e+00
2.142610174149620406e+00
2.094491891555454011e+00
2.047453465584410992e+00
2.002099642353978304e+00
1.973158253497020453e+00
1.960635334892035342e+00
1.958714392990595909e+00
1.961483315711449515e+00
1.965061457357802244e+00
1.967695054942382393e+00
1.969049692317576428e+00
1.969445862414076265e+00
1.969340206411923200e+00
1.969081296499448852e+00
1.968854841013720325e+00
1.968719877832617371e+00
1.968666789057789801e+00
1.968663297593387762e+00
1.968679825523665050e+00
1.968698161401808200e+00
1.968710770459302539e+00
1.968716799534998785e+00
1.968718226285956163e+00
1.968717409722317235e+00
1.968716028447704325e+00
1.968714916006828686e+00
1.968714294705158574e+00
1.968714076762663412e+00
1.968714087916497268e+00
1.968714182002196500e+00
1.968714274618998283e+00
1.968714334290897039e+00
1.968714360608673886e+00
1.968714365081185358e+00
1.968714359548536796e+00
1.968714352382342936e+00
1.968714347040472212e+00
1.968714344258115423e+00
1.968714343418860979e+00
1.968714343448271009e+00
1.968714344020488394e+00
1.968714344535786420e+00
1.968714344849310516e+00
1.968714344976720154e+00
1.968714344989032750e+00
1.968714344953415463e+00
1.968714344912086966e+00
1.968714344883044864e+00
1.968714344868817134e+00
1.968714344865179600e+00
1.968714344866828947e+00
1.968714344869904931e+00
1.968714344872445565e+00
1.968714344873895072e+00
1.968714344874424649e+00
1.968714344874420652e+00
1.968714344874213262e+00
1.968714344874004096e+00
1.968714344873865096e+00
1.968714344873803146e+00
1.968714344712489073e+00
1.968714344770321478e+00
1.968714344828441210e+00
1.968714344866344668e+00
1.968714344883330858e+00
1.968714344886450140e+00
1.968714344883220280e+00
1.968714344878714995e+00
1.968714344875301059e+00
1.968714344873494504e+00
1.968714344872931177e+00
1.968714344873033983e+00
1.968714344873353284e+00
1.968714344712341635e+00
1.968714344770340352e+00
1.968714344667214178e+00
1.968714344762933832e+00
1.968714344837996677e+00
1.968714344878981226e+00
1.968714344892715351e+00
1.968714344891318913e+00
1.968714344723374365e+00
1.968714344774887826e+00
1.968714344667713112e+00
1.968714344761723245e+00
1.968714344836561159e+00
1.968714344877961819e+00
1.968714344892210866e+00
1.968714344891185242e+00
1.968714344723428988e+00
1.968714344774993741e+00
1.968714344829102680e+00
1.968714344865254873e+00
1.968714344881958622e+00
1.968714344885449163e+00
1.968714344882711131e+00
1.968714344878570222e+00
1.968714344875345690e+00
1.968714344873596422e+00
1.968714344873016442e+00
1.968714344711783193e+00
1.968714344769893154e+00
1.968714344828267127e+00
1.968714344866328458e+00
1.968714344883379264e+00
1.968714344886504541e+00
1.968714344883260026e+00
1.968714344717434672e+00
1.968714344771827385e+00
1.968714344828115692e+00
1.968714344865439170e+00
1.968714344882521505e+00
1.968714344885958534e+00
1.968714344883022438e+00
1.968714344878698563e+00
1.968714344875358568e+00
1.968714344873560451e+00
1.968714344872976918e+00
1.968714344873056632e+00
1.968714344873359945e+00
1.968714344873641942e+00
1.968714344873816913e+00
1.968714344873888855e+00
1.968714344873897737e+00
1.968714344712578779e+00
1.968714344770378100e+00
1.968714344667163774e+00
1.968714344762867219e+00
1.968714344837947161e+00
1.968714344878955913e+00
1.968714344892708024e+00
1.968714344891320911e+00
1.968714344884680223e+00
1.968714344717069853e+00
1.968714344770914337e+00
1.968714344827314333e+00
1.968714344864960886e+00
1.968714344882332989e+00
1.968714344885947654e+00
1.968714344721781417e+00
1.968714344775283065e+00
1.968714344668724969e+00
1.968714344762613644e+00
1.968714344675793759e+00
1.968714344774691760e+00
1.968714344846847375e+00
1.968714344883634615e+00
1.968714344732849897e+00
1.968714344787553694e+00
1.968714344838461194e+00
1.968714344708826225e+00
1.968714344779946224e+00
1.968714344839735508e+00
1.968714344713021758e+00
1.968714344783782932e+00
1.968714344842095398e+00
1.968714344875297284e+00
1.968714344887369849e+00
1.968714344887213974e+00
1.968714344882476430e+00
1.968714344877658950e+00
1.968714344713195841e+00
1.968714344769587399e+00
1.968714344827417362e+00
1.968714344865568622e+00
1.968714344882920075e+00
1.968714344725019938e+00
1.968714344779764147e+00
1.968714344833409902e+00
1.968714344867880550e+00
1.968714344883027767e+00
1.968714344885555301e+00
1.968714344721113951e+00
1.968714344774743497e+00
1.968714344829723517e+00
1.968714344865989840e+00
1.968714344882478429e+00
1.968714344885707623e+00
1.968714344882779299e+00
1.968714344878543576e+00
1.968714344875292177e+00
1.968714344873550681e+00
1.968714344872990241e+00
1.968714344873073285e+00
1.968714344873371491e+00
1.968714344873646827e+00
1.968714344873816691e+00
1.968714344873888855e+00
1.968714344873896627e+00
1.968714344873879529e+00
1.968714344712555686e+00
1.968714344770359892e+00
1.968714344828454532e+00
1.968714344866344002e+00
1.968714344883324641e+00
1.968714344886443479e+00
1.968714344883216061e+00
1.968714344878713218e+00
1.968714344875301725e+00
1.968714344873495836e+00
1.968714344872931399e+00
1.968714344873034650e+00
1.968714344873353506e+00
1.968714344873643940e+00
1.968714344873822020e+00
1.968714344873895072e+00
1.968714344712601427e+00
1.968714344770402302e+00
1.968714344828481178e+00
1.968714344866355548e+00
1.968714344883327749e+00
1.968714344886441481e+00
1.968714344721912646e+00
1.968714344775231773e+00
1.968714344829922913e+00
1.968714344866008936e+00
1.968714344882423584e+00
1.968714344885642786e+00
1.968714344882734890e+00
1.968714344878520928e+00
1.968714344875285960e+00
1.968714344712251485e+00
1.968714344769515456e+00
1.968714344827700691e+00
1.968714344865888366e+00
1.968714344883141232e+00
1.968714344886427492e+00
1.968714344883270684e+00
1.968714344878775835e+00
1.968714344875344135e+00
1.968714344873515820e+00
1.968714344872935618e+00
1.968714344873029765e+00
1.968714344873347954e+00
1.968714344873639499e+00
1.968714344712518605e+00
1.968714344770414293e+00
1.968714344828524476e+00
1.968714344705094099e+00
1.968714344779870729e+00
1.968714344841071995e+00
1.968714344875727607e+00
1.968714344888201850e+00
1.968714344887906753e+00
1.968714344721573806e+00
1.968714344774327829e+00
1.968714344829120444e+00
1.968714344865526211e+00
1.968714344882231737e+00
1.968714344885627909e+00
1.968714344882791734e+00
1.968714344878585099e+00
