1.479155544871898764e-01
2.916826111451478187e-01
4.307392817932574891e-01
5.658025494441154546e-01
6.968565629551356500e-01
8.239305912168927160e-01
9.471763740937089171e-01
1.066979627871197378e+00
1.183334610064787906e+00
1.296579788326175375e+00
1.406183410809998202e+00
1.513227055440467872e+00
1.616787383435326797e+00
1.717880880438577895e+00
1.816224402056837883e+00
1.911761546522696920e+00
2.005131888646324079e+00
2.095703925810725732e+00
2.184018792374826656e+00
2.270361802692287156e+00
2.354052229215688463e+00
2.435784110524969126e+00
2.515717040716318298e+00
2.593232422463283893e+00
2.668847657183878397e+00
2.742823152603080850e+00
2.814974732458843221e+00
2.885198150006092810e+00
2.934737997723921854e+00
2.959791204232954609e+00
2.967135893236211075e+00
2.965292386349529519e+00
2.960581066498197966e+00
2.956364096584070289e+00
2.953751355472796991e+00
2.952625106617112305e+00
2.952441307250697200e+00
2.952676902975448492e+00
2.952992514015784664e+00
2.953232468218816908e+00
2.953363104041140552e+00
2.953408371691557122e+00
2.953406035524777096e+00
2.953386420928149292e+00
2.953366837450662086e+00
2.953353842178094268e+00
2.953347713389379958e+00
2.953346249211395325e+00
2.953347047083197729e+00
2.953348435365437119e+00
2.953349581345911634e+00
2.953350250410080591e+00
2.953350513731315186e+00
2.953350534618930379e+00
2.953350456487590758e+00
2.953350367025387335e+00
2.953350303315818604e+00
2.953350270780905173e+00
2.953350261005916799e+00
2.953350263151869548e+00
2.953350269100877501e+00
2.953350274494696226e+00
2.953350277865906648e+00
2.953350279337068507e+00
2.953350279592978023e+00
2.953350279301734993e+00
2.953350278900686021e+00
2.953350278592686617e+00
2.953350278423469977e+00
2.953350278363760406e+00
2.953350278365666881e+00
2.953350278390318273e+00
2.953350278415319607e+00
2.953350278432052445e+00
2.953350278440031396e+00
2.953350278442003152e+00
2.953350278441035925e+00
2.953350278439278220e+00
2.953350278437809173e+00
2.953350278436945420e+00
2.953350278436598142e+00
2.953350278436565279e+00
2.953350278436662535e+00
2.953350278436775778e+00
2.953350278436857490e+00
2.953350278436899234e+00
2.953350278436912557e+00
2.953350278436912113e+00
2.953350278436904564e+00
2.953350278436896126e+00
2.953350278436891685e+00
2.953350278436890797e+00
2.953350278436891241e+00
2.953350278436891241e+00
2.953350278436891241e+00
2.953350278436893017e+00
2.953350278436893017e+00
2.953350278436891685e+00
2.953350278436892129e+00
2.953350278436892129e+00
2.953350278436893017e+00
2.953350278436891685e+00
2.953350278436892129e+00
2.953350278436893017e+00
2.953350278436891685e+00
2.953350278436892129e+00
2.953350278436893017e+00
2.953350278436891685e+00
2.953350278436892129e+00
2.953350278436893017e+00
2.953350278436891685e+00
2.953350278436892129e+00
2.953350278436893017e+00
2.953350278436892129e+00
2.953350278436892129e+00
2.953350278436893017e+00
2.953350278436891685e+00
2.953350278436892129e+00
2.953350278436892129e+00
2.953350278436893017e+00
2.953350278436891685e+00
2.953350278436892129e+00
2.953350278436892129e+00
2.953350278436893017e+00
2.953350278436891685e+00
2.953350278436892129e+00
2.953350278436893017e+00
2.953350278436891685e+00
2.953350278436892129e+00
2.953350278436893017e+00
2.953350278436891685e+00
2.953350278436892129e+00
2.953350278436893017e+00
2.953350278436891685e+00
2.953350278436892129e+00
2.953350278436893017e+00
2.953350278436892129e+00
2.953350278436891241e+00
2.953350278436891685e+00
2.953350278436892129e+00
2.953350278436893017e+00
2.953350278436891685e+00
2.953350278436892129e+00
2.953350278436893017e+00
2.953350278436891685e+00
2.953350278436892129e+00
2.953350278436893017e+00
2.953350278436891685e+00
2.953350278436892129e+00
2.953350278436893017e+00
2.953350278436892129e+00
2.953350278436892129e+00
2.953350278436893017e+00
2.953350278436891685e+00
2.953350278436892129e+00
2.953350278436893017e+00
2.953350278436891685e+00
2.953350278436892129e+00
2.953350278436892129e+00
2.953350278436893017e+00
2.953350278436891685e+00
2.953350278436892129e+00
2.953350278436893017e+00
2.953350278436891685e+00
2.953350278436892129e+00
2.953350278436893017e+00
2.953350278436891685e+00
2.953350278436892129e+00
2.953350278436893017e+00
2.953350278436891685e+00
2.953350278436892129e+00
2.953350278436893017e+00
2.953350278436892129e+00
2.953350278436891241e+00
2.953350278436891685e+00
2.953350278436892129e+00
2.953350278436893017e+00
2.953350278436891685e+00
2.953350278436892129e+00
2.953350278436892129e+00
2.953350278436892129e+00
2.953350278436893017e+00
2.953350278436892129e+00
2.953350278436892129e+00
2.953350278436893017e+00
2.953350278436891685e+00
2.953350278436892129e+00
2.953350278436893017e+00
2.953350278436891685e+00
2.953350278436892129e+00
2.953350278436893017e+00
2.953350278436891685e+00
2.953350278436892129e+00
2.953350278436893017e+00
2.953350278436891685e+00
2.953350278436892129e+00
2.953350278436893017e+00
2.953350278436891685e+00
2.953350278436892129e+00
2.953350278436892129e+00
2.953350278436893017e+00
2.953350278436891685e+00
2.953350278436892129e+00
2.953350278436892129e+00
2.953350278436893017e+00
2.953350278436891685e+00
2.953350278436892129e+00
2.953350278436893017e+00
2.953350278436891685e+00
2.953350278436892129e+00
2.953350278436893017e+00
2.953350278436891685e+00
2.953350278436892129e+00
2.953350278436893017e+00
2.953350278436891685e+00
2.953350278436892129e+00
2.953350278436892129e+00
2.953350278436893017e+00
2.953350278436891685e+00
2.953350278436892129e+00
2.953350278436892129e+00
2.953350278436893017e+00
2.953350278436891685e+00
2.953350278436892129e+00
2.953350278436892129e+00
2.953350278436893017e+00
2.953350278436891685e+00
2.953350278436892129e+00
2.953350278436892129e+00
2.953350278436893017e+00
2.953350278436891685e+00
2.953350278436892129e+00
2.953350278436893017e+00
2.953350278436891685e+00
2.953350278436892129e+00
2.953350278436893017e+00
2.953350278436891685e+00
2.953350278436892129e+00
2.953350278436893017e+00
2.953350278436891685e+00
2.953350278436892129e+00
2.953350278436893017e+00
2.953350278436891685e+00
2.953350278436892129e+00
2.953350278436893017e+00
2.953350278436891685e+00
2.953350278436892129e+00
2.953350278436893017e+00
2.953350278436892129e+00
2.953350278436891241e+00
2.953350278436891685e+00
2.953350278436892129e+00
2.953350278436893017e+00
2.953350278436891685e+00
2.953350278436892129e+00
2.953350278436893017e+00
2.953350278436891685e+00
2.953350278436892129e+00
2.953350278436893017e+00
2.953350278436892129e+00
2.953350278436891241e+00
2.953350278436891685e+00
2.953350278436892129e+00
2.953350278436893017e+00
2.953350278436891685e+00
2.953350278436892129e+00
2.953350278436893017e+00
2.953350278436891685e+00
2.953350278436892129e+00
2.953350278436893017e+00
2.953350278436891685e+00
2.953350278436892129e+00
2.953350278436893017e+00
2.953350278436891685e+00
2.953350278436892129e+00
2.953350278436893017e+00
2.953350278436892129e+00
2.953350278436892129e+00
2.953350278436893017e+00
2.953350278436891685e+00
2.953350278436892129e+00
2.953350278436893017e+00
2.953350278436891685e+00
2.953350278436892129e+00
2.953350278436893017e+00
2.953350278436892129e+00
2.953350278436891241e+00
2.953350278436891685e+00
2.953350278436892129e+00
2.953350278436893017e+00
2.953350278436891685e+00
2.953350278436892129e+00
2.953350278436893017e+00
2.953350278436891685e+00
2.953350278436892129e+00
2.953350278436893017e+00
2.953350278436891685e+00
2.953350278436892129e+00
2.953350278436892129e+00
2.953350278436893017e+00
2.953350278436891685e+00
3.020609040544664836e+00
3.085941482535621727e+00
3.149658613120108530e+00
3.212029990019314329e+00
3.273089005412422203e+00
3.332456437121424475e+00
3.390345491351819618e+00
3.447029745356530839e+00
3.502538112433118300e+00
3.556821475141680899e+00
3.609554991029592319e+00
3.661203990313154133e+00
3.711793737138686211e+00
3.761348788939585575e+00
3.809821405788926807e+00
3.856930528617586784e+00
3.903083480491372104e+00
3.948301963750367349e+00
3.992607213242646669e+00
4.036019999131590374e+00
4.078318140907251532e+00
4.119562906096976285e+00
4.159983333644898806e+00
4.199597800983898566e+00
4.238424125004298659e+00
4.276479588448263591e+00
4.313739197586123453e+00
4.349965590053937348e+00
4.385476825309631899e+00
4.420288328126823707e+00
4.454415140062404355e+00
4.487871930941921050e+00
4.520673009924125019e+00
4.552832336163222138e+00
4.584165892584968205e+00
4.614799583329002530e+00
4.644836661018513446e+00
4.674289623487912770e+00
4.703170732993299019e+00
4.731492016340056672e+00
4.759265265482755858e+00
4.786502038549238947e+00
4.813213661244597930e+00
4.839141941879200104e+00
4.864537870823659738e+00
4.889446786298059067e+00
4.909787652108007272e+00
4.922099087726349964e+00
4.927547787776061838e+00
4.928700378569325302e+00
4.927862210078333582e+00
4.926526085575830827e+00
4.925413897537929131e+00
4.924730959465226654e+00
4.924422574828247079e+00
4.924352064505619353e+00
4.924393849864291184e+00
4.924465423974281997e+00
4.924526189362293138e+00
4.924564040042062274e+00
4.924581466354236881e+00
4.924585732640984759e+00
4.924583673311463627e+00
4.924579844930553563e+00
4.924576527994685371e+00
4.924574431734146884e+00
4.924573448294843558e+00
4.924573192387224019e+00
4.924573292385036716e+00
4.924573496826154084e+00
4.924573677749028988e+00
4.924573793755480544e+00
4.924573849181169471e+00
4.924573864416660562e+00
4.924573859651387053e+00
4.924573848752445748e+00
4.924573838892015054e+00
4.924573832477170399e+00
4.924573829357425936e+00
4.924573828456197511e+00
4.924573828677645260e+00
4.924573829257546720e+00
4.924573829794513635e+00
4.924573830148995413e+00
4.924573830324407098e+00
4.924573830377437567e+00
4.924573830367509508e+00
4.924573830336706592e+00
4.924573830307402922e+00
4.924573830287855891e+00
4.924573830278033526e+00
4.924573830274947994e+00
4.924573830275377873e+00
4.924573830276929520e+00
4.924573830278547781e+00
4.924573830279654452e+00
4.924573830280142062e+00
4.924573830280270847e+00
4.924573830280314368e+00
4.924573830280280617e+00
4.924573830280221998e+00
4.924573830280173148e+00
4.924573830280061237e+00
4.924573830279990183e+00
4.924573830279957320e+00
4.924573830280037257e+00
4.924573830280094988e+00
4.924573830280132292e+00
4.924573830280146503e+00
4.924573830280151832e+00
4.924573830280150055e+00
4.924573830280143838e+00
4.924573830280052356e+00
4.924573830279988407e+00
4.924573830280043474e+00
4.924573830280092324e+00
4.924573830280124298e+00
4.924573830280056796e+00
4.924573830280001729e+00
4.924573830280055908e+00
4.924573830280102094e+00
4.924573830280128739e+00
4.924573830280141173e+00
4.924573830280149167e+00
4.924573830280146503e+00
4.924573830280142062e+00
4.924573830280139397e+00
4.924573830280139397e+00
4.924573830280052356e+00
4.924573830279989295e+00
4.924573830279959985e+00
4.924573830280038145e+00
4.924573830280095876e+00
4.924573830280044362e+00
4.924573830280004394e+00
4.924573830279975972e+00
4.924573830280047027e+00
4.924573830280102094e+00
4.924573830280133180e+00
4.924573830280147391e+00
4.924573830280151832e+00
4.924573830280146503e+00
4.924573830280141173e+00
4.924573830280139397e+00
4.924573830280139397e+00
4.924573830280052356e+00
4.924573830279989295e+00
4.924573830279959985e+00
4.924573830280038145e+00
4.924573830280095876e+00
4.924573830280132292e+00
4.924573830280147391e+00
4.924573830280153608e+00
4.924573830280147391e+00
4.924573830280142062e+00
4.924573830280139397e+00
4.924573830280138509e+00
4.924573830280050579e+00
4.924573830279991071e+00
4.924573830280046138e+00
4.924573830280096765e+00
4.924573830280126963e+00
4.924573830280141173e+00
4.924573830280149167e+00
4.924573830280147391e+00
4.924573830280142950e+00
4.924573830280141173e+00
4.924573830280139397e+00
4.924573830280141173e+00
4.924573830280139397e+00
4.924573830280142062e+00
4.924573830280141173e+00
4.924573830280139397e+00
4.924573830280141173e+00
4.924573830280139397e+00
4.924573830280142062e+00
4.924573830280141173e+00
4.924573830280139397e+00
4.924573830280141173e+00
4.924573830280139397e+00
4.924573830280142062e+00
4.924573830280141173e+00
4.924573830280139397e+00
4.924573830280141173e+00
4.924573830280139397e+00
4.924573830280142062e+00
4.924573830280141173e+00
4.924573830280139397e+00
4.924573830280142062e+00
4.924573830280141173e+00
4.924573830280139397e+00
4.924573830280052356e+00
4.924573830280079001e+00
4.924573830280021269e+00
4.924573830280068343e+00
4.924573830280110975e+00
4.924573830280043474e+00
4.924573830279994624e+00
4.924573830280052356e+00
4.924573830280102982e+00
4.924573830280130515e+00
4.924573830280143838e+00
4.924573830280149167e+00
4.924573830280146503e+00
4.924573830280141173e+00
4.924573830280139397e+00
4.924573830280139397e+00
4.924573830280052356e+00
4.924573830279989295e+00
4.924573830280044362e+00
4.924573830280096765e+00
4.924573830280126963e+00
4.924573830280056796e+00
4.924573830280084330e+00
4.924573830280111864e+00
4.924573830280129627e+00
4.924573830280139397e+00
4.924573830280147391e+00
4.924573830280146503e+00
4.924573830280142062e+00
4.924573830280139397e+00
4.924573830280139397e+00
4.924573830280052356e+00
4.924573830279989295e+00
4.924573830279959985e+00
4.924573830280038145e+00
4.924573830280095876e+00
4.924573830280132292e+00
4.924573830280147391e+00
4.924573830280153608e+00
4.924573830280147391e+00
4.924573830280142062e+00
4.924573830280139397e+00
4.924573830280139397e+00
4.924573830280052356e+00
4.924573830279990183e+00
4.924573830280046138e+00
4.924573830280095876e+00
4.924573830280126074e+00
4.924573830280139397e+00
4.924573830280149167e+00
4.924573830280150943e+00
4.924573830280145614e+00
4.924573830280139397e+00
4.924573830280138509e+00
4.924573830280051467e+00
4.924573830280077225e+00
4.924573830280102982e+00
4.924573830280120745e+00
4.924573830280134956e+00
4.924573830280142950e+00
4.924573830280147391e+00
4.924573830280145614e+00
4.924573830280141173e+00
4.924573830280139397e+00
4.924573830280139397e+00
4.924573830280052356e+00
4.924573830279990183e+00
4.924573830279960873e+00
4.924573830280040809e+00
4.924573830280010611e+00
4.924573830279983966e+00
4.924573830279967090e+00
4.924573830280052356e+00
4.924573830280021269e+00
4.924573830280078113e+00
4.924573830280033704e+00
4.924573830280079001e+00
4.924573830280118081e+00
4.924573830280137621e+00
4.924573830280147391e+00
4.924573830280150055e+00
4.924573830280144726e+00
4.924573830280139397e+00
4.924573830280138509e+00
4.924573830280050579e+00
4.924573830279991071e+00
4.924573830280046138e+00
4.924573830280096765e+00
4.924573830280126963e+00
4.924573830280141173e+00
4.924573830280147391e+00
4.924573830280059461e+00
4.924573830279996400e+00
4.924573830279964426e+00
4.924573830279951991e+00
4.924573830280038145e+00
4.924573830280101205e+00
4.924573830280048803e+00
4.924573830280092324e+00
4.924573830280119857e+00
4.924573830280136733e+00
4.924573830280059461e+00
4.924573830280086106e+00
4.924573830280111864e+00
4.924573830280126963e+00
4.924573830280137621e+00
4.924573830280143838e+00
4.924573830280056796e+00
4.924573830279994624e+00
4.827075395817415959e+00
4.730455486669275622e+00
4.635580112177314582e+00
4.542364247610109373e+00
4.450311481722716955e+00
4.360066366122850923e+00
4.271251351254251816e+00
4.183733079358389340e+00
4.097957551664221043e+00
4.014097496874665438e+00
3.957739600965436200e+00
3.930173995220062722e+00
3.922432669849264641e+00
3.924717911156509143e+00
3.930075915148476984e+00
3.934874459193309360e+00
3.937913822557169929e+00
3.939305155127363456e+00
3.939621860520932994e+00
3.939428174519900239e+00
3.939102994222386744e+00
3.938832663872336326e+00
3.938670306882019911e+00
3.938601305189473045e+00
3.938590017024355294e+00
3.938604291292146620e+00
3.938623679072265293e+00
3.938638760443747611e+00
3.938647344736259104e+00
3.938650693819941484e+00
3.938650974190084586e+00
3.938649997772668332e+00
3.938648858732781033e+00
3.938648025038336442e+00
3.938647576075666290e+00
3.938647418001374412e+00
3.938647421858700426e+00
3.938647485821241023e+00
3.938647552004495456e+00
3.938647597699396652e+00
3.938647620881399192e+00
3.938647628037607262e+00
3.938647626798217338e+00
3.938647622768395085e+00
3.938647618977229037e+00
3.938647616498700543e+00
3.938647615317786066e+00
3.938647615010534064e+00
3.938647615134266644e+00
3.938647615381870359e+00
3.938647615596731377e+00
3.938647615729894191e+00
3.938647615789099277e+00
3.938647615801119883e+00
3.938647615791341483e+00
3.938647615776427191e+00
3.938647615764373278e+00
3.938647615757286946e+00
3.938647615754368836e+00
3.938647615753983811e+00
3.938647615754680142e+00
3.938647615755565212e+00
3.938647615756236675e+00
3.938647615756608378e+00
3.938647615756743825e+00
3.938647615756749154e+00
3.938647615756706077e+00
3.938647615756654119e+00
3.938647615756618592e+00
3.938647615756596387e+00
3.938647615756592835e+00
3.938647615756596387e+00
3.938647615756599052e+00
3.938647615756601716e+00
3.938647615756603937e+00
3.938647615756601272e+00
3.938647615756603493e+00
3.938647615756601272e+00
3.938647615756601716e+00
3.938647615756603049e+00
3.938647615756599496e+00
3.938647615756601272e+00
3.938647615756603049e+00
3.938647615756599496e+00
3.938647615756601716e+00
3.938647615756605713e+00
3.938647615756603493e+00
3.938647615756601716e+00
3.938647615756599052e+00
3.938647615756601272e+00
3.938647615756603049e+00
3.938647615756599496e+00
3.938647615756601716e+00
3.938647615756603493e+00
3.938647615756600828e+00
3.938647615756603493e+00
3.938647615756600828e+00
3.938647615756603493e+00
3.938647615756600828e+00
3.938647615756603493e+00
3.938647615756600828e+00
3.938647615756603493e+00
3.938647615756600828e+00
3.938647615756603493e+00
3.938647615756601272e+00
3.938647615756601716e+00
3.938647615756603049e+00
3.938647615756599496e+00
3.938647615756601716e+00
3.938647615756603493e+00
3.938647615756600828e+00
3.938647615756603493e+00
3.938647615756600828e+00
3.938647615756603493e+00
3.938647615756601272e+00
3.938647615756601716e+00
3.938647615756605713e+00
3.938647615756603493e+00
3.938647615756601272e+00
3.938647615756601716e+00
3.938647615756605713e+00
3.938647615756605269e+00
3.938647615756603937e+00
3.938647615756603493e+00
3.938647615756601272e+00
3.938647615756598608e+00
3.938647615756600828e+00
3.938647615756603049e+00
3.938647615756603493e+00
3.938647615756601272e+00
3.938647615756601716e+00
3.938647615756605713e+00
3.938647615756603493e+00
3.938647615756601716e+00
3.938647615756599052e+00
3.938647615756601272e+00
3.938647615756603049e+00
3.938647615756603493e+00
3.938647615756601272e+00
3.938647615756601716e+00
3.938647615756605713e+00
3.938647615756605269e+00
3.938647615756603937e+00
3.938647615756603493e+00
3.938647615756601272e+00
3.938647615756598608e+00
3.938647615756600828e+00
3.938647615756603049e+00
3.938647615756603493e+00
3.938647615756601272e+00
3.938647615756601716e+00
3.938647615756603049e+00
3.938647615756599496e+00
3.938647615756601716e+00
3.938647615756605713e+00
3.938647615756603493e+00
3.938647615756601272e+00
3.938647615756598608e+00
3.938647615756600828e+00
3.938647615756603049e+00
3.938647615756603493e+00
3.938647615756601272e+00
3.938647615756601716e+00
3.938647615756605713e+00
3.938647615756603493e+00
3.938647615756601272e+00
3.938647615756598608e+00
3.938647615756600828e+00
3.938647615756603049e+00
3.938647615756603493e+00
3.938647615756601272e+00
3.938647615756601716e+00
3.938647615756605713e+00
3.938647615756605269e+00
3.938647615756603937e+00
3.938647615756603493e+00
3.938647615756601272e+00
3.938647615756598608e+00
3.938647615756600828e+00
3.938647615756603049e+00
3.938647615756603493e+00
3.938647615756601272e+00
3.938647615756601716e+00
3.938647615756603049e+00
3.938647615756599496e+00
3.938647615756601716e+00
3.938647615756605713e+00
3.938647615756603493e+00
3.938647615756601272e+00
3.938647615756601716e+00
3.938647615756603049e+00
3.938647615756599496e+00
3.938647615756601716e+00
3.938647615756605713e+00
3.938647615756603493e+00
3.938647615756601716e+00
3.938647615756599052e+00
3.938647615756601272e+00
3.938647615756603493e+00
3.938647615756600828e+00
3.938647615756603493e+00
3.938647615756600828e+00
3.938647615756603493e+00
3.938647615756600828e+00
3.938647615756603493e+00
3.938647615756601272e+00
3.938647615756601716e+00
3.938647615756603049e+00
3.938647615756599496e+00
3.938647615756601716e+00
3.938647615756605713e+00
3.938647615756603493e+00
3.938647615756601716e+00
3.938647615756599052e+00
3.938647615756601272e+00
3.938647615756603049e+00
3.938647615756599496e+00
3.938647615756601716e+00
3.938647615756603493e+00
3.938647615756600828e+00
3.938647615756603493e+00
3.938647615756600828e+00
3.938647615756603493e+00
3.938647615756601272e+00
3.938647615756601716e+00
3.938647615756603049e+00
3.938647615756599496e+00
3.938647615756601716e+00
3.938647615756603493e+00
3.938647615756600828e+00
3.938647615756603493e+00
3.938647615756600828e+00
3.938647615756603493e+00
3.938647615756600828e+00
3.938647615756603493e+00
3.938647615756600828e+00
3.938647615756603493e+00
3.938647615756600828e+00
3.938647615756603493e+00
3.938647615756601272e+00
3.938647615756601716e+00
3.938647615756605713e+00
3.938647615756605269e+00
3.938647615756603937e+00
3.938647615756601716e+00
3.938647615756599052e+00
3.938647615756601272e+00
3.938647615756603049e+00
3.938647615756603493e+00
3.938647615756601272e+00
3.938647615756601716e+00
3.938647615756605713e+00
3.938647615756605269e+00
3.938647615756603937e+00
3.938647615756603493e+00
3.938647615756601716e+00
3.938647615756599052e+00
3.938647615756601272e+00
3.938647615756603049e+00
3.938647615756603493e+00
3.938647615756601272e+00
3.938647615756601716e+00
3.938647615756605713e+00
3.938647615756605269e+00
3.938647615756603937e+00
3.938647615756603493e+00
3.938647615756601272e+00
3.938647615756598608e+00
3.938647615756600828e+00
3.938647615756603049e+00
3.938647615756599496e+00
3.938647615756601716e+00
3.938647615756605713e+00
3.938647615756603493e+00
3.938647615756601272e+00
3.938647615756601716e+00
3.938647615756603049e+00
3.938647615756599496e+00
3.938647615756601716e+00
3.938647615756605713e+00
3.938647615756603493e+00
3.938647615756601716e+00
3.938647615756599052e+00
3.938647615756601272e+00
3.938647615756603493e+00
3.938647615756600828e+00
3.938647615756603493e+00
3.938647615756600828e+00
3.938647615756603493e+00
3.938647615756601272e+00
3.938647615756601716e+00
3.938647615756605713e+00
3.938647615756605269e+00
3.938647615756603937e+00
3.938647615756603493e+00
3.938647615756601272e+00
3.938647615756601716e+00
3.938647615756603049e+00
3.938647615756599496e+00
3.938647615756601272e+00
3.983147646940484066e+00
4.026750783314684057e+00
4.069331574640723481e+00
4.110756218278507568e+00
4.151352492983589215e+00
4.191138900453781346e+00
4.230133375934617135e+00
4.268353314986878644e+00
4.305815598570532643e+00
4.342229661286141074e+00
4.377893500958091266e+00
4.412854321144264347e+00
4.447127244895026976e+00
4.480727021093621865e+00
4.513668035609726736e+00
4.545964322046757822e+00
4.577493480348167054e+00
4.608257234829000737e+00
4.638421655617016803e+00
4.667999291216312407e+00
4.697002454591878262e+00
4.725443223188938724e+00
4.753333439435385444e+00
4.780684711678440557e+00
4.807508415510387323e+00
4.833611392064518952e+00
4.859113487787367625e+00
4.884126358173407567e+00
4.908660169721700939e+00
4.932724814464296337e+00
4.956329921295667518e+00
4.979484866657934106e+00
5.002198784624756200e+00
5.024480576423214551e+00
5.046338919430507275e+00
5.067782275679450166e+00
5.088647434505911171e+00
5.109099626889458179e+00
5.129163926602847923e+00
5.148848081155812828e+00
5.168159667442552951e+00
5.187106097143613148e+00
5.205694621360685836e+00
5.223932333915933590e+00
5.241826176498537215e+00
5.259382940617675750e+00
5.276609273169964531e+00
5.293511680303221389e+00
5.310096524005126106e+00
5.326341858274220797e+00
5.342168462626678327e+00
5.357698430075097384e+00
5.372937534451346586e+00
5.387891432928880064e+00
5.402565666810023259e+00
5.416965670703596913e+00
5.431096762905893272e+00
5.444964160613229964e+00
5.458572969339043901e+00
5.471928197257914128e+00
5.485034747789755194e+00
5.497897428729349834e+00
5.510520947048819451e+00
5.522909916351284920e+00
5.535068855922180120e+00
5.547002198051840693e+00
5.558714280441535038e+00
5.570209356637001896e+00
5.581443293936879435e+00
5.592405618131564893e+00
5.603165223217109414e+00
5.613725975830378800e+00
5.624091664208798136e+00
5.634266002464369372e+00
5.644252626772334303e+00
5.654055100607600970e+00
5.663676917694250967e+00
5.673121503247716468e+00
5.682392210494771945e+00
5.691492330412899925e+00
5.700425084766962414e+00
5.709193629543168669e+00
5.717801063953487528e+00
5.726250426331955801e+00
5.734544684954874683e+00
5.742686760059741324e+00
5.750679511027070312e+00
5.758525742653299417e+00
5.766228199921885178e+00
5.773789578881062035e+00
5.781212521126687598e+00
5.788499616393998792e+00
5.795653406541199537e+00
5.802676378678243374e+00
5.809570975749748456e+00
5.816339592394836444e+00
5.822984577068597289e+00
5.829508232441575011e+00
5.835855694560295071e+00
5.842080934026975036e+00
5.848192626649243664e+00
5.854192881288515338e+00
5.860083765074116435e+00
5.865867306035525530e+00
5.871545493302678942e+00
5.877120278752675731e+00
5.882593575753803705e+00
5.887967261644115879e+00
5.893243181452391788e+00
5.898423135296548381e+00
5.903508895157587588e+00
5.907687100627408761e+00
5.910275597809457437e+00
5.911488027488104535e+00
5.911815487564033411e+00
5.911708485733585761e+00
5.911467930981395114e+00
5.911248160532469598e+00
5.911101748142650436e+00
5.911026865148657272e+00
5.911001514826667247e+00
5.911002576500787420e+00
5.911013376684442377e+00
5.911024668594665243e+00
5.911032782652344331e+00
5.911037269917067682e+00
5.911039040700492464e+00
5.911039249897954484e+00
5.911038802240125456e+00
5.911038237795749772e+00
5.911037796968242830e+00
5.911037534477945776e+00
5.911037418053234127e+00
5.911037391911046157e+00
5.911037407927823395e+00
5.911037435226706549e+00
5.911037458691996704e+00
5.911037473710102574e+00
5.911037481039871366e+00
5.911037483259693914e+00
5.911037482872923299e+00
5.911037481608889976e+00
5.911037480387251186e+00
5.911037479545545814e+00
5.911037479099139347e+00
5.911037478936175482e+00
5.911037478929648259e+00
5.911037478984630944e+00
5.911037479046661325e+00
5.911037479092903446e+00
5.911037479119277016e+00
5.911037479130357930e+00
5.911037479132274619e+00
5.911037479130137662e+00
5.911037479127088545e+00
5.911037479124601646e+00
5.911037479123067762e+00
5.911037479122357219e+00
5.911037479122171590e+00
5.911037479122239091e+00
5.911037479122381200e+00
5.911037479122514426e+00
5.911037479122600580e+00
5.911037479122639660e+00
5.911037479122654759e+00
5.911037479122651206e+00
5.911037479122643212e+00
5.911037479122635219e+00
5.911037479122541072e+00
5.911037479122568605e+00
5.911037479122601468e+00
5.911037479122622784e+00
5.911037479122636107e+00
5.911037479122637883e+00
5.911037479122635219e+00
5.911037479122632554e+00
5.911037479122631666e+00
5.911037479122630778e+00
5.911037479122630778e+00
5.911037479122630778e+00
5.911037479122630778e+00
5.911037479122630778e+00
5.911037479122630778e+00
5.911037479122630778e+00
5.911037479122630778e+00
5.911037479122630778e+00
5.911037479122630778e+00
5.911037479122630778e+00
5.911037479122630778e+00
5.911037479122630778e+00
5.911037479122630778e+00
5.911037479122630778e+00
5.911037479122630778e+00
5.911037479122630778e+00
5.911037479122630778e+00
5.911037479122630778e+00
5.911037479122630778e+00
5.911037479122630778e+00
5.911037479122630778e+00
5.911037479122630778e+00
5.911037479122630778e+00
5.911037479122630778e+00
5.911037479122630778e+00
5.911037479122630778e+00
5.911037479122630778e+00
5.911037479122630778e+00
5.911037479122630778e+00
5.911037479122630778e+00
5.911037479122630778e+00
5.911037479122630778e+00
5.911037479122630778e+00
5.911037479122630778e+00
5.911037479122630778e+00
5.911037479122630778e+00
5.911037479122630778e+00
5.911037479122630778e+00
5.911037479122630778e+00
5.911037479122630778e+00
5.911037479122630778e+00
5.911037479122630778e+00
5.911037479122630778e+00
5.911037479122630778e+00
5.911037479122630778e+00
5.911037479122630778e+00
5.911037479122630778e+00
5.911037479122630778e+00
5.911037479122630778e+00
5.911037479122630778e+00
5.911037479122630778e+00
5.911037479122630778e+00
5.911037479122630778e+00
5.911037479122630778e+00
5.911037479122630778e+00
5.911037479122630778e+00
5.911037479122630778e+00
5.911037479122630778e+00
5.911037479122630778e+00
5.911037479122630778e+00
5.911037479122630778e+00
5.911037479122630778e+00
5.911037479122630778e+00
5.911037479122630778e+00
5.911037479122630778e+00
5.911037479122630778e+00
5.911037479122630778e+00
5.911037479122630778e+00
5.911037479122630778e+00
5.911037479122630778e+00
5.911037479122630778e+00
5.911037479122630778e+00
5.911037479122630778e+00
5.911037479122630778e+00
5.911037479122630778e+00
5.911037479122630778e+00
5.911037479122630778e+00
5.911037479122630778e+00
5.911037479122630778e+00
5.911037479122630778e+00
5.911037479122630778e+00
5.911037479122630778e+00
5.911037479122630778e+00
5.911037479122630778e+00
5.911037479122630778e+00
5.911037479122630778e+00
5.911037479122630778e+00
5.911037479122630778e+00
5.911037479122630778e+00
5.911037479122630778e+00
5.911037479122630778e+00
5.911037479122630778e+00
5.911037479122630778e+00
5.911037479122630778e+00
5.911037479122630778e+00
5.911037479122630778e+00
5.911037479122630778e+00
5.911037479122630778e+00
5.911037479122630778e+00
5.911037479122630778e+00
5.911037479122630778e+00
5.911037479122630778e+00
5.911037479122630778e+00
5.911037479122630778e+00
5.911037479122630778e+00
5.911037479122630778e+00
5.911037479122630778e+00
5.911037479122630778e+00
5.911037479122630778e+00
5.911037479122630778e+00
5.911037479122630778e+00
5.911037479122630778e+00
5.911037479122630778e+00
5.911037479122630778e+00
5.911037479122630778e+00
5.911037479122630778e+00
5.911037479122630778e+00
5.911037479122630778e+00
5.911037479122630778e+00
5.911037479122630778e+00
5.911037479122630778e+00
5.911037479122630778e+00
5.798786963807396333e+00
5.687791804707328147e+00
5.578838416846848780e+00
5.470839079200021438e+00
5.364829205009116642e+00
5.260245571494151839e+00
5.157264496713390933e+00
5.056110150952166649e+00
4.956100752293738587e+00
4.857998746275995039e+00
4.761139270150727576e+00
4.665668976192208994e+00
4.572053004301739776e+00
4.479503313711581391e+00
4.388684016924309539e+00
4.299564588239726426e+00
4.211484265016887996e+00
4.125155215880368154e+00
4.040387405963678624e+00
3.956590925640353529e+00
3.874485909871101086e+00
3.793967550038154002e+00
3.714416912517057412e+00
3.636493028624188550e+00
3.560169358003784978e+00
3.484811755743739248e+00
3.410907371877205829e+00
3.338539227167542478e+00
3.267375813749718194e+00
3.197235745879477342e+00
3.128572783176170269e+00
3.061361847016677462e+00
2.995059917605403133e+00
2.929957741587354114e+00
2.866249557639272805e+00
2.803910173938835904e+00
2.742529033676525785e+00
2.682344856819824042e+00
2.623464769620691417e+00
2.565864825109097414e+00
2.509232356586254209e+00
2.453493896914045624e+00
2.398980901350490580e+00
2.345670403995113062e+00
2.293539471141005759e+00
2.242173316690510898e+00
2.191829992323781173e+00
2.142610174062157924e+00
2.094491891469948630e+00
2.047453465500827630e+00
2.002099642299530302e+00
1.973158253472984791e+00
1.960635334887931513e+00
1.958714392995479781e+00
1.961483315718033138e+00
1.965061457362728747e+00
1.967695054944958333e+00
1.969049692318362021e+00
1.969445862413906845e+00
1.969340206411450689e+00
1.969081296499026745e+00
1.968854841013465862e+00
1.968719877641451621e+00
1.968666788935209411e+00
1.968663297539667845e+00
1.968679825514832116e+00
1.968698161413076742e+00
1.968710770474249472e+00
1.968716799546112783e+00
1.968718226130735216e+00
1.968717409620765801e+00
1.968716028402007323e+00
1.968714916159805872e+00
1.968714294817304644e+00
1.968714076820114789e+00
1.968714087933126633e+00
1.968714181997539558e+00
1.968714274607902048e+00
1.968714334281240763e+00
1.968714360602939584e+00
1.968714365078942041e+00
1.968714359709702322e+00
1.968714352486533370e+00
1.968714347086632843e+00
1.968714344266138561e+00
1.968714343409622591e+00
1.968714343435721714e+00
1.968714344011072370e+00
1.968714344530851035e+00
1.968714344847800390e+00
1.968714344977035458e+00
1.968714344989929810e+00
1.968714344954219042e+00
1.968714344751272272e+00
1.968714344779763481e+00
1.968714344823459861e+00
1.968714344857639187e+00
1.968714344876257627e+00
1.968714344882468659e+00
1.968714344881804079e+00
1.968714344717464648e+00
1.968714344772411362e+00
1.968714344828705443e+00
1.968714344865825083e+00
1.968714344882694922e+00
1.968714344885991840e+00
1.968714344882991130e+00
1.968714344878651046e+00
1.968714344875322375e+00
1.968714344873541799e+00
1.968714344872970701e+00
1.968714344873057520e+00
1.968714344873363276e+00
1.968714344873644606e+00
1.968714344873818467e+00
1.968714344873890187e+00
1.968714344873898403e+00
1.968714344712579223e+00
1.968714344609077127e+00
1.968714344563682550e+00
1.968714344556187879e+00
1.968714344565678731e+00
1.968714344739588729e+00
1.968714344691148588e+00
1.968714344799224580e+00
1.968714344866280053e+00
1.968714344894339163e+00
1.968714344897803503e+00
1.968714344890734935e+00
1.968714344882146694e+00
1.968714344875985178e+00
1.968714344711595787e+00
1.968714344768574431e+00
1.968714344826981044e+00
1.968714344865504895e+00
1.968714344883018441e+00
1.968714344886445922e+00
1.968714344883336187e+00
1.968714344717533260e+00
1.968714344771900437e+00
1.968714344828155216e+00
1.968714344865451382e+00
1.968714344882519507e+00
1.968714344885953205e+00
1.968714344721716136e+00
1.968714344775212899e+00
1.968714344829979090e+00
1.968714344866073773e+00
1.968714344882468659e+00
1.968714344885665213e+00
1.968714344882740663e+00
1.968714344878517597e+00
1.968714344875280409e+00
1.968714344873548905e+00
1.968714344872992905e+00
1.968714344873075728e+00
1.968714344873372823e+00
1.968714344873647493e+00
1.968714344873817801e+00
1.968714344873889299e+00
1.968714344873896849e+00
1.968714344712578335e+00
1.968714344770377656e+00
1.968714344828464968e+00
1.968714344705046804e+00
1.968714344779844971e+00
1.968714344841064223e+00
1.968714344875728717e+00
1.968714344888205181e+00
1.968714344887909640e+00
1.968714344882874778e+00
1.968714344716504749e+00
1.968714344771015812e+00
1.968714344827632967e+00
1.968714344865250432e+00
1.968714344882510625e+00
1.968714344886019596e+00
1.968714344721788745e+00
1.968714344775263525e+00
1.968714344830002405e+00
1.968714344866078658e+00
1.968714344882464662e+00
1.968714344885658329e+00
1.968714344721434806e+00
1.968714344613733180e+00
1.968714344726419707e+00
1.968714344820681417e+00
1.968714344874997302e+00
1.968714344895179158e+00
1.968714344895366564e+00
1.968714344887906753e+00
1.968714344880159839e+00
1.968714344875011735e+00
1.968714344711349096e+00
1.968714344768690117e+00
1.968714344827193319e+00
1.968714344865678090e+00
1.968714344883117251e+00
1.968714344886482781e+00
1.968714344883335965e+00
1.968714344878820688e+00
1.968714344875367006e+00
1.968714344873523148e+00
1.968714344872933397e+00
1.968714344873026434e+00
1.968714344873344402e+00
1.968714344873639055e+00
1.968714344873819355e+00
1.968714344873893074e+00
1.968714344873900846e+00
1.968714344873881972e+00
1.968714344873857991e+00
1.968714344873842004e+00
1.968714344873834676e+00
1.968714344873831124e+00
1.968714344873832234e+00
1.968714344873835120e+00
1.968714344873836675e+00
1.968714344712535702e+00
1.968714344609056255e+00
1.968714344724979082e+00
1.968714344820971629e+00
1.968714344875842404e+00
1.968714344734638466e+00
1.968714344792346527e+00
1.968714344842715791e+00
1.968714344872690258e+00
1.968714344884452183e+00
1.968714344885197809e+00
1.968714344881507428e+00
1.968714344877426248e+00
1.968714344874624489e+00
1.968714344873287114e+00
1.968714344872972699e+00
1.968714344873156552e+00
1.968714344873464306e+00
1.968714344873710997e+00
1.968714344873847999e+00
1.968714344873896405e+00
1.968714344873893296e+00
1.968714344712571451e+00
1.968714344770371882e+00
1.968714344667159999e+00
1.968714344762866109e+00
1.968714344837946051e+00
1.968714344717653830e+00
1.968714344789228132e+00
1.968714344684644013e+00
1.968714344773713654e+00
1.968714344681185890e+00
1.968714344776034908e+00
1.968714344846187014e+00
1.968714344882444900e+00
1.968714344893177648e+00
1.968714344890481804e+00
1.968714344883638168e+00
1.968714344877616762e+00
1.968714344874012978e+00
1.968714344872585231e+00
1.968714344872481758e+00
1.968714344711615327e+00
1.968714344769921798e+00
1.968714344828361273e+00
1.968714344705112973e+00
1.968714344618651690e+00
1.968714344576367292e+00
1.968714344726916643e+00
1.968714344835355456e+00
1.968714344889913592e+00
1.968714344904970215e+00
1.968714344899789692e+00
1.968714344888750079e+00
1.968714344879350042e+00
1.968714344873859767e+00
1.968714344871770772e+00
1.968714344871701716e+00
1.968714344872422251e+00
1.968714344873189637e+00
1.968714344873706334e+00
1.968714344873948363e+00
1.968714344874000544e+00
1.968714344712663378e+00
1.968714344770425173e+00
1.968714344828481622e+00
1.968714344866347332e+00
1.968714344722017673e+00
1.968714344782954040e+00
1.968714344837831920e+00
1.968714344871223432e+00
1.968714344884793244e+00
1.968714344724803667e+00
1.968714344617529921e+00
1.968714344729052268e+00
1.968714344660650539e+00
1.968714344771825164e+00
1.968714344849636699e+00
1.968714344887591672e+00
1.968714344897167789e+00
1.968714344892637635e+00
