7.484257302123327182e-01
8.912785929331695778e-01
1.007501596403624466e+00
1.121143723977598983e+00
1.232262287204391571e+00
1.340913324959288611e+00
1.447151631704868047e+00
1.551030785124726696e+00
1.652603173143566639e+00
1.751920020347266682e+00
1.849031413816262459e+00
1.943986328385265860e+00
2.036832651342060707e+00
2.127617206577829823e+00
2.216385778201195755e+00
2.303183133627881851e+00
2.388053046157638359e+00
2.471038317049819799e+00
2.552180797108747790e+00
2.631521407789743527e+00
2.706200184820025001e+00
2.774004044845869377e+00
2.834167038832879904e+00
2.886423926226157288e+00
2.930884056346420685e+00
2.967948870684974594e+00
2.998168070422076781e+00
3.022189631027029755e+00
3.040707825064330905e+00
3.054424433208157375e+00
3.064020783993587571e+00
3.070138545717125300e+00
3.073368459216333726e+00
3.074245305284121876e+00
3.073238662681732070e+00
3.070756179205148761e+00
3.067146366733277674e+00
3.062702749406513103e+00
3.057668827245986432e+00
3.052243441467999752e+00
3.046586231811628132e+00
3.040822961023152082e+00
3.035050550720578055e+00
3.029341728383075250e+00
3.023749227350465585e+00
3.018309514970652252e+00
3.013046048163921409e+00
3.007972073075435127e+00
3.003092997295778943e+00
2.998408370528891531e+00
2.993913513567833640e+00
2.989600836833653741e+00
2.985460889229229142e+00
2.981483176219057896e+00
2.977656783304007959e+00
2.973970837847685011e+00
2.970414838601649343e+00
2.966978878754163329e+00
2.963653784744384012e+00
2.960431189941758578e+00
2.957303558998039428e+00
2.954264176135270592e+00
2.951307108030186033e+00
2.948427149932926650e+00
2.945619761675011716e+00
2.942880998812586135e+00
2.940207442828047135e+00
2.937596132963304019e+00
2.935044502004193756e+00
2.932550316804613200e+00
2.930111624841205575e+00
2.927726706522405298e+00
2.925394033552030315e+00
2.923112233072119537e+00
2.920880057218479653e+00
2.918696357630775395e+00
2.916560064410196773e+00
2.914470169107040487e+00
2.912425710829615433e+00
2.910425765500935569e+00
2.908469437543454550e+00
2.906555853584808169e+00
2.904684157840621062e+00
2.902853508844226660e+00
2.901063077242439281e+00
2.899312044438671965e+00
2.897599601807546499e+00
2.895924950426447264e+00
2.894287301111147848e+00
2.892685874651210742e+00
2.891119902208152848e+00
2.889588625774144770e+00
2.888091298650563576e+00
2.886627185911227578e+00
2.885195564826023240e+00
2.883795725229273632e+00
2.882426969823935980e+00
2.881088614417859350e+00
2.879779988092109999e+00
2.878500433304091111e+00
2.877249305930007495e+00
2.876025975252358258e+00
2.874829823898739534e+00
2.873660247738435203e+00
2.872516655743175829e+00
2.871398469818119636e+00
2.870305124617853476e+00
2.869236067309305582e+00
2.868190757365910670e+00
2.867168666325375259e+00
2.866169277545099536e+00
2.865192085953290224e+00
2.864236597798148765e+00
2.863302330406230833e+00
2.862388811908450403e+00
2.861495581014566358e+00
2.860622186765667152e+00
2.859768188295924052e+00
2.858933154599291537e+00
2.858116664301463050e+00
2.857318305437289929e+00
2.856537675233733697e+00
2.855774379898358806e+00
2.855028034413302773e+00
2.854298262343760939e+00
2.853584695617788380e+00
2.852886974356816374e+00
2.852204746685345516e+00
2.851537668550203186e+00
2.850885403544364927e+00
2.850247622744317422e+00
2.849624004526869481e+00
2.849014234401762824e+00
2.848418004868105147e+00
2.847835015253687097e+00
2.847264971562785796e+00
2.846707586327517081e+00
2.846162578462627213e+00
2.845629673123613479e+00
2.845108601568077766e+00
2.844599101020218956e+00
2.844100914538374880e+00
2.843613790885539672e+00
2.843137484402773474e+00
2.842671754885429003e+00
2.842216367462135462e+00
2.841771092476467864e+00
2.841335705371236919e+00
2.840909986575343549e+00
2.840493721393137605e+00
2.840086699896225753e+00
2.839688716817670322e+00
2.839299571457670535e+00
2.838919067557607701e+00
2.838547013221970339e+00
2.838183220816733243e+00
2.837827506874700756e+00
2.837479692002955023e+00
2.837139600792355498e+00
2.836807061729057722e+00
2.836481907107987865e+00
2.836163972948251732e+00
2.835853098910418257e+00
2.835549128215641534e+00
2.835251907575719876e+00
2.834961287100128846e+00
2.834677120216491097e+00
2.834399263612625841e+00
2.834127577159332834e+00
2.833861923839609886e+00
2.833602169679452221e+00
2.833348183680208354e+00
2.833099837752437455e+00
2.832857006651256615e+00
2.832619567913126524e+00
2.832387401794051573e+00
2.832160391209160633e+00
2.831938421682768769e+00
2.831721381265842830e+00
2.831509160500381928e+00
2.831301652359330845e+00
2.831098752192537926e+00
2.830900357673922230e+00
2.830706368749825508e+00
2.830516687588511715e+00
2.830331218530799831e+00
2.830149868041793582e+00
2.829972544663692524e+00
2.829799158969650286e+00
2.829629623518664872e+00
2.829463852811471281e+00
2.829301763247419110e+00
2.829143273082302290e+00
2.828988302387136056e+00
2.828836773007845640e+00
2.828688608525849801e+00
2.828543734219523653e+00
2.828402077026515027e+00
2.828263565506900612e+00
2.828128129807157443e+00
2.827995701624936853e+00
2.827866214174620030e+00
2.827739602162774091e+00
2.827615801730438250e+00
2.827494750450913141e+00
2.827376387268612401e+00
2.827260652498206461e+00
2.827147487764806844e+00
2.827036835995281105e+00
2.826928641384502949e+00
2.826822849367075285e+00
2.826719406589696337e+00
2.826618260893292156e+00
2.826519361261842889e+00
2.826422657826580309e+00
2.826328101811116600e+00
2.826235645527599871e+00
2.826145242347700037e+00
2.826056846678966838e+00
2.825970413950861015e+00
2.825885900567403297e+00
2.825803263905968254e+00
2.825722462290850334e+00
2.825643454972139423e+00
2.825566202105084912e+00
2.825490664729926049e+00
2.825416804752185929e+00
2.825344584923414448e+00
2.825273968822364257e+00
2.825204920836596578e+00
2.825137406144500929e+00
2.825071390697717622e+00
2.825006841203956842e+00
2.824943725110203196e+00
2.824882010586294179e+00
2.824821666508867679e+00
2.824762662445664319e+00
2.824704968640184166e+00
2.824648555996679189e+00
2.824593396065485429e+00
2.824539461028676257e+00
2.824486723686038037e+00
2.824435157441353095e+00
2.824384736288992670e+00
2.824335434800802069e+00
2.824287228113280257e+00
2.824240091924179019e+00
2.824194002455461927e+00
2.824148936462170578e+00
2.824104871224959901e+00
2.824061784513796525e+00
2.824019654606691798e+00
2.823978460249036537e+00
2.823938180663641440e+00
2.823898795535301431e+00
2.823860285000416415e+00
2.823822629636868697e+00
2.823785810454130463e+00
2.823749808883611490e+00
2.823714606769228475e+00
2.823680186358195510e+00
2.823646530292032164e+00
2.823613621606908541e+00
2.823581443700283522e+00
2.823549980343365906e+00
2.823519215668037319e+00
2.823489134158786218e+00
2.823459720653958005e+00
2.823430960313277449e+00
2.823402838640319157e+00
2.823375341445496289e+00
2.823348454859678558e+00
2.823322165322247557e+00
2.823296459574142325e+00
2.823271324651069669e+00
2.823246747876884566e+00
2.823222716857125114e+00
2.823199219481842714e+00
2.823176243894659709e+00
2.823153778507612177e+00
2.823131811990395867e+00
2.823110333264575722e+00
2.823089331497928622e+00
2.823068796098929134e+00
2.823048716711360484e+00
2.823029083209056100e+00
2.823009885690764165e+00
2.822991114475131180e+00
2.822972760095804112e+00
2.822954813296643550e+00
2.822937265027046116e+00
2.822920106446511923e+00
2.822903328904531328e+00
2.822886923932291126e+00
2.822870883254378960e+00
2.822855198779674613e+00
2.822839862597160465e+00
2.822824866971840319e+00
2.822810204340756357e+00
2.822795867309109141e+00
2.822781848646470859e+00
2.864503632205029682e+00
2.961528620288211400e+00
3.032789683802936231e+00
3.101457778249926189e+00
3.168601012518436288e+00
3.234253248019396398e+00
3.298447594229124036e+00
3.361216425386961859e+00
3.422591396822126875e+00
3.482603460918002547e+00
3.541282882721919822e+00
3.598659255208309649e+00
3.654761514202914174e+00
3.709617952975585720e+00
3.763256236509038732e+00
3.815703415450747649e+00
3.866985939755016144e+00
3.917129672022119369e+00
3.966159900541226691e+00
4.014101352043690341e+00
4.060978204173135708e+00
4.106814097678632258e+00
4.151632148337105477e+00
4.195454958610993046e+00
4.238304629047028094e+00
4.280202769421903142e+00
4.321170509640423596e+00
4.361228510391661040e+00
4.400396973568468262e+00
4.438695652455620255e+00
4.476143861691709525e+00
4.512760487009833454e+00
4.548563994761966711e+00
4.583114217352502351e+00
4.615034123453446213e+00
4.643904521953835740e+00
4.669530997692852736e+00
4.691886544210657206e+00
4.711070562971283238e+00
4.727265584304179313e+00
4.740702801289831569e+00
4.751642336747034179e+00
4.760356201605817184e+00
4.767115699926462113e+00
4.772182440369637568e+00
4.775802232504055667e+00
4.778201252504088892e+00
4.779583962423633814e+00
4.780132354548880969e+00
4.780006169305900166e+00
4.779343802592661561e+00
4.778263675815026978e+00
4.776865891060233515e+00
4.775234034164222763e+00
4.773437023060340678e+00
4.771530925912351506e+00
4.769560696486840889e+00
4.767561791888612177e+00
4.765561651002748533e+00
4.763581023966928285e+00
4.761635149795838906e+00
4.759734785640541865e+00
4.757887095259970778e+00
4.756096406554316758e+00
4.754364849957800843e+00
4.752692889898580297e+00
4.751079762229543313e+00
4.749523828684410809e+00
4.748022860820213964e+00
4.746574263547396200e+00
4.745175247910311533e+00
4.743822961720933762e+00
4.742514585642340741e+00
4.741247401165949782e+00
4.740018836354759735e+00
4.738826493942625007e+00
4.737668165982294788e+00
4.736541838218606415e+00
4.735445687327838549e+00
4.734378072440192931e+00
4.733337523579900896e+00
4.732322727861003386e+00
4.731332514628687314e+00
4.730365840355485574e+00
4.729421773940148732e+00
4.728499482502446227e+00
4.727598218349985615e+00
4.726717307039110416e+00
4.725856136646207517e+00
4.725014148260929581e+00
4.724190827668373061e+00
4.723385698156732815e+00
4.722598314367125738e+00
4.721828257090981751e+00
4.721075128915413366e+00
4.720338550616856033e+00
4.719618158206437819e+00
4.718913600536185804e+00
4.718224537382155859e+00
4.717550637928491497e+00
4.716891579584589600e+00
4.716247047075710519e+00
4.715616731755214452e+00
4.715000331093971653e+00
4.714397548309230856e+00
4.713808092101392511e+00
4.713231676472519283e+00
4.712668020605210728e+00
4.712116848784620338e+00
4.711577890349887276e+00
4.711050879664296254e+00
4.710535556095935661e+00
4.710031664002737983e+00
4.709538952717404747e+00
4.709057176529145572e+00
4.708586094660188515e+00
4.708125471235849346e+00
4.707675075247590435e+00
4.707234680509007951e+00
4.706804065604962339e+00
4.706383013834333440e+00
4.705971313147062851e+00
4.705568756076140779e+00
4.705175139665349171e+00
4.704790265393437032e+00
4.704413939095516639e+00
4.704045970882281047e+00
4.703686175057724128e+00
4.703334370035855194e+00
4.702990378256937554e+00
4.702654026103662233e+00
4.702325143817610353e+00
4.702003565416306152e+00
4.701689128611130641e+00
4.701381674726287763e+00
4.701081048618972247e+00
4.700787098600891056e+00
4.700499676361210355e+00
4.700218636891017709e+00
4.699943838409319063e+00
4.699675142290609564e+00
4.699412412994035115e+00
4.699155517994113573e+00
4.698904327713051998e+00
4.698658715454595125e+00
4.698418557339415713e+00
4.698183732241980159e+00
4.697954121728904475e+00
4.697729609998715361e+00
4.697510083823037697e+00
4.697295432489115186e+00
4.697085547743683698e+00
4.696880323738113816e+00
4.696679656974829697e+00
4.696483446254949179e+00
4.696291592627108713e+00
4.696103999337451818e+00
4.695920571780761499e+00
4.695741217452693128e+00
4.695565845903069579e+00
4.695394368690248399e+00
4.695226699336482845e+00
4.695062753284307000e+00
4.694902447853886329e+00
4.694745702201325699e+00
4.694592437277885999e+00
4.694442575790131578e+00
4.694296042160955196e+00
4.694152762491471620e+00
4.694012664523757650e+00
4.693875677604416374e+00
4.693741732648955889e+00
4.693610762106951384e+00
4.693482699927991497e+00
4.693357481528361852e+00
4.693235043758494207e+00
4.693115324871107497e+00
4.692998264490083393e+00
4.692883803580020441e+00
4.692771884416458761e+00
4.692662450556776221e+00
4.692555446811722319e+00
4.692450819217593327e+00
4.692348515009006071e+00
4.692248482592296988e+00
4.692150671519509153e+00
4.692055032462937092e+00
4.691961517190258668e+00
4.691870078540210542e+00
4.691780670398807196e+00
4.691693247676078649e+00
4.691607766283340197e+00
4.691524183110942658e+00
4.691442456006546635e+00
4.691362543753853309e+00
4.691284406051828171e+00
4.691208003494369727e+00
4.691133297550443615e+00
4.691060250544637711e+00
4.690988825638171100e+00
4.690918986810318714e+00
4.690850698840239197e+00
4.690783927289212230e+00
4.690718638483267533e+00
4.690654799496210892e+00
4.690592378133014329e+00
4.690531342913581980e+00
4.690471663056872131e+00
4.690413308465374520e+00
4.690356249709931369e+00
4.690300458014895923e+00
4.690245905243621394e+00
4.690192563884270527e+00
4.690140407035938708e+00
4.690089408395090587e+00
4.690039542242297799e+00
4.689990783429257348e+00
4.689943107366114639e+00
4.689896490009066277e+00
4.689850907848231110e+00
4.689806337895797483e+00
4.689762757674420079e+00
4.689720145205892976e+00
4.689678479000063405e+00
4.689637738043995085e+00
4.689597901791369594e+00
4.689558950152125760e+00
4.689520863482326440e+00
4.689483622574256216e+00
4.689447208646729592e+00
4.689411603335614132e+00
4.689376788684578301e+00
4.689342747136035605e+00
4.689309461522285005e+00
4.689276915056856510e+00
4.689245091326046833e+00
4.689213974280635355e+00
4.689183548227797260e+00
4.689153797823191638e+00
4.689124708063207692e+00
4.689096264277416104e+00
4.689068452121159858e+00
4.689041257568320020e+00
4.689014666904247619e+00
4.688988666718842069e+00
4.688963243899789468e+00
4.688938385625954552e+00
4.688914079360910314e+00
4.688890312846615949e+00
4.688867074097241350e+00
4.688844351393109733e+00
4.688822133274799242e+00
4.688800408537354691e+00
4.688779166224639638e+00
4.688758395623814579e+00
4.688738086259936821e+00
4.688718227890665169e+00
4.688698810501104042e+00
4.688679824298755072e+00
4.688661259708569951e+00
4.688643107368127616e+00
4.688625358122909148e+00
4.688608003021686343e+00
4.688591033312006218e+00
4.688574440435769652e+00
4.688558216024922842e+00
4.688542351897234006e+00
4.688526840052166911e+00
4.688511672666851204e+00
4.688496842092130912e+00
4.688482340848708851e+00
4.688468161623374542e+00
4.688454297265323589e+00
4.688440740782533922e+00
4.688427485338251266e+00
4.688414524247544790e+00
4.688401850973925811e+00
4.688389459126061531e+00
4.688377342454542074e+00
4.688365494848736326e+00
4.688353910333706409e+00
4.688342583067195868e+00
4.688331507336685355e+00
4.688320677556504279e+00
4.688310088265019715e+00
4.688299734121883056e+00
4.688289609905335276e+00
4.688279710509570819e+00
4.688270030942167210e+00
4.688260566321560852e+00
4.688251311874590321e+00
4.688242262934087634e+00
4.688233414936528121e+00
4.688224763419722940e+00
4.688216304020574654e+00
4.688208032472875431e+00
4.688199944605148772e+00
4.688192036338551638e+00
4.688184303684823639e+00
4.688176742744259329e+00
4.521789554874093398e+00
4.420344093312242428e+00
4.321151354006178558e+00
4.226863646066346902e+00
4.140079782555435628e+00
4.061732191410383663e+00
3.992190834176227554e+00
3.931412855703307674e+00
3.879075589380565070e+00
3.834669319393919640e+00
3.797544063753051979e+00
3.766980178706092364e+00
3.742233248943342083e+00
3.722567069763836667e+00
3.707276959018047435e+00
3.695710817494775480e+00
3.687270872097929253e+00
3.681417462022675835e+00
3.677672677060306761e+00
3.675619567672581134e+00
3.674899439568288351e+00
3.675207873632201139e+00
3.676289973744462536e+00
3.677935228976917159e+00
3.679972280945003504e+00
3.682263806880900603e+00
3.684701665156054684e+00
3.687202399068756353e+00
3.689703154576136068e+00
3.692158037495907763e+00
3.694534912806479277e+00
3.696812632502584073e+00
3.698978667083594463e+00
3.701027109406198168e+00
3.702957013897111072e+00
3.704771034717664335e+00
3.706474325145638016e+00
3.708073662468551301e+00
3.709576764843663277e+00
3.710991769520381567e+00
3.712326844362802358e+00
3.713589908953827123e+00
3.714788443427373466e+00
3.715929366825418079e+00
3.717018969481761026e+00
3.718062886277683887e+00
3.719066100655146645e+00
3.720032969484219354e+00
3.720967262800301434e+00
3.721872212466182273e+00
3.722750565555049018e+00
3.723604639242650283e+00
3.724436374852713616e+00
3.725247389392513320e+00
3.726039023588314070e+00
3.726812385564786112e+00
3.727568390022435896e+00
3.728307792772162177e+00
3.729031220751134246e+00
3.729739197759474489e+00
3.730432166239102898e+00
3.731110505463370419e+00
3.731774546526964720e+00
3.732424584526810030e+00
3.733060888311844128e+00
3.733683708153536784e+00
3.734293281681147825e+00
3.734889838270130102e+00
3.735473602452088038e+00
3.736044796243098709e+00
3.736603640615663302e+00
3.737150356466279355e+00
3.737685165105124607e+00
3.738208288410889590e+00
3.738719948772855073e+00
3.739220368815031392e+00
3.739709771041396458e+00
3.740188377415528453e+00
3.740656408915613351e+00
3.741114085091092889e+00
3.741561623639606093e+00
3.741999240016767203e+00
3.742427147086508921e+00
3.742845554816033093e+00
3.743254670016606056e+00
3.743654696129405046e+00
3.744045833054202355e+00
3.744428277017720852e+00
3.744802220477949639e+00
3.745167852060419467e+00
3.745525356522412697e+00
3.745874914741166517e+00
3.746216703722362151e+00
3.746550896625469029e+00
3.746877662802833076e+00
3.747197167849767308e+00
3.747509573663218685e+00
3.747815038506927987e+00
3.748113717081318352e+00
3.748405760596620784e+00
3.748691316848015376e+00
3.748970530291786396e+00
3.749243542121692307e+00
3.749510490344929003e+00
3.749771509857200869e+00
3.750026732516539063e+00
3.750276287215621007e+00
3.750520299952397885e+00
3.750758893898944013e+00
3.750992189468445925e+00
3.751220304380336046e+00
3.751443353723569629e+00
3.751661450018089372e+00
3.751874703274516776e+00
3.752083221052147977e+00
3.752287108515301561e+00
3.752486468488101412e+00
3.752681401507759418e+00
3.752872005876425110e+00
3.753058377711663951e+00
3.753240610995640214e+00
3.753418797623043979e+00
3.753593027447828856e+00
3.753763388328806627e+00
3.753929966174144095e+00
3.754092844984803001e+00
3.754252106896963426e+00
3.754407832223466190e+00
3.754560099494301362e+00
3.754708985496181484e+00
3.754854565311217751e+00
3.754996912354727989e+00
3.755136098412202195e+00
3.755272193675444292e+00
3.755405266777910533e+00
3.755535384829268075e+00
3.755662613449186171e+00
3.755787016800383515e+00
3.755908657620942392e+00
3.756027597255914952e+00
3.756143895688225598e+00
3.756257611568896149e+00
3.756368802246601746e+00
3.756477523796572626e+00
3.756583831048858180e+00
3.756687777615968837e+00
3.756789415919899788e+00
3.756888797218563614e+00
3.756985971631633170e+00
3.757080988165812485e+00
3.757173894739551212e+00
3.757264738207205301e+00
3.757353564382668321e+00
3.757440418062472531e+00
3.757525343048381927e+00
3.757608382169481231e+00
3.757689577303776840e+00
3.757768969399316816e+00
3.757846598494839707e+00
3.757922503739972164e+00
3.757996723414968265e+00
3.758069294950019401e+00
3.758140254944128955e+00
3.758209639183571760e+00
3.758277482659941438e+00
3.758343819587798063e+00
3.758408683421923691e+00
3.758472106874194640e+00
3.758534121930076299e+00
3.758594759864759549e+00
3.758654051258927264e+00
3.758712026014180640e+00
3.758768713368120462e+00
3.758824141909087757e+00
3.758878339590584705e+00
3.758931333745371361e+00
3.758983151099249298e+00
3.759033817784541487e+00
3.759083359353269760e+00
3.759131800790042277e+00
3.759179166524651894e+00
3.759225480444398748e+00
3.759270765906134848e+00
3.759315045748045758e+00
3.759358342301165834e+00
3.759400677400641211e+00
3.759442072396743217e+00
3.759482548165630877e+00
3.759522125119886038e+00
3.759560823218800252e+00
3.759598661978446721e+00
3.759635660481519093e+00
3.759671837386956650e+00
3.759707210939352784e+00
3.759741798978158300e+00
3.759775618946676445e+00
3.759808687900860757e+00
3.759841022517914855e+00
3.759872639104704817e+00
3.759903553605984161e+00
3.759933781612431414e+00
3.759963338368516705e+00
3.759992238780185403e+00
3.760020497422379648e+00
3.760048128546385815e+00
3.760075146087024311e+00
3.760101563669673741e+00
3.760127394617145402e+00
3.760152651956401026e+00
3.760177348425121746e+00
3.760201496478133176e+00
3.760225108293686613e+00
3.760248195779599456e+00
3.760270770579261512e+00
3.760292844077506746e+00
3.760314427406354465e+00
3.760335531450623936e+00
3.760356166853423776e+00
3.760376344021519213e+00
3.760396073130578998e+00
3.760415364130309968e+00
3.760434226749473030e+00
3.760452670500790795e+00
3.760470704685741516e+00
3.760488338399254449e+00
3.760505580534295511e+00
3.760522439786349036e+00
3.760538924657807591e+00
3.760555043462255664e+00
3.760570804328665417e+00
3.760586215205494742e+00
3.760601283864696054e+00
3.760616017905636710e+00
3.760630424758928836e+00
3.760644511690180991e+00
3.760658285803657908e+00
3.760671754045867399e+00
3.760684923209058894e+00
3.760697799934653585e+00
3.760710390716590190e+00
3.760722701904602339e+00
3.760734739707420893e+00
3.760746510195901671e+00
3.760758019306091882e+00
3.760769272842219735e+00
3.760780276479624984e+00
3.760791035767617974e+00
3.760801556132280954e+00
3.760811842879202782e+00
3.760821901196154560e+00
3.760831736155707095e+00
3.760841352717788411e+00
3.760850755732185746e+00
3.760859949940988933e+00
3.760868939980985814e+00
3.760877730385997708e+00
3.760886325589167356e+00
3.760894729925193580e+00
3.760902947632517979e+00
3.760910982855461437e+00
3.760918839646317124e+00
3.760926521967390634e+00
3.760934033692998835e+00
3.760941378611426522e+00
3.760948560426833343e+00
3.760955582761124294e+00
3.760962449155775378e+00
3.760969163073620170e+00
3.760975727900593757e+00
3.760982146947445148e+00
3.760988423451402607e+00
3.760994560577807455e+00
3.761000561421710575e+00
3.761006429009434271e+00
3.761012166300098158e+00
3.761017776187108641e+00
3.761023261499622183e+00
3.761028625003970394e+00
3.761033869405054464e+00
3.761038997347709856e+00
3.761044011418040789e+00
3.761048914144722755e+00
3.761053708000279716e+00
3.761058395402330223e+00
3.761062978714805993e+00
3.761067460249146066e+00
3.761071842265458987e+00
3.761076126973667222e+00
3.761080316534616497e+00
3.761084413061170029e+00
3.761088418619273011e+00
3.761092335228991335e+00
3.761096164865534774e+00
3.761099909460250856e+00
3.761103570901597859e+00
3.761107151036100493e+00
3.761110651669276717e+00
3.761114074566553001e+00
3.761117421454151177e+00
3.761120694019961075e+00
3.754331383925270771e+00
3.821158571663809234e+00
3.879276714825334871e+00
3.929147515192720874e+00
3.977910872603351411e+00
4.025591379201194364e+00
4.072213081031169857e+00
4.117799490165957366e+00
4.162373596563506695e+00
4.205957879661249343e+00
4.248574319712835390e+00
4.290244408873128634e+00
4.330989162037047535e+00
4.370829127437712458e+00
4.409784397009246959e+00
4.447874616519468915e+00
4.485118995477561654e+00
4.521536316821738843e+00
4.557144946391783691e+00
4.591962842191233740e+00
4.626007563443892856e+00
4.659296279449228528e+00
4.691845778241123810e+00
4.723672475054358166e+00
4.754792420603065395e+00
4.785221309175372362e+00
4.814974486548279309e+00
4.844066957726778533e+00
4.872513394511125639e+00
4.900328142896057670e+00
4.927525230305711545e+00
4.954118372667878134e+00
4.980120981331165986e+00
5.005546169828559933e+00
5.030406760490782503e+00
5.054715290912808356e+00
5.078484020276766486e+00
5.101724935534449834e+00
5.123648002300142501e+00
5.143686642727992364e+00
5.161629065548166473e+00
5.177395161919409183e+00
5.191003308358903112e+00
5.202544920964887964e+00
5.212153098267787499e+00
5.219988618541062664e+00
5.226226731927207325e+00
5.231047226702534303e+00
5.234627167556835659e+00
5.237135787468279347e+00
5.238731089419826681e+00
5.239557784623941394e+00
5.239746256001070357e+00
5.239412289831365754e+00
5.238657366654330794e+00
5.237569342573520359e+00
5.236223387290229958e+00
5.234683075821492615e+00
5.233001553484281310e+00
5.231222715436495641e+00
5.229382357400139902e+00
5.227509267217178568e+00
5.225626238967890025e+00
5.223750997485022474e+00
5.221897028354653081e+00
5.220074312792896798e+00
5.218289970129453614e+00
5.216548812956175674e+00
5.214853821207078077e+00
5.213206542744071470e+00
5.211607427770504231e+00
5.210056105488093614e+00
5.208551609473137667e+00
5.207092559189840486e+00
5.205677303834280956e+00
5.204304035422461006e+00
5.202970874554170067e+00
5.201675935006675466e+00
5.200417370369011749e+00
5.199193406949536467e+00
5.198002364954350973e+00
5.196842671258953494e+00
5.195712864860607461e+00
5.194611597600742314e+00
5.193537631923840436e+00
5.192489835123887509e+00
5.191467172432287391e+00
5.190468699056097535e+00
5.189493552325997960e+00
5.188540942788982591e+00
5.187610146670963651e+00
5.186700497670486243e+00
5.185811380396783576e+00
5.184942223452300603e+00
5.184092493810488200e+00
5.183261691388806547e+00
5.182449344864908269e+00
5.181655007795838763e+00
5.180878254967703711e+00
5.180118679598148645e+00
5.179375890773603608e+00
5.178649511670637473e+00
5.177939177786445413e+00
5.177244535685057159e+00
5.176565241623469760e+00
5.175900960719026500e+00
5.175251366193300839e+00
5.174616138637638585e+00
5.173994965801689716e+00
5.173387542136301143e+00
5.172793568492098260e+00
5.172212751886214654e+00
5.171644805311853332e+00
5.171089447585600851e+00
5.170546403221961462e+00
5.170015402327627463e+00
5.169496180509527861e+00
5.168988478792051922e+00
5.168492043520471313e+00
5.168006626320033270e+00
5.167531984011898061e+00
5.167067878539248760e+00
5.166614076892431129e+00
5.166170351032622676e+00
5.165736477813764438e+00
5.165312238902700415e+00
5.164897420697622366e+00
5.164491814244994039e+00
5.164095215155223961e+00
5.163707423517349682e+00
5.163328243813061214e+00
5.162957484830336341e+00
5.162594959577000431e+00
5.162240485194454109e+00
5.161893882871837036e+00
5.161554977760824947e+00
5.161223598891265141e+00
5.160899579087799616e+00
5.160582754887627743e+00
5.160272966459505284e+00
5.159970057543533883e+00
5.159673875339692906e+00
5.159384270442076037e+00
5.159101096764263872e+00
5.158824211466084719e+00
5.158553474881766299e+00
5.158288750449572468e+00
5.158029904642872587e+00
5.157776806902635514e+00
5.157529329571371335e+00
5.157287347828544810e+00
5.157050739627362823e+00
5.156819385632973152e+00
5.156593169162036361e+00
5.156371976123647727e+00
5.156155694961578106e+00
5.155944216597823093e+00
5.155737434377408057e+00
5.155535244014452623e+00
5.155337543539432410e+00
5.155144233247640706e+00
5.154955215648802991e+00
5.154770395417825668e+00
5.154589679346651465e+00
5.154412976297193971e+00
5.154240197155327330e+00
5.154071254785905332e+00
5.153906063988789477e+00
5.153744541455853145e+00
5.153586605728952108e+00
5.153432177158832062e+00
5.153281177864946550e+00
5.153133531696175496e+00
5.152989164192428362e+00
5.152848002547056439e+00
5.152709975570176404e+00
5.152575013652725744e+00
5.152443048731388586e+00
5.152314014254258723e+00
5.152187845147286005e+00
5.152064477781455487e+00
5.151943849940699316e+00
5.151825900790525381e+00
5.151710570847334303e+00
5.151597801948427424e+00
5.151487537222670277e+00
5.151379721061831063e+00
5.151274299092512443e+00
5.151171218148728137e+00
5.151070426245111911e+00
5.150971872550705655e+00
5.150875507363294581e+00
5.150781282084366808e+00
5.150689149194604077e+00
5.150599062229908043e+00
5.150510975757987886e+00
5.150424845355412451e+00
5.150340627585231701e+00
5.150258279975071574e+00
5.150177760995719112e+00
5.150099030040149017e+00
5.150022047403074232e+00
5.149946774260923732e+00
5.149873172652232434e+00
5.149801205458537368e+00
5.149730836385615795e+00
5.149662029945224262e+00
5.149594751437157392e+00
5.149528966931780971e+00
5.149464643252909646e+00
5.149401747961090514e+00
5.149340249337209130e+00
5.149280116366519167e+00
5.149221318722997154e+00
5.149163826754047157e+00
5.149107611465545631e+00
5.149052644507220222e+00
5.148998898158350990e+00
5.148946345313791362e+00
5.148894959470299959e+00
5.148844714713171733e+00
5.148795585703169309e+00
5.148747547663744761e+00
5.148700576368542947e+00
5.148654648129188161e+00
5.148609739783331918e+00
5.148565828682975187e+00
5.148522892683044638e+00
5.148480910130227350e+00
5.148439859852048883e+00
5.148399721146193819e+00
5.148360473770068779e+00
5.148322097930592811e+00
5.148284574274215153e+00
5.148247883877151487e+00
5.148212008235859116e+00
5.148176929257667567e+00
5.148142629251683644e+00
5.148109090919873232e+00
5.148076297348310071e+00
5.148044231998676779e+00
5.148012878699892880e+00
5.147982221639985312e+00
5.147952245358115242e+00
5.147922934736754108e+00
5.147894274994079922e+00
5.147866251676524563e+00
5.147838850651488940e+00
5.147812058100187826e+00
5.147785860510706080e+00
5.147760244671175656e+00
5.147735197663118711e+00
5.147710706854937257e+00
5.147686759895516495e+00
5.147663344708018229e+00
5.147640449483786185e+00
5.147618062676390771e+00
5.147596172995817732e+00
5.147574769402741168e+00
5.147553841102984862e+00
5.147533377542069744e+00
5.147513368399905254e+00
5.147493803585551753e+00
5.147474673232157016e+00
5.147455967691987766e+00
5.147437677531531364e+00
5.147419793526762710e+00
5.147402306658490190e+00
5.147385208107805532e+00
5.147368489251634927e+00
5.147352141658389613e+00
5.147336157083715946e+00
5.147320527466338724e+00
5.147305244923988887e+00
5.147290301749436026e+00
5.147275690406599047e+00
5.147261403526742107e+00
5.147247433904764691e+00
5.147233774495560077e+00
5.147220418410472398e+00
5.147207358913812314e+00
5.147194589419465949e+00
5.147182103487573102e+00
5.147169894821278291e+00
5.147157957263556405e+00
5.147146284794103188e+00
5.147134871526306554e+00
5.147123711704272075e+00
5.147112799699923968e+00
5.147102130010161147e+00
5.147091697254088771e+00
5.147081496170301307e+00
5.147071521614226874e+00
5.147061768555538208e+00
5.147052232075609801e+00
5.147042907365043440e+00
5.147033789721236374e+00
5.147024874546015205e+00
5.147016157343312415e+00
5.147007633716905062e+00
4.964496369825047495e+00
4.853220054526871330e+00
4.744414767780931186e+00
4.638025637334408202e+00
4.533999009440890404e+00
4.432282421801931882e+00
4.332824577109470887e+00
4.235575317175774401e+00
4.140485597637858284e+00
4.047507463223630531e+00
3.956594023567272522e+00
3.867699429561680446e+00
3.780778850236019561e+00
3.695788450146750836e+00
3.612685367270707104e+00
3.531427691389093404e+00
3.451974442951486033e+00
3.374285552409187705e+00
3.298321840007514272e+00
3.224044996026810939e+00
3.151417561462249495e+00
3.080402909132648581e+00
3.010965225208798390e+00
2.943069491151972805e+00
2.876681466053517600e+00
2.811767669366610267e+00
2.748295364021482001e+00
2.686232539915589967e+00
2.625547897770407424e+00
2.566210833346693754e+00
2.508191422010288552e+00
2.451460403640635111e+00
2.395989167874433612e+00
2.341749739676975306e+00
2.288714765233883508e+00
2.236857498156144430e+00
2.186151785991476970e+00
2.136572057035227346e+00
2.088093307434151225e+00
2.040691088576567225e+00
1.996312525841380747e+00
1.956053719737362417e+00
1.920330920108655359e+00
1.889268970897322486e+00
1.862781244166589412e+00
1.840646894464073258e+00
1.822535278741735709e+00
1.808056341467132233e+00
1.796792449134900771e+00
1.788322152222604711e+00
1.782237285847668939e+00
1.778154667797225974e+00
1.775723497602319512e+00
1.774629407580801788e+00
1.774595971088246849e+00
1.775384339365570829e+00
1.776791557478563544e+00
1.778648001260538347e+00
1.780814284153247495e+00
1.783177903954807020e+00
1.785649830639828517e+00
1.788161181748471495e+00
1.790660086292726438e+00
1.793108802202414198e+00
1.795481123690934933e+00
1.797760093939595460e+00
1.799936022249119416e+00
1.802004793550771033e+00
1.803966450659828746e+00
1.805824024727389787e+00
1.807582587056628887e+00
1.809248495252154143e+00
1.810828805793371243e+00
1.812330828062084453e+00
1.813761796330749743e+00
1.815128638120144577e+00
1.816437819794337383e+00
1.817695253999230820e+00
1.818906253952032648e+00
1.820075522925338252e+00
1.821207169641361423e+00
1.822304741334716649e+00
1.823371268222915731e+00
1.824409314296959961e+00
1.825421031303893216e+00
1.826408211817556859e+00
1.827372340859020561e+00
1.828314643643370818e+00
1.829236129665119170e+00
1.830137631425059253e+00
1.831019838616381623e+00
1.831883327699372899e+00
1.832728586644045921e+00
1.833556036100498776e+00
1.834366046534568362e+00
1.835158951872507549e+00
1.835935060431262311e+00
1.836694663459217391e+00
1.837438041596095584e+00
1.838165469469042135e+00
1.838877219033452581e+00
1.839573561767994914e+00
1.840254769997724971e+00
1.840921117550896158e+00
1.841572879921234307e+00
1.842210334076832767e+00
1.842833758029632785e+00
1.843443430255734761e+00
1.844039629036459571e+00
1.844622631772918409e+00
1.845192714312623661e+00
1.845750150315052629e+00
1.846295210673782217e+00
1.846828163005514112e+00
1.847349271210704913e+00
1.847858795106354313e+00
1.848356990128513955e+00
1.848844107100034329e+00
1.849320392057784535e+00
1.849786086132891638e+00
1.850241425477291202e+00
1.850686641229959850e+00
1.851121959516515592e+00
1.851547601476328797e+00
1.851963783311838529e+00
1.852370716355378866e+00
1.852768607149405611e+00
1.853157657536626424e+00
1.853538064757072945e+00
1.853910021549679765e+00
1.854273716256377380e+00
1.854629332927126173e+00
1.854977051424650192e+00
1.855317047527945240e+00
1.855649493033867392e+00
1.855974555856325203e+00
1.856292400122763864e+00
1.856603186267750338e+00
1.856907071123589992e+00
1.857204208007959378e+00
1.857494746808615815e+00
1.857778834065278550e+00
1.858056613048792771e+00
1.858328223837715898e+00
1.858593803392466937e+00
1.858853485627178559e+00
1.859107401479392907e+00
1.859355678977729021e+00
1.859598443307648896e+00
1.859835816875430536e+00
1.860067919370454348e+00
1.860294867825894372e+00
1.860516776677894946e+00
1.860733757823309631e+00
1.860945920676066123e+00
1.861153372222214886e+00
1.861356217073711017e+00
1.861554557520978426e+00
1.861748493584293396e+00
1.861938123064024619e+00
1.862123541589763231e+00
1.862304842668370597e+00
1.862482117730973163e+00
1.862655456178926583e+00
1.862824945428776857e+00
1.862990670956236050e+00
1.863152716339197434e+00
1.863311163299808504e+00
1.863466091745622499e+00
1.863617579809847102e+00
1.863765703890707837e+00
1.863910538689946828e+00
1.864052157250474018e+00
1.864190630993186826e+00
1.864326029752978231e+00
1.864458421813947941e+00
1.864587873943834184e+00
1.864714451427686770e+00
1.864838218100789646e+00
1.864959236380855589e+00
1.865077567299507910e+00
1.865193270533060721e+00
1.865306404432620413e+00
1.865417026053514338e+00
1.865525191184068232e+00
1.865630954373744155e+00
1.865734368960653589e+00
1.865835487098458589e+00
1.865934359782676077e+00
1.866031036876399263e+00
1.866125567135442642e+00
1.866217998232934994e+00
1.866308376783359702e+00
1.866396748366067726e+00
1.866483157548260552e+00
1.866567647907470429e+00
1.866650262053535902e+00
1.866731041650091294e+00
1.866810027435577002e+00
1.866887259243788177e+00
1.866962776023959769e+00
1.867036615860412363e+00
1.867108815991757043e+00
1.867179412829675256e+00
1.867248441977283457e+00
1.867315938247085860e+00
1.867381935678533722e+00
1.867446467555189615e+00
1.867509566421513556e+00
1.867571264099275652e+00
1.867631591703604821e+00
1.867690579658679795e+00
1.867748257713073290e+00
1.867804654954753341e+00
1.867859799825754230e+00
1.867913720136519462e+00
1.867966443079928318e+00
1.868017995245006446e+00
1.868068402630339131e+00
1.868117690657179475e+00
1.868165884182271475e+00
1.868213007510382884e+00
1.868259084406565185e+00
1.868304138108136669e+00
1.868348191336401953e+00
1.868391266308111920e+00
1.868433384746666315e+00
1.868474567893069649e+00
1.868514836516644406e+00
1.868554210925503334e+00
1.868592710976793470e+00
1.868630356086708577e+00
1.868667165240282202e+00
1.868703157000961124e+00
1.868738349519968311e+00
1.868772760545455824e+00
1.868806407431456762e+00
1.868839307146634932e+00
1.868871476282845556e+00
1.868902931063500361e+00
1.868933687351749695e+00
1.868963760658483686e+00
1.868993166150154206e+00
1.869021918656422754e+00
1.869050032677639139e+00
1.869077522392156077e+00
1.869104401663477910e+00
1.869130684047252355e+00
1.869156382798107696e+00
1.869181510876336105e+00
1.869206080954431970e+00
1.869230105423479227e+00
1.869253596399403472e+00
1.869276565729080852e+00
1.869299024996313285e+00
1.869320985527669565e+00
1.869342458398198348e+00
1.869363454437012573e+00
1.869383984232751761e+00
1.869404058138922409e+00
1.869423686279116703e+00
1.869442878552121323e+00
1.869461644636907671e+00
1.869479993997512857e+00
1.869497935887814322e+00
1.869515479356195442e+00
1.869532633250109654e+00
1.869549406220540222e+00
1.869565806726365853e+00
1.869581843038624847e+00
1.869597523244686421e+00
1.869612855252330785e+00
1.869627846793735282e+00
1.869642505429374824e+00
1.869656838551834621e+00
1.869670853389538978e+00
1.869684557010395265e+00
1.869697956325359289e+00
1.869711058091920730e+00
1.869723868917510856e+00
1.869736395262834749e+00
1.869748643445128922e+00
1.869760619641348987e+00
1.869772329891282947e+00
1.869783780100597648e+00
1.869794976043817503e+00
1.869805923367236389e+00
1.869816627591765146e+00
1.869827094115716015e+00
1.869837328217525352e+00
1.869847335058414384e+00
1.869857119684994240e+00
1.869866687031808805e+00
1.869876041923825172e+00
1.869885189078865251e+00
1.869894133109986090e+00
1.869902878527805790e+00
1.869911429742779685e+00
1.869919791067422121e+00
