7.012807903031647028e-01
8.239526512874253417e-01
9.537724130105582621e-01
1.069381130900405541e+00
1.181649146686701402e+00
1.291424111981816170e+00
1.398761388063029854e+00
1.503715106841817750e+00
1.606338198163442588e+00
1.706682416500326038e+00
1.804798367052659946e+00
1.900735531269420076e+00
1.994542291802655853e+00
2.086265956907638497e+00
2.175952784301173892e+00
2.263648004490111276e+00
2.349395843581814081e+00
2.433239545588096409e+00
2.512807942767049774e+00
2.586740460334240321e+00
2.654369751090708274e+00
2.715353528916241377e+00
2.769627602428895496e+00
2.817306112496112735e+00
2.858644687323811162e+00
2.893999654812974942e+00
2.923806843191347760e+00
2.948536683411778103e+00
2.968673568019090769e+00
2.984701912318436623e+00
2.997094028104580588e+00
3.006301235887712142e+00
3.012747651746122024e+00
3.016826155363836914e+00
3.018896111399704818e+00
3.019282476476593757e+00
3.018275978798290016e+00
3.016134106518566949e+00
3.013082684765009400e+00
3.009317859587683497e+00
3.005008341799550120e+00
3.000297791325149177e+00
2.995307249393803328e+00
2.990137546403497826e+00
2.984871631464844022e+00
2.979576784688996671e+00
2.974306685531981298e+00
2.969103320554658421e+00
2.963998721961020433e+00
2.959016534566619061e+00
2.954173413677749327e+00
2.949480259963347617e+00
2.944943299982399232e+00
2.940565022772261283e+00
2.936344983966836075e+00
2.932280489435450388e+00
2.928367170531408714e+00
2.924599462813345596e+00
2.920970999636537613e+00
2.917474931374707925e+00
2.914104180282682588e+00
2.910851640192476442e+00
2.907710329386687054e+00
2.904673504142012419e+00
2.901734739603925028e+00
2.898887983857154182e+00
2.896127590306762478e+00
2.893448332788747912e+00
2.890845407191473093e+00
2.888314422791573133e+00
2.885851385990257700e+00
2.883452678676438286e+00
2.881115033039260975e+00
2.878835504301016091e+00
2.876611442538105301e+00
2.874440464498722037e+00
2.872320426106791391e+00
2.870249396158417454e+00
2.868225631565449518e+00
2.866247554376942119e+00
2.864313730709617367e+00
2.862422851639580657e+00
2.860573716046410198e+00
2.858765215354601263e+00
2.856996320083701857e+00
2.855266068095165810e+00
2.853573554409023050e+00
2.851917922455330601e+00
2.850298356622506635e+00
2.848714075965930626e+00
2.847164328944544742e+00
2.845648389059766803e+00
2.844165551279152826e+00
2.842715129136303531e+00
2.841296452408089923e+00
2.839908865279985317e+00
2.838551724919876396e+00
2.837224400389960710e+00
2.835926271835105705e+00
2.834656729894207583e+00
2.833415175288604981e+00
2.832201018548458737e+00
2.831013679844155639e+00
2.829852588895285681e+00
2.828717184934590012e+00
2.827606916708488072e+00
2.826521242499481890e+00
2.825459630158849045e+00
2.824421557140722072e+00
2.823406510530888092e+00
2.822413987065499175e+00
2.821443493136423619e+00
2.820494544781201984e+00
2.819566667656559833e+00
2.818659396995201849e+00
2.817772277546209736e+00
2.816904863499785527e+00
2.816056718397419889e+00
2.815227415028742186e+00
2.814416535316461854e+00
2.813623670190839032e+00
2.812848419455149962e+00
2.812090391643566445e+00
2.811349203872798963e+00
2.810624481688795306e+00
2.809915858909647568e+00
2.809222977465798188e+00
2.808545487238497174e+00
2.807883045897369367e+00
2.807235318737839158e+00
2.806601978519067231e+00
2.805982705302954905e+00
2.805377186294677916e+00
2.804785115685156871e+00
2.804206194495766802e+00
2.803640130425557153e+00
2.803086637701167394e+00
2.802545436929604783e+00
2.802016254953977992e+00
2.801498824712272739e+00
2.800992885099199192e+00
2.800498180831134665e+00
2.800014462314151409e+00
2.799541485515109063e+00
2.799079011835776232e+00
2.798626807989931020e+00
2.798184645883383226e+00
2.797752302496863575e+00
2.797329559771704499e+00
2.796916204498250735e+00
2.796512028206925127e+00
2.796116827061880805e+00
2.795730401757168249e+00
2.795352557415347050e+00
2.794983103488475784e+00
2.794621853661412914e+00
2.794268625757362567e+00
2.793923241645603017e+00
2.793585527151344117e+00
2.793255311967643983e+00
2.792932429569340069e+00
2.792616717128935999e+00
2.792308015434397550e+00
2.792006168808796041e+00
2.791711025031775151e+00
2.791422435262769230e+00
2.791140253965949114e+00
2.790864338836847036e+00
2.790594550730614021e+00
2.790330753591883983e+00
2.790072814386195255e+00
2.789820603032937996e+00
2.789573992339791086e+00
2.789332857938618293e+00
2.789097078222782411e+00
2.788866534285854737e+00
2.788641109861680345e+00
2.788420691265772522e+00
2.788205167338010160e+00
2.787994429386600359e+00
2.787788371133286702e+00
2.787586888659769446e+00
2.787389880355317207e+00
2.787197246865535050e+00
2.787008891042271674e+00
2.786824717894639036e+00
2.786644634541111554e+00
2.786468550162696456e+00
2.786296375957134863e+00
2.786128025094124716e+00
2.785963412671532247e+00
2.785802455672580447e+00
2.785645072923981669e+00
2.785491185055004593e+00
2.785340714457447131e+00
2.785193585246497072e+00
2.785049723222464024e+00
2.784909055833357794e+00
2.784771512138300764e+00
2.784637022771750736e+00
2.784505519908518689e+00
2.784376937229561477e+00
2.784251209888537471e+00
2.784128274479103826e+00
2.784008069002935404e+00
2.783890532838462661e+00
2.783775606710293005e+00
2.783663232659323583e+00
2.783553354013505565e+00
2.783445915359264333e+00
2.783340862513556502e+00
2.783238142496540224e+00
2.783137703504858340e+00
2.783039494885512610e+00
2.782943467110317926e+00
2.782849571750924955e+00
2.782757761454395684e+00
2.782667989919324292e+00
2.782580211872485165e+00
2.782494383046000497e+00
2.782410460155015919e+00
2.782328400875871743e+00
2.782248163824756926e+00
2.782169708536839092e+00
2.782092995445858641e+00
2.782017985864173149e+00
2.781944641963246756e+00
2.781872926754574760e+00
2.781802804071025648e+00
2.781734238548605909e+00
2.781667195608622301e+00
2.781601641440244688e+00
2.781537542983454347e+00
2.781474867912370641e+00
2.781413584618948942e+00
2.781353662197041832e+00
2.781295070426809790e+00
2.781237779759483164e+00
2.781181761302457645e+00
2.781126986804727252e+00
2.781073428642633516e+00
2.781021059805935725e+00
2.780969853884188048e+00
2.780919785053422633e+00
2.780870828063124911e+00
2.780822958223498453e+00
2.780776151393014040e+00
2.780730383966236285e+00
2.780685632861917167e+00
2.780641875511355998e+00
2.780599089847018757e+00
2.780557254291407876e+00
2.780516347746180728e+00
2.780476349581510576e+00
2.780437239625680235e+00
2.780398998154911538e+00
2.780361605883416409e+00
2.780325043953672637e+00
2.780289293926911931e+00
2.780254337773821582e+00
2.780220157865452180e+00
2.780186736964328276e+00
2.780154058215752233e+00
2.780122105139306132e+00
2.780090861620541087e+00
2.780060311902849080e+00
2.780030440579517315e+00
2.780001232585957105e+00
2.779972673192108612e+00
2.779944747995011234e+00
2.779917442911539638e+00
2.779890744171301886e+00
2.779864638309694769e+00
2.779839112161113679e+00
2.779814152852311260e+00
2.779789747795907928e+00
2.779765884684041399e+00
2.779742551482161872e+00
2.779719736422960885e+00
2.779697428000437842e+00
2.779675614964096653e+00
2.779654286313273381e+00
2.779633431291587353e+00
2.779613039381515716e+00
2.779593100299091013e+00
2.779573603988713781e+00
2.779554540618082381e+00
2.779535900573232077e+00
2.779517674453689580e+00
2.779499853067729731e+00
2.779482427427741875e+00
2.779465388745695709e+00
2.779448728428710602e+00
2.779432438074721734e+00
2.779416509468241259e+00
2.779400934576217619e+00
2.779385705543982343e+00
2.779370814691290548e+00
2.779356254508445812e+00
2.779342017652514318e+00
2.779328096943620707e+00
2.779377819937986605e+00
2.847116191508638927e+00
2.927593705812046032e+00
3.002519986720636691e+00
3.071860257322610810e+00
3.139660741241155240e+00
3.205955631348749169e+00
3.270778361222746344e+00
3.334161622006457826e+00
3.396137378895825343e+00
3.456736887259981295e+00
3.515990708403832432e+00
3.573928724980617755e+00
3.630580156062209518e+00
3.685973571874760601e+00
3.740136908207127409e+00
3.793097480499338925e+00
3.844881997618208036e+00
3.895516575327045317e+00
3.945026749456255200e+00
3.993437488781466982e+00
4.040773207615687923e+00
4.087057778121834239e+00
4.132314542351844366e+00
4.176566324018453180e+00
4.219835440005555327e+00
4.262143711622966791e+00
4.303512475611263710e+00
4.343962594902241570e+00
4.383514469140428638e+00
4.421781197549156772e+00
4.457815373406517345e+00
4.491271195599566113e+00
4.521943483820380472e+00
4.549741446211785778e+00
4.574663554242659025e+00
4.596776115319590517e+00
4.616195427493403614e+00
4.633073067498817643e+00
4.647583899129111629e+00
4.659916424981597416e+00
4.670265141085018001e+00
4.678825728402442152e+00
4.685790730794006542e+00
4.691342981986477589e+00
4.695654680271006853e+00
4.698885979492313680e+00
4.701184194415686690e+00
4.702683490887126894e+00
4.703504952108701787e+00
4.703756928401724657e+00
4.703535594788869290e+00
4.702925654263633959e+00
4.702001134574683938e+00
4.700826238877661822e+00
4.699456217342961928e+00
4.697938234856398942e+00
4.696312215782653787e+00
4.694611652257503209e+00
4.692864365900828894e+00
4.691093217021343520e+00
4.689316757318342965e+00
4.687549825094959211e+00
4.685804082845899998e+00
4.684088498875644824e+00
4.682409775303356447e+00
4.680772725616514585e+00
4.679180605011683980e+00
4.677635397464382727e+00
4.676138063398167510e+00
4.674688751519246566e+00
4.673286978701251648e+00
4.671931781334724754e+00
4.670621841926926088e+00
4.669355593288618600e+00
4.668131303921619235e+00
4.666947146730624496e+00
4.665801253859525488e+00
4.664691759424655082e+00
4.663616832190057515e+00
4.662574699824277857e+00
4.661563666198766498e+00
4.660582122996583365e+00
4.659628556750928574e+00
4.658701552160001924e+00
4.657799792594516930e+00
4.656922058402144238e+00
4.656067223581310088e+00
4.655234251306775484e+00
4.654422188615581213e+00
4.653630160652445724e+00
4.652857364666910023e+00
4.652103063962651497e+00
4.651366581945256762e+00
4.650647296377453443e+00
4.649944633920037873e+00
4.649258065011471430e+00
4.648587099118746124e+00
4.647931280375908969e+00
4.647290183613876025e+00
4.646663410775427216e+00
4.646050587702011292e+00
4.645451361273732260e+00
4.644865396880346609e+00
4.644292376198956518e+00
4.643731995252884381e+00
4.643183962726031844e+00
4.642647998507380969e+00
4.642123832441142461e+00
4.641611203259341956e+00
4.641109857675027150e+00
4.640619549615920825e+00
4.640140039580021636e+00
4.639671094096354587e+00
4.639212485275742814e+00
4.638763990438087070e+00
4.638325391804201558e+00
4.637896476241662569e+00
4.637477035055486141e+00
4.637066863815669571e+00
4.636665762214746245e+00
4.636273533949478498e+00
4.635889986621760883e+00
4.635514931654546089e+00
4.635148184219331391e+00
4.634789563172334148e+00
4.634438890997028437e+00
4.634095993751155440e+00
4.633760701016709227e+00
4.633432845851735316e+00
4.633112264743035169e+00
4.632798797559128268e+00
4.632492287502969042e+00
4.632192581064117576e+00
4.631899527970150032e+00
4.631612981137198659e+00
4.631332796619616055e+00
4.631058833558753918e+00
4.630790954130973525e+00
4.630529023494951879e+00
4.630272909738433640e+00
4.630022483824525636e+00
4.629777619537714273e+00
4.629538193429720394e+00
4.629304084765319516e+00
4.629075175468279291e+00
4.628851350067509252e+00
4.628632495643554279e+00
4.628418501775517946e+00
4.628209260488510779e+00
4.628004666201695372e+00
4.627804615677005629e+00
4.627609007968600530e+00
4.627417744373079067e+00
4.627230728380530067e+00
4.627047865626416900e+00
4.626869063844335273e+00
4.626694232819674291e+00
4.626523284344172815e+00
4.626356132171387081e+00
4.626192691973074034e+00
4.626032881296488597e+00
4.625876619522584221e+00
4.625723827825121148e+00
4.625574429130664633e+00
4.625428348079456242e+00
4.625285510987158233e+00
4.625145845807456801e+00
4.625009282095489560e+00
4.624875750972112343e+00
4.624745185088947608e+00
4.624617518594241083e+00
4.624492687099483135e+00
4.624370627646785969e+00
4.624251278676998922e+00
4.624134579998537831e+00
4.624020472756929401e+00
4.623908899405031470e+00
4.623799803673937170e+00
4.623693130544524799e+00
4.623588826219655168e+00
4.623486838096988905e+00
4.623387114742419257e+00
4.623289605864092877e+00
4.623194262287022127e+00
4.623101035928259606e+00
4.623009879772629560e+00
4.622920747849004641e+00
4.622833595207110235e+00
4.622748377894848382e+00
4.622665052936122621e+00
4.622583578309159336e+00
4.622503912925316705e+00
4.622426016608355503e+00
4.622349850074185973e+00
4.622275374911041901e+00
4.622202553560122773e+00
4.622131349296648040e+00
4.622061726211335930e+00
4.621993649192297937e+00
4.621927083907329425e+00
4.621861996786600812e+00
4.621798355005730663e+00
4.621736126469230932e+00
4.621675279794317248e+00
4.621615784295093121e+00
4.621557609967068103e+00
4.621500727472035663e+00
4.621445108123274359e+00
4.621390723871077633e+00
4.621337547288615788e+00
4.621285551558097282e+00
4.621234710457251538e+00
4.621184998346103967e+00
4.621136390154043205e+00
4.621088861367184997e+00
4.621042388015997204e+00
4.620996946663225025e+00
4.620952514392064003e+00
4.620909068794603947e+00
4.620866587960532179e+00
4.620825050466078388e+00
4.620784435363215259e+00
4.620744722169095375e+00
4.620705890855711928e+00
4.620667921839809011e+00
4.620630795972998861e+00
4.620594494532109131e+00
4.620558999209737117e+00
4.620524292105019804e+00
4.620490355714606423e+00
4.620457172923827294e+00
4.620424726998066944e+00
4.620393001574325531e+00
4.620361980652958778e+00
4.620331648589616869e+00
4.620301990087354760e+00
4.620272990188911244e+00
4.620244634269170980e+00
4.620216908027789060e+00
4.620189797481975447e+00
4.620163288959447279e+00
4.620137369091530388e+00
4.620112024806419804e+00
4.620087243322586801e+00
4.620063012142329839e+00
4.620039319045475601e+00
4.620016152083215033e+00
4.619993499572076168e+00
4.619971350088032835e+00
4.619949692460749269e+00
4.619928515767933064e+00
4.619907809329838244e+00
4.619887562703874906e+00
4.619867765679344096e+00
4.619848408272288154e+00
4.619829480720456516e+00
4.619810973478379879e+00
4.619792877212560711e+00
4.619775182796759694e+00
4.619757881307401171e+00
4.619740964019064755e+00
4.619724422400093289e+00
4.619708248108282511e+00
4.619692432986674646e+00
4.619676969059452354e+00
4.619661848527907289e+00
4.619647063766511685e+00
4.619632607319074324e+00
4.619618471894976430e+00
4.619604650365496390e+00
4.619591135760216183e+00
4.619577921263505083e+00
4.619565000211077965e+00
4.619552366086640660e+00
4.619540012518602801e+00
4.619527933276859066e+00
4.619516122269658354e+00
4.619504573540517356e+00
4.619493281265226514e+00
4.619482239748909258e+00
4.619471443423151413e+00
4.619460886843192782e+00
4.619450564685183558e+00
4.619440471743490484e+00
4.619430602928085605e+00
4.619420953261963447e+00
4.619411517878641682e+00
4.619402292019705314e+00
4.619393271032405046e+00
4.619384450367311601e+00
4.619375825576023331e+00
4.619367392308917353e+00
4.619359146312962849e+00
4.619351083429572569e+00
4.619343199592502280e+00
4.619335490825808854e+00
4.619327953241837648e+00
4.619320583039263184e+00
4.619313376501176904e+00
4.457868328250602197e+00
4.361121222692268873e+00
4.270133006194718028e+00
4.185675727119131828e+00
4.108194504709249628e+00
4.037873129762107993e+00
3.974678062500444309e+00
3.918416433839408075e+00
3.868794320740865711e+00
3.825428649807403936e+00
3.787878376902392930e+00
3.755670380635052652e+00
3.728318338403199483e+00
3.705337385407779571e+00
3.686259899285157626e+00
3.670637974363692546e+00
3.658047225036035854e+00
3.648092413591137451e+00
3.640409863474337371e+00
3.634668541684335175e+00
3.630570104032394774e+00
3.627848151360791640e+00
3.626266903885292159e+00
3.625619465106668660e+00
3.625725815227327953e+00
3.626430646898266996e+00
3.627601132866241862e+00
3.629124694767316583e+00
3.630906826232688900e+00
3.632869008969967783e+00
3.634946749118532772e+00
3.637087751735198271e+00
3.639250243656571904e+00
3.641401448993406564e+00
3.643516216902337845e+00
3.645575797618843872e+00
3.647566760298598609e+00
3.649480044268041734e+00
3.651310134266539276e+00
3.653054349453003447e+00
3.654712235726474301e+00
3.656285051008813625e+00
3.657775333376826588e+00
3.659186542319119884e+00
3.660522764434732679e+00
3.661788474458537390e+00
3.662988344504781946e+00
3.664127094201195867e+00
3.665209375823247129e+00
3.666239688183031920e+00
3.667222314785482773e+00
3.668161281877270419e+00
3.669060332473224495e+00
3.669922913213229165e+00
3.670752171301717492e+00
3.671550959097975131e+00
3.672321844480089581e+00
3.673067125334224414e+00
3.673788846810788211e+00
3.674488820304631531e+00
3.675168643280136926e+00
3.675829719272909468e+00
3.676473277546927765e+00
3.677100392037262022e+00
3.677711999302597956e+00
3.678308915266786272e+00
3.678891850702302069e+00
3.679461425342627656e+00
3.680018180646484893e+00
3.680562591229411762e+00
3.681095075023047336e+00
3.681616002192650949e+00
3.682125702964361924e+00
3.682624474388549007e+00
3.683112586157541557e+00
3.683590285566063827e+00
3.684057801704936352e+00
3.684515348975011317e+00
3.684963130003523712e+00
3.685401338043390318e+00
3.685830158905203380e+00
3.686249772528557678e+00
3.686660354209142731e+00
3.687062075552475449e+00
3.687455105196952854e+00
3.687839609346478920e+00
3.688215752154073712e+00
3.688583695963611131e+00
3.688943601466234679e+00
3.689295627776489450e+00
3.689639932443510961e+00
3.689976671435797773e+00
3.690305999081688437e+00
3.690628067999150996e+00
3.690943028996909625e+00
3.691251030984058268e+00
3.691552220876248125e+00
3.691846743505396766e+00
3.692134741535709974e+00
3.692416355387927673e+00
3.692691723173050722e+00
3.692960980636208479e+00
3.693224261110926943e+00
3.693481695483697980e+00
3.693733412168512142e+00
3.693979537090820831e+00
3.694220193680276765e+00
3.694455502871522690e+00
3.694685583112252480e+00
3.694910550377753289e+00
3.695130518191156455e+00
3.695345597648643121e+00
3.695555897448883353e+00
3.695761523926057279e+00
3.695962581085831200e+00
3.696159170643728675e+00
3.696351392065402752e+00
3.696539342608341716e+00
3.696723117364627775e+00
3.696902809304388970e+00
3.697078509319644546e+00
3.697250306268295095e+00
3.697418287018023442e+00
3.697582536489934846e+00
3.697743137701779315e+00
3.697900171810633463e+00
3.698053718154945990e+00
3.698203854295860626e+00
3.698350656057769470e+00
3.698494197568047870e+00
3.698634551295936213e+00
3.698771788090565060e+00
3.698905977218095664e+00
3.699037186397992727e+00
3.699165481838422309e+00
3.699290928270790868e+00
3.699413588983437418e+00
3.699533525854492577e+00
3.699650799383931155e+00
3.699765468724828033e+00
3.699877591713848002e+00
3.699987224900984639e+00
3.700094423578574432e+00
3.700199241809603468e+00
3.700301732455330672e+00
3.700401947202250241e+00
3.700499936588407923e+00
3.700595750029094244e+00
3.700689435841936881e+00
3.700781041271400174e+00
3.700870612512717983e+00
3.700958194735274098e+00
3.701043832105443077e+00
3.701127567808908392e+00
3.701209444072474763e+00
3.701289502185380442e+00
3.701367782520134320e+00
3.701444324552878307e+00
3.701519166883291856e+00
3.701592347254055504e+00
3.701663902569874764e+00
3.701733868916081249e+00
3.701802281576816789e+00
3.701869175052816097e+00
3.701934583078793750e+00
3.701998538640442149e+00
3.702061073991054219e+00
3.702122220667777963e+00
3.702182009507509530e+00
3.702240470662434113e+00
3.702297633615222239e+00
3.702353527193892102e+00
3.702408179586335724e+00
3.702461618354532469e+00
3.702513870448438382e+00
3.702564962219577094e+00
3.702614919434319862e+00
3.702663767286879626e+00
3.702711530412010621e+00
3.702758232897432222e+00
3.702803898295971230e+00
3.702848549637441700e+00
3.702892209440254323e+00
3.702934899722772677e+00
3.702976642014416786e+00
3.703017457366518883e+00
3.703057366362942027e+00
3.703096389130457577e+00
3.703134545348894857e+00
3.703171854261069207e+00
3.703208334682481784e+00
3.703244005010812856e+00
3.703278883235197494e+00
3.703312986945297425e+00
3.703346333340173047e+00
3.703378939236958711e+00
3.703410821079339499e+00
3.703441994945850357e+00
3.703472476557978066e+00
3.703502281288095332e+00
3.703531424167211039e+00
3.703559919892550401e+00
3.703587782834969477e+00
3.703615027046199604e+00
3.703641666265935939e+00
3.703667713928767036e+00
3.703693183170948533e+00
3.703718086837028967e+00
3.703742437486326811e+00
3.703766247399267186e+00
3.703789528583571578e+00
3.703812292780313875e+00
3.703834551469845415e+00
3.703856315877580130e+00
3.703877596979658016e+00
3.703898405508480263e+00
3.703918751958121813e+00
3.703938646589623573e+00
3.703958099436167384e+00
3.703977120308135973e+00
3.703995718798060111e+00
3.704013904285456960e+00
3.704031685941559182e+00
3.704049072733941461e+00
3.704066073431041772e+00
3.704082696606584513e+00
3.704098950643904153e+00
3.704114843740172969e+00
3.704130383910533286e+00
3.704145578992143584e+00
3.704160436648126886e+00
3.704174964371437451e+00
3.704189169488639521e+00
3.704203059163601264e+00
3.704216640401108762e+00
3.704229920050398306e+00
3.704242904808610515e+00
3.704255601224166750e+00
3.704268015700073136e+00
3.704280154497149535e+00
3.704292023737186135e+00
3.704303629406031195e+00
3.704314977356609973e+00
3.704326073311876133e+00
3.704336922867698334e+00
3.704347531495680190e+00
3.704357904545924729e+00
3.704368047249726903e+00
3.704377964722215033e+00
3.704387661964930523e+00
3.704397143868347175e+00
3.704406415214342552e+00
3.704415480678604045e+00
3.704424344832992322e+00
3.704433012147840820e+00
3.704441486994216604e+00
3.704449773646121269e+00
3.704457876282645667e+00
3.704465798990079772e+00
3.704473545763971032e+00
3.704481120511143644e+00
3.704488527051663649e+00
3.704495769120767612e+00
3.704502850370747780e+00
3.704509774372792386e+00
3.704516544618785989e+00
3.704523164523072953e+00
3.704529637424176958e+00
3.704535966586486762e+00
3.704542155201899778e+00
3.704548206391434118e+00
3.704554123206802885e+00
3.704559908631949394e+00
3.704565565584557518e+00
3.704571096917518958e+00
3.704576505420373866e+00
3.704581793820716840e+00
3.704586964785572700e+00
3.704592020922742979e+00
3.704596964782118196e+00
3.704601798856966166e+00
3.704606525585187882e+00
3.704611147350549416e+00
3.704615666483880521e+00
3.704620085264252349e+00
3.704624405920127206e+00
3.704628630630481645e+00
3.704632761525904261e+00
3.704636800689671716e+00
3.704640750158800344e+00
3.704644611925069331e+00
3.704648387936030129e+00
3.704652080095986122e+00
3.704655690266951851e+00
3.704659220269595377e+00
3.704662671884153102e+00
3.704666046851329941e+00
3.704669346873175950e+00
3.704672573613945641e+00
3.704675728700935533e+00
3.662609404466778518e+00
3.700830178960615058e+00
3.757197790240163204e+00
3.817418606867410080e+00
3.868663043219612963e+00
3.918769533324851562e+00
3.967763346690474702e+00
4.015669191683088890e+00
4.062511227989383578e+00
4.108313078800250651e+00
4.153097842724338129e+00
4.196888105437047933e+00
4.239705951070857459e+00
4.281572973352700373e+00
4.322510286494027021e+00
4.362538535839046716e+00
4.401677908276499629e+00
4.439948142420233168e+00
4.477368538563702316e+00
4.513957968413410349e+00
4.549734884606225549e+00
4.584717330015328329e+00
4.618922946849533417e+00
4.652368985550532798e+00
4.685072313492573137e+00
4.717049423488939297e+00
4.748316442109549840e+00
4.778889137813844279e+00
4.808782928903065468e+00
4.838012891295964124e+00
4.866593766131819265e+00
4.894539967204636355e+00
4.921865588232252620e+00
4.948584409964027486e+00
4.974348991694745870e+00
4.998572526972004937e+00
5.021023514762847029e+00
5.041567134933118588e+00
5.060145091913784476e+00
5.076758563541846847e+00
5.091453895602557900e+00
5.104310706720204927e+00
5.115432094152545517e+00
5.124936657909055171e+00
5.132952087092312432e+00
5.139610078760440182e+00
5.145042384354646003e+00
5.149377803159299383e+00
5.152739962716145428e+00
5.155245748394734484e+00
5.157004344386441730e+00
5.158117540537996426e+00
5.158677580380850003e+00
5.158767832432891609e+00
5.158463030483184220e+00
5.157829649958971530e+00
5.156926379893047141e+00
5.155804656211020465e+00
5.154509230208435433e+00
5.153078750931133101e+00
5.151546345104694780e+00
5.149940182067390460e+00
5.148284015116892043e+00
5.146597691904117866e+00
5.144897630875281180e+00
5.143197260455884212e+00
5.141507420263805805e+00
5.139836724556570147e+00
5.138191888894253267e+00
5.136578021467360422e+00
5.134998880479609618e+00
5.133457100913949134e+00
5.131954392318117009e+00
5.130491709776714870e+00
5.129069401811983120e+00
5.127687336118704309e+00
5.126345006365380819e+00
5.125041622170137146e+00
5.123776184233996389e+00
5.122547546032431676e+00
5.121354464507303916e+00
5.120195640958442596e+00
5.119069753614020613e+00
5.117975483007044524e+00
5.116911531870988128e+00
5.115876639451098384e+00
5.114869592048729707e+00
5.113889230138536135e+00
5.112934452763489901e+00
5.112004219718582654e+00
5.111097552168135216e+00
5.110213531757038297e+00
5.109351298744096326e+00
5.108510049692616128e+00
5.107689034514722337e+00
5.106887553037350536e+00
5.106104951476546638e+00
5.105340619118623025e+00
5.104593984700042775e+00
5.103864513061912689e+00
5.103151701927739481e+00
5.102455078783452613e+00
5.101774198149175099e+00
5.101108638918687710e+00
5.100458001951646558e+00
5.099821907883823613e+00
5.099199995149224840e+00
5.098591918157034719e+00
5.097997345786013490e+00
5.097415960062232188e+00
5.096847454734983351e+00
5.096291534240747545e+00
5.095747912748681330e+00
5.095216313328170266e+00
5.094696467225172221e+00
5.094188113235303739e+00
5.093690997149414201e+00
5.093204871307317916e+00
5.092729494188879436e+00
5.092264630067610653e+00
5.091810048663059085e+00
5.091365525028193062e+00
5.090930839198927416e+00
5.090505776033841023e+00
5.090090125053643888e+00
5.089683680265561172e+00
5.089286240089453628e+00
5.088897607200844497e+00
5.088517588437443173e+00
5.088145994698892949e+00
5.087782640870805118e+00
5.087427345740773710e+00
5.087079931859713966e+00
5.086740225572528473e+00
5.086408056915540321e+00
5.086083259547271140e+00
5.085765670681120731e+00
5.085455131019497088e+00
5.085151484689111712e+00
5.084854579177169320e+00
5.084564265268319616e+00
5.084280396982226335e+00
5.084002831511698517e+00
5.083731429161340465e+00
5.083466053286716857e+00
5.083206570234028554e+00
5.082952849280332863e+00
5.082704762574332236e+00
5.082462185077767813e+00
5.082224994507469340e+00
5.081993071278081864e+00
5.081766298445533181e+00
5.081544561651261560e+00
5.081327749067249933e+00
5.081115751341889641e+00
5.080908461546716381e+00
5.080705775124018331e+00
5.080507589835363547e+00
5.080313805711037745e+00
5.080124325000420882e+00
5.079939052123303433e+00
5.079757893622142362e+00
5.079580758115271877e+00
5.079407556251055667e+00
5.079238200662972602e+00
5.079072605925653683e+00
5.078910688511828475e+00
5.078752366750197034e+00
5.078597560784207765e+00
5.078446192531721692e+00
5.078298185645563123e+00
5.078153465473806527e+00
5.078011959025013233e+00
5.077873594928881573e+00
5.077738303400724185e+00
5.077606016206186901e+00
5.077476666626750124e+00
5.077350189426004690e+00
5.077226520816676469e+00
5.077105598428389044e+00
5.076987361276146693e+00
5.076871749729520822e+00
5.076758705482522949e+00
5.076648171524158926e+00
5.076540092109632418e+00
5.076434412731081203e+00
5.076331080093019033e+00
5.076230042082996441e+00
5.076131247745855113e+00
5.076034647258016008e+00
5.075940191902335030e+00
5.075847834043524465e+00
5.075757527104122424e+00
5.075669225540994312e+00
5.075582884822358309e+00
5.075498461405322459e+00
5.075415912713920896e+00
5.075335197117642139e+00
5.075256273910428106e+00
5.075179103290146543e+00
5.075103646338515517e+00
5.075029865001476459e+00
5.074957722068883292e+00
5.074887181158706184e+00
5.074818206696244616e+00
5.074750763896747507e+00
5.074684818747874360e+00
5.074620337992546304e+00
5.074557289112177294e+00
5.074495640310281885e+00
5.074435360496436509e+00
5.074376419270610228e+00
5.074318786906707679e+00
5.074262434340557348e+00
5.074207333152815025e+00
5.074153455555187264e+00
5.074100774376432810e+00
5.074049263048655334e+00
5.073998895593916814e+00
5.073949646611131570e+00
5.073901491262148511e+00
5.073854405262191669e+00
5.073808364864058618e+00
5.073763346849678335e+00
5.073719328515965188e+00
5.073676287663938744e+00
5.073634202586410069e+00
5.073593052060022757e+00
5.073552815332107890e+00
5.073513472110787959e+00
5.073475002554753033e+00
5.073437387263262544e+00
5.073400607266363771e+00
5.073364644015333269e+00
5.073329479373332340e+00
5.073295095606255245e+00
5.073261475373796792e+00
5.073228601720707331e+00
5.073196458068243153e+00
5.073165028205810501e+00
5.073134296282787226e+00
5.073104246800533623e+00
5.073074864604578238e+00
5.073046134876971536e+00
5.073018043128818988e+00
5.072990575192967810e+00
5.072963717216869561e+00
5.072937455655587513e+00
5.072911777264971889e+00
5.072886669094974543e+00
5.072862118483125293e+00
5.072838113048137032e+00
5.072814640683668941e+00
5.072791689552215821e+00
5.072769248079143978e+00
5.072747304946847891e+00
5.072725849089043670e+00
5.072704869685193074e+00
5.072684356155036767e+00
5.072664298153268803e+00
5.072644685564311473e+00
5.072625508497218938e+00
5.072606757280683887e+00
5.072588422458165880e+00
5.072570494781998285e+00
5.072552965211695408e+00
5.072535824906954538e+00
5.072519065223758616e+00
5.072502677710021501e+00
5.072486654101322934e+00
5.072470986316752750e+00
5.072455666454833256e+00
5.072440686789537523e+00
5.072426039766397388e+00
5.072411717997574954e+00
5.072397714259985868e+00
5.072384021492192474e+00
5.072370632788963718e+00
5.072357541398359260e+00
5.072344740718331302e+00
5.072332224293401026e+00
5.072319985811414078e+00
5.072308019100359999e+00
5.072296318125267156e+00
5.072284876985159841e+00
5.072273689910090866e+00
5.072262751258228342e+00
5.072252055513021496e+00
5.072241597280412684e+00
5.072231371286123114e+00
5.072221372372993642e+00
5.072211595498385073e+00
5.072202035731633529e+00
5.072192688251568882e+00
5.072183548344080251e+00
5.072174611399740130e+00
5.072165872911481799e+00
5.072157328472322924e+00
5.072148973773146885e+00
5.072140804600524966e+00
4.892260372419521275e+00
4.782588147008847379e+00
4.675351329345554419e+00
4.570495838180958614e+00
4.467968793207560907e+00
4.367718488390654130e+00
4.269694365892143573e+00
4.173846990573413684e+00
4.080128025064398756e+00
3.988490205386268084e+00
3.898887317115441231e+00
3.811274172076917210e+00
3.725606585555147898e+00
3.641841354010979082e+00
3.559936233293410801e+00
3.479849917335194665e+00
3.401542017321521616e+00
3.324973041321292122e+00
3.250104374370702320e+00
3.176898258999099944e+00
3.105317776187281442e+00
3.035326826748643292e+00
2.966890113123777262e+00
2.899973121579348057e+00
2.834542104802262763e+00
2.770564064880358224e+00
2.708006736661025204e+00
2.646838571479373847e+00
2.587028721247734975e+00
2.528547022898474328e+00
2.471363983172274015e+00
2.415450763744206863e+00
2.360779166680108787e+00
2.307321620215904812e+00
2.255051164852728274e+00
2.203941439760811249e+00
2.153966669485296137e+00
2.105101650963571824e+00
2.058702352866853769e+00
2.015525334119949274e+00
1.975944748102847814e+00
1.940151357902741847e+00
1.908192064127309129e+00
1.880003538732264223e+00
1.855447200177878342e+00
1.834324810515103765e+00
1.816395224202007164e+00
1.801392538039840563e+00
1.789038945219455279e+00
1.779054784276134171e+00
1.771166203463432565e+00
1.765110820017076643e+00
1.760641713815263243e+00
1.757530055706120642e+00
1.755566633434535451e+00
1.754562502672219804e+00
1.754348958215186327e+00
1.754776990842883633e+00
1.755716368354259593e+00
1.757054455392070391e+00
1.758694866181795158e+00
1.760556024712247591e+00
1.762569692171741753e+00
1.764679507918384127e+00
1.766839577469004441e+00
1.769013133136506211e+00
1.771171283919374506e+00
1.773291865316167337e+00
1.775358394297419151e+00
1.777359131119660374e+00
1.779286246089734735e+00
1.781135087241043857e+00
1.782903543435764959e+00
1.784591496207218020e+00
1.786200352856470719e+00
1.787732653084765699e+00
1.789191741556559245e+00
1.790581498936615557e+00
1.791906123964400299e+00
1.793169959938804459e+00
1.794377359299903940e+00
1.795532580440402537e+00
1.796639711847376253e+00
1.797702618687183840e+00
1.798724907889454716e+00
1.799709908067354203e+00
1.800660661274310792e+00
1.801579923909393699e+00
1.802470174541249914e+00
1.803333626760743824e+00
1.804172245571597388e+00
1.804987765977106973e+00
1.805781712790999860e+00
1.806555420863957151e+00
1.807310055108566349e+00
1.808046629860181609e+00
1.808766027240305441e+00
1.809469014298309419e+00
1.810156258777881888e+00
1.810828343460693990e+00
1.811485779048924938e+00
1.812129015622714778e+00
1.812758452716014324e+00
1.813374448098701297e+00
1.813977325362214899e+00
1.814567380383836692e+00
1.815144886805525548e+00
1.815710100612382583e+00
1.816263263909009273e+00
1.816804608014188638e+00
1.817334355944754565e+00
1.817852724382781560e+00
1.818359925205318195e+00
1.818856166633791904e+00
1.819341654092454519e+00
1.819816590796941025e+00
1.820281178154121937e+00
1.820735615992507661e+00
1.821180102670750589e+00
1.821614835080058059e+00
1.822040008589783211e+00
1.822455816936011663e+00
1.822862452079204720e+00
1.823260104043252117e+00
1.823648960746781400e+00
1.824029207835087041e+00
1.824401028518955803e+00
1.824764603424920084e+00
1.825120110460024092e+00
1.825467724693034421e+00
1.825807618253083575e+00
1.826139960248811311e+00
1.826464916694620078e+00
1.826782650467213553e+00
1.827093321270249593e+00
1.827397085614843153e+00
1.827694096813198055e+00
1.827984504986795100e+00
1.828268457074667230e+00
1.828546096864301473e+00
1.828817565022710534e+00
1.829082999135416276e+00
1.829342533750829558e+00
1.829596300429005229e+00
1.829844427793858808e+00
1.830087041588030594e+00
1.830324264729682904e+00
1.830556217370602923e+00
1.830783016955088272e+00
1.831004778279150091e+00
1.831221613549666838e+00
1.831433632443166593e+00
1.831640942163986319e+00
1.831843647504419748e+00
1.832041850896409141e+00
1.832235652465472375e+00
1.832425150089501020e+00
1.832610439450160777e+00
1.832791614084411380e+00
1.832968765434725977e+00
1.833141982898018441e+00
1.833311353876089900e+00
1.833476963817342487e+00
1.833638896260584517e+00
1.833797232883690675e+00
1.833952053544937177e+00
1.834103436324603154e+00
1.834251457565475141e+00
1.834396191912299523e+00
1.834537712350220007e+00
1.834676090242233437e+00
1.834811395365707698e+00
1.834943695947989895e+00
1.835073058701143234e+00
1.835199548855839247e+00
1.835323230197248412e+00
1.835444165089865409e+00
1.835562414517999397e+00
1.835678038107697585e+00
1.835791094162970927e+00
1.835901639693777287e+00
1.836009730447543342e+00
1.836115420929761877e+00
1.836218764440377571e+00
1.836319813091728870e+00
1.836418617840903211e+00
1.836515228516769405e+00
1.836609693840369539e+00
1.836702061448090229e+00
1.836792377923166963e+00
1.836880688810226259e+00
1.836967038644325090e+00
1.837051470971936329e+00
1.837134028372841454e+00
1.837214752481540092e+00
1.837293684011007677e+00
1.837370862765706825e+00
1.837446327670576141e+00
1.837520116781748092e+00
1.837592267311848104e+00
1.837662815650128234e+00
1.837731797373311604e+00
1.837799247269644276e+00
1.837865199357815005e+00
1.837929686896606185e+00
1.837992742407782654e+00
1.838054397691059716e+00
1.838114683840112118e+00
1.838173631261036833e+00
1.838231269680194346e+00
1.838287628165326648e+00
1.838342735138791539e+00
1.838396618391875403e+00
1.838449305098787567e+00
1.838500821830350462e+00
1.838551194567384028e+00
1.838600448713798130e+00
1.838648609109393872e+00
1.838695700042384473e+00
1.838741745261637250e+00
1.838786767988647375e+00
1.838830790932054038e+00
1.838873836291620600e+00
1.838915925778380922e+00
1.838957080616709261e+00
1.838997321561156806e+00
1.839036668905500882e+00
1.839075142492960335e+00
1.839112761726187317e+00
1.839149545577036582e+00
1.839185512596120287e+00
1.839220680922151629e+00
1.839255068291083761e+00
1.839288692045047080e+00
1.839321569141085133e+00
1.839353716159704444e+00
1.839385149313228718e+00
1.839415884453973193e+00
1.839445937082234916e+00
1.839475322354109599e+00
1.839504055089130397e+00
1.839532149777743264e+00
1.839559620588612221e+00
1.839586481378574501e+00
1.839612745694967799e+00
1.839638426781132763e+00
1.839663537587830300e+00
1.839688090778353047e+00
1.839712098734892054e+00
1.839735573564764914e+00
1.839758527106504449e+00
1.839780970935814608e+00
1.839802916371397368e+00
1.839824374480648395e+00
1.839845356085230366e+00
1.839865871766521721e+00
1.839885931873758151e+00
1.839905546524582158e+00
1.839924725608815814e+00
1.839943478798178322e+00
1.839961815549744584e+00
1.839979745110691844e+00
1.839997276525752179e+00
1.840014418637095472e+00
1.840031180087446483e+00
1.840047569329164023e+00
1.840063594627075139e+00
1.840079264062614239e+00
1.840094585540680505e+00
1.840109566786131579e+00
1.840124215353801773e+00
1.840138538630887055e+00
1.840152543840646082e+00
1.840166238046020863e+00
1.840179628153179703e+00
1.840192720914984204e+00
1.840205522934380555e+00
1.840218040670528854e+00
1.840230280437388233e+00
1.840242248405567826e+00
1.840253950612975808e+00
1.840265392958972734e+00
1.840276581213464713e+00
1.840287521018385331e+00
1.840298217890512511e+00
1.840308677224224976e+00
1.840318904294200530e+00
1.840328904258056619e+00
1.840338682158935590e+00
1.840348242928033118e+00
1.840357591389883751e+00
1.840366732257313620e+00
1.840375670139950959e+00
1.840384409545139155e+00
1.840392954880191834e+00
1.840401310454605088e+00
1.840409480482215976e+00
1.840417469083320601e+00
1.840425280286742016e+00
