8.121493939708528398e-01
9.301295594162307667e-01
1.045489829004777604e+00
1.158288380772391823e+00
1.268582100839550586e+00
1.376426612099893143e+00
1.481876302271738277e+00
1.584984351326685026e+00
1.685802758309124627e+00
1.784382367560195526e+00
1.880772894359398650e+00
1.975022949996811716e+00
2.067180066288544005e+00
2.157290719547792612e+00
2.245400354023595391e+00
2.331553404819092901e+00
2.415793320300867020e+00
2.498162584010647613e+00
2.578702736090444425e+00
2.657454394231909323e+00
2.734457274160489781e+00
2.809750209664705345e+00
2.883371172180651865e+00
2.955357289941606069e+00
3.025744866702389846e+00
3.094569400047937346e+00
3.161865599295293539e+00
3.227667402998085411e+00
3.260356820571923997e+00
3.265313509995904084e+00
3.256056682795792412e+00
3.242536351572695708e+00
3.230004978668367777e+00
3.220166711633654977e+00
3.212805584462552044e+00
3.207048562079096499e+00
3.202065632695645370e+00
3.197321048263724208e+00
3.192569831829282112e+00
3.187758792693879961e+00
3.182924556395732463e+00
3.178124714421794117e+00
3.173404670142281336e+00
3.168789171006162864e+00
3.164286048748276237e+00
3.159893341164043967e+00
3.155605300474458641e+00
3.151415958968321718e+00
3.147320573913630071e+00
3.143315779422997558e+00
3.139399196696152750e+00
3.135568969312999776e+00
3.131823425862209742e+00
3.128160903903449253e+00
3.124579693976405892e+00
3.121078047668661704e+00
3.117654206983120790e+00
3.114306431629636940e+00
3.111033016073885715e+00
3.107832296691315666e+00
3.104702652488385617e+00
3.101642502871975626e+00
3.098650304785509402e+00
3.095724550310214873e+00
3.092863764997832554e+00
3.090066506795676293e+00
3.087331365317741660e+00
3.084656961257441932e+00
3.082041945822058704e+00
3.079485000141176876e+00
3.076984834644721722e+00
3.074540188424003340e+00
3.072149828591333343e+00
3.069812549649257871e+00
3.067527172874912722e+00
3.065292545720949668e+00
3.063107541232404252e+00
3.060971057478125257e+00
3.058882016995537523e+00
3.056839366247848133e+00
3.054842075093165299e+00
3.052889136265206194e+00
3.050979564865390348e+00
3.049112397866127644e+00
3.047286693625116172e+00
3.045501531410415907e+00
3.043756010936085055e+00
3.042049251908142349e+00
3.040380393580619067e+00
3.038748594321473817e+00
3.037153031188141838e+00
3.035592899512519871e+00
3.034067412495156102e+00
3.032575800808457789e+00
3.031117312208704728e+00
3.029691211156684272e+00
3.028296778446739168e+00
3.026933310844071023e+00
3.025600120730078668e+00
3.024296535755583992e+00
3.023021898501757398e+00
3.021775566148570125e+00
3.020556910150607344e+00
3.019365315920084392e+00
3.018200182516903141e+00
3.017060922345584650e+00
3.015946960858932435e+00
3.014857736268289123e+00
3.013792699260204877e+00
3.012751312719421204e+00
3.011733051457986754e+00
3.010737401950400738e+00
3.009763862074631646e+00
3.008811940858892697e+00
3.007881158234032348e+00
3.006971044791430181e+00
3.006081141546267155e+00
3.005210999706050323e+00
3.004360180444280992e+00
3.003528254679145970e+00
3.002714802857125775e+00
3.001919414741409220e+00
3.001141689205001573e+00
3.000381234028427713e+00
2.999637665701935685e+00
2.998910609232080748e+00
2.998199697952613541e+00
2.997504573339562661e+00
2.996824884830427305e+00
2.996160289647378239e+00
2.995510452624398301e+00
2.994875046038244282e+00
2.994253749443172463e+00
2.993646249509338553e+00
2.993052239864772979e+00
2.992471420940874705e+00
2.991903499821336521e+00
2.991348190094419213e+00
2.990805211708514655e+00
2.990274290830906789e+00
2.989755159709671872e+00
2.989247556538653150e+00
2.988751225325422478e+00
2.988265915762178704e+00
2.987791383099521525e+00
2.987327388023008901e+00
2.986873696532476696e+00
2.986430079824021977e+00
2.985996314174617527e+00
2.985572180829282107e+00
2.985157465890761141e+00
2.984751960211653454e+00
2.984355459288933421e+00
2.983967763160822351e+00
2.983588676305939824e+00
2.983218007544697237e+00
2.982855569942889584e+00
2.982501180717415323e+00
2.982154661144098107e+00
2.981815836467554881e+00
2.981484535813062386e+00
2.981160592100378981e+00
2.980843841959492480e+00
2.980534125648222510e+00
2.980231286971659177e+00
2.979935173203398513e+00
2.979645635008512095e+00
2.979362526368239283e+00
2.979085704506350130e+00
2.978815029817134530e+00
2.978550365795000321e+00
2.978291578965634123e+00
2.978038538818683190e+00
2.977791117741937388e+00
2.977549190956978009e+00
2.977312636456243222e+00
2.977081334941498625e+00
2.976855169763679587e+00
2.976634026864055649e+00
2.976417794716711196e+00
2.976206364272304228e+00
2.975999628903067684e+00
2.975797484349034239e+00
2.975599828665461466e+00
2.975406562171416081e+00
2.975217587399499930e+00
2.975032809046703974e+00
2.974852133926337849e+00
2.974675470921038567e+00
2.974502730936814832e+00
2.974333826858121199e+00
2.974168673503918114e+00
2.974007187584718270e+00
2.973849287660577989e+00
2.973694894100033626e+00
2.973543929039933698e+00
2.973396316346174295e+00
2.973251981575304459e+00
2.973110851936981991e+00
2.972972856257264151e+00
2.972837924942713261e+00
2.972705989945303440e+00
2.972576984728097838e+00
2.972450844231691480e+00
2.972327504841409951e+00
2.972206904355218171e+00
2.972088981952353048e+00
2.971973678162656007e+00
2.971860934836574319e+00
2.971750695115837893e+00
2.971642903404786651e+00
2.971537505342329855e+00
2.971434447774530696e+00
2.971333678727805960e+00
2.971235147382707442e+00
2.971138804048294002e+00
2.971044600137078273e+00
2.970952488140514269e+00
2.970862421605042325e+00
2.970774355108664277e+00
2.970688244238030684e+00
2.970604045566048956e+00
2.970521716629976439e+00
2.970441215910009092e+00
2.970362502808340910e+00
2.970285537628691408e+00
2.970210281556283416e+00
2.970136696638272955e+00
2.970064745764605441e+00
2.969994392649298209e+00
2.969925601812148042e+00
2.969858338560830369e+00
2.969792568973406599e+00
2.969728259881220023e+00
2.969665378852162085e+00
2.969603894174320580e+00
2.969543774839985328e+00
2.969484990530010471e+00
2.969427511598523584e+00
2.969371309057978525e+00
2.969316354564532467e+00
2.969262620403750219e+00
2.969210079476633624e+00
2.969158705285949384e+00
2.969108471922868198e+00
2.969059354053897870e+00
2.969011326908109982e+00
2.968964366264642329e+00
2.968918448440490021e+00
2.968873550278554152e+00
2.968829649135973359e+00
2.968786722872696959e+00
2.968744749840320107e+00
2.968703708871170299e+00
2.968663579267627473e+00
2.968624340791687910e+00
2.968585973654757737e+00
2.968548458507675125e+00
2.968511776430946103e+00
2.968475908925213513e+00
2.968440837901918261e+00
2.968406545674179942e+00
2.968373014947878197e+00
2.968340228812928139e+00
2.968308170734755613e+00
2.968276824545955872e+00
2.968246174438145424e+00
2.968216204953982640e+00
2.968186900979373100e+00
2.968158247735855237e+00
2.968130230773136535e+00
2.968102835961812236e+00
2.968076049486241264e+00
2.968049857837571359e+00
2.968024247806936078e+00
2.967999206478785013e+00
2.967974721224374779e+00
2.967950779695397667e+00
2.967927369817756844e+00
2.967904479785472560e+00
2.967882098054738016e+00
2.967860213338085362e+00
2.967838814598700026e+00
2.967817891044855383e+00
2.967797432124467782e+00
2.967777427519774136e+00
2.967757867142131190e+00
2.967738741126927149e+00
2.967720039828604772e+00
2.967701753815797261e+00
2.967683873866577837e+00
2.967666390963800804e+00
2.967649296290555849e+00
2.967632581225726707e+00
2.967616237339637308e+00
2.967600256389803626e+00
2.967584630316775662e+00
2.967569351240074038e+00
2.967554411454214502e+00
2.967539803424822598e+00
2.967525519784836252e+00
3.078499041241230749e+00
3.146152102731460953e+00
3.212302844108550826e+00
3.276984626253333754e+00
3.340230069226918896e+00
3.402071068721513658e+00
3.462538812145932621e+00
3.521663794353908195e+00
3.579475833023135767e+00
3.636004083692807143e+00
3.691277054467215546e+00
3.745322620392851132e+00
3.798168037516235440e+00
3.849839956629582449e+00
3.900364436711218907e+00
3.949766958067550515e+00
3.998072435183183782e+00
4.045305229285704129e+00
4.091489160631432753e+00
4.136647520518364374e+00
4.180803083032344603e+00
4.223978116532403071e+00
4.266194394881048346e+00
4.307473208425173894e+00
4.347835374733122649e+00
4.387301249093320976e+00
4.425890734779778235e+00
4.463623293089624688e+00
4.500517953157758377e+00
4.536593321553543667e+00
4.571867591664401154e+00
4.606358552871026468e+00
4.640083599518858293e+00
4.673059739690330616e+00
4.705303603782316380e+00
4.736831452893106587e+00
4.767659187023141953e+00
4.797802353093640448e+00
4.827276152787157493e+00
4.856095450214038323e+00
4.884274779408627865e+00
4.911828351659018210e+00
4.938770062674029404e+00
4.965113499591036650e+00
4.990871947828183330e+00
5.016058397784431300e+00
5.033364124865471467e+00
5.039308293779764192e+00
5.038294615548973177e+00
5.034168262513307290e+00
5.029372134434521691e+00
5.025059610973667823e+00
5.021536361881228316e+00
5.018690668955022360e+00
5.016286251285229092e+00
5.014112191769671156e+00
5.012032127893478517e+00
5.009979905281059409e+00
5.007936212094957540e+00
5.005905206514029260e+00
5.003898377681471388e+00
5.001926138545194078e+00
4.999994971781362096e+00
4.998107565959817755e+00
4.996264047611030712e+00
4.994463248849953629e+00
4.992703596229111973e+00
4.990983580400424557e+00
4.989301920894425812e+00
4.987657563820493856e+00
4.986049616595355616e+00
4.984477278784932963e+00
4.982939792738593887e+00
4.981436416903059161e+00
4.979966415900459076e+00
4.978529059936994905e+00
4.977123627830375874e+00
4.975749410367003023e+00
4.974405712637417487e+00
4.973091855155140628e+00
4.971807174063299861e+00
4.970551020828917643e+00
4.969322761738459882e+00
4.968121777376915738e+00
4.966947462167416560e+00
4.965799223983683675e+00
4.964676483820077202e+00
4.963578675497030801e+00
4.962505245384609687e+00
4.961455652134353578e+00
4.960429366414337515e+00
4.959425870646791523e+00
4.958444658748877742e+00
4.957485235877654439e+00
4.956547118180091083e+00
4.955629832548358316e+00
4.954732916380840457e+00
4.953855917348556126e+00
4.952998393167030500e+00
4.952159911373179568e+00
4.951340049107224139e+00
4.950538392899473727e+00
4.949754538461821340e+00
4.948988090483918967e+00
4.948238662433674939e+00
4.947505876362533250e+00
4.946789362714697269e+00
4.946088760140776586e+00
4.945403715315655369e+00
4.944733882760241173e+00
4.944078924667279828e+00
4.943438510730838509e+00
4.942812317979889514e+00
4.942200030615378381e+00
4.941601339850962837e+00
4.941015943757283146e+00
4.940443547109694578e+00
4.939883861239380280e+00
4.939336603887769073e+00
4.938801499064191525e+00
4.938278276906743258e+00
4.937766673546029494e+00
4.937266430972260700e+00
4.936777296905080270e+00
4.936299024666330304e+00
4.935831373055645344e+00
4.935374106228861635e+00
4.934926993578963916e+00
4.934489809619800660e+00
4.934062333872533124e+00
4.933644350754229357e+00
4.933235649469297712e+00
4.932836023903134581e+00
4.932445272518199531e+00
4.932063198252289560e+00
4.931689608419160820e+00
4.931324314611509330e+00
4.930967132605752923e+00
4.930617882269279662e+00
4.930276387469549881e+00
4.929942475985304107e+00
4.929615979419569527e+00
4.929296733114886919e+00
4.928984576070221557e+00
4.928679350859813901e+00
4.928380903553683190e+00
4.928089083640000645e+00
4.927803743949302095e+00
4.927524740580255802e+00
4.927251932826932190e+00
4.926985183108054223e+00
4.926724356897400625e+00
4.926469322656132022e+00
4.926219951766396932e+00
4.925976118466456555e+00
4.925737699787266166e+00
4.925504575490461612e+00
4.925276628007720703e+00
4.925053742381465760e+00
4.924835806206943722e+00
4.924622709575382729e+00
4.924414345018730543e+00
4.924210607455397515e+00
4.924011394137264297e+00
4.923816604597860191e+00
4.923626140601743195e+00
4.923439906094848162e+00
4.923257807156062427e+00
4.923079751949969385e+00
4.922905650680482914e+00
4.922735415545589355e+00
4.922568960692924378e+00
4.922406202176635936e+00
4.922247057914995949e+00
4.922091447649045826e+00
4.921939292901978291e+00
4.921790516939710258e+00
4.921645044732141372e+00
4.921502802915350472e+00
4.921363719754451971e+00
4.921227725107575779e+00
4.921094750390443195e+00
4.920964728541774136e+00
4.920837593989464409e+00
4.920713282617520612e+00
4.920591731733726881e+00
4.920472880038020413e+00
4.920356667591580191e+00
4.920243035786651120e+00
4.920131927316829135e+00
4.920023286148328623e+00
4.919917057491667300e+00
4.919813187774033203e+00
4.919711624612261858e+00
4.919612316786472483e+00
4.919515214214119858e+00
4.919420267924755841e+00
4.919327430035443705e+00
4.919236653726557051e+00
4.919147893218155154e+00
4.919061103746891206e+00
4.918976241543445482e+00
4.918893263810449668e+00
4.918812128700902342e+00
4.918732795297108495e+00
4.918655223589898817e+00
4.918579374458614595e+00
4.918505209651369725e+00
4.918432691765652010e+00
4.918361784229469791e+00
4.918292451283019950e+00
4.918224657960641011e+00
4.918158370073018482e+00
4.918093554190114958e+00
4.918030177624292065e+00
4.917968208413721953e+00
4.917907615306278402e+00
4.917848367743889781e+00
4.917790435847069652e+00
4.917733790399839044e+00
4.917678402834995133e+00
4.917624245219704093e+00
4.917571290241412818e+00
4.917519511194075044e+00
4.917468881964684790e+00
4.917419377020154414e+00
4.917370971394285917e+00
4.917323640675343555e+00
4.917277360993688617e+00
4.917232109009741059e+00
4.917187861902200474e+00
4.917144597356590374e+00
4.917102293553893944e+00
4.917060929159560168e+00
4.917020483312864343e+00
4.916980935616371617e+00
4.916942266125536420e+00
4.916904455338661606e+00
4.916867484187164905e+00
4.916831334025958178e+00
4.916795986623882619e+00
4.916761424154682203e+00
4.916727629187954918e+00
4.916694584680360691e+00
4.916662273967071783e+00
4.916630680753221405e+00
4.916599789105844387e+00
4.916569583445788538e+00
4.916540048539860486e+00
4.916511169493133160e+00
4.916482931741447793e+00
4.916455321044052695e+00
4.916428323476427664e+00
4.916401925423265595e+00
4.916376113571652162e+00
4.916350874904195756e+00
4.916326196692629047e+00
4.916302066491337719e+00
4.916278472131077493e+00
4.916255401712837703e+00
4.916232843601886060e+00
4.916210786421745027e+00
4.916189219048622938e+00
4.916168130605753639e+00
4.916147510457943959e+00
4.916127348206067893e+00
4.916107633681980005e+00
4.916088356943333793e+00
4.916069508268563482e+00
4.916051078151983056e+00
4.916033057298991871e+00
4.916015436621388623e+00
4.915998207232827433e+00
4.915981360444188653e+00
4.915964887759368018e+00
4.915948780870971646e+00
4.915933031655981722e+00
4.915917632171818319e+00
4.915902574652330159e+00
4.915887851503711659e+00
4.915873455300848960e+00
4.915859378783511424e+00
4.915845614852688783e+00
4.915832156567057964e+00
4.915818997139333568e+00
4.915806129933051771e+00
4.915793548459058471e+00
4.915781246372308289e+00
4.915769217468604957e+00
4.915757455681592170e+00
4.915745955079625418e+00
4.915734709862776164e+00
4.915723714359907071e+00
4.915712963025814730e+00
4.915702450438430127e+00
4.915692171296085711e+00
4.915682120414841094e+00
4.915672292725923320e+00
4.915662683273010813e+00
4.915653287209900135e+00
4.741272970986476487e+00
4.634953608033274719e+00
4.530995198359385689e+00
4.429345314069904838e+00
4.329952691496341544e+00
4.232767205343522576e+00
4.137739843410607854e+00
4.044822681873445624e+00
3.953968861115817468e+00
3.866247018241764088e+00
3.825157657254419252e+00
3.815883209443248436e+00
3.822430214683323335e+00
3.833605935015265587e+00
3.843650028532208385e+00
3.850722923111755680e+00
3.855067873186172278e+00
3.857641430660460280e+00
3.859363203435874468e+00
3.860842694264346342e+00
3.862375449118423898e+00
3.864042776164582804e+00
3.865818683968549330e+00
3.867645089549905268e+00
3.869470731555882281e+00
3.871263748484707445e+00
3.873010203474134716e+00
3.874707733207672256e+00
3.876359402753353667e+00
3.877969613741460986e+00
3.879542113215353805e+00
3.881079442624195686e+00
3.882583111476480386e+00
3.884053989968809351e+00
3.885492659336995835e+00
3.886899632814329486e+00
3.888275456415251075e+00
3.889620731443178325e+00
3.890936100939991427e+00
3.892222225896764254e+00
3.893479765870443643e+00
3.894709367533618849e+00
3.895911660030116241e+00
3.897087254512185517e+00
3.898236745512217105e+00
3.899360712663775708e+00
3.900459722092938897e+00
3.901534327326176221e+00
3.902585069810176055e+00
3.903612479202968277e+00
3.904617073568714680e+00
3.905599359555608441e+00
3.906559832590695169e+00
3.907498977097211057e+00
3.908417266727564066e+00
3.909315164602571890e+00
3.910193123549726479e+00
3.911051586336387942e+00
3.911890985896398831e+00
3.912711745550100595e+00
3.913514279218326397e+00
3.914298991631055546e+00
3.915066278531234456e+00
3.915816526874075887e+00
3.916550115022026102e+00
3.917267412935496296e+00
3.917968782359414703e+00
3.918654577005672213e+00
3.919325142731523215e+00
3.919980817714019850e+00
3.920621932620573791e+00
3.921248810775714855e+00
3.921861768324157005e+00
3.922461114390231263e+00
3.923047151233778784e+00
3.923620174402589811e+00
3.924180472881448445e+00
3.924728329237873403e+00
3.925264019764620471e+00
3.925787814619019933e+00
3.926299977959225362e+00
3.926800768077432835e+00
3.927290437530137623e+00
3.927769233265506088e+00
3.928237396747914723e+00
3.928695164079722524e+00
3.929142766120342856e+00
3.929580428602672093e+00
3.930008372246924786e+00
3.930426812871952169e+00
3.930835961504076881e+00
3.931236024483524272e+00
3.931627203568476059e+00
3.932009696036826263e+00
3.932383694785664741e+00
3.932749388428566473e+00
3.933106961390704814e+00
3.933456594001866424e+00
3.933798462587388745e+00
3.934132739557088421e+00
3.934459593492206864e+00
3.934779189230431573e+00
3.935091687949022976e+00
3.935397247246101848e+00
3.935696021220127516e+00
3.935988160547612136e+00
3.936273812559107022e+00
3.936553121313507653e+00
3.936826227670704448e+00
3.937093269362615278e+00
3.937354381062654340e+00
3.937609694453641840e+00
3.937859338294221079e+00
3.938103438483787411e+00
3.938342118125985447e+00
3.938575497590790953e+00
3.938803694575214287e+00
3.939026824162658258e+00
3.939244998880954807e+00
3.939458328759117389e+00
3.939666921382829479e+00
3.939870881948698500e+00
3.940070313317312500e+00
3.940265316065112433e+00
3.940455988535114695e+00
3.940642426886506122e+00
3.940824725143140750e+00
3.941002975240955664e+00
3.941177267074337465e+00
3.941347688541454453e+00
3.941514325588590939e+00
3.941677262253481473e+00
3.941836580707704929e+00
3.941992361298113146e+00
3.942144682587360283e+00
3.942293621393516467e+00
3.942439252828813689e+00
3.942581650337522170e+00
3.942720885732991842e+00
3.942857029233867383e+00
3.942990149499502106e+00
3.943120313664583598e+00
3.943247587372989749e+00
3.943372034810894267e+00
3.943493718739139009e+00
3.943612700524880221e+00
3.943729040172545108e+00
3.943842796354083635e+00
3.943954026438566629e+00
3.944062786521108421e+00
3.944169131451167321e+00
3.944273114860197715e+00
3.944374789188701325e+00
3.944474205712674930e+00
3.944571414569467027e+00
3.944666464783066484e+00
3.944759404288820548e+00
3.944850279957612837e+00
3.944939137619504876e+00
3.945026022086839834e+00
3.945110977176849332e+00
3.945194045733749544e+00
3.945275269650347916e+00
3.945354689889169819e+00
3.945432346503114029e+00
3.945508278655661005e+00
3.945582524640612210e+00
3.945655121901411100e+00
3.945726107050019582e+00
3.945795515885389459e+00
3.945863383411510217e+00
3.945929743855065119e+00
3.945994630682690296e+00
3.946058076617855903e+00
3.946120113657364037e+00
3.946180773087491378e+00
3.946240085499760131e+00
3.946298080806373676e+00
3.946354788255295620e+00
3.946410236445002884e+00
3.946464453338907941e+00
3.946517466279460873e+00
3.946569302001938340e+00
3.946619986647927458e+00
3.946669545778507704e+00
3.946718004387145484e+00
3.946765386912295170e+00
3.946811717249723905e+00
3.946857018764566405e+00
3.946901314303101316e+00
3.946944626204281992e+00
3.946986976310994155e+00
3.947028385981078191e+00
3.947068876098092982e+00
3.947108467081857253e+00
3.947147178898737785e+00
3.947185031071725803e+00
3.947222042690279764e+00
3.947258232419953661e+00
3.947293618511808155e+00
3.947328218811618772e+00
3.947362050768870478e+00
3.947395131445563532e+00
3.947427477524813710e+00
3.947459105319269135e+00
3.947490030779333470e+00
3.947520269501211931e+00
3.947549836734777884e+00
3.947578747391263132e+00
3.947607016050774575e+00
3.947634656969651878e+00
3.947661684087652834e+00
3.947688111034988179e+00
3.947713951139191213e+00
3.947739217431841308e+00
3.947763922655135538e+00
3.947788079268315098e+00
3.947811699453946499e+00
3.947834795124069984e+00
3.947857377926201838e+00
3.947879459249212797e+00
3.947901050229066566e+00
3.947922161754443326e+00
3.947942804472222011e+00
3.947962988792858674e+00
3.947982724895627626e+00
3.948002022733765326e+00
3.948020892039478813e+00
3.948039342328863999e+00
3.948057382906696944e+00
3.948075022871130102e+00
3.948092271118281094e+00
3.948109136346718007e+00
3.948125627061846554e+00
3.948141751580199088e+00
3.948157518033628577e+00
3.948172934373411547e+00
3.948188008374254654e+00
3.948202747638218213e+00
3.948217159598550463e+00
3.948231251523433905e+00
3.948245030519654364e+00
3.948258503536178576e+00
3.948271677367665156e+00
3.948284558657890297e+00
3.948297153903093548e+00
3.948309469455260956e+00
3.948321511525322070e+00
3.948333286186286983e+00
3.948344799376305225e+00
3.948356056901665134e+00
3.948367064439714635e+00
3.948377827541734497e+00
3.948388351635728100e+00
3.948398642029167238e+00
3.948408703911659767e+00
3.948418542357576833e+00
3.948428162328603275e+00
3.948437568676245402e+00
3.948446766144274811e+00
3.948455759371123364e+00
3.948464552892218649e+00
3.948473151142275483e+00
3.948481558457528795e+00
3.948489779077922091e+00
3.948497817149246636e+00
3.948505676725230895e+00
3.948513361769586449e+00
3.948520876158003290e+00
3.948528223680107807e+00
3.948535408041373262e+00
3.948542432864988960e+00
3.948549301693686342e+00
3.948556017991526890e+00
3.948562585145645176e+00
3.948569006467964826e+00
3.948575285196860296e+00
3.948581424498794679e+00
3.948587427469918421e+00
3.948593297137624525e+00
3.948599036462081990e+00
3.948604648337723955e+00
3.948610135594709192e+00
3.948615501000349415e+00
3.948620747260505492e+00
3.948625877020949027e+00
3.948630892868701281e+00
3.948635797333335251e+00
3.948640592888251533e+00
3.948645281951924435e+00
3.948649866889124560e+00
3.948654350012109848e+00
3.948658733581790425e+00
3.948663019808871244e+00
3.948667210854964971e+00
3.948671308833683558e+00
3.948675315811703168e+00
3.948679233809808231e+00
3.948683064803907961e+00
3.948686810726033780e+00
4.025169259603329053e+00
4.071800335122360615e+00
4.117395909791814468e+00
4.161978978191969603e+00
4.205572024279938148e+00
4.248197032728686651e+00
4.289875500014259657e+00
4.330628445256798464e+00
4.370476420820819108e+00
4.409439522680101753e+00
4.447537400552410425e+00
4.484789267809164315e+00
4.521213911165046895e+00
4.556829700152447593e+00
4.591654596385514431e+00
4.625706162618482331e+00
4.659001571602851222e+00
4.691557614747884131e+00
4.723390710588777353e+00
4.754516913066801465e+00
4.784951919625552108e+00
4.814711079127427240e+00
4.843809399594304566e+00
4.872261555776328912e+00
4.900081896552620719e+00
4.927284452167650208e+00
4.953882941306912535e+00
4.979890778015480635e+00
5.005321078462927176e+00
5.030186667558013802e+00
5.054500085416503197e+00
5.078273593685340259e+00
5.101519181726391849e+00
5.124248572662884804e+00
5.146473229291555818e+00
5.168204359863527664e+00
5.189452923736810774e+00
5.210229636903281225e+00
5.230544977392930228e+00
5.250409190558099404e+00
5.269832294240381465e+00
5.288824083822772693e+00
5.307394137169646697e+00
5.325551819457020386e+00
5.343306287895568829e+00
5.360666496348747145e+00
5.377641199848372189e+00
5.394238959009924450e+00
5.410468144349801278e+00
5.426336940506707229e+00
5.441853350369293629e+00
5.457025199112149672e+00
5.471860138142158547e+00
5.486365648957226782e+00
5.500548921656295498e+00
5.506757181505430587e+00
5.507247433459132147e+00
5.504689675141302807e+00
5.501042167997510113e+00
5.497396957926649286e+00
5.494184276949042101e+00
5.491451432964291612e+00
5.489085304376762231e+00
5.486945766026791738e+00
5.484924675785678438e+00
5.482958610682977074e+00
5.481020131996387157e+00
5.479103534154130983e+00
5.477212824394903201e+00
5.475354203663699515e+00
5.473532545005538985e+00
5.471750463107234452e+00
5.470008652476930244e+00
5.468306605506552565e+00
5.466643256778435322e+00
5.465017403400556084e+00
5.463427912263366437e+00
5.461873783111975911e+00
5.460354137464300095e+00
5.458868182560696170e+00
5.457415176650603605e+00
5.455994405224236843e+00
5.454605168521347025e+00
5.453246777019854719e+00
5.451918551227057819e+00
5.450619823069034808e+00
5.449349937365833618e+00
5.448108252792718709e+00
5.446894142258417837e+00
5.445706992852143102e+00
5.444546205551569429e+00
5.443411194838513545e+00
5.442301388308793619e+00
5.441216226312667104e+00
5.440155161632387326e+00
5.439117659189911080e+00
5.438103195774770526e+00
5.437111259784042971e+00
5.436141350969046826e+00
5.435192980187217415e+00
5.434265669157421819e+00
5.433358950219969508e+00
5.432472366100886241e+00
5.431605469681136000e+00
5.430757823770870907e+00
5.429929000888748192e+00
5.429118583046210311e+00
5.428326161536626948e+00
5.427551336729173670e+00
5.426793717867283817e+00
5.426052922871610562e+00
5.425328578147401437e+00
5.424620318395897201e+00
5.423927786430326137e+00
5.423250632995705089e+00
5.422588516592691477e+00
5.421941103305418785e+00
5.421308066632955835e+00
5.420689087324730870e+00
5.420083853219463066e+00
5.419492059087948732e+00
5.418913406478841566e+00
5.418347603568357762e+00
5.417794365013022251e+00
5.417253411805758923e+00
5.416724471135188068e+00
5.416207276248039548e+00
5.415701566314693238e+00
5.415207086297426642e+00
5.414723586822090873e+00
5.414250824052060374e+00
5.413788559565486658e+00
5.413336560234980332e+00
5.412894598110030486e+00
5.412462450302048644e+00
5.412039898871963572e+00
5.411626730720302980e+00
5.411222737479738143e+00
5.410827715409989302e+00
5.410441465295149577e+00
5.410063792343002831e+00
5.409694506087013188e+00
5.409333420290199257e+00
5.408980352851203044e+00
5.408635125712453195e+00
5.408297564770364829e+00
5.407967499787536880e+00
5.407644764306899887e+00
5.407329195567831093e+00
5.407020634423868266e+00
5.406718925262671505e+00
5.406423915927471846e+00
5.406135457640333541e+00
5.405853404927115413e+00
5.405577615544109094e+00
5.405307950406303519e+00
5.405044273517241926e+00
5.404786451900433164e+00
5.404534355532298662e+00
5.404287857276592000e+00
5.404046832820285751e+00
5.403811160610876740e+00
5.403580721795086639e+00
5.403355400158921462e+00
5.403135082069062456e+00
5.402919656415559935e+00
5.402709014555798994e+00
5.402503050259707784e+00
5.402301659656186139e+00
5.402104741180719039e+00
5.401912195524158022e+00
5.401723925582698982e+00
5.401539836408707274e+00
5.401359835163055401e+00
5.401183831068231633e+00
5.401011735362613031e+00
5.400843461255496081e+00
5.400678923883549309e+00
5.400518040267942688e+00
5.400360729272492222e+00
5.400206911562742462e+00
5.400056509566017127e+00
5.399909447432157172e+00
5.399765650995346888e+00
5.399625047736656747e+00
5.399487566747614764e+00
5.399353138694370280e+00
5.399221695782713049e+00
5.399093171723880147e+00
5.398967501701132932e+00
5.398844622337060528e+00
5.398724471661626723e+00
5.398606989080916740e+00
5.398492115346578579e+00
5.398379792525944687e+00
5.398269963972812668e+00
5.398162574298877914e+00
5.398057569345866114e+00
5.397954896158075222e+00
5.397854502955683920e+00
5.397756339108793711e+00
5.397660355111813857e+00
5.397566502558486690e+00
5.397474734117530204e+00
5.397385003508571977e+00
5.397297265479023665e+00
5.397211475781253931e+00
5.397127591150069570e+00
5.397045569281107014e+00
5.396965368809487629e+00
5.396886949288820290e+00
5.396810271170861206e+00
5.396735295785531683e+00
5.396661985321553168e+00
5.396590302807298123e+00
5.396520212092141833e+00
5.396451677828216553e+00
5.396384665452599982e+00
5.396319141169874101e+00
5.396255071935155634e+00
5.396192425437215334e+00
5.396131170082417938e+00
5.396071274978710974e+00
5.396012709920036343e+00
5.395955445371099835e+00
5.395899452452473710e+00
5.395844702926032355e+00
5.395791169180709446e+00
5.395738824218642371e+00
5.395687641641342402e+00
5.395637595636674000e+00
5.395588660965557892e+00
5.395540812949520593e+00
5.395494027457968578e+00
5.395448280896237847e+00
5.395403550193614173e+00
5.395359812791696186e+00
5.395317046633077318e+00
5.395275230150018864e+00
5.395234342253795390e+00
5.395194362324052584e+00
5.395155270198257469e+00
5.395117046161545638e+00
5.395079670936926419e+00
5.395043125675552886e+00
5.395007391946990083e+00
5.394972451730215113e+00
5.394938287404243304e+00
5.394904881739464919e+00
5.394872217888876165e+00
5.394840279379583770e+00
5.394809050104546699e+00
5.394778514314267248e+00
5.394748656609055004e+00
5.394719461931192228e+00
5.394690915557404765e+00
5.394663003091221043e+00
5.394635710455937705e+00
5.394609023887507959e+00
5.394582929927456583e+00
5.394557415416101342e+00
5.394532467486070182e+00
5.394508073555734917e+00
5.394484221322858097e+00
5.394460898758383749e+00
5.394438094100372005e+00
5.394415795848068740e+00
5.394393992756108425e+00
5.394372673828901732e+00
5.394351828314889019e+00
5.394331445701341821e+00
5.394311515708985816e+00
5.394292028286812979e+00
5.394272973607008304e+00
5.394254342059993768e+00
5.394236124249645492e+00
5.394218310988348364e+00
5.394200893292644849e+00
5.394183862378438832e+00
5.394167209656831830e+00
5.394150926729521345e+00
5.394135005384771198e+00
5.394119437593203337e+00
5.394104215503743305e+00
5.394089331439650969e+00
5.394074777894657835e+00
5.394060547529178962e+00
5.394046633166610150e+00
5.394033027789713941e+00
5.394019724537145954e+00
5.394006716699777826e+00
5.393993997717548616e+00
5.393981561176072859e+00
5.393969400803412917e+00
5.393957510466901084e+00
5.393945884170054939e+00
5.393934516049608163e+00
5.393923400372353960e+00
5.393912531532538246e+00
5.393901904048754581e+00
5.202715270688573312e+00
5.086149009330096504e+00
4.972171246335109096e+00
4.860724500887979360e+00
4.751752568605859040e+00
4.645200493193909708e+00
4.541014538729958083e+00
4.439142162564610139e+00
4.339531988823149611e+00
4.242133782495858263e+00
4.146898424103696357e+00
4.053777884926557995e+00
3.962725202781616662e+00
3.873694458339546731e+00
3.786640751966662055e+00
3.701520181081316085e+00
3.618289818013121550e+00
3.536907688353837287e+00
3.457332749789002069e+00
3.379524871399635089e+00
3.303444813423568771e+00
3.229054207466208304e+00
3.156315537150734762e+00
3.085192119197990746e+00
3.015648084926518369e+00
2.947648362163402425e+00
2.881158657556815328e+00
2.816145439281326102e+00
2.752575920127263043e+00
2.690418040965598223e+00
2.629640454580014719e+00
2.570212509857999983e+00
2.512104236332999285e+00
2.455286329069827467e+00
2.399730133885721983e+00
2.345407632899574768e+00
2.292291430402068286e+00
2.240354739039577936e+00
2.189571366304878808e+00
2.139915701327847142e+00
2.091362701959482706e+00
2.043887882142755075e+00
1.997467299563889798e+00
1.952077543577875662e+00
1.907695723402100807e+00
1.864299457065509591e+00
1.835583569140365912e+00
1.827625129607676424e+00
1.831285017416277139e+00
1.839014668329431501e+00
1.846508959010194184e+00
1.852197991652091424e+00
1.856097953226289787e+00
1.858820961466597144e+00
1.860991394753692907e+00
1.863020360607564152e+00
1.865094785402632516e+00
1.867251664940480893e+00
1.869458630176120906e+00
1.871668729261871222e+00
1.873846284399996120e+00
1.875972740040979136e+00
1.878042883699028831e+00
1.880058739392663325e+00
1.882024714601987059e+00
1.883944919713915533e+00
1.885822248071844287e+00
1.887658445852861799e+00
1.889454532300081313e+00
1.891211206167602077e+00
1.892929104930557216e+00
1.894608917783575652e+00
1.896251403479275233e+00
1.897857366742198515e+00
1.899427626455130858e+00
1.900962992857476497e+00
1.902464255782743141e+00
1.903932181166981596e+00
1.905367512660393059e+00
1.906770974196610124e+00
1.908143272368445054e+00
1.909485097989839009e+00
1.910797126923118983e+00
1.912080020455811935e+00
1.913334425489656043e+00
1.914560974704488494e+00
1.915760286764970344e+00
1.916932966578478448e+00
1.918079605587059921e+00
1.919200782072714606e+00
1.920297061461218924e+00
1.921368996617167868e+00
1.922417128214256810e+00
1.923441984721148579e+00
1.924444082986617177e+00
1.925423928395499029e+00
1.926382015111536949e+00
1.927318826321549050e+00
1.928234834564388489e+00
1.929130501681737497e+00
1.930006279457169294e+00
1.930862609452443923e+00
1.931699923538237051e+00
1.932518644003707653e+00
1.933319183757806314e+00
1.934101946534193983e+00
1.934867327095854295e+00
1.935615711436470932e+00
1.936347477062970723e+00
1.937062992984207144e+00
1.937762619927434704e+00
1.938446710735079126e+00
1.939115610427443404e+00
1.939769656360828431e+00
1.940409178392652700e+00
1.941034499048666762e+00
1.941645933688392223e+00
1.942243790666702941e+00
1.942828371490894046e+00
1.943399971059284637e+00
1.943958877521236195e+00
1.944505372741002214e+00
1.945039732335792193e+00
1.945562225803420642e+00
1.946073116653633361e+00
1.946572662540592802e+00
1.947061115394125519e+00
1.947538721548284668e+00
1.948005721866631568e+00
1.948462351864222342e+00
1.948908841912415202e+00
1.949345417066217889e+00
1.949772297496371154e+00
1.950189698496415991e+00
1.950597830580010683e+00
1.950996899582561062e+00
1.951387106764638890e+00
1.951768648914791626e+00
1.952141718450284946e+00
1.952506503515189396e+00
1.952863188075772305e+00
1.953211952013401254e+00
1.953552971301105723e+00
1.953886417803438746e+00
1.954212459681754943e+00
1.954531261375092699e+00
1.954842983671874590e+00
1.955147783786482130e+00
1.955445815438161095e+00
1.955737228929852467e+00
1.956022171311398106e+00
1.956300786165968697e+00
1.956573214001682715e+00
1.956839592218717616e+00
1.957100055167327879e+00
1.957354734210981384e+00
1.957603757792120813e+00
1.957847251498192387e+00
1.958085338126457131e+00
1.958318137746957399e+00
1.958545767763587797e+00
1.958768342973435939e+00
1.958985975624620846e+00
1.959198775558696148e+00
1.959406849977183063e+00
1.959610303900185313e+00
1.959809239826684868e+00
1.960003758179629019e+00
1.960193956959422001e+00
1.960379932100452027e+00
1.960561777412396900e+00
1.960739584617425590e+00
1.960913443394288969e+00
1.961083441425154117e+00
1.961249664442295204e+00
1.961412196273264463e+00
1.961571118884223974e+00
1.961726512421636315e+00
1.961878455252647591e+00
1.962027024004434850e+00
1.962172293688597469e+00
1.962314337536014364e+00
1.962453227063658545e+00
1.962589032325478655e+00
1.962721821832657199e+00
1.962851662572451028e+00
1.962978620037081567e+00
1.963102758343585386e+00
1.963224139980175531e+00
1.963342826158986476e+00
1.963458876744615056e+00
1.963572350273733225e+00
1.963683303980163553e+00
1.963791793823176590e+00
1.963897874516812303e+00
1.964001599644731977e+00
1.964103021399434601e+00
1.964202190927768266e+00
1.964299158252983846e+00
1.964393972288703161e+00
1.964486680858978040e+00
1.964577330807838473e+00
1.964665967735398366e+00
1.964752636341027259e+00
1.964837380343056550e+00
1.964920242490127755e+00
1.965001264578376761e+00
1.965080487472061765e+00
1.965157951125366731e+00
1.965233694603953696e+00
1.965307756105650894e+00
1.965380172980206508e+00
1.965450981748248394e+00
1.965520218119649165e+00
1.965587917011430541e+00
1.965654112565286660e+00
1.965718838164753235e+00
1.965782126452024103e+00
1.965844009430320449e+00
1.965904518191261774e+00
1.965963683249255523e+00
1.966021534453012531e+00
1.966078101075300122e+00
1.966133411534418896e+00
1.966187493726841096e+00
1.966240374938709845e+00
1.966292081849880802e+00
1.966342640543908393e+00
1.966392076521309207e+00
1.966440414799765168e+00
1.966487679639393971e+00
1.966533894960520445e+00
1.966579084049412396e+00
1.966623269588811285e+00
1.966666473879608468e+00
1.966708718736499995e+00
1.966750025484487185e+00
1.966790414966177680e+00
1.966829907554236145e+00
1.966868523164964078e+00
1.966906281271011414e+00
1.966943200912690370e+00
1.966979300708100231e+00
1.967014598862499186e+00
1.967049113177252506e+00
1.967082861058592202e+00
1.967115859526252120e+00
1.967148125221986232e+00
1.967179674417953272e+00
1.967210523024932600e+00
1.967240686600368216e+00
1.967270180356225140e+00
1.967299019166669050e+00
1.967327217575569831e+00
1.967354789803836601e+00
1.967381749756585974e+00
1.967408111030155782e+00
1.967433886918959596e+00
1.967459090422193357e+00
1.967483734250388805e+00
1.967507830831823235e+00
1.967531392318789818e+00
1.967554430593724257e+00
1.967576957275198657e+00
1.967598983723780171e+00
1.967620521047760640e+00
1.967641580108757893e+00
1.967662171527195136e+00
1.967682305687654232e+00
1.967701992744115946e+00
1.967721242625079192e+00
1.967740065038567909e+00
1.967758469477027372e+00
1.967776465222111471e+00
1.967794061349362966e+00
1.967811266732790942e+00
1.967828090049347667e+00
1.967844539783300650e+00
1.967860624230515221e+00
1.967876351502636734e+00
1.967891729531180856e+00
1.967906766071533697e+00
1.967921468706864019e+00
1.967935844851947280e+00
1.967949901756904429e+00
1.967963646510857645e+00
1.967977086045507029e+00
1.967990227138626258e+00
1.968003076417478736e+00
1.968015640362163143e+00
1.968027925308877046e+00
1.968039937453117894e+00
1.968051682852801409e+00
1.968063167431322258e+00
1.968074396980537211e+00
1.968085377163688143e+00
1.968096113518258194e+00
1.968106611458763089e+00
1.968116876279482730e+00
