6.017500650611740109e-01
5.980389203337646009e-01
5.984655958571196699e-01
6.028649634076929109e-01
6.110717893627907182e-01
6.229210076692942577e-01
6.382479817068236194e-01
6.568887550133956088e-01
6.786802908574260940e-01
7.034607006721351752e-01
7.310694613915935669e-01
7.613478948244304378e-01
7.941396149776199787e-01
8.292899745629496167e-01
8.666464576378013485e-01
9.060588403785045930e-01
9.473793420093297168e-01
9.904636182040116310e-01
1.035169820856779221e+00
1.081358895330540193e+00
1.128894726046996810e+00
1.177644659783714243e+00
1.227479967857959764e+00
1.278274752233870881e+00
1.329906378378623355e+00
1.382255584348368815e+00
1.435207509328727538e+00
1.488650322145280036e+00
1.542475651667375658e+00
1.596578620170051366e+00
1.650859150929670616e+00
1.705220334051988473e+00
1.759568725038560766e+00
1.813814408622742791e+00
1.867871898365545791e+00
1.921659185463693520e+00
1.975097630552135053e+00
2.028112071348770140e+00
2.080631337684492710e+00
2.132588091557473753e+00
2.183918135224184986e+00
2.234560618087129136e+00
2.284458002947925337e+00
2.333557039338082006e+00
2.381807337413874404e+00
2.429161644611590898e+00
2.475575818477129264e+00
2.521008835748114407e+00
2.565423549301687700e+00
2.608785385560971726e+00
2.651062635612604801e+00
2.692226396941368893e+00
2.732250513243959844e+00
2.771112031176587109e+00
2.808790803991530804e+00
2.845269042777205382e+00
2.880531412173056971e+00
2.914564964435103267e+00
2.947359072720006079e+00
2.978905363685611096e+00
3.009198192869722455e+00
3.038233802461023814e+00
3.066010452941072995e+00
3.092528357424888963e+00
3.117789611783700732e+00
3.141798124566601125e+00
3.164559546833439985e+00
3.186081202013477665e+00
3.206372110354380300e+00
3.225443177162333086e+00
3.243306584948687288e+00
3.259975884290763570e+00
3.275465926173126263e+00
3.289792794903170225e+00
3.302973741658270512e+00
3.315027118729002353e+00
3.325972314520022177e+00
3.335829689363062123e+00
3.344620512215364272e+00
3.352366898262256090e+00
3.359091747498344827e+00
3.364818684342108401e+00
3.369571998295394444e+00
3.373376585717658305e+00
3.376257892755363255e+00
3.378241859441275086e+00
3.379354865019284393e+00
3.379623674517334031e+00
3.379075386597175878e+00
3.377737382724439463e+00
3.375637277653690482e+00
3.372802871275876857e+00
3.369262101840255319e+00
3.365043000567761400e+00
3.360173647668844854e+00
3.354682129798758350e+00
3.348596498926087683e+00
3.341944732654853478e+00
3.334754695989194495e+00
3.327054104569769244e+00
3.318870489341821273e+00
3.310231162701013030e+00
3.301163186090319890e+00
3.291693339052752076e+00
3.281848089737014362e+00
3.271653566842226635e+00
3.261135533007009979e+00
3.250319359614632475e+00
3.239230003023718218e+00
3.227891982195639997e+00
3.216329357711666947e+00
3.204565712162205759e+00
3.192624131891096617e+00
3.180527190076408051e+00
3.168296931126716398e+00
3.155954856376375073e+00
3.143521911050882967e+00
3.131018472483514170e+00
3.118464339558381759e+00
3.105878723352675674e+00
3.093280238954022376e+00
3.080686898425035292e+00
3.068116104886940310e+00
3.055584805518138936e+00
3.043109354496306818e+00
3.030705445759189764e+00
3.018388144815694840e+00
3.006171887786679431e+00
2.994070481415847862e+00
2.982097104017899181e+00
2.970264307329699260e+00
2.958584019233482021e+00
2.947067547315416203e+00
2.935725583230737179e+00
2.924568207825267940e+00
2.913604897011212724e+00
2.902844528335467800e+00
2.892295388208579787e+00
2.881965179773067209e+00
2.871861031370144701e+00
2.861989505571529424e+00
2.852356608744786026e+00
2.842967801118039262e+00
2.833828007312080288e+00
2.824941627307701264e+00
2.816312547816385958e+00
2.807944154023656047e+00
2.799839341670322668e+00
2.792000605008034597e+00
2.784429990769778929e+00
2.777129069237072034e+00
2.770098967090864228e+00
2.763340380830686893e+00
2.756853590383959496e+00
2.750638472863512707e+00
2.744694516454981859e+00
2.739020834399098270e+00
2.733616179060831541e+00
2.728478956047876380e+00
2.723607238360854943e+00
2.718998780555521577e+00
2.714651032883644621e+00
2.710561155413279799e+00
2.706726032082215294e+00
2.703142284693007991e+00
2.699806286802701738e+00
2.696714177515342925e+00
2.693861875143925388e+00
2.691245090731514189e+00
2.688859341414476578e+00
2.686699963615331921e+00
2.684762126049073938e+00
2.683040842531388304e+00
2.681530984575925203e+00
2.680227293771364483e+00
2.679124393917046820e+00
2.678216802927685602e+00
2.677498944471914832e+00
2.676965159361008428e+00
2.676609716662198935e+00
2.676426824536495719e+00
2.676410640794431473e+00
2.676555283161417442e+00
2.676854839248629325e+00
2.677303376225530052e+00
2.677894950189161793e+00
2.678623615226972898e+00
2.679483432170339352e+00
2.680468477036509700e+00
2.681572849157254357e+00
2.682790678993031364e+00
2.684116135632000688e+00
2.685543433973708094e+00
2.687066841597754330e+00
2.688680685318214802e+00
2.690379357425015883e+00
2.692157321613923848e+00
2.694009118607179065e+00
2.695929371467219227e+00
2.697912790606299183e+00
2.699954178495175050e+00
2.702048434074343586e+00
2.704190556871668427e+00
2.706375650830502355e+00
2.708598927852718941e+00
2.710855711060835116e+00
2.713141437785415722e+00
2.715451662282652112e+00
2.717782058180914451e+00
2.720128420683945336e+00
2.722486668501809426e+00
2.724852845539841084e+00
2.727223122358112040e+00
2.729593797378407238e+00
2.731961297866029703e+00
2.734322180703902205e+00
2.736673132930827812e+00
2.739010972080843764e+00
2.741332646314498245e+00
2.743635234363820619e+00
2.745915945285601900e+00
2.748172118023917587e+00
2.750401220805063218e+00
2.752600850365506169e+00
2.754768731010432958e+00
2.756902713527653148e+00
2.759000773949596308e+00
2.761061012175614504e+00
2.763081650460628591e+00
2.765061031776477662e+00
2.766997618054520824e+00
2.768889988314104045e+00
2.770736836684519311e+00
2.772536970326927364e+00
2.774289307262694404e+00
2.775992874114958653e+00
2.777646803768558215e+00
2.779250332955788050e+00
2.780802799773335554e+00
2.782303641137101380e+00
2.783752390179730529e+00
2.785148673597234392e+00
2.786492208950809957e+00
2.787782801924508114e+00
2.789020343562289117e+00
2.790204807458850134e+00
2.791336246935274712e+00
2.792414792188841144e+00
2.793440647444199509e+00
2.794414088076798919e+00
2.795335457740050433e+00
2.796205165489889843e+00
2.797023682913718279e+00
2.797791541266152926e+00
2.798509328616246794e+00
2.799177687010358184e+00
2.799797309655202238e+00
2.800368938120945561e+00
2.800893359567599550e+00
2.801371404002301890e+00
2.801803941575381263e+00
2.802191879907927952e+00
2.802536161448113017e+00
2.802837760875645845e+00
2.803097688112204278e+00
2.803316977536530530e+00
2.803496687628121542e+00
2.803637898657303396e+00
2.803741710346959959e+00
2.803809239586939839e+00
2.803841618202380648e+00
2.803839990777691416e+00
2.803805512533264377e+00
2.803739347266897664e+00
2.803642665347813701e+00
2.803516641773058371e+00
2.803362454283864214e+00
2.803181281543083436e+00
2.802974301374251187e+00
2.802742689062716064e+00
2.802487615719176706e+00
2.802210246705855834e+00
2.801911740125450301e+00
2.801593245372892671e+00
2.801255901749874599e+00
2.800900839759826066e+00
2.800529178600345670e+00
2.800142022833687960e+00
2.799740462044432388e+00
2.799325569747075804e+00
2.798898402355016302e+00
2.798459998210331978e+00
2.798011376673680939e+00
2.797553537273585800e+00
2.797087458914312652e+00
2.796614099141479404e+00
2.796134393464490664e+00
2.795649254734828837e+00
2.795159572579195117e+00
2.794666212886441237e+00
2.794170017347186619e+00
2.700470480350191771e+00
2.648938904576419784e+00
2.602224164249872018e+00
2.560226390068292002e+00
2.522842264012990388e+00
2.489965287515715886e+00
2.461486667462887912e+00
2.437294751063597609e+00
2.417275359413092239e+00
2.401312097125967604e+00
2.389286602325996434e+00
2.381078791207958290e+00
2.376567096878518193e+00
2.375628702243381962e+00
2.378139766711109271e+00
2.383975646549679972e+00
2.393011108699518719e+00
2.405120537928474800e+00
2.420178137196637991e+00
2.438058121134086598e+00
2.458634902566045000e+00
2.481783271989004280e+00
2.507378569978281568e+00
2.535296852483361008e+00
2.565415048995744129e+00
2.597611261053370590e+00
2.631765213806445569e+00
2.667757769742920004e+00
2.705471234859885943e+00
2.744789479454414760e+00
2.785598052368672306e+00
2.827784288810205826e+00
2.871237411864842937e+00
2.915849298548085944e+00
2.961513649593424002e+00
3.008126313296059173e+00
3.055585361262491695e+00
3.103791156695627329e+00
3.152646595438152399e+00
3.202057736789713172e+00
3.251932777286162590e+00
3.302182404442818520e+00
3.352719836266223830e+00
3.403460855822547870e+00
3.454324683346925884e+00
3.505233010668252547e+00
3.556110075336100351e+00
3.606882747827573343e+00
3.657480542966332848e+00
3.707836128748925208e+00
3.757885012147369252e+00
3.807565183773645501e+00
3.856817261679682307e+00
3.905584483431454146e+00
3.953812870123575074e+00
4.001431507521838959e+00
4.048322693744395906e+00
4.094387389617894613e+00
4.139526558029436032e+00
4.183647869611420766e+00
4.226759731098251649e+00
4.268914240246550307e+00
4.310132656252009475e+00
4.350435766223525569e+00
4.389843895666464491e+00
4.428357180066042176e+00
4.465930715811705198e+00
4.502542918495127111e+00
4.538174025507978548e+00
4.572806282860752525e+00
4.606423901957316325e+00
4.639013015230964321e+00
4.670561630771727479e+00
4.701059586014104674e+00
4.730498785472624590e+00
4.758872986409139472e+00
4.786177514621801521e+00
4.812409310882069136e+00
4.837566881527159524e+00
4.861650248618230030e+00
4.884660899742763185e+00
4.906601737544295183e+00
4.927477029063217273e+00
4.947292354962668171e+00
4.966054792220960579e+00
4.983772744364523888e+00
5.000455665442390618e+00
5.016114097913781045e+00
5.030759623025552685e+00
5.044404811489164864e+00
5.057063174500083136e+00
5.068749115143717177e+00
5.079477880232933451e+00
5.089265512622000109e+00
5.098128804033184025e+00
5.106085248439813817e+00
5.113152996041256060e+00
5.119350807865484576e+00
5.124698011055404123e+00
5.129214454832971448e+00
5.132920467196128378e+00
5.135836812407053031e+00
5.137984649238394042e+00
5.139385490053897776e+00
5.140061160733845114e+00
5.140033761478117746e+00
5.139325628499745058e+00
5.137959296616713800e+00
5.135957462782368310e+00
5.133342950587311826e+00
5.130138675696436223e+00
5.126367612281137021e+00
5.122052760447092012e+00
5.117217114652724774e+00
5.111883633154755913e+00
5.106075208468201510e+00
5.099814638847977477e+00
5.093124600812872771e+00
5.086027622689996086e+00
5.078546059220927944e+00
5.070702067183594508e+00
5.062517582052403320e+00
5.054014295707852433e+00
5.045213635159932153e+00
5.036136742315443726e+00
5.026804454755557039e+00
5.017237287528987899e+00
5.007455415955818445e+00
4.997478659429346770e+00
4.987326466201522202e+00
4.977017899149689839e+00
4.966571622507882644e+00
4.956005889546852394e+00
4.945338531195081266e+00
4.934586945587183138e+00
4.923768088519920205e+00
4.912898464800626641e+00
4.901994120475833938e+00
4.891070635918596921e+00
4.880143119759114967e+00
4.869226203641255246e+00
4.858334037779828307e+00
4.847480287311904057e+00
4.836678129409570204e+00
4.825940251143006066e+00
4.815278848067389816e+00
4.804705623518429114e+00
4.794231984157368842e+00
4.783868778199761529e+00
4.773626352680088836e+00
4.763514560377217322e+00
4.753542762239608699e+00
4.743719830408048566e+00
4.734054151812924438e+00
4.724553632313838847e+00
4.715225701378450651e+00
4.706077317251143199e+00
4.697114972615422879e+00
4.688344700698911183e+00
4.679772081826206964e+00
4.671402250370561227e+00
4.663239902102765733e+00
4.655289301891314402e+00
4.647554291772419965e+00
4.640038299308872460e+00
4.632744346261119084e+00
4.625675057539170965e+00
4.618832670403719476e+00
4.612219043903305504e+00
4.605835668524500548e+00
4.599683676036958602e+00
4.593763849508301078e+00
4.588076633476007693e+00
4.582622144252981755e+00
4.577400180348790037e+00
4.572410232989069456e+00
4.567651496715741999e+00
4.563122880045797913e+00
4.558823016182393495e+00
4.554750273751566603e+00
4.550902767552672756e+00
4.547278369311611002e+00
4.543874718415641389e+00
4.540689232610354509e+00
4.537719146957936545e+00
4.534961512340220935e+00
4.532413174531662037e+00
4.530070796616522344e+00
4.527930869452090334e+00
4.525989722021828143e+00
4.524243531688403763e+00
4.522688334311142810e+00
4.521320034235326801e+00
4.520134414134119538e+00
4.519127144706250654e+00
4.518293794201121649e+00
4.517629837794880032e+00
4.517130666768073510e+00
4.516791597516818690e+00
4.516607880359621241e+00
4.516574708164293739e+00
4.516687224758124231e+00
4.516940533149099046e+00
4.517329703520584161e+00
4.517849781024182221e+00
4.518495793342611755e+00
4.519262758032208005e+00
4.520145689658448873e+00
4.521139606679710710e+00
4.522239538115134572e+00
4.523440529979822600e+00
4.524737651485749801e+00
4.526126001010321254e+00
4.527600711832135971e+00
4.529156957633677649e+00
4.530789957761320430e+00
4.532494982268574724e+00
4.534267356706830121e+00
4.536102466700883795e+00
4.537995762285282453e+00
4.539942762016421440e+00
4.541939056848752543e+00
4.543980313797217896e+00
4.546062279370425507e+00
4.548180782785971488e+00
4.550331738967683393e+00
4.552511151331368744e+00
4.554715114353342642e+00
4.556939815933192861e+00
4.559181539557908280e+00
4.561436672646007828e+00
4.563701727292542643e+00
4.565973305339653621e+00
4.568248110229565562e+00
4.570522948167447197e+00
4.572794729104041167e+00
4.575060467544793674e+00
4.577317283192971153e+00
4.579562401429399188e+00
4.581793153632633064e+00
4.584006977346691158e+00
4.586201416299708455e+00
4.588374120278617241e+00
4.590522844863268226e+00
4.592645451028712245e+00
4.594739904615382287e+00
4.596804275671480866e+00
4.598836737684938392e+00
4.600835566697670131e+00
4.602799140303594605e+00
4.604725936545048803e+00
4.606614532714302435e+00
4.608463604053979701e+00
4.610271922371656395e+00
4.612038354565875409e+00
4.613761861072708470e+00
4.615441494236211639e+00
4.617076396608343458e+00
4.618665799180393883e+00
4.620209019553563223e+00
4.621705460054373660e+00
4.623154605790530169e+00
4.624556022659352728e+00
4.625909355321587313e+00
4.627214325121108196e+00
4.628470727975543042e+00
4.629678432232154250e+00
4.630837376496632629e+00
4.631947567438873037e+00
4.633009077575815482e+00
4.634022043037694161e+00
4.634986661321260470e+00
4.635903189031100879e+00
4.636771939612449600e+00
4.637593281095539588e+00
4.638367633818287317e+00
4.639095468163673353e+00
4.639777302302747763e+00
4.640413699939705872e+00
4.641005268076756174e+00
4.641552654790038090e+00
4.642056547018187374e+00
4.642517668371453965e+00
4.642936776967133028e+00
4.643314663286973953e+00
4.643652148052372475e+00
4.643950080136852065e+00
4.644209334506691711e+00
4.644430810189104974e+00
4.644615428276207325e+00
4.644764129963343535e+00
4.644877874624957492e+00
4.644957637924100879e+00
4.645004409966260184e+00
4.645019193493450160e+00
4.645003002113586632e+00
4.644956858575113756e+00
4.644881793089827404e+00
4.644778841698046001e+00
4.644649044671403715e+00
4.479943904365802254e+00
4.379563999426422605e+00
4.281639951255306720e+00
4.186223359362953644e+00
4.093361279366371619e+00
4.003096600413017292e+00
3.915466861756496275e+00
3.830505384288593440e+00
3.748241541477288052e+00
3.668699587706166998e+00
3.591899429358711870e+00
3.517857528282784418e+00
3.446585491302170734e+00
3.378090639288007235e+00
3.312376940773474665e+00
3.249444403697771211e+00
3.189288910894250595e+00
3.131902522492188368e+00
3.077274385977578852e+00
3.025390191237025128e+00
2.976231976858108474e+00
2.929778446816747817e+00
2.886005111403843859e+00
2.844885193879940211e+00
2.806388860495053095e+00
2.770483368712519212e+00
2.737133293907329623e+00
2.706300672046447087e+00
2.677945141687674724e+00
2.652024148762288647e+00
2.628493399951384202e+00
2.607306420340587572e+00
2.588414859945525670e+00
2.571768629640217796e+00
2.557316035125018594e+00
2.545003908775876234e+00
2.534777739257864759e+00
2.526581798757997266e+00
2.520359267716615559e+00
2.516052356938952350e+00
2.513602426973825743e+00
2.512950104659808837e+00
2.514035396738003580e+00
2.516797800464654955e+00
2.521176411120874761e+00
2.527110026366407247e+00
2.534537247385779679e+00
2.543396576767129602e+00
2.553626513080616167e+00
2.565165642117570588e+00
2.577952724777998306e+00
2.591926781582482242e+00
2.607027173801175213e+00
2.623193681204238459e+00
2.640366576436431689e+00
2.658486696028798502e+00
2.677495508064910101e+00
2.697335176526166389e+00
2.717948622340296438e+00
2.739279581173555744e+00
2.761272657995196500e+00
2.783873378459749137e+00
2.807028502275283444e+00
2.830685774440640401e+00
2.854793967039350289e+00
2.879302943656512959e+00
2.904163694604930512e+00
2.929328369228371809e+00
2.954750305338992966e+00
2.980384055845312297e+00
3.006185412635651755e+00
3.032111427780104229e+00
3.058120432116275378e+00
3.084172370260603202e+00
3.110228571258348396e+00
3.136251595209430754e+00
3.162205319222507249e+00
3.188054943829692789e+00
3.213766997314355667e+00
3.239309337989344062e+00
3.264651154519707887e+00
3.289762964364580267e+00
3.314616610375166417e+00
3.339185275612386317e+00
3.363443922648497342e+00
3.387368621420173920e+00
3.410936721695071672e+00
3.434126841461391244e+00
3.456918853953115267e+00
3.479293873396767101e+00
3.501234239538054016e+00
3.522723500994902057e+00
3.543746397522788083e+00
3.564288841234644512e+00
3.584337896839926874e+00
3.603881810945879671e+00
3.622910216263231398e+00
3.641413704214566227e+00
3.659383917848951562e+00
3.676813528095200567e+00
3.693696209397562935e+00
3.710026614787818922e+00
3.725800350459495647e+00
3.741013949876854205e+00
3.755664847480934210e+00
3.769751352046351922e+00
3.783272619722543695e+00
3.796228626811229301e+00
3.808620142335076508e+00
3.820448700430041811e+00
3.831716572608798277e+00
3.842426739932200519e+00
3.852582865140400159e+00
3.862189446751755018e+00
3.871251530780983163e+00
3.879774750027586538e+00
3.887765298317764184e+00
3.895229903228370816e+00
3.902175798981671218e+00
3.908610699545920664e+00
3.914542771976355695e+00
3.919980610011773337e+00
3.924933207968483995e+00
3.929409934942227345e+00
3.933420509369539797e+00
3.936974973929190380e+00
3.940083670843730790e+00
3.942757217586005947e+00
3.945006483003692388e+00
3.946842563897191791e+00
3.948276762055923594e+00
3.949320561766673343e+00
3.949985607821232314e+00
3.950283684025720277e+00
3.950226692229641845e+00
3.949826631882947581e+00
3.949095580134973194e+00
3.948045672482730861e+00
3.946689083976255841e+00
3.945038010990839616e+00
3.943104653569290630e+00
3.940901198346221879e+00
3.938439802042022375e+00
3.935732575556917467e+00
3.932791568647369118e+00
3.929628755187038358e+00
3.926256019026666433e+00
3.922685140440835827e+00
3.918927783166441081e+00
3.914995482031216500e+00
3.910899631161555590e+00
3.906651472793430724e+00
3.902262086642021011e+00
3.897742379858045947e+00
3.893103077555861269e+00
3.888354713899661697e+00
3.883507623767862071e+00
3.878571934948571442e+00
3.873557560893005292e+00
3.868474194004349442e+00
3.863331299455066592e+00
3.858138109529058113e+00
3.852903618471203995e+00
3.847636577837287852e+00
3.842345492351717073e+00
3.837038616229365040e+00
3.831723949968858012e+00
3.826409237620598258e+00
3.821101964496764314e+00
3.815809355313862117e+00
3.810538372765521764e+00
3.805295738373253744e+00
3.800087968057200172e+00
3.794921285933657185e+00
3.789801650012635026e+00
3.784734752655543044e+00
3.779726021394719027e+00
3.774780620095718131e+00
3.769903450468187867e+00
3.765099153875653304e+00
3.760372113466892152e+00
3.755726456595330109e+00
3.751166057521553299e+00
3.746694540382308425e+00
3.742315282416764699e+00
3.738031417432551962e+00
3.733845839501974240e+00
3.729761206872428847e+00
3.725779946080776561e+00
3.721904256259982890e+00
3.718136113622639183e+00
3.714477276112020832e+00
3.710929288204301457e+00
3.707493485855324344e+00
3.704171001579589895e+00
3.700962769637140326e+00
3.697869531342400151e+00
3.694891840454596732e+00
3.692030068670003384e+00
3.689284411183174850e+00
3.686654892304128683e+00
3.684141371133932363e+00
3.681743547289206830e+00
3.679460966657033705e+00
3.677293027176395945e+00
3.675238984637489992e+00
3.673297958487788950e+00
3.671468937632036855e+00
3.669750786230599360e+00
3.668142249477484906e+00
3.666641959353000413e+00
3.665248440342295577e+00
3.663960115121497552e+00
3.662775310192640355e+00
3.661692261467320186e+00
3.660709119797741273e+00
3.659823956427416647e+00
3.659034768379429536e+00
3.658339483784979862e+00
3.657735967104450925e+00
3.657222024290150753e+00
3.656795407837443612e+00
3.656453821753280486e+00
3.656194926424954694e+00
3.656016343386589984e+00
3.655915659982174049e+00
3.655890433919523730e+00
3.655938197716659399e+00
3.656056463030748382e+00
3.656242724873935757e+00
3.656494465711584763e+00
3.656809159439994517e+00
3.657184275243281935e+00
3.657617281329183623e+00
3.658105648538772403e+00
3.658646853833537715e+00
3.659238383654709992e+00
3.659877737160043054e+00
3.660562429331410517e+00
3.661289993956645006e+00
3.662057986480103278e+00
3.662863986739282485e+00
3.663705601571134007e+00
3.664580467283403475e+00
3.665486252009844126e+00
3.666420657939851058e+00
3.667381423425919884e+00
3.668366324967874625e+00
3.669373179079133074e+00
3.670399844031730918e+00
3.671444221487241588e+00
3.672504258006725308e+00
3.673577946450467646e+00
3.674663327266440849e+00
3.675758489664259887e+00
3.676861572684738011e+00
3.677970766157000693e+00
3.679084311568877386e+00
3.680200502814249486e+00
3.681317686852652038e+00
3.682434264269393243e+00
3.683548689742635052e+00
3.684659472416731862e+00
3.685765176187466352e+00
3.686864419900464540e+00
3.687955877465375565e+00
3.689038277888282646e+00
3.690110405224581225e+00
3.691171098458833733e+00
3.692219251307464312e+00
3.693253811952743160e+00
3.694273782703727527e+00
3.695278219609070547e+00
3.696266231986070405e+00
3.697236981902612740e+00
3.698189683596729616e+00
3.699123602845255654e+00
3.700038056279591370e+00
3.700932410652858273e+00
3.701806082060884684e+00
3.702658535119685457e+00
3.703489282102032210e+00
3.704297882035700873e+00
3.705083939765955847e+00
3.705847104984768769e+00
3.706587071229809460e+00
3.707303574852725880e+00
3.707996393965414583e+00
3.708665347359408226e+00
3.709310293400813308e+00
3.709931128922471011e+00
3.710527788078420652e+00
3.711100241194527083e+00
3.711648493604782217e+00
3.712172584476823634e+00
3.712672585629789523e+00
3.713148600344633454e+00
3.713600762170807812e+00
3.714029233728844748e+00
3.714434205512709308e+00
3.587251120985960995e+00
3.515001577765157759e+00
3.447674000272690886e+00
3.385193544380963981e+00
3.327480806040022721e+00
3.274452326930742174e+00
3.226020892673229667e+00
3.182096327390501855e+00
3.142585367357766835e+00
3.107391456331270785e+00
3.076415174511414996e+00
3.049554475935645659e+00
3.026704922261142627e+00
3.007759912609342390e+00
2.992610924232395053e+00
2.981148072020924911e+00
2.973259748124404744e+00
2.968833003992885633e+00
2.967753759748877229e+00
2.969907008175097118e+00
2.975177013144167937e+00
2.983447502334942492e+00
2.994601854101095917e+00
3.008523278379647170e+00
3.025094991541201761e+00
3.044200385097593831e+00
3.065723282020240692e+00
3.089548269530208557e+00
3.115560501483423117e+00
3.143645937447153482e+00
3.173691477770782754e+00
3.205585092499491751e+00
3.239215944144722581e+00
3.274474504394328189e+00
3.311252664755058195e+00
3.349443841218973539e+00
3.388943618275830350e+00
3.429649307953499093e+00
3.471459945523249324e+00
3.514276446815638888e+00
3.558001682551408251e+00
3.602540547386269942e+00
3.647800127781060109e+00
3.693690289028142448e+00
3.740122834271013552e+00
3.787011803551863842e+00
3.834273516414605343e+00
3.881826609867394140e+00
3.929509324575331419e+00
3.977053126361857149e+00
4.024227871600085216e+00
4.070794515533486368e+00
4.116520435497703190e+00
4.161173818213060649e+00
4.204784743876675890e+00
4.247427234862924728e+00
4.289122796464575949e+00
4.329892456422710367e+00
4.369756775531341120e+00
4.408735858006561870e+00
4.446849361625417885e+00
4.484116507639642535e+00
4.520556090469241894e+00
4.556186487180822198e+00
4.591025666755441215e+00
4.625091199150651811e+00
4.658400264161315363e+00
4.690969660083645465e+00
4.722815812186860640e+00
4.753954780996713758e+00
4.784402270395065493e+00
4.814173635539610530e+00
4.843283890607730235e+00
4.871747716368377112e+00
4.899579467585830628e+00
4.926793180259026350e+00
4.953402578700146108e+00
4.979421082455997016e+00
5.004814459242886926e+00
5.029566345940249761e+00
5.053662517602267812e+00
5.077090118593984513e+00
5.099837634336092940e+00
5.121894862286339389e+00
5.143252882209932153e+00
5.163904025792635188e+00
5.183643394581516795e+00
5.202311040434921985e+00
5.219841896758596000e+00
5.236203725238318007e+00
5.251390377571183876e+00
5.265415780844071136e+00
5.278308913379100353e+00
5.290109753354498956e+00
5.300866029127760726e+00
5.310630629039812867e+00
5.319459552266063262e+00
5.327410302397269426e+00
5.334540642537096922e+00
5.340907644054075476e+00
5.346566973478095619e+00
5.351572371432509634e+00
5.355975285328061553e+00
5.359824624887115085e+00
5.363166614665935583e+00
5.366044722950971568e+00
5.368499649418123632e+00
5.370554407049508150e+00
5.372205762686405706e+00
5.373463199962307257e+00
5.374336447591257837e+00
5.374835458154617385e+00
5.374970387294932372e+00
5.374751573314792807e+00
5.374189517195462784e+00
5.373294863047697767e+00
5.372078378999602499e+00
5.370550938554707443e+00
5.368723502401862469e+00
5.366607100703389754e+00
5.364212815848499183e+00
5.361551765713999274e+00
5.358635087407784603e+00
5.355473921518417946e+00
5.352079396855266680e+00
5.348462615701977896e+00
5.344634639580302604e+00
5.340606475533840936e+00
5.336389062917715975e+00
5.331993260713521643e+00
5.327429835339375863e+00
5.322709448992098302e+00
5.317842648498357860e+00
5.312839854677933182e+00
5.307711352212426625e+00
5.302467280034075081e+00
5.297117622213000310e+00
5.291672199335470950e+00
5.286140660376783984e+00
5.280532475080879529e+00
5.274856926811612112e+00
5.269123105893022796e+00
5.263339903405061193e+00
5.257516005458660047e+00
5.251659887916338754e+00
5.245779811590130848e+00
5.239883817846362923e+00
5.233979724676292911e+00
5.228075123182573059e+00
5.222177374468760291e+00
5.216293606964831575e+00
5.210430714118427176e+00
5.204595352504172823e+00
5.198793940305609595e+00
5.193032656144963788e+00
5.187317438307054829e+00
5.181653984281697767e+00
5.176047750656097790e+00
5.170503953340910286e+00
5.165027568106014932e+00
5.159623331430363002e+00
5.154295741632695993e+00
5.149049060287736346e+00
5.143887313939407235e+00
5.138814296049424968e+00
5.133833569209501846e+00
5.128948467585805027e+00
5.124162099607226573e+00
5.119477350869805043e+00
5.114896887224132271e+00
5.110423158097383123e+00
5.106058399968413930e+00
5.101804640040860761e+00
5.097663700071661808e+00
5.093637200360353390e+00
5.089726563870502041e+00
5.085933020496765877e+00
5.082257611442031475e+00
5.078701193736687713e+00
5.075264444832244592e+00
5.071947867303844504e+00
5.068751793629346025e+00
5.065676391071066931e+00
5.062721666588871905e+00
5.059887471839603634e+00
5.057173508206003198e+00
5.054579331890345806e+00
5.052104359020205493e+00
5.049747870786208459e+00
5.047509035432233837e+00
5.045386909836507172e+00
5.043380421381862710e+00
5.041488381401703300e+00
5.039709490380321455e+00
5.038042343126999612e+00
5.036485433933035161e+00
5.035037161700743447e+00
5.033695835043623390e+00
5.032459677340069604e+00
5.031326831743521133e+00
5.030295366134711621e+00
5.029363278044014507e+00
5.028528499481843106e+00
5.027788901719410397e+00
5.027142299998396346e+00
5.026586458167304095e+00
5.026119093235296376e+00
5.025737879851373435e+00
5.025440454692615688e+00
5.025224420770251221e+00
5.025087351641377431e+00
5.025026795527483436e+00
5.025040279336679738e+00
5.025125312591437243e+00
5.025279391239842575e+00
5.025500001393568006e+00
5.025784622932896184e+00
5.026130733020270469e+00
5.026535809501972984e+00
5.026997334202399692e+00
5.027512796107712845e+00
5.028079694443394310e+00
5.028695541636301058e+00
5.029357866163731039e+00
5.030064215308946096e+00
5.030812157778472127e+00
5.031599286221502432e+00
5.032423219639983181e+00
5.033281605682203619e+00
5.034172122827357043e+00
5.035092482460739483e+00
5.036040430839975102e+00
5.037013750950214863e+00
5.038010264255066595e+00
5.039027832339424862e+00
5.040064358448261395e+00
5.041117788919376785e+00
5.042186114515189388e+00
5.043267371644799546e+00
5.044359643506768798e+00
5.045461061124630220e+00
5.046569804275826243e+00
5.047684102336448042e+00
5.048802235032168184e+00
5.049922533096279587e+00
5.051043378838422804e+00
5.052163206641174575e+00
5.053280503350795705e+00
5.054393808597596127e+00
5.055501715036809784e+00
5.056602868506370640e+00
5.057695968112151164e+00
5.058779767908968772e+00
5.059853089966067863e+00
5.060914803121765004e+00
5.061963828681093069e+00
5.062999140136705378e+00
5.064019762858515961e+00
5.065024773694414506e+00
5.066013300532593355e+00
5.066984521797356145e+00
5.067937665916103285e+00
5.068872010729771560e+00
5.069786882842691078e+00
5.070681656940025483e+00
5.071555755060974668e+00
5.072408645849121100e+00
5.073239843737576749e+00
5.074048908117597456e+00
5.074835442470471136e+00
5.075599093469258527e+00
5.076339550044911775e+00
5.077056542449845722e+00
5.077749841273536013e+00
5.078419256438744256e+00
5.079064636190758542e+00
5.079685866058932575e+00
5.080282867809605030e+00
5.080855598373737791e+00
5.081404048768656700e+00
5.081928243009790513e+00
5.082428237017232675e+00
5.082904117511535702e+00
5.083356000899593496e+00
5.083784032159526234e+00
5.084188383734757011e+00
5.084569254405121086e+00
5.084926868183465842e+00
5.085261473200041848e+00
5.085573340594345737e+00
5.085862763418717236e+00
5.086130055529119787e+00
5.086375550504365961e+00
5.086599600559029710e+00
5.086802575475529942e+00
5.086984861550900128e+00
5.087146860535930237e+00
5.087288988612602481e+00
5.087411675378800346e+00
5.087515362826238174e+00
4.907025385125733052e+00
4.797025284300839409e+00
4.689467872103430857e+00
4.584298905603854557e+00
4.481465346403965100e+00
4.380915333889012331e+00
4.282598159073496724e+00
4.186464239027815282e+00
4.092465091872797167e+00
4.000553312329507172e+00
3.910682547812010412e+00
3.822807475051011483e+00
3.736883777236608584e+00
3.652868121668610080e+00
3.570718137903160727e+00
3.490392396384646823e+00
3.411850387552104458e+00
3.335052501409599301e+00
3.259960007550267935e+00
3.186535035623954570e+00
3.114740556238583036e+00
3.044540362285639290e+00
2.975899050680349767e+00
2.908782004507333152e+00
2.843155375562734122e+00
2.778986067284034966e+00
2.716241718058922672e+00
2.654890684904811948e+00
2.594902027510779252e+00
2.536245492633868004e+00
2.478891498841892638e+00
2.422811121595046746e+00
2.367976078658792893e+00
2.314358715840680869e+00
2.261931993043890365e+00
2.210669470630478806e+00
2.160545296087444722e+00
2.111534190988894721e+00
2.063673848940107636e+00
2.017013446832030432e+00
1.971584399603526716e+00
1.927415082519773781e+00
1.884530893789238659e+00
1.842954423078207338e+00
1.802706148027167554e+00
1.763803428994420219e+00
1.726260886693434138e+00
1.690090476281956633e+00
1.655301563175280544e+00
1.621901000389443626e+00
1.589893917069495455e+00
1.559282786594434755e+00
1.530067769400887290e+00
1.502246800859106779e+00
1.475815674296725222e+00
1.450768124562541228e+00
1.427095911967510844e+00
1.404788906446613472e+00
1.383835619273397599e+00
1.364222684626098081e+00
1.345935049109317605e+00
1.328956077067492636e+00
1.313267634486686042e+00
1.298850172318530838e+00
1.285682809067478338e+00
1.273743412561870070e+00
1.263008680790921323e+00
1.253454221697734905e+00
1.245054631843052872e+00
1.237783573834445150e+00
1.231613852460947900e+00
1.226517489404696848e+00
1.222465796509583980e+00
1.219429447486656493e+00
1.217378548024742768e+00
1.216282704235721157e+00
1.216111089381829435e+00
1.216832508834073456e+00
1.218415463220241524e+00
1.220828209727466085e+00
1.224038821522767995e+00
1.228015245265349886e+00
1.232725356684883922e+00
1.238137014213414711e+00
1.244218110651320375e+00
1.250936622852842017e+00
1.258260659433635853e+00
1.266158506493259450e+00
1.274598671358021296e+00
1.283549924345239290e+00
1.292981338553414128e+00
1.302862327696853173e+00
1.313162682007068094e+00
1.323852602192263861e+00
1.334902731491462102e+00
1.346284185843739323e+00
1.357968582205647312e+00
1.369928065030745712e+00
1.382135330927001471e+00
1.394563651555244865e+00
1.407186894765400265e+00
1.419979544045109954e+00
1.432916716267510049e+00
1.445974177803126759e+00
1.459128359040922307e+00
1.472356367323556459e+00
1.485635998358066923e+00
1.498945746154974001e+00
1.512265015582549443e+00
1.525573897138915447e+00
1.538853174090365483e+00
1.552084347132877795e+00
1.565249637236774349e+00
1.578331987268184244e+00
1.591315062455147533e+00
1.604183249711910175e+00
1.616921655880192210e+00
1.629516104932616338e+00
1.641953134189782615e+00
1.654219989559034598e+00
1.666304619874246384e+00
1.678195670360840497e+00
1.689882475271040185e+00
1.701355049732257152e+00
1.712604080849472687e+00
1.723620918098601074e+00
1.734397563058765579e+00
1.744926658515896234e+00
1.755201476980957631e+00
1.765215991213890723e+00
1.774964855206661252e+00
1.784443263745419284e+00
1.793646982687878477e+00
1.802572335183057373e+00
1.811216187539077316e+00
1.819575934776079817e+00
1.827649485894617509e+00
1.835435248904364824e+00
1.842932115618979072e+00
1.850139446273285859e+00
1.857057053971318483e+00
1.863685189015067856e+00
1.870024523125089821e+00
1.876076133587865735e+00
1.881841487353625997e+00
1.887322425111654045e+00
1.892521145363166513e+00
1.897440188530884697e+00
1.902082421101374710e+00
1.906451019845224693e+00
1.910549456128522339e+00
1.914381480322220552e+00
1.917951106367958625e+00
1.921262596464297978e+00
1.924320445941682500e+00
1.927129368306335078e+00
1.929694280478168933e+00
1.932020288268261998e+00
1.934112672054173254e+00
1.935976872713430108e+00
1.937618477803592532e+00
1.939043208020694742e+00
1.940256903915811293e+00
1.941265512905979707e+00
1.942075076588191784e+00
1.942691718358497299e+00
1.943121631322309861e+00
1.943371066554886895e+00
1.943446321663452325e+00
1.943353729695812548e+00
1.943099648374463362e+00
1.942690449684266296e+00
1.942132509788668138e+00
1.941432199318708474e+00
1.940595873984092723e+00
1.939629865563153421e+00
1.938540473224858562e+00
1.937333955211260283e+00
1.936016520887048342e+00
1.934594323120266024e+00
1.933073451036098955e+00
1.931459923117200050e+00
1.929759680639801189e+00
1.927978581483332787e+00
1.926122394255156411e+00
1.924196792777507214e+00
1.922207350904815204e+00
1.920159537673440608e+00
1.918058712779958874e+00
1.915910122392553872e+00
1.913718895279013399e+00
1.911490039240327787e+00
1.909228437858508709e+00
1.906938847549135563e+00
1.904625894907812089e+00
1.902294074343271024e+00
1.899947746011497518e+00
1.897591133999498858e+00
1.895228324798700514e+00
1.892863266033763425e+00
1.890499765450063485e+00
1.888141490144048529e+00
1.885791966037072775e+00
1.883454577579511957e+00
1.881132567679678402e+00
1.878829037862517204e+00
1.876546948617379584e+00
1.874289119957300853e+00
1.872058232171961656e+00
1.869856826763945046e+00
1.867687307564628973e+00
1.865551942013053521e+00
1.863452862605445182e+00
1.861392068491550145e+00
1.859371427219119965e+00
1.857392676615887250e+00
1.855457426801635945e+00
1.853567162322699691e+00
1.851723244401291213e+00
1.849926913292162967e+00
1.848179290739204506e+00
1.846481382524676640e+00
1.844834081103915668e+00
1.843238168318449555e+00
1.841694318180602030e+00
1.840203099723793256e+00
1.838764979902282493e+00
1.837380326563608834e+00
1.836049411444176549e+00
1.834772413214228015e+00
1.833549420554493548e+00
1.832380435258387452e+00
1.831265375356948999e+00
1.830204078260356138e+00
1.829196303907719034e+00
1.828241737923587129e+00
1.827339994772863463e+00
1.826490620911142448e+00
1.825693097933456910e+00
1.824946845701926668e+00
1.824251225461681836e+00
1.823605542926389766e+00
1.823009051337519892e+00
1.822460954502955532e+00
1.821960409796197888e+00
1.821506531120308470e+00
1.821098391831655228e+00
1.820735027622222058e+00
1.820415439352513820e+00
1.820138595840259832e+00
1.819903436595564861e+00
1.819708874503353169e+00
1.819553798450212145e+00
1.819437075894190459e+00
1.819357555376686753e+00
1.819314068965632858e+00
1.819305434647758402e+00
1.819330458640940007e+00
1.819387937665787325e+00
1.819476661120813077e+00
1.819595413219483593e+00
1.819742975036376276e+00
1.819918126494588506e+00
1.820119648277984670e+00
1.820346323683784240e+00
1.820596940401378427e+00
1.820870292207695806e+00
1.821165180616663770e+00
1.821480416426924709e+00
1.821814821227916603e+00
1.822167228826321761e+00
1.822536486594065641e+00
1.822921456755914882e+00
1.823321017601250871e+00
1.823734064643323327e+00
1.824159511691847868e+00
1.824596291870081100e+00
1.825043358561654339e+00
1.825499686294235868e+00
1.825964271558833341e+00
1.826436133565362052e+00
1.826914314938320683e+00
1.827397882350231484e+00
1.827885927095994179e+00
1.828377565608987121e+00
1.828871939915696299e+00
1.829368218052103590e+00
1.829865594400477802e+00
1.830363289986384867e+00
1.830860552734215885e+00
1.831356657649647834e+00
1.831850906979075821e+00
1.832342630301898145e+00
1.832831184581869444e+00
1.833315954188720731e+00
1.833796350858942770e+00
1.834271813624829273e+00
1.834741808703137522e+00
1.835205829347837492e+00
