-6.330501110787514207e-01
-6.357152446811845659e-01
-6.197306756315021925e-01
-5.966140521466296587e-01
-5.754511460538810352e-01
-5.552026022343671263e-01
-5.371404342417159805e-01
-5.197876642720444806e-01
-5.039933447549915790e-01
-4.888491483743342414e-01
-4.751504611980277293e-01
-4.622771933034299785e-01
-4.502132912394323228e-01
-4.391868898440574043e-01
-4.284878112275931628e-01
-4.189680116509697516e-01
-4.098324453855592964e-01
-4.011244486583804836e-01
-3.933689900223589220e-01
-3.858021666558140161e-01
-3.786795142599732600e-01
-3.722840838637688776e-01
-3.660193730455034711e-01
-3.600552210430545408e-01
-3.545508495745512967e-01
-3.479107161754737554e-01
-3.403155602354175358e-01
-3.322585725928495215e-01
-3.237574343599605164e-01
-3.147931585423271450e-01
-3.055302510356221468e-01
-2.961212566689939152e-01
-2.867041219063803936e-01
-2.774002877723633631e-01
-2.683134914050895325e-01
-2.595292256495529415e-01
-2.511148304954549104e-01
-2.431200962909518815e-01
-2.355783292880944124e-01
-2.285077636160952608e-01
-2.219132205112153144e-01
-2.157879272146248084e-01
-2.101154143359322823e-01
-2.048714014044841214e-01
-2.000256345596271856e-01
-1.955436112012240990e-01
-1.913881601560500911e-01
-1.875208583767724591e-01
-1.839032702836274069e-01
-1.804979810433215981e-01
-1.772694606935778516e-01
-1.741847350941125860e-01
-1.712138846288651095e-01
-1.683303824410580241e-01
-1.655112863686145630e-01
-1.627373032021424137e-01
-1.599927396307232463e-01
-1.572653637767746915e-01
-1.545461880385934350e-01
-1.518291948438434957e-01
-1.491110226157195129e-01
-1.463906228917859487e-01
-1.436689054523414555e-01
-1.409483825992259298e-01
-1.382328169131334938e-01
-1.355268976412058457e-01
-1.328359296875207818e-01
-1.301655567869048902e-01
-1.275215165883363255e-01
-1.249094296922050873e-01
-1.223346231105519877e-01
-1.198019978521385198e-01
-1.173159082346031390e-01
-1.148801046845244755e-01
-1.124976729305258161e-01
-1.101710243038276360e-01
-1.079018982472881305e-01
-1.056913806974497660e-01
-1.035399456607044577e-01
-1.014475137403763050e-01
-9.941349757045125912e-02
-9.743687679429191562e-02
-9.551626486857722753e-02
-9.364997854334999872e-02
-9.183610597174007850e-02
-9.007257172097871134e-02
-8.835719663882635189e-02
-8.668775411420615029e-02
-8.506201654766654130e-02
-8.347779850924608169e-02
-8.193299094725370324e-02
-8.042558873916494377e-02
-7.895371288143149258e-02
-7.751562522069743721e-02
-7.610973544873456120e-02
-7.473460756604843880e-02
-7.338895797306888014e-02
-7.207165180742469701e-02
-7.078169484190910410e-02
-6.951822284974973343e-02
-6.828049226550536588e-02
-6.706786317469193293e-02
-6.587978926881099540e-02
-6.471580153733658136e-02
-6.357549507851656401e-02
-6.245851633821342119e-02
-6.136454990495288087e-02
-6.029330878999461518e-02
-5.924452272534885822e-02
-5.821793029963728827e-02
-5.721327192817904361e-02
-5.623028335954893819e-02
-5.526869076385843016e-02
-5.432820859804410318e-02
-5.340853472530326940e-02
-5.250935151868585393e-02
-5.163032507087583767e-02
-5.077110529668393823e-02
-4.993132714891279633e-02
-4.911061222773982493e-02
-4.830857089420570460e-02
-4.752480403994763236e-02
-4.675890622709566458e-02
-4.601046766979877134e-02
-4.527907692033705800e-02
-4.456432272582633303e-02
-4.386579695491832354e-02
-4.318309610274262411e-02
-4.251582317895596930e-02
-4.186358922363542234e-02
-4.122601456335672765e-02
-4.060272980635515339e-02
-3.999337658325874401e-02
-3.939760804632275182e-02
-3.881508914505005237e-02
-3.824549669985621847e-02
-3.768851929803052059e-02
-3.714385715727397397e-02
-3.661122126547855515e-02
-3.609033361803337669e-02
-3.558092630174503057e-02
-3.508274053073812127e-02
-3.459552672614529811e-02
-3.411904339134919084e-02
-3.365305659080730649e-02
-3.319733932977708690e-02
-3.275167096589948201e-02
-3.231583666154103085e-02
-3.188962688344432195e-02
-3.147283695387903535e-02
-3.106526665555175981e-02
-3.066671989065161696e-02
-3.027700439296809876e-02
-2.989593149059421862e-02
-2.952331591589274495e-02
-2.915897565844094430e-02
-2.880273185631265775e-02
-2.845440872055027270e-02
-2.811383348771689938e-02
-2.778083639530937177e-02
-2.745525067510889983e-02
-2.713691255968520011e-02
-2.682566141739828325e-02
-2.652133929397582079e-02
-2.622379165344979057e-02
-2.593286691934260091e-02
-2.564841661173700160e-02
-2.537029535885526599e-02
-2.509836090174921708e-02
-2.483247409112498971e-02
-2.457249899532287785e-02
-2.431830240142307531e-02
-2.406975462495619666e-02
-2.382672851512745993e-02
-2.358910024927318716e-02
-2.335674880266136455e-02
-2.312955601175481490e-02
-2.290740651268707850e-02
-2.269018767577701823e-02
-2.247778965661328954e-02
-2.227010484715963301e-02
-2.206702864201881553e-02
-2.186845840900186744e-02
-2.167429425584233016e-02
-2.148443848076686535e-02
-2.129879562362146928e-02
-2.111727239931049382e-02
-2.093977763360488353e-02
-2.076622232110869604e-02
-2.059651920766158995e-02
-2.043058309396217354e-02
-2.026833054350563046e-02
-2.010968019171865961e-02
-1.995455233962850627e-02
-1.980286902933903193e-02
-1.965455412166283722e-02
-1.950953277810674180e-02
-1.936773214179909886e-02
-1.922908082273711017e-02
-1.909350898378781025e-02
-1.896094842776419043e-02
-1.883133208781817558e-02
-1.870459483525621636e-02
-1.858067249267891796e-02
-1.845950264389006890e-02
-1.834102412692706352e-02
-1.822517712671034573e-02
-1.811190314828037273e-02
-1.800114510983252814e-02
-1.789284683811942500e-02
-1.778695376098360370e-02
-1.768341240252180313e-02
-1.758217059703826024e-02
-1.748317698540091669e-02
-1.738638170851203313e-02
-1.729173590341259725e-02
-1.719919179876994164e-02
-1.710870269076147920e-02
-1.702022291932214770e-02
-1.693370784470715762e-02
-1.684911382445175576e-02
-1.676639819072889281e-02
-1.668551922810568300e-02
-1.660643615179058230e-02
-1.652910920574957032e-02
-1.645349916337801588e-02
-1.637956802550366575e-02
-1.630727852126323540e-02
-1.623659420856471414e-02
-1.616747945515717433e-02
-1.609989942018463793e-02
-1.603382003622533247e-02
-1.596920811125812634e-02
-1.590603083313579802e-02
-1.584425647135079274e-02
-1.578385400110748904e-02
-1.572479272894344859e-02
-1.566704299573595804e-02
-1.561057568249424321e-02
-1.555536231560683547e-02
-1.550137505258097903e-02
-1.544858666812087833e-02
-1.539697054052835412e-02
-1.534650063841747070e-02
-1.529715150773958143e-02
-1.524889825908282148e-02
-1.520171655527580157e-02
-1.515558259921778728e-02
-1.511047312202773441e-02
-1.506636549086781685e-02
-1.502323721909748500e-02
-1.498106679297972477e-02
-1.493983270306520339e-02
-1.489951427176672283e-02
-1.486009116368380845e-02
-1.482154361469945059e-02
-1.478385194348375009e-02
-1.474699726007511202e-02
-1.471096097705215655e-02
-1.467572492000535078e-02
-1.464127131836612250e-02
-1.460758279640073098e-02
-1.457464236442707062e-02
-1.454243341021577152e-02
-1.451093969057959399e-02
-1.448014532314845226e-02
-1.445003477833850525e-02
-1.442059299096065672e-02
-1.439180499353698295e-02
-1.436365614867396445e-02
-1.433613238089170849e-02
-1.430921992955669353e-02
-1.428290498324757962e-02
-1.425717439126961139e-02
-1.423201517773708957e-02
-1.420741465488406519e-02
-1.418336041665257952e-02
-1.415984033243544715e-02
-1.413684254096114756e-02
-1.411435556378259903e-02
-1.409236794042634244e-02
-1.407086846255811707e-02
-1.404984640756401504e-02
-1.402929117371831680e-02
-1.400919239469811117e-02
-1.398954005384878130e-02
-1.397032400057618418e-02
-1.395153466373022511e-02
-1.393316256750676274e-02
-1.391519844652266968e-02
-1.389763324115111942e-02
-1.388045809294213839e-02
-1.386366445964926086e-02
-1.384724363236200517e-02
-1.383118744961775448e-02
-1.381548781400043779e-02
-1.380013680792302466e-02
-1.378512668962983412e-02
-1.377045000876542247e-02
-1.375609912407504964e-02
-1.374206703752367531e-02
-1.451589279702147905e-02
-4.285532520614054874e-02
-5.910884895976131759e-02
-6.168644381765453488e-02
-6.411295238049596890e-02
-6.641784859795496487e-02
-6.860020652752307768e-02
-7.082000297952184553e-02
-7.340237046156650180e-02
-7.584765255956726904e-02
-7.815655616828776076e-02
-8.033022070758510935e-02
-8.275900019035908883e-02
-8.516604631151336591e-02
-8.743240111814198912e-02
-8.956009830785083281e-02
-9.155126660461299082e-02
-9.375572524726027979e-02
-9.592257881978927259e-02
-9.795108298948074221e-02
-9.984383077995184763e-02
-1.016033479631923697e-01
-1.033011430605643710e-01
-1.052485403126794949e-01
-1.070612113534945564e-01
-1.087420131895537878e-01
-1.102938975164899915e-01
-1.117198942330048794e-01
-1.130230964252350034e-01
-1.144563679641379395e-01
-1.158564426316219809e-01
-1.171364074184211290e-01
-1.182994110522574971e-01
-1.193485711817725559e-01
-1.202869721940462711e-01
-1.211176632406747444e-01
-1.219308311780746834e-01
-1.228398462845614603e-01
-1.236447276571519538e-01
-1.243485560633148523e-01
-1.249542998030204188e-01
-1.249607749232319875e-01
-1.243649309822538740e-01
-1.232070749418268107e-01
-1.215378732814071938e-01
-1.194154870672079483e-01
-1.170163232865331082e-01
-1.143332993317942581e-01
-1.113623895284705512e-01
-1.081686768061453918e-01
-1.048147387077271731e-01
-1.013593399127206141e-01
-9.785640184539357023e-02
-9.435428568432246976e-02
-9.089529532784190735e-02
-8.751544429739688269e-02
-8.424441071819011029e-02
-8.110567512613542362e-02
-7.811679964504936180e-02
-7.528981878983920240e-02
-7.263172735862877261e-02
-7.014502112353415697e-02
-6.782827841590588491e-02
-6.567675921734661415e-02
-6.368299972084390248e-02
-6.187833278526522207e-02
-6.021155931347177415e-02
-5.866423503346762658e-02
-5.722325981127251993e-02
-5.587547066640308202e-02
-5.460798267330968514e-02
-5.340846222903383733e-02
-5.226536333272413515e-02
-5.116809273056599494e-02
-5.010713066924310510e-02
-4.907411021206709023e-02
-4.806185051266531616e-02
-4.706435715177903489e-02
-4.607678639187540170e-02
-4.509539543447438348e-02
-4.411745633670083322e-02
-4.314116918148247493e-02
-4.216555781446551521e-02
-4.119036072011006411e-02
-4.021591943238878031e-02
-3.924306777546426872e-02
-3.827302311687574843e-02
-3.730729024517742687e-02
-3.634756350526302526e-02
-3.539564067099121303e-02
-3.445334835643087956e-02
-3.352249129653372961e-02
-3.260477765305402897e-02
-3.170179076325396750e-02
-3.081494875217405394e-02
-2.994548468296898136e-02
-2.909443031769853860e-02
-2.826260883931741574e-02
-2.745063437673689322e-02
-2.665891733326386515e-02
-2.588767451640894279e-02
-2.513694308660774368e-02
-2.440659738694694880e-02
-2.369636778015848932e-02
-2.300586069276899792e-02
-2.233457915562819807e-02
-2.168194322037919619e-02
-2.104730972735779915e-02
-2.042999099491549231e-02
-1.982927209237228539e-02
-1.924442644635249167e-02
-1.867472961100968831e-02
-1.811947110654354987e-02
-1.757796429539215666e-02
-1.704955432187293951e-02
-1.653362418846882065e-02
-1.602959908028545044e-02
-1.553694907913083512e-02
-1.505519043019454273e-02
-1.458388553856426739e-02
-1.412264188027112510e-02
-1.367111001396636993e-02
-1.322898087515422816e-02
-1.279598252872471420e-02
-1.237187654113380830e-02
-1.195645412262713592e-02
-1.154953217228360529e-02
-1.115094934165750118e-02
-1.076056221654475564e-02
-1.037824169685919173e-02
-1.000386963925592454e-02
-9.637335809185465507e-03
-9.278535175588409345e-03
-8.927365566508527195e-03
-8.583725691565291527e-03
-8.247513528474748057e-03
-7.918625058696449059e-03
-7.596953332829947669e-03
-7.282387840386483902e-03
-6.974814151884167757e-03
-6.674113802390913008e-03
-6.380164381236674842e-03
-6.092839792924742426e-03
-5.812010655958488314e-03
-5.537544806591299107e-03
-5.269307877028062137e-03
-5.007163920154766856e-03
-4.750976055879263527e-03
-4.500607117136290469e-03
-4.255920276675873026e-03
-4.016779640520162786e-03
-3.783050794254450011e-03
-3.554601294476711359e-03
-3.331301098526751048e-03
-3.113022929057684962e-03
-2.899642572114835559e-03
-2.691039108801973612e-03
-2.487095084212853635e-03
-2.287696615512757603e-03
-2.092733445230976486e-03
-1.902098944799313074e-03
-1.715690074385101127e-03
-1.533407305489120631e-03
-1.355154512570067027e-03
-1.180838840142861557e-03
-1.010370551369987879e-03
-8.436628633470277805e-04
-6.806317756105073613e-04
-5.211958946942374382e-04
-3.652762601857872937e-04
-2.127961752051987787e-04
-6.368104423160048100e-05
8.214177938548061775e-05
2.247431349946538148e-04
3.641921829009575617e-04
5.005565202393924551e-04
6.339022834485064095e-04
7.642942366512528451e-04
8.917958480045840020e-04
1.016469353467996939e-03
1.138375809690117535e-03
1.257575135864108518e-03
1.374126147336340864e-03
1.488086580858194452e-03
1.599513113268002940e-03
1.708461374547276534e-03
1.814985956987591464e-03
1.919140420146625559e-03
2.020977294755255116e-03
2.120548083976103726e-03
2.217903264939202757e-03
2.313092290273210949e-03
2.406163589470544650e-03
2.497164572228705026e-03
2.586141632655802880e-03
2.673140155192044176e-03
2.758204522666396485e-03
2.841378125255644704e-03
2.922703372622237339e-03
3.002221706475793894e-03
3.079973615677467080e-03
3.155998652857761044e-03
3.230335451490873311e-03
3.303021745437284551e-03
3.374094388081338991e-03
3.443589373106625828e-03
3.511541855427680048e-03
3.577986172414782118e-03
3.642955865283958872e-03
3.706483700425700079e-03
3.768601690479655986e-03
3.829341115086037917e-03
3.888732541161843415e-03
3.946805842623746230e-03
4.003590219354258295e-03
4.059114215872128284e-03
4.113405738817021984e-03
4.166492073667704688e-03
4.218399901202651847e-03
4.269155312734973506e-03
4.318783825099536955e-03
4.367310394481016544e-03
4.414759429606895935e-03
4.461154804673128638e-03
4.506519871695147117e-03
4.550877472014214220e-03
4.594249947261097589e-03
4.636659150410338270e-03
4.678126456047593251e-03
4.718672770406939776e-03
4.758318541091099974e-03
4.797083766540310990e-03
4.834988005271156908e-03
4.872050384880921570e-03
4.908289610916050094e-03
4.943723975538105719e-03
4.978371366072487092e-03
5.012249273416813367e-03
5.045374800332957932e-03
5.077764669602302661e-03
5.109435232111714242e-03
5.140402474790306542e-03
5.170682028455608759e-03
5.200289175559369426e-03
5.229238857789475503e-03
5.257545683590159058e-03
5.285223935544536289e-03
5.312287577555530049e-03
5.338750262316338535e-03
5.364625337718642584e-03
5.389925854412780382e-03
5.414664571946836702e-03
5.438853965583412275e-03
5.462506232967179187e-03
5.485633300225778441e-03
5.508246827969465187e-03
5.530358217498587692e-03
5.551978616839647884e-03
5.573118926313291865e-03
5.593789803963744589e-03
5.614001671173873831e-03
5.633764718277589623e-03
5.653088909127745865e-03
5.671983986858641913e-03
5.690459478236320479e-03
5.708524698801120678e-03
5.726188757512851168e-03
5.743460561312474510e-03
5.760348819629612649e-03
5.776862048742614775e-03
5.793008575968094931e-03
5.808796544099159576e-03
5.824233915220133895e-03
5.839328474858795914e-03
5.854087835559518282e-03
5.868519441267316950e-03
5.882630570475555487e-03
5.896428340203208052e-03
5.909919709483624217e-03
5.923111482836418418e-03
5.936010313694062290e-03
5.948622707731665571e-03
5.960955026147018998e-03
5.973013488850043018e-03
5.984804177592728536e-03
5.996333039027135214e-03
6.007605887701217284e-03
6.018628409007575897e-03
6.029406162031847316e-03
6.039944582358458547e-03
6.050248984818651365e-03
6.060324566096397803e-03
6.070176407686922460e-03
6.079809477961717334e-03
6.089228635008936408e-03
6.098438629012825629e-03
6.107444104640258331e-03
6.116249603326018303e-03
6.124859565898255198e-03
6.133278334303327028e-03
8.015142944616737708e-02
8.952499710704486802e-02
9.808574922244872596e-02
1.057115811929891791e-01
1.129340830609484314e-01
1.192711964644637135e-01
1.246733086235636279e-01
1.282045205273125710e-01
1.294869895655352821e-01
1.289427259258930647e-01
1.270727513529839037e-01
1.240754893192566044e-01
1.198909838557988827e-01
1.148796896491797170e-01
1.093963194672391559e-01
1.036124578301302890e-01
9.768302835951603313e-02
9.174468205867025716e-02
8.591490496125109289e-02
8.029174839096642202e-02
7.495409413154963119e-02
6.996237484400902318e-02
6.535966062757436745e-02
6.117303073304514172e-02
5.741517150565256244e-02
5.408611643373451017e-02
5.117507960024259006e-02
4.866228936475769373e-02
4.649666220285642027e-02
4.455834608305453415e-02
4.293421009886433382e-02
4.158771607557953942e-02
4.048091822255894812e-02
3.957568805500466524e-02
3.883477473982877015e-02
3.822265977036742868e-02
3.770627684519256562e-02
3.725552941843046639e-02
3.684366126238991512e-02
3.644748000150199729e-02
3.604744850460583905e-02
3.562766126381733400e-02
3.517572760142995136e-02
3.468257216567005585e-02
3.414217672981845197e-02
3.355127843289462675e-02
3.290902595567679612e-02
3.221664460443207645e-02
3.147707194188953395e-02
3.069461654326932631e-02
2.987461424707316127e-02
2.902313148025559286e-02
2.814667318464669776e-02
2.725193019574767561e-02
2.634556058451220650e-02
2.543400069707413280e-02
2.452331531941931431e-02
2.361907683370301214e-02
2.272627837457186217e-02
2.184927291862681642e-02
2.099174239014711674e-02
2.015668704977757741e-02
1.934643936067015346e-02
1.856268641261937802e-02
1.780651538872790596e-02
1.707846199581108948e-02
1.637857161988387489e-02
1.570646354270532896e-02
1.506139789955840413e-02
1.444233231320835031e-02
1.384800175110090237e-02
1.327697283409667861e-02
1.272769292133135721e-02
1.219855830405736086e-02
1.168794807637496547e-02
1.119426706444714981e-02
1.071597928580114711e-02
1.025163471688994576e-02
9.799888455334748727e-03
9.359521138231130521e-03
8.929438890315832822e-03
8.508684801704191614e-03
8.096438457285248802e-03
7.692009409085542870e-03
7.294836464091680739e-03
6.904473177927084038e-03
6.520580836651301837e-03
6.142915980113627938e-03
5.771317918252361068e-03
5.405696045337027300e-03
5.046017157047888446e-03
4.692293276777448341e-03
4.344570103520517534e-03
4.002916360566377563e-03
3.667414208857966429e-03
3.338150005045115165e-03
3.015210261658740620e-03
2.698671367987071079e-03
2.388596309355506264e-03
2.085032947177545282e-03
1.788008765716497805e-03
1.497531217474090681e-03
1.213586165309088472e-03
9.361377809748994139e-04
6.651297141804235480e-04
4.004861983575302986e-04
1.421137213135637012e-04
-1.100965599394321259e-04
-3.562683748761230618e-04
-5.965354273724798873e-04
-8.310408114935441404e-04
-1.059933827239678550e-03
-1.283369536571044023e-03
-1.501504082921822913e-03
-1.714494558965995452e-03
-1.922496887575508850e-03
-2.125664371332991465e-03
-2.324146467458820808e-03
-2.518087554745029877e-03
-2.707627113250232753e-03
-2.892897305285746512e-03
-3.074025300754179568e-03
-3.251130020572645662e-03
-3.424324561907443609e-03
-3.593715403492847571e-03
-3.759402306211523381e-03
-3.921478905919428826e-03
-4.080033312519937283e-03
-4.235148405107747038e-03
-4.386902307643048005e-03
-4.535368880036028116e-03
-4.680618209867759560e-03
-4.822717092325845556e-03
-4.961729487800159433e-03
-5.097716949054920121e-03
-5.230739011656826420e-03
-5.360853543356913775e-03
-5.488116901736006525e-03
-5.612584639022699662e-03
-5.734311277706183319e-03
-5.853350390967460015e-03
-5.969755451527003487e-03
-6.083579214108514321e-03
-6.194874015978513171e-03
-6.303691809847133953e-03
-6.410084171409202725e-03
-6.514102285671174997e-03
-6.615796916332516986e-03
-6.715218362208563718e-03
-6.812416404433641048e-03
-6.907440247930551891e-03
-7.000338460112054406e-03
-7.091158909640959962e-03
-7.179948707333849711e-03
-7.266754151206367141e-03
-7.351620677059855780e-03
-7.434592815600549187e-03
-7.515714157010577878e-03
-7.595027323128444863e-03
-7.672573947566263541e-03
-7.748394663536828375e-03
-7.822529099068553649e-03
-7.895015879193945096e-03
-7.965892634354876378e-03
-8.035196014466006176e-03
-8.102961707783240541e-03
-8.169224463812518877e-03
-8.234018119451125273e-03
-8.297375627627445738e-03
-8.359329087630040789e-03
-8.419909776534506562e-03
-8.479148181035789378e-03
-8.537074029149938070e-03
-8.593716321390498791e-03
-8.649103360874654811e-03
-8.703262782222775940e-03
-8.756221578859690879e-03
-8.808006128626644227e-03
-8.858642217580481315e-03
-8.908155061897016225e-03
-8.956569327958074922e-03
-9.003909150569366915e-03
-9.050198149437083117e-03
-9.095459444072417909e-03
-9.139715667136005806e-03
-9.182988976415007443e-03
-9.225301065672208978e-03
-9.266673174412431990e-03
-9.307126096724793740e-03
-9.346680189469047662e-03
-9.385355379835313983e-03
-9.423171172406874518e-03
-9.460146655974721597e-03
-9.496300510031030484e-03
-9.531651011176034416e-03
-9.566216039433417251e-03
-9.600013084589686940e-03
-9.633059252545983497e-03
-9.665371271760481164e-03
-9.696965499788490206e-03
-9.727857929958894090e-03
-9.758064198110094623e-03
-9.787599589515583176e-03
-9.816479045813952808e-03
-9.844717172081907108e-03
-9.872328243961447924e-03
-9.899326214788839451e-03
-9.925724722745332684e-03
-9.951537098028317985e-03
-9.976776369941653400e-03
-1.000145527393536682e-02
-1.002558625854543806e-02
-1.004918149227407298e-02
-1.007225287027502247e-02
-1.009481202095141583e-02
-1.011687031240349199e-02
-1.013843885866672068e-02
-1.015952852584334209e-02
-1.018014993801497070e-02
-1.020031348300109997e-02
-1.022002931794263603e-02
-1.023930737470557517e-02
-1.025815736510127252e-02
-1.027658878599346792e-02
-1.029461092418060275e-02
-1.031223286115467985e-02
-1.032946347773844309e-02
-1.034631145856135248e-02
-1.036278529637790768e-02
-1.037889329631935809e-02
-1.039464357999442257e-02
-1.041004408949364191e-02
-1.042510259129469929e-02
-1.043982668006915304e-02
-1.045422378237814698e-02
-1.046830116035746272e-02
-1.048206591522893305e-02
-1.049552499079764445e-02
-1.050868517687009174e-02
-1.052155311258706760e-02
-1.053413528970281732e-02
-1.054643805578425741e-02
-1.055846761739998030e-02
-1.057023004316537396e-02
-1.058173126679529119e-02
-1.059297709008344412e-02
-1.060397318580275083e-02
-1.061472510056882257e-02
-1.062523825762617946e-02
-1.063551795961892310e-02
-1.064556939125260726e-02
-1.065539762193257189e-02
-1.066500760833521966e-02
-1.067440419693310716e-02
-1.068359212645964007e-02
-1.069257603032403026e-02
-1.070136043895519862e-02
-1.070994978211636806e-02
-1.071834839116414528e-02
-1.072656050122411386e-02
-1.073459025337752948e-02
-1.074244169672811111e-02
-1.075011879047771401e-02
-1.075762540592473115e-02
-1.076496532842252662e-02
-1.077214225929346014e-02
-1.077915981769894671e-02
-1.078602154247265688e-02
-1.079273089389154450e-02
-1.079929125543799273e-02
-1.080570593549046166e-02
-1.081197816898882280e-02
-1.081811111907393652e-02
-1.082410787867882362e-02
-1.082997147206832267e-02
-1.083570485637386227e-02
-1.084131092307805133e-02
-1.084679249948150570e-02
-1.085215235009373558e-02
-1.085739317804845783e-02
-1.086251762645984442e-02
-1.086752827974990510e-02
-1.087242766495100099e-02
-1.087721825297993661e-02
-1.088190245987785687e-02
-1.088648264802705157e-02
-1.089096112735177257e-02
-1.089534015647330989e-02
-1.089962194384419547e-02
-1.090380864887308121e-02
-1.090790238301186932e-02
-1.091190521081886189e-02
-1.091581915099526512e-02
-1.091964617740748267e-02
-1.092338822008942500e-02
-1.092704716621373251e-02
-1.093062486103946185e-02
-1.093412310884467331e-02
-1.093754367383814596e-02
-1.094088828105110878e-02
9.140793161075855267e-03
-1.805003428129081655e-02
-3.725556642727623213e-02
-4.598366969471356924e-02
-4.906465335393672689e-02
-5.198620502064965621e-02
-5.475137378692185308e-02
-5.771180917664686660e-02
-6.061458554796406162e-02
-6.336131696889690801e-02
-6.595543415761895290e-02
-6.840044068289508061e-02
-7.069989766172390944e-02
-7.297989737474974703e-02
-7.533466557345125381e-02
-7.754795299811512166e-02
-7.962336752910026405e-02
-8.156447689738932638e-02
-8.337480664083951609e-02
-8.505783826931434533e-02
-8.661700762512758445e-02
-8.832097782876680014e-02
-8.992393053571667849e-02
-9.140782408942360604e-02
-9.277604258897298450e-02
-9.403185429133653628e-02
-9.517841917106473204e-02
-9.621879584617154535e-02
-9.715594792125870072e-02
-9.803061255287826015e-02
-9.907269595555412423e-02
-1.000141993212189107e-01
-1.008580244908063861e-01
-1.016070606149614974e-01
-1.022641789737583906e-01
-1.028322283204348153e-01
-1.033140307078959097e-01
-1.037123777599466834e-01
-1.040300273521710395e-01
-1.042697006699215834e-01
-1.045026015961081356e-01
-1.047816595599426748e-01
-1.049877694645680037e-01
-1.051234205636664143e-01
-1.051910428387952123e-01
-1.051930119037898237e-01
-1.051316435526485904e-01
-1.050092015786479038e-01
-1.045325539339616583e-01
-1.036603288938158229e-01
-1.024117763951277738e-01
-1.008144291907671075e-01
-9.890215402241242515e-02
-9.671330756596674405e-02
-9.428906070274045703e-02
-9.167189055918179008e-02
-8.890424661068951906e-02
-8.603853168335273693e-02
-8.311266274555517697e-02
-8.014247109996652796e-02
-7.716215728560804621e-02
-7.420222000505827253e-02
-7.128919493546348463e-02
-6.844920562226874949e-02
-6.571833249362946106e-02
-6.309292874164729170e-02
-6.058251720686413933e-02
-5.819319302800618487e-02
-5.592794730868799746e-02
-5.378704016459856518e-02
-5.176835846235494643e-02
-4.986781284881924847e-02
-4.807971307173630748e-02
-4.639713193361405530e-02
-4.481224861670174420e-02
-4.331666438315995293e-02
-4.190168535023364171e-02
-4.055857862851119933e-02
-3.927878165993803350e-02
-3.805408062927639889e-02
-3.687675558937542064e-02
-3.573970329378362010e-02
-3.463649502937293789e-02
-3.356144051493714642e-02
-3.250960858380391727e-02
-3.147682839687604428e-02
-3.045966779843478633e-02
-2.945541273228347023e-02
-2.846199865881882118e-02
-2.747796769933685823e-02
-2.650239795454734093e-02
-2.553484629647684301e-02
-2.457526909956797567e-02
-2.362394682806012725e-02
-2.268142811709505935e-02
-2.174845601899377812e-02
-2.082592249008907714e-02
-1.991479402108797814e-02
-1.901607625520096434e-02
-1.813077012169728164e-02
-1.725983523239627004e-02
-1.640416140949874091e-02
-1.556454611778068653e-02
-1.474167782766944157e-02
-1.393612486095285874e-02
-1.314832919538400091e-02
-1.237860465311335645e-02
-1.162713886942690067e-02
-1.089399842949312358e-02
-1.017913656909374964e-02
-9.482402858320249095e-03
-8.803554321346496181e-03
-8.142267489334109598e-03
-7.498150933283653785e-03
-6.870757878222555348e-03
-6.259598557024403931e-03
-5.664152018941770450e-03
-5.083877543912151964e-03
-4.518223571984059106e-03
-3.966637909570636111e-03
-3.428575144538648090e-03
-2.903503264819917717e-03
-2.390909598576129724e-03
-1.890304348011184743e-03
-1.401224395890743324e-03
-9.232353421264605231e-04
-4.559327643542943065e-04
1.057354198863436068e-06
4.480789215772773559e-04
8.854466462402399429e-04
1.313447448344717827e-03
1.732342424451971397e-03
2.142368465085198181e-03
2.543740925393223051e-03
2.936656181518060293e-03
3.321293760366827996e-03
3.697818853519052595e-03
4.066384640794673544e-03
4.427134483107941776e-03
4.780203948752337340e-03
5.125722663357201725e-03
5.463815886323608595e-03
5.794605966078947290e-03
6.118213510256431675e-03
6.434758354579628303e-03
6.744360325106057985e-03
7.047139804165603039e-03
7.343218117988214999e-03
7.632717763027763169e-03
7.915762490970479348e-03
8.192477272741527372e-03
8.462988161880069526e-03
8.727422077790869537e-03
8.985906526602249755e-03
9.238569279294672754e-03
9.485538021944073250e-03
9.726939993707439669e-03
9.962901623916664562e-03
1.019354818081374958e-02
1.041900343950974417e-02
1.063938937678443608e-02
1.085482588179509378e-02
1.106543056708630957e-02
1.127131852055818229e-02
1.147260216081491535e-02
1.166939111465925549e-02
1.186179213170568403e-02
1.204990903439728811e-02
1.223384269956540038e-02
1.241369106991463411e-02
1.258954919076860079e-02
1.276150926928121265e-02
1.292966075112467195e-02
1.309409041269304907e-02
1.325488246396133718e-02
1.341211865927327551e-02
1.356587841287737461e-02
1.371623891640627591e-02
1.386327525633301860e-02
1.400706052813927016e-02
1.414766594713423586e-02
1.428516095330500946e-02
1.441961330958463350e-02
1.455108919280156954e-02
1.467965329282883147e-02
1.480536883959704397e-02
1.492829771793235949e-02
1.504850051137740508e-02
1.516603655334058942e-02
1.528096397220579661e-02
1.539333972955780894e-02
1.550321965310530459e-02
1.561065846372233779e-02
1.571570979887049191e-02
1.581842623195228725e-02
1.591885928868208566e-02
1.601705946107756517e-02
1.611307621956381553e-02
1.620695802428251397e-02
1.629875231843236350e-02
1.638850558718019101e-02
1.647626331839813218e-02
1.656207002915888182e-02
1.664596927617711941e-02
1.672800366698456997e-02
1.680821487189376739e-02
1.688664363669811763e-02
1.696332979672998675e-02
1.703831229083885290e-02
1.711162917701880559e-02
1.718331764878211487e-02
1.725341405135694117e-02
1.732195389930790697e-02
1.738897189443733282e-02
1.745450194374509323e-02
1.751857717753413368e-02
1.758122996812616634e-02
1.764249194806311039e-02
1.770239402872597623e-02
1.776096641824587152e-02
1.781823863918319262e-02
1.787423954627342937e-02
1.792899734334252315e-02
1.798253960029772003e-02
1.803489326877727450e-02
1.808608469798844709e-02
1.813613965004368112e-02
1.818508331434376402e-02
1.823294032143163435e-02
1.827973475679822712e-02
1.832549017368556576e-02
1.837022960597067822e-02
1.841397557967638932e-02
1.845675012493863676e-02
1.849857478709537872e-02
1.853947063748417889e-02
1.857945828387652654e-02
1.861855788061905770e-02
1.865678913838486608e-02
1.869417133374362550e-02
1.873072331840841542e-02
1.876646352826227826e-02
1.880140999219470643e-02
1.883558034071075582e-02
1.886899181438472795e-02
1.890166127204384594e-02
1.893360519923348306e-02
1.896483971564233428e-02
1.899538058331007306e-02
1.902524321419107878e-02
1.905444267775457945e-02
1.908299370837518438e-02
1.911091071258042007e-02
1.913820777653008065e-02
1.916489867259851820e-02
1.919099686658576331e-02
1.921651552447656286e-02
1.924146751907418462e-02
1.926586543654451589e-02
1.928972158283848159e-02
1.931304798996791305e-02
1.933585642213486722e-02
1.935815838177923354e-02
1.937996511544515243e-02
1.940128761954618142e-02
1.942213664599989897e-02
1.944252270772306446e-02
1.946245608391716786e-02
1.948194682558845869e-02
1.950100476048532983e-02
1.951963949795221254e-02
1.953786043405791872e-02
1.955567675630565105e-02
1.957309744825774800e-02
1.959013129411779630e-02
1.960678688315375950e-02
1.962307261405182857e-02
1.963899669913082846e-02
1.965456716849711682e-02
1.966979187409734209e-02
1.968467849361932309e-02
1.969923453441868588e-02
1.971346733715240163e-02
1.972738407982799203e-02
1.974099178081534234e-02
1.975429730304334441e-02
1.976730735684650853e-02
1.978002850367577281e-02
1.979246715924087852e-02
1.980462959704798465e-02
1.981652195106153869e-02
1.982815021911221720e-02
1.983952026584656636e-02
1.985063782566243162e-02
1.986150850561330117e-02
1.987213778819985066e-02
1.988253103416504075e-02
1.989269348518440950e-02
1.990263026650929135e-02
1.991234638954963998e-02
1.032289915607993436e-01
1.155602677272806744e-01
1.265383121266445698e-01
1.368081689783382515e-01
1.462442388649281000e-01
1.543693172735327579e-01
1.620437349601235866e-01
1.687823762685081164e-01
1.747920336981856337e-01
1.804367987024200204e-01
1.850769341935336598e-01
1.892526275414665449e-01
1.931396495992170337e-01
1.959664271744676611e-01
1.984536536900045611e-01
2.007241264111430112e-01
2.021882467494799940e-01
2.033320108102660839e-01
2.043173758364904558e-01
2.047620095877786817e-01
2.047617430909798308e-01
2.046539860629343899e-01
2.043765680508702332e-01
2.033133070904069584e-01
2.021908313077069863e-01
2.010182951829575515e-01
1.995046767379524688e-01
1.975315082654103271e-01
1.955485463369202037e-01
1.935620847996815108e-01
1.913455792776841413e-01
1.888577109105122886e-01
1.863912774458746924e-01
1.839507233205077696e-01
1.814420774260736557e-01
1.784331737772726356e-01
1.754774411755297692e-01
1.725780967341541405e-01
1.697377960653838613e-01
1.667193749383817369e-01
1.634965405666513050e-01
1.603499139605981672e-01
1.572808417368745104e-01
1.538708715006567029e-01
1.497588674652898799e-01
1.448668839018751875e-01
1.396771181509399717e-01
1.343181127246850792e-01
1.289052149235550004e-01
1.235391478476572935e-01
1.183052306688443522e-01
1.132732190794416560e-01
1.084976282979406292e-01
1.040184621329129921e-01
9.986225227334766252e-02
9.604332277168126097e-02
9.256521867801126291e-02
8.942220830704328272e-02
8.660084455498284761e-02
8.408148786403368824e-02
8.183978499232646975e-02
7.984806793606513686e-02
7.807661715725267015e-02
7.649482582120259444e-02
7.507219464092540484e-02
7.377918627211954572e-02
7.258792465724117626e-02
7.147274225588384766e-02
7.041058407739786418e-02
6.938127423423812168e-02
6.836766228250912292e-02
6.735564709194119537e-02
6.633413387934261607e-02
6.529487110073328715e-02
6.423227003653897427e-02
6.314313540714211470e-02
6.202638940699056747e-02
6.088276190880548278e-02
5.971448453892302943e-02
5.852497325651095927e-02
5.731853479924908790e-02
5.610008824258150284e-02
5.487490653020099529e-02
5.364839191939929641e-02
5.242588131359160464e-02
5.121247873776368920e-02
5.001292905127430188e-02
4.883150972612981811e-02
4.767196954926977703e-02
4.653746785742240988e-02
4.543057234269132216e-02
4.435324866122569709e-02
4.330688266080873206e-02
4.229231487288420688e-02
4.130988462669549222e-02
4.035947499044190145e-02
3.944058877615641556e-02
3.855239094914653109e-02
3.769378931761258045e-02
3.686347759181618500e-02
3.606000933606123837e-02
3.528184290879421425e-02
3.452739261201975829e-02
3.379507174399254410e-02
3.308332932381152780e-02
3.239068325438432261e-02
3.171573349998402236e-02
3.105719906613813031e-02
3.041391608701538019e-02
2.978484293739103173e-02
2.916907552017478089e-02
2.856583573698379119e-02
2.797447210455938915e-02
2.739444237024857287e-02
2.682531688653155832e-02
2.626675844328807408e-02
2.571851621685672384e-02
2.518040562714607411e-02
2.465230138033169816e-02
2.413412315302188027e-02
2.362582442296745633e-02
2.312738167169392511e-02
2.263878475888914110e-02
2.216002851087561787e-02
2.169110556938758094e-02
2.123199923749496953e-02
2.078268417252404632e-02
2.034311499339502838e-02
1.991322940933315522e-02
1.949294423900016504e-02
1.908216266607087874e-02
1.868075766346666278e-02
1.828859402531590739e-02
1.790551061962442070e-02
1.753133839224929602e-02
1.716589196398143891e-02
1.680897806055181576e-02
1.646039425414347335e-02
1.611993259620003727e-02
1.578738192860473788e-02
1.546253004543629572e-02
1.514516566160351019e-02
1.483508015686174630e-02
1.453206907533233228e-02
1.423593337076534127e-02
1.394648039688028973e-02
1.366352464982645287e-02
1.338688827621026256e-02
1.311640136481462271e-02
1.285190204420594284e-02
1.259323641065024368e-02
1.234025953564432676e-02
1.209283145312389784e-02
1.185082279393823157e-02
1.161410354749525808e-02
1.138255713612923437e-02
1.115606936700674900e-02
1.093453050793513626e-02
1.071783720995367339e-02
1.050588746666059059e-02
1.029858386921889135e-02
1.009583150446013988e-02
9.897537866208061530e-03
9.703612820921803106e-03
9.513967357630326305e-03
9.328514292616274517e-03
9.147167755402918488e-03
8.969843039533964557e-03
8.796456175363953633e-03
8.626924834820526300e-03
8.461167313855044725e-03
8.299102866582863669e-03
8.140654093083288245e-03
7.985739833668903387e-03
7.834282370635214932e-03
7.686205100852161465e-03
7.541432598283659416e-03
7.399890677794118687e-03
7.261506456292199374e-03
7.126208409900636198e-03
6.993926424318841484e-03
6.864591837233646743e-03
6.738137471837823966e-03
6.614497660771156973e-03
6.493608260710326263e-03
6.375406656919047066e-03
6.259831759327205702e-03
6.146823989961358592e-03
6.036325262903430300e-03
5.928278957566535112e-03
5.822629886723884596e-03
5.719324259373381736e-03
5.618309640724516996e-03
5.519534909383727594e-03
5.422950213029631428e-03
5.328506923421683084e-03
5.236157591443468817e-03
5.145855902912721547e-03
5.057556635668980505e-03
4.971215618395641300e-03
4.886789691533888202e-03
4.804236670523209796e-03
4.723515311455983579e-03
4.644585279581781023e-03
4.567407119756117240e-03
4.491942229910561579e-03
4.418152836856537036e-03
4.346001973785984518e-03
4.275453460292455432e-03
4.206471884154350249e-03
4.139022584452423104e-03
4.073071636070846324e-03
4.008585835624245419e-03
3.945532688094388618e-03
3.883880394263350411e-03
3.823597838718661990e-03
3.764654578259252204e-03
3.707020830576501780e-03
3.650667463088952402e-03
3.595565981844295322e-03
3.541688520401597984e-03
3.489007828664680844e-03
3.437497261558508654e-03
3.387130767879220627e-03
3.337882878447606672e-03
3.289728694739757486e-03
3.242643877129136598e-03
3.196604633076693958e-03
3.151587705559233399e-03
3.107570360936229292e-03
3.064530377422602925e-03
3.022446033352110817e-03
2.981296095603269691e-03
2.941059808176271773e-03
2.901716880876481497e-03
2.863247478503305743e-03
2.825632209672246375e-03
2.788852116471618459e-03
2.752888664081076797e-03
2.717723730729648679e-03
2.683339597925327169e-03
2.649718940962664249e-03
2.616844819723018745e-03
2.584700669739703471e-03
2.553270293544240843e-03
2.522537852217565657e-03
2.492487857482128533e-03
2.463105163407419695e-03
2.434374959204177458e-03
2.406282761385325486e-03
2.378814406761797784e-03
2.351956045347769475e-03
2.325694133509692563e-03
2.300015427279644697e-03
2.274906975841428647e-03
2.250356115161888937e-03
2.226350461769666111e-03
2.202877906606337532e-03
2.179926609306104268e-03
2.157484992005853641e-03
2.135541733867540870e-03
2.114085765411166662e-03
2.093106263018285063e-03
2.072592643495907438e-03
2.052534559018770466e-03
2.032921891607974985e-03
2.013744748282197961e-03
1.994993456024829470e-03
1.976658556905874775e-03
1.958730803302222157e-03
1.941201153220939446e-03
1.924060765715385202e-03
1.907300996394356574e-03
1.890913393036708356e-03
1.874889691294345795e-03
1.859221810488920212e-03
1.843901849511109248e-03
1.828922082798500881e-03
1.814274956408512551e-03
1.799953084191896480e-03
1.785949244033080419e-03
1.772256374195979589e-03
1.758867569742417203e-03
1.745776079038030559e-03
1.732975300338113200e-03
1.720458778445177472e-03
1.708220201456667198e-03
1.696253397578173505e-03
1.684552332008815156e-03
1.673111103900337682e-03
1.661923943387266789e-03
1.650985208682564931e-03
1.640289383235238319e-03
1.629831072956111626e-03
1.619605003504664964e-03
1.609606017633380404e-03
1.599829072597147572e-03
1.590269237612185194e-03
1.580921691320291700e-03
