-6.642338394836629911e-01
-6.384469482710829480e-01
-6.147505472115201153e-01
-5.924858313282763689e-01
-5.717255378844149361e-01
-5.524960208830004271e-01
-5.346999281780293600e-01
-5.180047234554876479e-01
-5.024681482443367209e-01
-4.878025792340201505e-01
-4.745894835494004482e-01
-4.617958945563438444e-01
-4.503926828532172078e-01
-4.394098391092147171e-01
-4.291759519667575073e-01
-4.197918582963959810e-01
-4.106614316545429411e-01
-4.024586581999218815e-01
-3.946839437156177688e-01
-3.870925915396221662e-01
-3.804050449448013183e-01
-3.739660991397362189e-01
-3.676541314643335667e-01
-3.621248674783221766e-01
-3.568972095185114490e-01
-3.517462474448564969e-01
-3.468908668364503178e-01
-3.424692529919926010e-01
-3.256188228487926217e-01
-3.055223057645659601e-01
-2.889207895617551536e-01
-2.772439652256117881e-01
-2.694239121726820230e-01
-2.638026150520698110e-01
-2.590542289921846653e-01
-2.544234554643645119e-01
-2.496243254472982898e-01
-2.446441452906120695e-01
-2.395773178158351335e-01
-2.345263244774042910e-01
-2.295614523569424748e-01
-2.247163427325880036e-01
-2.199986346198565812e-01
-2.154027500803641360e-01
-2.109192112999633828e-01
-2.065394989882980425e-01
-2.022575870874265824e-01
-1.980697097592742928e-01
-1.939735268327802409e-01
-1.899673440599074503e-01
-1.860496153525899032e-01
-1.822187189052679734e-01
-1.784729121332437884e-01
-1.748103692868667736e-01
-1.712292374911630333e-01
-1.677276806456231562e-01
-1.643039036696509747e-01
-1.609561608510814423e-01
-1.576827550703154834e-01
-1.544820335417917967e-01
-1.513523833898555715e-01
-1.482922283796264118e-01
-1.453000269219506535e-01
-1.423742709754938218e-01
-1.395134854072050956e-01
-1.367162274962936408e-01
-1.339810864194066475e-01
-1.313066826671023257e-01
-1.286916674009357386e-01
-1.261347217797625930e-01
-1.236345562814018528e-01
-1.211899100360320780e-01
-1.187995501783616348e-01
-1.164622712195546583e-01
-1.141768944372327788e-01
-1.119422672812944164e-01
-1.097572627937148937e-01
-1.076207790411940479e-01
-1.055317385600749169e-01
-1.034890878132515013e-01
-1.014917966589155007e-01
-9.953885783098925799e-02
-9.762928643107304794e-02
-9.576211943169710139e-02
-9.393641519060524914e-02
-9.215125297586279629e-02
-9.040573250151995310e-02
-8.869897347357857953e-02
-8.703011514606417975e-02
-8.539831588692470277e-02
-8.380275275359760911e-02
-8.224262107797475352e-02
-8.071713406061142848e-02
-7.922552237391089491e-02
-7.776703377415961072e-02
-7.634093272213693382e-02
-7.494650001219405056e-02
-7.358303240952634994e-02
-7.224984229553443882e-02
-7.094625732103976290e-02
-6.967162006721361323e-02
-6.842528771402589527e-02
-6.720663171606000574e-02
-6.601503748553794182e-02
-6.484990408235802306e-02
-6.371064391103775648e-02
-6.259668242438731767e-02
-6.150745783374178544e-02
-6.044242082565975949e-02
-5.940103428487653048e-02
-5.838277302344252462e-02
-5.738712351585650850e-02
-5.641358364008786097e-02
-5.546166242434846794e-02
-5.453087979948723074e-02
-5.362076635688595161e-02
-5.273086311172292540e-02
-5.186072127150653799e-02
-5.100990200973676281e-02
-5.017797624459863215e-02
-4.936452442257976969e-02
-4.856913630686454653e-02
-4.779141077045467867e-02
-4.703095559388259517e-02
-4.628738726739101139e-02
-4.556033079753651904e-02
-4.484941951806931115e-02
-4.415429490501887599e-02
-4.347460639588041076e-02
-4.281001121283223299e-02
-4.216017418985318344e-02
-4.152476760369738784e-02
-4.090347100862734564e-02
-4.029597107479387930e-02
-3.970196143022874935e-02
-3.912114250633047519e-02
-3.855322138678962673e-02
-3.799791165987320696e-02
-3.745493327396998140e-02
-3.692401239635989540e-02
-3.640488127512675476e-02
-3.589727810410847653e-02
-3.540094689087558422e-02
-3.491563732763358630e-02
-3.444110466497418699e-02
-3.397710958846378304e-02
-3.352341809793202287e-02
-3.307980138947774762e-02
-3.264603574007329811e-02
-3.222190239473832207e-02
-3.180718745621691212e-02
-3.140168177710611630e-02
-3.100518085438741522e-02
-3.061748472627767725e-02
-3.023839787139293023e-02
-2.986772911015211918e-02
-2.950529150834491077e-02
-2.915090228287109397e-02
-2.880438270955387736e-02
-2.846555803301109577e-02
-2.813425737851549258e-02
-2.781031366583297526e-02
-2.749356352494736200e-02
-2.718384721367561596e-02
-2.688100853711405946e-02
-2.658489476885383951e-02
-2.629535657396520065e-02
-2.601224793369416588e-02
-2.573542607180545616e-02
-2.546475138258763593e-02
-2.520008736045520337e-02
-2.494130053108944978e-02
-2.468826038413629576e-02
-2.444083930739227029e-02
-2.419891252243333568e-02
-2.396235802169632834e-02
-2.373105650695350732e-02
-2.350489132913491375e-02
-2.328374842950875490e-02
-2.306751628216607841e-02
-2.285608583775955438e-02
-2.264935046852079026e-02
-2.244720591448912117e-02
-2.224955023091679251e-02
-2.205628373686918664e-02
-2.186730896495481247e-02
-2.168253061215930089e-02
-2.150185549179361999e-02
-2.132519248649433763e-02
-2.115245250227104634e-02
-2.098354842357696981e-02
-2.081839506937388506e-02
-2.065690915017137641e-02
-2.049900922603198339e-02
-2.034461566548850797e-02
-2.019365060538946821e-02
-2.004603791163006576e-02
-1.990170314076067370e-02
-1.976057350243776156e-02
-1.962257782271681350e-02
-1.948764650816725563e-02
-1.935571151075876628e-02
-1.922670629355094363e-02
-1.910056579714636271e-02
-1.897722640686527740e-02
-1.885662592067127719e-02
-1.873870351780793087e-02
-1.862339972811133393e-02
-1.851065640203009011e-02
-1.840041668129366315e-02
-1.829262497024286560e-02
-1.818722690778296069e-02
-1.808416933998469034e-02
-1.798340029326084277e-02
-1.788486894816054829e-02
-1.778852561374888452e-02
-1.769432170253359971e-02
-1.760220970596737544e-02
-1.751214317049720748e-02
-1.742407667411693950e-02
-1.733796580348556660e-02
-1.725376713150428287e-02
-1.717143819543220928e-02
-1.709093747546486242e-02
-1.701222437379712460e-02
-1.693525919414451408e-02
-1.686000312173741023e-02
-1.678641820372783755e-02
-1.671446733005854668e-02
-1.664411421475309183e-02
-1.657532337760336816e-02
-1.650806012628347474e-02
-1.644229053886148151e-02
-1.637798144667534928e-02
-1.631510041761785601e-02
-1.625361573977635032e-02
-1.619349640544154312e-02
-1.613471209546357699e-02
-1.607723316397757785e-02
-1.602103062343385176e-02
-1.596607612998557357e-02
-1.591234196920510158e-02
-1.585980104208895014e-02
-1.580842685140515513e-02
-1.575819348832396827e-02
-1.570907561935408481e-02
-1.566104847356575291e-02
-1.561408783009810008e-02
-1.556817000594312717e-02
-1.552327184400814630e-02
-1.547937070142824112e-02
-1.543644443815006539e-02
-1.539447140577498985e-02
-1.535343043662562579e-02
-1.531330083308324319e-02
-1.527406235714368066e-02
-1.523569522021395173e-02
-1.519818007312823127e-02
-1.516149799640009732e-02
-1.512563049066839582e-02
-1.509055946737403175e-02
-1.505626723963571223e-02
-1.502273651333441151e-02
-1.498995037838390942e-02
-1.495789230020827532e-02
-1.492654611140986631e-02
-1.489589600360075039e-02
-1.486592651943574594e-02
-1.483662254482798204e-02
-1.480796930131056399e-02
-1.477995233858964141e-02
-1.475255752726711833e-02
-1.472577105169392553e-02
-1.469957940302624166e-02
-1.467396937239140442e-02
-1.464892804424078321e-02
-1.462444278983054957e-02
-1.460050126085388200e-02
-1.457709138320995024e-02
-1.455420135092655443e-02
-1.453181962019289841e-02
-1.450993490353846838e-02
-1.448853616415490819e-02
-1.446761261031070944e-02
-1.444715368992355309e-02
-1.442714908522990669e-02
-1.440758870758740429e-02
-1.438846269238291953e-02
-1.436976139405743425e-02
-1.435147538125125521e-02
-1.433359543203316377e-02
-1.431611252925391042e-02
-1.429901785601073172e-02
-1.428230279118203327e-02
-1.426595890509307907e-02
-1.424997795525939637e-02
-1.423435188223187708e-02
-1.421907280552980879e-02
-1.420413301966716446e-02
-1.418952499027659186e-02
-1.417524135029157861e-02
-5.789000069886407474e-02
-6.021062019806322496e-02
-6.264423099061655620e-02
-6.495463623614838866e-02
-6.714106381657991562e-02
-6.961463160210490386e-02
-7.219332079608786756e-02
-7.463404899931092018e-02
-7.693772059191106294e-02
-7.918260855296344047e-02
-8.172206343942312046e-02
-8.411863008145958887e-02
-8.637430037927495974e-02
-8.849116769168707819e-02
-9.054303092393212182e-02
-9.283642945156955761e-02
-9.498895469338597408e-02
-9.700326553687954600e-02
-9.888194739029287916e-02
-1.006275213882537045e-01
-1.024849421265265903e-01
-1.044152104368327727e-01
-1.062110612375297691e-01
-1.078754074426324649e-01
-1.094112497301553688e-01
-1.108216606463674481e-01
-1.121515371949319828e-01
-1.136577030369361196e-01
-1.150411278493521650e-01
-1.163049934279243303e-01
-1.174524516031727472e-01
-1.184866219302538326e-01
-1.194105895958603725e-01
-1.202274035282160369e-01
-1.211377111984219823e-01
-1.220318695651583241e-01
-1.228225260056632351e-01
-1.235127296067410896e-01
-1.241054197948496807e-01
-1.246034338749542059e-01
-1.250095139268321276e-01
-1.253263131107198447e-01
-1.255564014303560683e-01
-1.259715577127371589e-01
-1.263340770054037776e-01
-1.266116114872373188e-01
-1.235764727604466984e-01
-1.172092060606306774e-01
-1.107468277825569558e-01
-1.054678839546170366e-01
-1.015099243669634888e-01
-9.853352540837789775e-02
-9.612246435353188900e-02
-9.395970949979215447e-02
-9.186367646683990529e-02
-8.976012727393811730e-02
-8.763827803903723179e-02
-8.551448131661487650e-02
-8.341002274249742499e-02
-8.134116648179823272e-02
-7.931691133707285957e-02
-7.734040591405033638e-02
-7.541129847982652734e-02
-7.352772103908034040e-02
-7.168751962624675400e-02
-6.988881712568506543e-02
-6.813014794421246023e-02
-6.641038802310550437e-02
-6.472862851934557682e-02
-6.308406700424384894e-02
-6.147593885619428988e-02
-5.990348503929698865e-02
-5.836594356725832711e-02
-5.686255249622984564e-02
-5.539255625899031088e-02
-5.395521119444435243e-02
-5.254978894823114643e-02
-5.117557789977045246e-02
-4.983188328989474059e-02
-4.851802670889870939e-02
-4.723334539555779088e-02
-4.597719158115065596e-02
-4.474893195373308430e-02
-4.354794723780930354e-02
-4.237363185289133583e-02
-4.122539361611554654e-02
-4.010265346251085106e-02
-3.900484517022917430e-02
-3.793141508699182651e-02
-3.688182185628363641e-02
-3.585553614611036721e-02
-3.485204038166767049e-02
-3.387082848333200502e-02
-3.291140561056327130e-02
-3.197328791147402427e-02
-3.105600227868965391e-02
-3.015908611054740618e-02
-2.928208707802326671e-02
-2.842456289648165324e-02
-2.758608110269911151e-02
-2.676621883682983594e-02
-2.596456262914248470e-02
-2.518070819160822538e-02
-2.441426021369252908e-02
-2.366483216350889762e-02
-2.293204609240007130e-02
-2.221553244449481213e-02
-2.151492987051906169e-02
-2.082988504536409380e-02
-2.016005249002095212e-02
-1.950509439703118630e-02
-1.886468046056588577e-02
-1.823848770959912713e-02
-1.762620034507822453e-02
-1.702750958065735176e-02
-1.644211348698032538e-02
-1.586971683939442102e-02
-1.531003096908101213e-02
-1.476277361746980432e-02
-1.422766879397929785e-02
-1.370444663650705053e-02
-1.319284327576575322e-02
-1.269260070197830714e-02
-1.220346663478455440e-02
-1.172519439602748292e-02
-1.125754278542956399e-02
-1.080027595870891588e-02
-1.035316330875613033e-02
-9.915979349627512818e-03
-9.488503602304909634e-03
-9.070520483954958024e-03
-8.661819199002884773e-03
-8.262193632911696284e-03
-7.871442248037041622e-03
-7.489367982075556540e-03
-7.115778148983231688e-03
-6.750484341276674627e-03
-6.393302335476747089e-03
-6.044051998982169494e-03
-5.702557199326108162e-03
-5.368645715055464507e-03
-5.042149149298680300e-03
-4.722902844598309002e-03
-4.410745800005777539e-03
-4.105520589656741492e-03
-3.807073283470963077e-03
-3.515253369741344613e-03
-3.229913679099638557e-03
-2.950910310010712578e-03
-2.678102556743944263e-03
-2.411352837818014905e-03
-2.150526627127113954e-03
-1.895492385839858684e-03
-1.646121496095886982e-03
-1.402288196150180966e-03
-1.163869516960680528e-03
-9.307452201614552223e-04
-7.027977374232108332e-04
-4.799121112553095259e-04
-2.619759367075147338e-04
-4.887930512165183927e-05
1.594852515500733148e-04
3.632228148964244951e-04
5.624361330358595978e-04
7.572256723555881308e-04
9.476896684121882686e-04
1.133924175360512265e-03
1.316023114195097321e-03
1.494078320315672670e-03
1.668179589732865509e-03
1.838414724653958388e-03
2.004869577347356824e-03
2.167628093652673726e-03
2.326772355219830501e-03
2.482382621197487538e-03
2.634537368292555470e-03
2.783313330578351952e-03
2.928785538074407668e-03
3.071027354892841288e-03
3.210110515818875854e-03
3.346105162711943137e-03
3.479079879854296564e-03
3.609101728529573450e-03
3.736236280842852864e-03
3.860547652782209127e-03
3.982098536570610747e-03
4.100950232277966734e-03
4.217162678631147799e-03
4.330794483585087562e-03
4.441902953434606616e-03
4.550544121954658294e-03
4.656772778628415210e-03
4.760642496269618107e-03
4.862205657953921900e-03
4.961513483680235481e-03
5.058616056087927859e-03
5.153562345499906883e-03
5.246400234841352983e-03
5.337176543742216950e-03
5.425937052152107753e-03
5.512726523416944246e-03
5.597588726858226948e-03
5.680566459849600847e-03
5.761701569307220439e-03
5.841034973126824070e-03
5.918606680364035810e-03
5.994455811581644866e-03
6.068620618780329323e-03
6.141138504557552835e-03
6.212046040788621326e-03
6.281378987182506535e-03
6.349172309606743170e-03
6.415460197258582298e-03
6.480276080093716473e-03
6.543652645865094541e-03
6.605621856490273558e-03
6.666214963981786923e-03
6.725462526398828800e-03
6.783394423233168880e-03
6.840039870469105665e-03
6.895427435311241027e-03
6.949585050596951419e-03
7.002540028886450330e-03
7.054319076222448359e-03
7.104948305525660146e-03
7.154453250081793669e-03
7.202858875977824482e-03
7.250189594939726589e-03
7.296469276607098209e-03
7.341721260561762108e-03
7.385968368015305430e-03
7.429232913562344720e-03
7.471536716313842419e-03
7.512901110695580087e-03
7.553346957335449474e-03
7.592894653789095116e-03
7.631564144681135531e-03
7.669374931603911705e-03
7.706346083040216399e-03
7.742496244286911633e-03
7.777843646391779941e-03
7.812406115609071833e-03
7.846201082346127009e-03
7.879245589858641097e-03
7.911556303171529692e-03
7.943149517046776964e-03
7.974041164443335106e-03
8.004246824510730107e-03
8.033781730445888059e-03
8.062660777170549409e-03
8.090898528853252003e-03
8.118509226246573007e-03
8.145506793871604145e-03
8.171904846946631551e-03
8.197716698584045503e-03
8.222955366067985494e-03
8.247633577653346038e-03
8.271763778957996749e-03
8.295358139225328387e-03
8.318428557378076960e-03
8.340986668354588573e-03
8.363043848523155077e-03
8.384611221662119362e-03
8.405699664459476139e-03
8.426319812297577982e-03
8.446482064200289130e-03
8.466196588305940907e-03
8.485473326963699492e-03
8.504322001742004034e-03
8.522752118322429737e-03
8.540772971308285832e-03
8.558393648822715249e-03
8.575623037407886784e-03
8.592469826071535977e-03
8.608942510827333194e-03
8.625049399265449779e-03
8.640798614290012836e-03
8.656198098386802542e-03
8.671255617913153912e-03
8.685978766559188102e-03
8.700374969439650386e-03
8.714451486788732382e-03
8.728215417531437481e-03
8.741673703185348643e-03
8.754833130849348777e-03
8.767700337095618579e-03
8.780281811064938324e-03
8.792583897896832923e-03
8.804612801655231635e-03
8.816374588701769710e-03
8.827875190682732409e-03
8.839120407536427138e-03
8.850115910401079589e-03
8.860867244485426397e-03
8.871379831867365340e-03
8.881658974212669477e-03
8.891709855370244497e-03
8.901537544312887462e-03
8.911146997251151447e-03
8.920543060381369571e-03
8.580242482141375859e-02
9.550187862654979654e-02
1.045849138086598629e-01
1.130189335310296528e-01
1.203587902173781643e-01
1.272991607705060702e-01
1.335115078349158324e-01
1.389103974763905569e-01
1.439886905400244999e-01
1.478504786258616477e-01
1.325819437054609473e-01
1.142907857722934573e-01
1.000024551619538293e-01
9.111197613741461865e-02
8.642588661241301651e-02
8.415153607760927912e-02
8.284594936697153855e-02
8.166372446281977560e-02
8.025865708094137574e-02
7.858548025143141658e-02
7.672754509984258675e-02
7.478988770363947935e-02
7.285162290935875973e-02
7.095621563545861932e-02
6.911928546436518772e-02
6.734054280333179321e-02
6.561347559402275209e-02
6.393102723196930626e-02
6.228794197879983230e-02
6.068108007437578166e-02
5.910886097062562072e-02
5.757055514436437704e-02
5.606574725219148903e-02
5.459403506541926632e-02
5.315491673456218535e-02
5.174778518293843277e-02
5.037196543934152615e-02
4.902675437395931368e-02
4.771145106040330930e-02
4.642537179853079010e-02
4.516785500685305266e-02
4.393826049988414084e-02
4.273596676399638028e-02
4.156036825210218666e-02
4.041087346090588284e-02
3.928690383082145132e-02
3.818789322074511716e-02
3.711328768025268232e-02
3.606254531998542845e-02
3.503513617479558917e-02
3.403054202390976002e-02
3.304825617018058992e-02
3.208778319429672621e-02
3.114863869979744848e-02
3.023034905966248687e-02
2.933245116974525502e-02
2.845449221053630851e-02
2.759602941679295540e-02
2.675662985386573212e-02
2.593587019977672270e-02
2.513333653224769648e-02
2.434862412040272872e-02
2.358133722089261752e-02
2.283108887842555390e-02
2.209750073061478304e-02
2.138020281715258264e-02
2.067883339318754565e-02
1.999303874687896609e-02
1.932247302099110442e-02
1.866679803847359764e-02
1.802568313191432736e-02
1.739880497677326332e-02
1.678584742833555410e-02
1.618650136226440495e-02
1.560046451871999196e-02
1.502744134990896541e-02
1.446714287104722274e-02
1.391928651462093214e-02
1.338359598787430826e-02
1.285980113347573450e-02
1.234763779327119337e-02
1.184684767506372083e-02
1.135717822235893237e-02
1.087838248698869137e-02
1.041021900458005689e-02
9.952451672773143798e-03
9.504849632151923799e-03
9.067187149823574543e-03
8.639243505569993431e-03
8.220802880543498503e-03
7.811654248417898572e-03
7.411591268971395863e-03
7.020412184018720581e-03
6.637919715669404752e-03
6.263920966830038850e-03
5.898227323929194910e-03
5.540654361789965066e-03
5.191021750629243314e-03
4.849153165106034891e-03
4.514876195407246939e-03
4.188022260287915799e-03
3.868426522064094542e-03
3.555927803473579729e-03
3.250368506394707424e-03
2.951594532369039570e-03
2.659455204884419999e-03
2.373803193389534272e-03
2.094494438987126728e-03
1.821388081791219804e-03
1.554346389879501800e-03
1.293234689841327167e-03
1.037921298852939600e-03
7.882774582745888381e-04
5.441772687073687109e-04
3.054976265102204991e-04
7.211816170382689961e-05
-1.560788227186193922e-04
-3.792084101617021474e-04
-5.973831284582509227e-04
-8.107130066226098108e-04
-1.019305630333811052e-03
-1.223266196203720568e-03
-1.422697564816832738e-03
-1.617700312617653680e-03
-1.808372782619027674e-03
-1.994811134011342801e-03
-2.177109390645082243e-03
-2.355359488460884165e-03
-2.529651321841797085e-03
-2.700072788959673176e-03
-2.866709836095271413e-03
-3.029646500986693525e-03
-3.188964955209261376e-03
-3.344745545618366123e-03
-3.497066834864615004e-03
-3.646005641021687893e-03
-3.791637076318021826e-03
-3.934034585025614206e-03
-4.073269980495286546e-03
-4.209413481370827270e-03
-4.342533747007326639e-03
-4.472697912088818839e-03
-4.599971620494081037e-03
-4.724419058399487170e-03
-4.846102986643341382e-03
-4.965084772385441880e-03
-5.081424420049440727e-03
-5.195180601588855751e-03
-5.306410686070961447e-03
-5.415170768613641883e-03
-5.521515698671652927e-03
-5.625499107701159573e-03
-5.727173436204768819e-03
-5.826589960178374383e-03
-5.923798816972247749e-03
-6.018849030571704617e-03
-6.111788536324880283e-03
-6.202664205118058049e-03
-6.291521867009208790e-03
-6.378406334343278417e-03
-6.463361424352775941e-03
-6.546429981252988028e-03
-6.627653897853136300e-03
-6.707074136674151532e-03
-6.784730750619250017e-03
-6.860662903165337667e-03
-6.934908888117430337e-03
-7.007506148915432220e-03
-7.078491297524802661e-03
-7.147900132893791891e-03
-7.215767659015437374e-03
-7.282128102569451755e-03
-7.347014930195516769e-03
-7.410460865360235516e-03
-7.472497904869257468e-03
-7.533157334995710386e-03
-7.592469747263574931e-03
-7.650465053877120170e-03
-7.707172502799064517e-03
-7.762620692506327913e-03
-7.816837586413161176e-03
-7.869850526966093440e-03
-7.921686249442672079e-03
-7.972370895430902493e-03
-8.021930026011148129e-03
-8.070388634648928416e-03
-8.117771159798614633e-03
-8.164101497229125926e-03
-8.209403012070737304e-03
-8.253698550606536344e-03
-8.297010451786324126e-03
-8.339360558499375742e-03
-8.380770228582523629e-03
-8.421260345598202690e-03
-8.460851329361585016e-03
-8.499563146243005463e-03
-8.537415319230134969e-03
-8.574426937784984659e-03
-8.610616667457993145e-03
-8.646002759313375918e-03
-8.680603059123104259e-03
-8.714435016375698950e-03
-8.747515693067864362e-03
-8.779861772318930946e-03
-8.811489566773467175e-03
-8.842415026836913938e-03
-8.872653748715375599e-03
-8.902220982283104433e-03
-8.931131638767464409e-03
-8.959400298279796004e-03
-8.987041217156210848e-03
-9.014068335158054168e-03
-9.040495282492511109e-03
-9.066335386696433574e-03
-9.091601679345640008e-03
-9.116306902640758381e-03
-9.140463515819430285e-03
-9.164083701451719577e-03
-9.187179371574316633e-03
-9.209762173707058963e-03
-9.231843496717129227e-03
-9.253434476571786860e-03
-9.274546001947658880e-03
-9.295188719727232041e-03
-9.315373040363006396e-03
-9.335109143132847009e-03
-9.354406981269658417e-03
-9.373276286984033590e-03
-9.391726576368331081e-03
-9.409767154200388006e-03
-9.427407118633546190e-03
-9.444655365784537793e-03
-9.461520594223227221e-03
-9.478011309351774827e-03
-9.494135827703420460e-03
-9.509902281133797430e-03
-9.525318620915879109e-03
-9.540392621758098102e-03
-9.555131885721657170e-03
-9.569543846053907288e-03
-9.583635770939125109e-03
-9.597414767159584414e-03
-9.610887783682908747e-03
-9.624061615170376172e-03
-9.636942905394629832e-03
-9.649538150598768738e-03
-9.661853702765288432e-03
-9.673895772827290074e-03
-9.685670433791315759e-03
-9.697183623810445852e-03
-9.708441149169466655e-03
-9.719448687219855998e-03
-9.730211789238829567e-03
-9.740735883233320180e-03
-9.751026276671570514e-03
-9.761088159164987843e-03
-9.770926605081164951e-03
-9.780546576108495316e-03
-9.789952923749734026e-03
-9.799150391780031555e-03
-9.808143618627696014e-03
-9.816937139723869166e-03
-9.825535389779815887e-03
-9.833942705032239218e-03
-9.842163325425534737e-03
-9.850201396750080107e-03
-9.858060972736115701e-03
-9.865746017091669984e-03
-9.873260405507622295e-03
-9.880607927611251284e-03
-9.887792288876706692e-03
-9.894817112492404476e-03
-9.901685941191562534e-03
-9.908402239031222081e-03
-9.914969393150396826e-03
-9.921390715469158295e-03
-9.927669444363740325e-03
-9.933808746298122827e-03
-9.939811717421864756e-03
-9.945681385129745422e-03
-9.951420709587210922e-03
-9.957032585228287047e-03
-9.962519842214412336e-03
-9.967885247853747188e-03
-9.973131508008936663e-03
-9.978261268452470745e-03
-9.983277116204725132e-03
-9.988181580840471696e-03
-9.992977135756753171e-03
-9.997666199428767442e-03
-1.000225113662978060e-02
-1.000673425961418062e-02
-1.001111782929564598e-02
-1.001540405637557640e-02
-1.001959510246841489e-02
-1.002369308118700175e-02
-1.002770005920661234e-02
-1.003161805731345169e-02
-1.003544905141318111e-02
-1.003919497353811252e-02
-4.202161266687065577e-02
-4.504955181162273448e-02
-4.806433515491725927e-02
-5.122275991721103594e-02
-5.421953130002155063e-02
-5.705813227850509151e-02
-5.974212408317125522e-02
-6.227513027337838736e-02
-6.466082225368019465e-02
-6.720986139725582120e-02
-6.964389959755212800e-02
-7.193494666806721227e-02
-7.408666627312054942e-02
-7.610267906186418685e-02
-7.798656077876842119e-02
-7.974184057464839270e-02
-8.150809125752367379e-02
-8.330037992166783312e-02
-8.496905497448548061e-02
-8.651762185315980958e-02
-8.794946503629574863e-02
-8.926785594106423360e-02
-9.047596016144243691e-02
-9.157684410036726064e-02
-9.257348104466256444e-02
-9.367306010548226425e-02
-9.476945352185239813e-02
-9.576441984433348154e-02
-9.666090874344668293e-02
-9.746185309589616708e-02
-9.817016412297085992e-02
-9.878872702949870188e-02
-9.932039710368645302e-02
-9.976799624168464220e-02
-1.001343098630220751e-01
-1.004220841860119506e-01
-1.008054892327798768e-01
-1.011300100156651283e-01
-1.013810507918888604e-01
-1.015611094040567153e-01
-1.016726267995675670e-01
-1.017179866808479716e-01
-1.016995158106190900e-01
-1.016194855427157151e-01
-1.014801113986294467e-01
-1.012835557326408065e-01
-1.010319266799530880e-01
-1.007272787082200693e-01
-1.003716203461655354e-01
-9.999508223394304451e-02
-9.968488774404438146e-02
-9.932676903845560901e-02
-9.892260369219219029e-02
-9.847421602970651833e-02
-9.798332361524852985e-02
-9.399704557573507202e-02
-8.909495761966290672e-02
-8.461080037855595037e-02
-8.094121338933746301e-02
-7.800532296601936366e-02
-7.556476318527227676e-02
-7.339332493706240967e-02
-7.133782891125495240e-02
-6.931910497939686167e-02
-6.730988481884914165e-02
-6.531062467021087059e-02
-6.333188809511280937e-02
-6.138457720119472327e-02
-5.947611895898852197e-02
-5.761007632580827931e-02
-5.578718068573707001e-02
-5.400659131360985299e-02
-5.226685840003231220e-02
-5.056648051264911459e-02
-4.890413820402894629e-02
-4.727873326599674186e-02
-4.568934197122231922e-02
-4.413514966719578325e-02
-4.261539802924918519e-02
-4.112935303924825092e-02
-3.967629046818821337e-02
-3.825549231748848200e-02
-3.686624840284657978e-02
-3.550785930636290999e-02
-3.417963884741848091e-02
-3.288091551720473404e-02
-3.161103298212086798e-02
-3.036934998304730016e-02
-2.915523993772506373e-02
-2.796809045898118740e-02
-2.680730289429700264e-02
-2.567229192445896757e-02
-2.456248521876958080e-02
-2.347732313089245793e-02
-2.241625841879280046e-02
-2.137875597697114216e-02
-2.036429257475980137e-02
-1.937235659754232842e-02
-1.840244779233568551e-02
-1.745407701574652748e-02
-1.652676598790847606e-02
-1.562004705057251641e-02
-1.473346293087018921e-02
-1.386656651040674149e-02
-1.301892059961229364e-02
-1.219009771718848611e-02
-1.137967987452892515e-02
-1.058725836493046302e-02
-9.812433557503830173e-03
-9.054814695652169121e-03
-8.314019700121910716e-03
-7.589674975893245801e-03
-6.881415224357922966e-03
-6.188883258761990191e-03
-5.511729824126732069e-03
-4.849613421218812448e-03
-4.202200134023392764e-03
-3.569163461605739940e-03
-2.950184153281298904e-03
-2.344950048049909697e-03
-1.753155916451198948e-03
-1.174503307286300924e-03
-6.087003967731874354e-04
-5.546184142524168692e-05
4.854913658380866082e-04
1.014432036405388260e-03
1.531626923433115905e-03
2.037336856812288488e-03
2.531816873999837014e-03
3.015316349397778595e-03
3.488079119481568569e-03
3.950343606087258763e-03
4.402342936609571211e-03
4.844305061563858317e-03
5.276452869543923896e-03
5.699004299626331260e-03
6.112172451285147190e-03
6.516165691847319863e-03
6.911187761478032598e-03
7.297437876350620911e-03
7.675110828536446661e-03
8.044397084554510968e-03
8.405482881382653204e-03
8.758550320386859767e-03
9.103777459136708217e-03
9.441338401223298149e-03
9.771403384048582552e-03
1.009413886456833609e-02
1.040970760367088133e-02
1.071826874767101145e-02
1.101997790889619466e-02
1.131498724411006407e-02
1.160344553125547407e-02
1.188549824447449055e-02
1.216128762747903380e-02
1.243095276528194404e-02
1.269462965434264845e-02
1.295245127114874606e-02
1.320454763928236019e-02
1.345104589499079850e-02
1.369207035129704764e-02
1.392774256070605787e-02
1.415818137649615949e-02
1.438350301266133613e-02
1.460382110252034238e-02
1.481924675602286356e-02
1.502988861578380408e-02
1.523585291187501412e-02
1.543724351539665918e-02
1.563416199086287151e-02
1.582670764730931268e-02
1.601497758880476852e-02
1.619906676283289215e-02
1.637906800851318678e-02
1.655507210323570177e-02
1.672716780889960120e-02
1.689544191605296675e-02
1.705997928802460706e-02
1.722086290364366334e-02
1.737817389909857013e-02
1.753199160873286644e-02
1.768239360537471327e-02
1.782945573918937043e-02
1.797325217609913039e-02
1.811385543487009642e-02
1.825133642396092881e-02
1.838576447722495288e-02
1.851720738889017781e-02
1.864573144771775048e-02
1.877140147046141294e-02
1.889428083453026375e-02
1.901443150996140474e-02
1.913191409066783422e-02
1.924678782500244267e-02
1.935911064563544670e-02
1.946893919876746537e-02
1.957632887258942134e-02
1.968133382552217370e-02
1.978400701338678402e-02
1.988440021584292339e-02
1.998256406277576502e-02
2.007854805977515866e-02
2.017240061299307996e-02
2.026416905398331636e-02
2.035389966297618258e-02
2.044163769243478868e-02
2.052742739025159580e-02
2.061131202147858943e-02
2.069333389035499238e-02
2.077353436190421121e-02
2.085195388253424653e-02
2.092863200059280615e-02
2.100360738600226540e-02
2.107691785002518969e-02
2.114860036429888623e-02
2.121869107945961730e-02
2.128722534338045591e-02
2.135423771899258583e-02
2.141976200159501076e-02
2.148383123634811653e-02
2.154647773432394331e-02
2.160773308914798463e-02
2.166762819287004760e-02
2.172619325155267234e-02
2.178345780049006919e-02
2.183945071911441715e-02
2.189420024555310818e-02
2.194773399075700127e-02
2.200007895285871484e-02
2.205126153008230006e-02
2.210130753481465149e-02
2.215024220586858661e-02
2.219809022197605231e-02
2.224487571357958160e-02
2.229062227534051033e-02
2.233535297797839547e-02
2.237909037978358384e-02
2.242185653843620230e-02
2.246367302153018386e-02
2.250456091766395161e-02
2.254454084733836794e-02
2.258363297321164254e-02
2.262185700998831095e-02
2.265923223453114588e-02
2.269577749596063398e-02
2.273151122445149497e-02
2.276645144128597309e-02
2.280061576730574302e-02
2.283402143211343827e-02
2.286668528271373901e-02
2.289862379189688824e-02
2.292985306696593284e-02
2.296038885728002299e-02
2.299024656251802412e-02
2.301944124027688332e-02
2.304798761410609131e-02
2.307590008032622819e-02
2.310319271551986020e-02
2.312987928388121617e-02
2.315597324401075241e-02
2.318148775543260598e-02
2.320643568550551095e-02
2.323082961585853923e-02
2.325468184874068811e-02
2.327800441321148384e-02
2.330080907122056288e-02
2.332310732351938753e-02
2.334491041535979861e-02
2.336622934260024209e-02
2.338707485665025843e-02
2.340745747022587864e-02
2.342738746259609428e-02
2.344687488477692483e-02
2.346592956458160018e-02
2.348456111147712022e-02
2.350277892185914652e-02
2.352059218307722688e-02
2.353800987884380191e-02
2.355504079298764708e-02
2.357169351466215090e-02
2.358797644202681454e-02
2.360389778680893613e-02
2.361946557838923155e-02
2.363468766785370434e-02
2.364957173194248696e-02
2.366412527693206869e-02
2.367835564240916568e-02
2.369227000497531321e-02
2.370587538175339404e-02
2.371917863435424323e-02
2.373218647176145168e-02
2.374490545401908292e-02
2.375734199550905146e-02
2.376950236817698681e-02
2.378139270468881961e-02
2.379301900141594928e-02
2.380438712189647532e-02
2.381550279907163059e-02
2.382637163895040544e-02
2.383699912267189802e-02
1.099128798611710423e-01
1.225109322019681812e-01
1.344822968160643839e-01
1.452868485380571784e-01
1.552035723707261283e-01
1.645195045842200443e-01
1.722954911885290485e-01
1.796253701082184406e-01
1.861956075450468262e-01
1.918671028416794044e-01
1.971785426501764249e-01
2.016545125645476944e-01
2.055033094645906111e-01
2.090681623595629368e-01
2.117576563279883750e-01
2.139282950881211676e-01
2.158870109921124936e-01
2.171956496805740322e-01
2.180342796591236976e-01
2.187193533189755179e-01
2.190134875854328200e-01
2.187195892187983048e-01
2.183229645288360388e-01
2.178345989554291151e-01
2.165738620787860391e-01
2.151730587805444905e-01
2.137268187135212827e-01
2.120931388797031580e-01
2.098521312258920801e-01
2.076059138551333838e-01
2.053608963423680933e-01
2.029951544074948266e-01
2.002560147351282183e-01
1.975429328844313659e-01
1.948601853204428025e-01
1.922122508389558782e-01
1.889984358136702625e-01
1.858104819407548902e-01
1.826832226514794044e-01
1.796193139174593334e-01
1.764856918168504762e-01
1.730454326018895372e-01
1.696855683558953221e-01
1.664073942195809508e-01
1.632119754760279484e-01
1.600646128253002676e-01
1.515095569726310210e-01
1.389145216514413583e-01
1.282253523171048570e-01
1.210502125247947536e-01
1.167907941857928567e-01
1.142213084262158063e-01
1.123062997391881535e-01
1.104440715013599306e-01
1.084073172876702795e-01
1.061896950080658542e-01
1.038704152184279916e-01
1.015330049485216879e-01
9.923302237122189062e-02
9.699560327144141070e-02
9.482518262030814604e-02
9.271642551711911651e-02
9.066179520301820283e-02
8.865519959247070148e-02
8.669287592968366596e-02
8.477291988431434611e-02
8.289446381978904377e-02
8.105701086571492908e-02
7.926005986784478985e-02
7.750297183782661747e-02
7.578497429063357771e-02
7.410521695722627200e-02
7.246282562648342918e-02
7.085693867606246421e-02
6.928672168429028666e-02
6.775137017035626208e-02
6.625010660165830956e-02
6.478217484955073324e-02
6.334683704543375704e-02
6.194337142703609800e-02
6.057107144521833852e-02
5.922924550800745536e-02
5.791721693567075668e-02
5.663432389420486324e-02
5.537991922918772403e-02
5.415337020781030297e-02
5.295405820666432284e-02
5.178137838090601797e-02
5.063473933722617559e-02
4.951356282008689824e-02
4.841728341247852896e-02
4.734534808749657486e-02
4.629721654751239868e-02
4.527236010091550966e-02
4.427026187586657890e-02
4.329041648573528356e-02
4.233232977367995531e-02
4.139551839935684541e-02
4.047951020973217240e-02
3.958384298558370595e-02
3.870806530390114020e-02
3.785173538305541818e-02
3.701442133834098591e-02
3.619570088694179510e-02
3.539516113175866785e-02
3.461239834892171352e-02
3.384701778103216263e-02
3.309863327514794840e-02
3.236686754344630934e-02
3.165135173786470801e-02
3.095172489100517232e-02
3.026763413872046726e-02
2.959873446681293707e-02
2.894468853350185000e-02
2.830516649400016682e-02
2.767984583005511645e-02
2.706841118507674615e-02
2.647055420436417172e-02
2.588597321839269938e-02
2.531437370823974575e-02
2.475546730499900150e-02
2.420897212359363060e-02
2.367461254603475673e-02
2.315211908160508258e-02
2.264122822815273217e-02
2.214168233664670637e-02
2.165322947966163980e-02
2.117562332367239897e-02
2.070862300475084794e-02
2.025199284596079785e-02
1.980550285591098358e-02
1.936892776050336273e-02
1.894204736842186598e-02
1.852464638542961062e-02
1.811651430495975212e-02
1.771744529916152722e-02
1.732723811255598712e-02
1.694569595897421621e-02
1.657262642166701383e-02
1.620784135619435240e-02
1.585115679571535985e-02
1.550239269710806944e-02
1.516137346751444959e-02
1.482792702346258373e-02
1.450188518311112951e-02
1.418308350676067420e-02
1.387136121307563918e-02
1.356656109521625631e-02
1.326852943901490889e-02
1.297711578260196674e-02
1.269217345706907807e-02
1.241355866003757136e-02
1.214113086232004868e-02
1.187475266258752882e-02
1.161428971738476257e-02
1.135961067068036456e-02
1.111058708510981319e-02
1.086709337563185329e-02
1.062900674554234648e-02
1.039620712445388229e-02
1.016857710790963765e-02
9.946001898373024730e-03
9.728369086176025249e-03
9.515569210099217301e-03
9.307494688489237333e-03
9.104040861207307600e-03
8.905104848469180823e-03
8.710586594328439958e-03
8.520387886373104180e-03
8.334412781838995699e-03
8.152567480230077379e-03
7.974760272010161799e-03
7.800901487943434631e-03
7.630903450873027793e-03
7.464680430074421835e-03
7.302148597693181031e-03
7.143225986666390526e-03
6.987832449719455497e-03
6.835889619214441382e-03
6.687320706469712661e-03
6.542050918988406849e-03
6.400007187529421770e-03
6.261117755854916922e-03
6.125312548867167806e-03
5.992523061754795322e-03
5.862682321832179966e-03
5.735724688163301721e-03
5.611586431564008493e-03
5.490204847860225001e-03
5.371518704572864067e-03
5.255468135463070567e-03
5.141994609884958933e-03
5.031040900836059038e-03
4.922551053787804776e-03
4.816470195688093980e-03
4.712745123864880981e-03
4.611323426687796712e-03
4.512153936304663659e-03
4.415186628347500530e-03
4.320372596010146893e-03
4.227663861374075793e-03
4.137013965903157953e-03
4.048377093043287189e-03
3.961708523482654343e-03
3.876964537846694370e-03
3.794102393979370547e-03
3.713080302813809297e-03
3.633857404912843592e-03
3.556393748374020447e-03
3.480650268055995866e-03
3.406588765801910057e-03
3.334171891329340554e-03
3.263363123584328562e-03
3.194126752458004148e-03
3.126427860846492379e-03
3.060232307061205859e-03
2.995506707602846319e-03
2.932218259013463779e-03
2.870335338516660784e-03
2.809826635662648897e-03
2.750661615552152384e-03
2.692810267470369112e-03
2.636243706119589802e-03
2.580933301877141872e-03
2.526851142844677156e-03
2.473969944543741306e-03
2.422263034682403671e-03
2.371704336861846230e-03
2.322268193758025845e-03
2.273929970031174363e-03
2.226665025689245070e-03
2.180449638584436300e-03
2.135260682771367158e-03
2.091075242808715373e-03
2.047871003923562583e-03
2.005626162778328947e-03
1.964319411323023346e-03
1.923929920095490687e-03
1.884437323534049469e-03
1.845821707669559331e-03
1.808063599556763990e-03
1.771143957700838101e-03
1.735044162888277341e-03
1.699746009173663808e-03
1.665231694897961745e-03
1.631483813790302051e-03
1.598485346188782685e-03
1.566219650425804133e-03
1.534670454407915940e-03
1.503821847385733435e-03
1.473658271925915031e-03
1.444164516060109094e-03
1.415325705616199414e-03
1.387127296718970726e-03
1.359555068455753357e-03
1.332595115709045430e-03
1.306233842141013568e-03
1.280457953336311405e-03
1.255254450101661590e-03
1.230610621906214064e-03
1.206514040471784455e-03
1.182952553505201010e-03
1.159914278570761681e-03
1.137387597096362057e-03
1.115361148514848466e-03
1.093823824534378986e-03
1.072764763537126242e-03
1.052173345099882695e-03
1.032039184640787255e-03
1.012352128179072608e-03
9.931022472158268499e-04
9.742798337271096898e-04
9.558753952676468657e-04
9.378796501835484634e-04
9.202835229320527333e-04
9.030781395040765602e-04
8.862548229473521388e-04
8.698050889943687025e-04
8.537206417797982283e-04
8.379933696582853031e-04
8.226153411141634564e-04
8.075788007613216024e-04
7.928761654310001461e-04
7.785000203477387970e-04
7.644431153905895115e-04
7.506983614373741176e-04
7.372588267879898183e-04
7.241177336687609767e-04
7.112684548162828690e-04
6.987045101318756224e-04
6.864195634179726113e-04
6.744074191771254334e-04
6.626620194936094776e-04
6.511774409727610902e-04
6.399478917578083070e-04
6.289677086068756751e-04
6.182313540368244986e-04
6.077334135319301112e-04
5.974685928122891454e-04
