-5.964940648836943859e-01
-5.831937078340170277e-01
-5.698795838581669493e-01
-5.565678612399166392e-01
-5.432739277395696176e-01
-5.300123281881055082e-01
-5.167967250649271316e-01
-5.036398663486909566e-01
-4.905535636205685113e-01
-4.775486774690175240e-01
-4.647758752413863603e-01
-4.524310594738816804e-01
-4.402209270646523787e-01
-4.281509555743592821e-01
-4.162259987068575584e-01
-4.044503672510212366e-01
-3.932671529092032214e-01
-3.823052337544952106e-01
-3.715162665996145641e-01
-3.609002229181234034e-01
-3.506745497585840310e-01
-3.411176153699840841e-01
-3.317396800048152405e-01
-3.225372961475854172e-01
-3.135296720015658956e-01
-3.052229749089157007e-01
-2.970878748066605457e-01
-2.891197692370055528e-01
-2.813131981402319237e-01
-2.743225857219124819e-01
-2.675567202122481891e-01
-2.609344703035767488e-01
-2.544496955256914106e-01
-2.485586238799617487e-01
-2.429537023701917597e-01
-2.374659371891658655e-01
-2.320892442853437210e-01
-2.270922189243098632e-01
-2.225092595321287448e-01
-2.180143809187857773e-01
-2.136019403498190528e-01
-2.092666123625641639e-01
-2.055242935221626155e-01
-2.018671934091105236e-01
-1.982643548355969010e-01
-1.947112937876980254e-01
-1.912338919440812468e-01
-1.882573325356142746e-01
-1.853091269879270087e-01
-1.823858495026917659e-01
-1.794842564399963258e-01
-1.766013022658663445e-01
-1.740015253049076449e-01
-1.716191354491116705e-01
-1.692346153912125395e-01
-1.668460908182982649e-01
-1.644521640247296190e-01
-1.620518618197532845e-01
-1.596446001885163390e-01
-1.575102529578482624e-01
-1.553636357393162193e-01
-1.531995070290923522e-01
-1.510179797248993872e-01
-1.488192800294854123e-01
-1.466037561706068360e-01
-1.443718809486260746e-01
-1.421242551534351861e-01
-1.399103011312869960e-01
-1.378836245927708148e-01
-1.358307572140935449e-01
-1.337530636140269458e-01
-1.316520247769248364e-01
-1.295292296757666328e-01
-1.273863598016999887e-01
-1.252251763566398779e-01
-1.230475086733289203e-01
-1.208552411238263957e-01
-1.186503108523782046e-01
-1.164346833741563003e-01
-1.142103498343729484e-01
-1.119793242218589668e-01
-1.097436200905845816e-01
-1.075052508224896286e-01
-1.052662255617451414e-01
-1.030285319655499521e-01
-1.007941363675461943e-01
-9.856497530280927677e-02
-9.634294840875767818e-02
-9.412992097850469975e-02
-9.192770673641348367e-02
-8.973807144620904452e-02
-8.756272792764274726e-02
-8.540333172041503218e-02
-8.326147635704517214e-02
-8.113870012404378329e-02
-7.903646929928775933e-02
-7.695618666005321629e-02
-7.489918472126344540e-02
-7.286673496571127728e-02
-7.086002897689791524e-02
-6.888019403464440416e-02
-6.692828585804289077e-02
-6.500528981704878362e-02
-6.311212253063436250e-02
-6.124962903529374003e-02
-5.941858907490749075e-02
-5.761971065563020744e-02
-5.585363899027973034e-02
-5.412095260143967579e-02
-5.242216659293630343e-02
-5.075773396767413459e-02
-4.912804730725239821e-02
-4.753344054669605967e-02
-4.597419021431781161e-02
-4.445051945863642828e-02
-4.296259740896246626e-02
-4.151054247323893165e-02
-4.009442462162482457e-02
-3.871426655114973414e-02
-3.737004651925035503e-02
-3.606170027704180825e-02
-3.478912295047864589e-02
-3.363352734731916982e-02
-3.255900735862926609e-02
-3.151954048007787890e-02
-3.051468149761715765e-02
-2.954396548139870404e-02
-2.860690998764914283e-02
-2.770301684471832004e-02
-2.683177320933927135e-02
-2.599265409143880490e-02
-2.518512261099292715e-02
-2.440863345061705658e-02
-2.366262655926787417e-02
-2.294654172122623237e-02
-2.225981059646109372e-02
-2.160185529053482156e-02
-2.097209470548211385e-02
-2.036994372135758624e-02
-1.979481339217326052e-02
-1.924611225411876347e-02
-1.872324652894086228e-02
-1.822562080942846663e-02
-1.775263860070586119e-02
-1.730370270837155999e-02
-1.687821589793925270e-02
-1.647557929671084054e-02
-1.613414546324332122e-02
-1.583884720995198947e-02
-1.556256603313332931e-02
-1.530468889052993831e-02
-1.506460209112381321e-02
-1.484170069217816135e-02
-1.463538449684120835e-02
-1.444506062809969293e-02
-1.427013971556911898e-02
-1.411004303946894467e-02
-1.396419843882368284e-02
-1.383204168625207231e-02
-1.371301848116646127e-02
-1.360657932507391976e-02
-1.351218866740433455e-02
-1.342931512178546782e-02
-1.335744197416843804e-02
-1.329605674046829833e-02
-1.324466043825323069e-02
-1.320276279848231482e-02
-1.316988350161585331e-02
-1.314555182125731747e-02
-1.312930759192898478e-02
-1.312070043453550383e-02
-1.311929023216862333e-02
-1.312464705931182252e-02
-1.313635234664278784e-02
-1.315399399307315420e-02
-1.317717502583004574e-02
-1.320550367941786263e-02
-1.323860235975216071e-02
-1.327610206691165473e-02
-1.331764390277978549e-02
-1.336287964042703891e-02
-1.341147069856285512e-02
-1.346308834032639012e-02
-1.351741410377371722e-02
-1.357413952012587188e-02
-1.363296607681840911e-02
-1.369360517795970011e-02
-1.375577810203454376e-02
-1.381921595677360060e-02
-1.388365963092041966e-02
-1.394885974269133300e-02
-1.401457658468618916e-02
-1.408058006496970549e-02
-1.414664964406808778e-02
-1.421257426760957898e-02
-1.427815229429940658e-02
-1.434319141905948669e-02
-1.440750859097583714e-02
-1.447092992595777616e-02
-1.453329061381714027e-02
-1.459443481961741895e-02
-1.465421557919466267e-02
-1.471249468867785737e-02
-1.476914258798167623e-02
-1.482403798648856963e-02
-1.487706828519685942e-02
-1.492812952259470194e-02
-1.497712288154984250e-02
-1.502396457877264169e-02
-1.506857185010268552e-02
-1.511086986404786003e-02
-1.515079758222181994e-02
-1.518829495528173368e-02
-1.522330858382670016e-02
-1.525579941280597041e-02
-1.528572783811688041e-02
-1.531306332708304296e-02
-1.533777983099859910e-02
-1.535986157562385657e-02
-1.537929894397072061e-02
-1.539608370205680643e-02
-1.541021532873143585e-02
-1.542170008747945076e-02
-1.543054574930957656e-02
-1.543676855421294292e-02
-1.544038850592910350e-02
-1.544143016638521715e-02
-1.543992240063474242e-02
-1.543589791480082241e-02
-1.542939385778696604e-02
-1.542045085482168787e-02
-1.540911301376723941e-02
-1.539542774451208018e-02
-1.537944555054782114e-02
-1.536122003497375488e-02
-1.534080717849306552e-02
-1.531826558794513460e-02
-1.529365608340915728e-02
-1.526704179109072967e-02
-1.523848752749268343e-02
-1.520805976508166069e-02
-1.517582675155004779e-02
-1.514185595416783769e-02
-1.510622228396885092e-02
-1.506899538548811535e-02
-1.503024790313078896e-02
-1.499005054177082741e-02
-1.494848156573658216e-02
-1.490561308012550157e-02
-1.486151944657709834e-02
-1.481627494024806424e-02
-1.476995417793958154e-02
-1.472263137124008026e-02
-1.467438033062107294e-02
-1.462527460485407715e-02
-1.457538793467927363e-02
-1.452479251651617176e-02
-1.447355822283125093e-02
-1.442175448657501136e-02
-1.436945348416340806e-02
-1.431672616306789436e-02
-1.426363783974116117e-02
-1.421025503965278602e-02
-1.415951186092678782e-02
-1.410836983594032645e-02
-1.405678779898433817e-02
-1.400483315752287794e-02
-1.395257310225916925e-02
-1.390007396411885310e-02
-1.384740080734392365e-02
-1.379461742166876448e-02
-1.374178413267213017e-02
-1.368896248697248907e-02
-1.363621031058759314e-02
-1.358358433987483238e-02
-1.353113956711959887e-02
-1.347892920928073224e-02
-1.342700468087576482e-02
-1.337541557085009103e-02
-1.332420962334257553e-02
-1.327343272223302506e-02
-1.322312887930943148e-02
-1.317334022597549392e-02
-1.312410700836830202e-02
-1.307681704589658267e-02
-1.303141107372862706e-02
-1.298681830036763074e-02
-1.294306252497179344e-02
-1.290016578351638188e-02
-1.285814837068377514e-02
-1.281702886382829476e-02
-1.277682414887948426e-02
-1.273754944810434608e-02
-1.269921834952336681e-02
-1.266184283799676180e-02
-1.262543332770782456e-02
-1.258999869611265865e-02
-1.255554631905919649e-02
-1.252208210712257852e-02
-1.248961054297348383e-02
-1.245813471968748587e-02
2.378993430832654354e-02
2.264108149518362367e-02
2.136214429335137055e-02
1.996428815547046653e-02
1.845790612396136510e-02
1.653216032677429226e-02
1.449144719446504581e-02
1.241604360611248126e-02
1.031188125082671547e-02
8.184289724164184321e-03
6.038100323865869257e-03
3.877744030462260127e-03
1.707326210071524741e-03
-4.692999182402957103e-04
-2.648485070116279871e-03
-4.826720292602892926e-03
-7.000601101611270138e-03
-9.166785445184011394e-03
-1.132195977042638191e-02
-1.346281709386198955e-02
-1.558601688072203117e-02
-1.768817059248339874e-02
-1.976581834576673913e-02
-2.181541056247171539e-02
-2.390930915325384376e-02
-2.623314791753905695e-02
-2.854041908760285295e-02
-3.082594737250055061e-02
-3.308461513684601840e-02
-3.531140549891986780e-02
-3.750144913062314345e-02
-3.965006783109314981e-02
-4.209856540763157184e-02
-4.450897105852114066e-02
-4.687426718940423953e-02
-4.918903384303652260e-02
-5.144772962053512089e-02
-5.373687687817563230e-02
-5.638424215527892969e-02
-5.896633610457824304e-02
-6.147720573262782651e-02
-6.391109597915178853e-02
-6.626248630211417634e-02
-6.896032899731396881e-02
-7.166499761888056597e-02
-7.427400597674704841e-02
-7.678226597290294109e-02
-7.918514598545689509e-02
-8.173686956907078027e-02
-8.437455079561928528e-02
-8.689378677236181403e-02
-8.929076611142239273e-02
-9.156201429955279636e-02
-9.379472449379155918e-02
-9.624048206426749630e-02
-9.854005789300712692e-02
-1.006663967939749327e-01
-1.026116284378040255e-01
-1.043681936094058571e-01
-1.061650937475944190e-01
-1.080154731797948742e-01
-1.097332122377947528e-01
-1.113211811656489303e-01
-1.127823392100637534e-01
-1.141197186748392767e-01
-1.153628681654756960e-01
-1.167588997242736681e-01
-1.179995109758662508e-01
-1.190856658003704993e-01
-1.200186064195829516e-01
-1.207998421608182937e-01
-1.214311384330795107e-01
-1.219145038109958890e-01
-1.223990357987769784e-01
-1.228609482547025067e-01
-1.231742870558001357e-01
-1.233419152384112039e-01
-1.233668299264421009e-01
-1.232521672465809459e-01
-1.230011975579108352e-01
-1.226173207031191481e-01
-1.221040628794929361e-01
-1.214650705099549199e-01
-1.208244741272972433e-01
-1.201736113030857922e-01
-1.193980667794258821e-01
-1.185020417867175269e-01
-1.174898429723523208e-01
-1.163658674036698315e-01
-1.151345860971195734e-01
-1.138005286637140401e-01
-1.123682699802586171e-01
-1.108424186649044074e-01
-1.092276029851220187e-01
-1.075284607839650519e-01
-1.057496278375236187e-01
-1.038957268487656904e-01
-1.019713684104255336e-01
-9.998112590057584015e-02
-9.792953264620951614e-02
-9.582109067089472632e-02
-9.366023805727952123e-02
-9.145135763504619320e-02
-8.919876891635336591e-02
-8.690672627114004456e-02
-8.457941039994221200e-02
-8.222091565668776525e-02
-7.983525347082220947e-02
-7.742635934900743422e-02
-7.499806684590648587e-02
-7.255411915688014801e-02
-7.009816565639237496e-02
-6.763375100986035449e-02
-6.516432347790335200e-02
-6.269322651130071478e-02
-6.022369493818402475e-02
-5.775886080730074923e-02
-5.530174197434778449e-02
-5.285525729368156789e-02
-5.042220821343601500e-02
-4.800528329534081706e-02
-4.560706654740087629e-02
-4.323002402130793342e-02
-4.087651646202772326e-02
-3.854879004115652208e-02
-3.624897931586534838e-02
-3.397911024216515585e-02
-3.174109998295726598e-02
-2.953675512915054924e-02
-2.736777611634622076e-02
-2.523575717912329708e-02
-2.314218561050296330e-02
-2.108844534191600673e-02
-1.907581973376171192e-02
-1.710549132886285406e-02
-1.517854321437361875e-02
-1.329596292412471570e-02
-1.145864295856036108e-02
-9.667383467342638426e-03
-7.922895089769177446e-03
-6.225798173605134878e-03
-4.576630326142527849e-03
-2.975844196000387853e-03
-1.423812704508975457e-03
7.917049263461706232e-05
1.532886432261904019e-03
2.836378018607810247e-03
4.083968296688667010e-03
5.282675742767750648e-03
6.432665234019196987e-03
7.534157595799229057e-03
8.587426434118583529e-03
9.592795421289324054e-03
1.055064047913667480e-02
1.146137893718446321e-02
1.232547739163702971e-02
1.314343949993812544e-02
1.391581430650745688e-02
1.464318363477445928e-02
1.532616934410402365e-02
1.596542402244693903e-02
1.656163815991451571e-02
1.711552069397725973e-02
1.762782047765210081e-02
1.809931024629918284e-02
1.853078435461430473e-02
1.892306205220517512e-02
1.927698366971863919e-02
1.959340934617692653e-02
1.987321643076889188e-02
2.011730012939505485e-02
2.032656938094401511e-02
2.050194650952263942e-02
2.064436583405271364e-02
2.075477190264063410e-02
2.083411773226284680e-02
2.088336584458971856e-02
2.090348244306472481e-02
2.089543969022500391e-02
2.086021378536706550e-02
2.079878124571354903e-02
2.071211997557931284e-02
2.060121163720207704e-02
2.045244701618287309e-02
2.026712384167517200e-02
2.006221504183791637e-02
1.983866724795291248e-02
1.959741893561073312e-02
1.933940400620315359e-02
1.906554190546572158e-02
1.877674608776569443e-02
1.847391788935581758e-02
1.815794872346021549e-02
1.782971429429736077e-02
1.749008214186265064e-02
1.713989801988358153e-02
1.678000173647742344e-02
1.641121302125014836e-02
1.603434184270291496e-02
1.565017649820532597e-02
1.525949477595922588e-02
1.486305116519837100e-02
1.446158857004231635e-02
1.405582780546765775e-02
1.364647587057810085e-02
1.323422237385152300e-02
1.281972961797528399e-02
1.240365028794077062e-02
1.198661472022344299e-02
1.156923362684203482e-02
1.115209919849924347e-02
1.073578397531349538e-02
1.032084028455493296e-02
9.907799972584285797e-03
9.497179271649613952e-03
9.089467572385601102e-03
8.685141781846539288e-03
8.284653291429577848e-03
7.888435928018466825e-03
7.496902202569266649e-03
7.110448847668315864e-03
6.729448776803259591e-03
6.354257191190981757e-03
5.985209479442588076e-03
5.622622080552197588e-03
5.266791073457177674e-03
4.917996341234243118e-03
4.576499191956351353e-03
4.242539757039587300e-03
3.913049911052013385e-03
3.577115876248981863e-03
3.249154719225266774e-03
2.929366895527252268e-03
2.617931837971099185e-03
2.315012255422743692e-03
2.020754798261137353e-03
1.735289010569296408e-03
1.458728150846688720e-03
1.191170167547994652e-03
9.326970794374389584e-04
6.833756948338987058e-04
4.432579840099037938e-04
2.123822118047513641e-04
-9.228339769684623661e-06
-2.215629623787407354e-04
-4.246220000858613730e-04
-6.184223688734391544e-04
-8.029932008355444850e-04
-9.783721243703524806e-04
-1.144608519942025282e-03
-1.301765421529488265e-03
-1.449914346225433803e-03
-1.589138370602150019e-03
-1.719529180121526224e-03
-1.841187894398466085e-03
-1.954224415436911499e-03
-2.058757382076059628e-03
-2.154912570927258741e-03
-2.242823598892051962e-03
-2.322632563068971479e-03
-2.394485508890653591e-03
-2.458534404342849200e-03
-2.514942029676170421e-03
-2.563871498850289754e-03
-2.605492693674271720e-03
-2.639979511748435925e-03
-2.667510483219892592e-03
-2.688268901860801918e-03
-2.702440766711333708e-03
-2.710215136175087025e-03
-2.711784050866583584e-03
-2.707341068756363711e-03
-2.697080506351312579e-03
-2.681205548677567663e-03
-2.659912571490785638e-03
-2.633401930212997399e-03
-2.601875754991489487e-03
-2.565533646737172546e-03
-2.524578497811624800e-03
-2.479212744390224543e-03
-2.429636280446345609e-03
-2.376048251750972895e-03
-2.318649372337056036e-03
-2.257639310897729956e-03
-2.193212314639758631e-03
-2.125564302264848493e-03
-2.054889829432582360e-03
-1.981379563587459813e-03
-1.905222523604699347e-03
-1.826605263140379520e-03
-1.745712312182234882e-03
-1.662723510921004788e-03
-1.577817676801096525e-03
-1.491171240680877474e-03
-1.402954495820729619e-03
-1.313334634884810725e-03
-1.222477860585158282e-03
-1.130546728439263404e-03
-1.037696236336316247e-03
-9.440807609202295225e-04
7.051320881524159034e-02
7.877917496451658508e-02
8.654321982876123087e-02
9.354986140604193423e-02
9.955752317768951087e-02
1.051306449980948798e-01
1.099630737457570895e-01
1.138542201898755657e-01
1.173840835929822468e-01
1.204441827565316814e-01
1.225935281426662193e-01
1.244475610862711967e-01
1.260200077843336430e-01
1.269080287160866405e-01
1.273356461000836326e-01
1.275432215805127889e-01
1.275427091233085619e-01
1.269461534008362591e-01
1.259539109236080812e-01
1.248146009676109891e-01
1.235379445210571525e-01
1.221330878933115649e-01
1.202141423592357761e-01
1.180991394938089023e-01
1.159085168015714373e-01
1.136490630007203073e-01
1.113269563864682787e-01
1.089478560835592802e-01
1.064841216320675521e-01
1.037656445152097540e-01
1.010245973609835701e-01
9.826507763487279945e-02
9.549097564433761676e-02
9.270596851923418313e-02
8.991353089131370879e-02
8.711693506120621322e-02
8.431926561569103029e-02
8.152343138102269293e-02
7.873217939941046239e-02
7.594811111830690464e-02
7.317369672134210745e-02
7.041129345552343821e-02
6.766315201416173153e-02
6.493144062680400452e-02
6.221825441134232193e-02
5.952562200766520206e-02
5.685551883575268306e-02
5.420987272119592859e-02
5.159057288184909495e-02
4.899946983700820269e-02
4.643838078411022252e-02
4.390909150786370674e-02
4.141335376693966452e-02
3.895288443904920683e-02
3.652936262690475999e-02
3.414442607433709753e-02
3.179966600158978807e-02
2.949662368732264284e-02
2.723678139818375143e-02
2.502155918308934801e-02
2.285230708709917735e-02
2.059363026168803401e-02
1.834281724520980816e-02
1.613685291746769224e-02
1.397728637742723379e-02
1.186562647562316997e-02
9.803341892253847334e-03
7.791860433807418218e-03
5.832569553762656511e-03
3.926814090825736514e-03
2.075894894473240271e-03
2.810675764255421427e-04
-1.620885853981679503e-03
-3.570254338023381990e-03
-5.461278428139593188e-03
-7.292750809227310782e-03
-9.063567167765018695e-03
-1.077273958291513622e-02
-1.241938557279143041e-02
-1.400273651579020395e-02
-1.552214339476210014e-02
-1.697706202413229448e-02
-1.837735340251089866e-02
-1.995684694070076759e-02
-2.146838256950012180e-02
-2.291158871808995912e-02
-2.428623605058088941e-02
-2.559222266563843107e-02
-2.682957756477888367e-02
-2.799845725763550064e-02
-2.909913385970730459e-02
-3.013200030484508574e-02
-3.109756009483577444e-02
-3.199642283551318300e-02
-3.285506550822026028e-02
-3.380111396155660586e-02
-3.467870258541472239e-02
-3.548868128714754988e-02
-3.623198997509158303e-02
-3.690964959134834800e-02
-3.752275616655653678e-02
-3.807248259605655605e-02
-3.856006703813719128e-02
-3.898681188916475193e-02
-3.935408307768240022e-02
-3.966329986891636850e-02
-3.991593087625533443e-02
-4.011349475676473375e-02
-4.025755188861168676e-02
-4.034970087724465415e-02
-4.039157223484624026e-02
-4.038482917214114565e-02
-4.042496802571937664e-02
-4.041748362044028653e-02
-4.036189422057478993e-02
-4.025998335295710717e-02
-4.011354965780933313e-02
-3.992439973745387505e-02
-3.969434551734529748e-02
-3.942520384802428168e-02
-3.911878774992594288e-02
-3.877690878815132081e-02
-3.840136845190000869e-02
-3.799396701916979424e-02
-3.755648355243046410e-02
-3.709068611397903226e-02
-3.659832608115953789e-02
-3.608113124843281838e-02
-3.554081052701762999e-02
-3.497904830680775845e-02
-3.439749991143559171e-02
-3.379779506871960493e-02
-3.318153242514298995e-02
-3.255027926858256038e-02
-3.190556886709217110e-02
-3.124890038980598916e-02
-3.058173714515666219e-02
-2.990550490689392049e-02
-2.922159192831630392e-02
-2.853134676483781718e-02
-2.783608035749374210e-02
-2.713705781498276792e-02
-2.643550865448140996e-02
-2.573262004837628680e-02
-2.502953424349385614e-02
-2.432735425049692424e-02
-2.362713973669006151e-02
-2.292990821016172021e-02
-2.223663539179465687e-02
-2.154825100347856903e-02
-2.086565095389980584e-02
-2.018968131404541566e-02
-1.952114884411582096e-02
-1.886082012780754269e-02
-1.820941735916381532e-02
-1.756763045502740539e-02
-1.693610139762213862e-02
-1.631543599433227243e-02
-1.570620124379074056e-02
-1.510892538381813921e-02
-1.452410097387346610e-02
-1.395218227603534089e-02
-1.339358602213414073e-02
-1.284870111140845594e-02
-1.231787579349896689e-02
-1.180142241937298664e-02
-1.129962707054232851e-02
-1.081274284434652344e-02
-1.034098888902024171e-02
-9.884555387890348044e-03
-9.454874409325686457e-03
-9.075300348451609267e-03
-8.711299547499606888e-03
-8.362892430865187521e-03
-8.030074486981675363e-03
-7.712819074076282533e-03
-7.411075932219457485e-03
-7.124780874657510310e-03
-6.853841363934964903e-03
-6.598149828285215790e-03
-6.357578863208424025e-03
-6.131984141771074093e-03
-5.921204262597790091e-03
-5.725063171587496669e-03
-5.543369322156266321e-03
-5.375917546853070661e-03
-5.222488661316582181e-03
-5.082851043162861515e-03
-4.956762180190477096e-03
-4.843968222676409141e-03
-4.744205776920917828e-03
-4.657200856063692385e-03
-4.582671638725166474e-03
-4.520329662719646535e-03
-4.469874145216934380e-03
-4.431003190171978190e-03
-4.403403504682934511e-03
-4.386762775800967518e-03
-4.380763480436922208e-03
-4.385079506677769245e-03
-4.399381608030772384e-03
-4.423340038763434734e-03
-4.456621367156188285e-03
-4.498890370067343270e-03
-4.549811281513882477e-03
-4.609047388230091968e-03
-4.676258942339472924e-03
-4.751109101568395943e-03
-4.833260989431931165e-03
-4.922378169922136948e-03
-5.018124339673413203e-03
-5.120167950217080488e-03
-5.228178059468291394e-03
-5.341826245935266115e-03
-5.460790044066854421e-03
-5.584743265881542129e-03
-5.713364462995862425e-03
-5.846344498103395182e-03
-5.983367789495375177e-03
-6.124132839006257711e-03
-6.268335294243421174e-03
-6.415678554527737276e-03
-6.565871188746630338e-03
-6.718626670283445179e-03
-6.873664510089305679e-03
-7.030709518609068454e-03
-7.189493851648798284e-03
-7.349754179239997853e-03
-7.511234095639363062e-03
-7.673683910472295366e-03
-7.836860091430697395e-03
-8.000525794236157395e-03
-8.164451718259080337e-03
-8.328414526872940371e-03
-8.492198546609319720e-03
-8.655594219143747381e-03
-8.818400486854560683e-03
-8.980422523617193065e-03
-9.141472708377840206e-03
-9.301368159480905007e-03
-9.459938561182656969e-03
-9.617020654906216492e-03
-9.772453439858441726e-03
-9.926085562914632732e-03
-1.007777286771638359e-02
-1.022737867528888955e-02
-1.037477273470832628e-02
-1.051983283575186334e-02
-1.066244299083951574e-02
-1.080249557816115313e-02
-1.093988775880339048e-02
-1.107452465245417628e-02
-1.120631902044655348e-02
-1.133518844111325308e-02
-1.146105827944809974e-02
-1.158385754902635512e-02
-1.170352932241058852e-02
-1.182001491407458360e-02
-1.193326457551613373e-02
-1.204323427296261073e-02
-1.214988642881742464e-02
-1.225318847657996812e-02
-1.235311380600245812e-02
-1.244964135550397089e-02
-1.254275536456095352e-02
-1.263244507305394393e-02
-1.271870428993970847e-02
-1.280153308062148554e-02
-1.288093481506669136e-02
-1.295691785835151322e-02
-1.302949248243701064e-02
-1.309868095856581149e-02
-1.316450171300020955e-02
-1.322698047812131961e-02
-1.328614524206006564e-02
-1.334202870762091209e-02
-1.339466673476952252e-02
-1.344409846171590317e-02
-1.349036614486509578e-02
-1.353351499937316404e-02
-1.357359304054561733e-02
-1.361065092629498707e-02
-1.364474180087649202e-02
-1.367592113999993586e-02
-1.370424687365634497e-02
-1.372977785438189713e-02
-1.375257639457938552e-02
-1.377270545966569060e-02
-1.379022755149916790e-02
-1.380521414590152318e-02
-1.381773025624166706e-02
-1.382784460336550225e-02
-1.383562699030305154e-02
-1.384114798335733809e-02
-1.384447928426579821e-02
-1.384569286321379877e-02
-1.384486158740783068e-02
-1.384205820526585029e-02
-1.383735595995583267e-02
-1.383082883354447290e-02
3.878210639316659325e-02
4.101637705187455296e-02
4.227627862574268036e-02
4.311552968321263890e-02
4.362361538821613038e-02
4.381990533582102998e-02
4.343953030186531450e-02
4.257536036385634048e-02
4.149707676942471224e-02
4.021917247905104631e-02
3.875527785254151425e-02
3.711824083154757759e-02
3.532020916660627563e-02
3.336494483830998448e-02
3.108582704540063801e-02
2.871844361254227707e-02
2.627173314806885429e-02
2.375420847560638649e-02
2.117402238079391097e-02
1.853902117153705120e-02
1.585679172781206958e-02
1.313470269075978081e-02
1.037993919966950784e-02
7.599534699986865149e-03
4.800401081409777504e-03
1.940992552752263123e-03
-1.082563211484810495e-03
-4.130405783171031686e-03
-7.194857633720630474e-03
-1.026832936330057677e-02
-1.334331940443833631e-02
-1.641240831990131710e-02
-1.946828216238438714e-02
-2.250371677420570649e-02
-2.551159384327350566e-02
-2.876598442215172469e-02
-3.209876496995933692e-02
-3.539734184598231082e-02
-3.865414037274117476e-02
-4.186184272856730004e-02
-4.501340273317300245e-02
-4.815567579556034872e-02
-5.157624241161018475e-02
-5.492818925755038606e-02
-5.820470047355819077e-02
-6.139923183702933329e-02
-6.450552187619873479e-02
-6.763076473664542121e-02
-7.093043214623317994e-02
-7.403028489753982200e-02
-7.690744745455857512e-02
-7.953814546226789517e-02
-8.190450446737607137e-02
-8.421693746649960843e-02
-8.655585672103072170e-02
-8.875128895674411211e-02
-9.080634325984959787e-02
-9.272421259887675404e-02
-9.450815797873080015e-02
-9.619213303328422171e-02
-9.805562099329989678e-02
-9.978841896498380493e-02
-1.013938838793757569e-01
-1.028753389132788243e-01
-1.042360712576995141e-01
-1.054793301018639440e-01
-1.066083248189206856e-01
-1.078145364019995611e-01
-1.090072976316864839e-01
-1.100899007987061751e-01
-1.110655442596986120e-01
-1.119373132210812471e-01
-1.127081873715560789e-01
-1.133810478687591328e-01
-1.139586837320774038e-01
-1.144437976897165754e-01
-1.150984538477688446e-01
-1.157049480984921885e-01
-1.162001226774256324e-01
-1.165836361385350628e-01
-1.168561332813311537e-01
-1.170184944477288269e-01
-1.170718211274905940e-01
-1.170174229288525325e-01
-1.168568045774538433e-01
-1.165916530681219143e-01
-1.161362740990199427e-01
-1.156193128698186356e-01
-1.149218581789552829e-01
-1.140438352525849908e-01
-1.130036015934381410e-01
-1.118184063615661472e-01
-1.105043812158532646e-01
-1.090765474300052773e-01
-1.075488433366924568e-01
-1.059341548416696810e-01
-1.042443519031923671e-01
-1.024903461063511045e-01
-1.006821283101455577e-01
-9.882882927759872871e-02
-9.693877593968824868e-02
-9.501953162464360503e-02
-9.307795611352887022e-02
-9.112025002719015276e-02
-8.915201773735415003e-02
-8.717829693436129901e-02
-8.520360514808711372e-02
-8.322532487226652620e-02
-8.123295921446782586e-02
-7.922845159149627392e-02
-7.721372196913023345e-02
-7.519067367818443870e-02
-7.316118758299516855e-02
-7.112711909909830155e-02
-6.909029560872514963e-02
-6.705251068188555763e-02
-6.501553216630640009e-02
-6.298108975852301228e-02
-6.095087816597821728e-02
-5.892654653165596557e-02
-5.690971130147914891e-02
-5.490194457525987559e-02
-5.290477803269588719e-02
-5.091969337095925141e-02
-4.894812765279965561e-02
-4.699147165013695115e-02
-4.505107245914263814e-02
-4.312822610208577601e-02
-4.122418377557135472e-02
-3.934013836342042936e-02
-3.747723815994330465e-02
-3.563658066704800120e-02
-3.381921261273035384e-02
-3.202612764339018980e-02
-3.025827442466333395e-02
-2.851655053485835367e-02
-2.680179845449792708e-02
-2.511480826276191181e-02
-2.345632764821647953e-02
-2.182705088983816211e-02
-2.022762686371759600e-02
-1.865864849367326883e-02
-1.712066475389750764e-02
-1.561417200576897812e-02
-1.413963129852024991e-02
-1.269744345206280656e-02
-1.128797438188833269e-02
-9.911544141649741846e-03
-8.568421233996481590e-03
-7.258842509025420497e-03
-5.982990213531103052e-03
-4.741015471395826353e-03
-3.533029728499670341e-03
-2.359094522023319485e-03
-1.219247078475760304e-03
-1.134774218183309813e-04
9.582583048004522652e-04
1.996034974395044514e-03
2.999963432143815112e-03
3.970183936411686432e-03
4.906874399592808800e-03
5.810244980750667310e-03
6.680523755071554604e-03
7.517976411287818905e-03
8.322893060525693443e-03
9.095592961843479429e-03
9.836414093916445722e-03
1.054571697435680022e-02
1.122389690551450769e-02
1.187135605804812144e-02
1.248852831440228073e-02
1.307585970482527671e-02
1.363381661773033215e-02
1.416288020963829553e-02
1.466355300949739870e-02
1.513634873824631910e-02
1.558180085353377820e-02
1.600044371635611640e-02
1.639283444036099269e-02
1.675953815932373914e-02
1.710113357184361860e-02
1.741819638635178080e-02
1.771132426638999391e-02
1.798111324264350941e-02
1.822817283124944510e-02
1.845310895429008724e-02
1.865653958720159267e-02
1.883908605387318858e-02
1.899269449917007080e-02
1.911632076450331397e-02
1.922171971202768503e-02
1.930951684463622087e-02
1.938033396503691108e-02
1.943479581425222591e-02
1.947352423659598486e-02
1.949713794436380709e-02
1.950624937130296388e-02
1.950146911822248086e-02
1.948340301038431477e-02
1.945265528818396206e-02
1.940981253565787767e-02
1.935546644990271403e-02
1.929019833461165234e-02
1.921458161334399506e-02
1.912918153911746799e-02
1.903455754396077282e-02
1.893125802080852793e-02
1.881982465910869706e-02
1.870078777168959761e-02
1.857466899362059110e-02
1.844198012879338933e-02
1.830322281756568970e-02
1.815888611316385237e-02
1.800945559818956099e-02
1.785539363594690343e-02
1.769716128699627689e-02
1.753520462378688194e-02
1.736995915260841628e-02
1.720184853431394600e-02
1.703128518331009644e-02
1.685866769756216854e-02
1.668438431590590909e-02
1.650881270494508613e-02
1.633230970972121554e-02
1.615523019374620617e-02
1.597791367194112411e-02
1.580068513015220333e-02
1.562385914379937901e-02
1.544773790770115340e-02
1.527261098216925461e-02
1.509875539845584314e-02
1.492643721538211565e-02
1.475590922378966496e-02
1.458741261420737345e-02
1.442117621732119659e-02
1.425741796448942722e-02
1.409634365038403558e-02
1.393815180735824555e-02
1.378302088826988125e-02
1.363111952641649083e-02
1.348261114102022873e-02
1.333764532495962385e-02
1.319636052617845223e-02
1.305888570723912068e-02
1.292534030658742950e-02
1.279582658294131647e-02
1.267044509668480146e-02
1.254928380085562623e-02
1.243241974532249827e-02
1.231992286096250666e-02
1.221185330663310253e-02
1.210740178658298305e-02
1.199949636449204604e-02
1.189615212110517461e-02
1.179740465770340307e-02
1.170328690925703796e-02
1.161381124938376530e-02
1.152899344671798332e-02
1.144883738329216527e-02
1.137334498523046022e-02
1.130250206430538640e-02
1.123628835155443539e-02
1.117468476888383577e-02
1.111766322391272155e-02
1.106519007048767378e-02
1.101721775087582955e-02
1.097370455594859351e-02
1.093459864340484700e-02
1.089984353764350544e-02
1.086937810523824766e-02
1.084314063211788692e-02
1.082105466533000993e-02
1.080304799678977190e-02
1.078904656239743076e-02
1.077896695639868341e-02
1.077272527041372996e-02
1.077023184140468715e-02
1.077139887904188242e-02
1.077613459457182898e-02
1.078434409944684091e-02
1.079592829444475655e-02
1.081078728599926819e-02
1.082882227208337156e-02
1.084993269150213990e-02
1.087401081826477878e-02
1.090095703675775241e-02
1.093066180388735376e-02
1.096301882723693666e-02
1.099792088306195126e-02
1.103525678935834975e-02
1.107492359940653870e-02
1.111681091903005125e-02
1.116081338256957878e-02
1.120682306675391260e-02
1.125472949651040722e-02
1.130443170317718682e-02
1.135581995818313317e-02
1.140878514146415057e-02
1.146323008534544385e-02
1.151904796160163613e-02
9.144402379084493049e-02
1.025327803966762374e-01
1.129107660697297177e-01
1.218115806059287820e-01
1.302425132652036410e-01
1.378265418707620427e-01
1.445540001176537359e-01
1.508989516345362603e-01
1.563251747408047621e-01
1.611651539291329982e-01
1.657001202662193862e-01
1.692719167774336952e-01
1.723732601523511043e-01
1.752428378182071533e-01
1.773864249672292281e-01
1.790985487634029205e-01
1.806384412063231082e-01
1.817150481028662057e-01
1.822408616399475711e-01
1.826463995785654326e-01
1.829430438584629393e-01
1.823925689868439726e-01
1.817447559652700662e-01
1.810353667519088994e-01
1.800671507698732299e-01
1.785329268588409235e-01
1.769783115320926470e-01
1.754099699906053189e-01
1.736672581940728044e-01
1.715765953387347054e-01
1.694979446777447052e-01
1.674359192066883217e-01
1.653783753031143888e-01
1.627282636044413699e-01
1.601227588584137607e-01
1.575653337045013203e-01
1.550588883086039260e-01
1.524317776427235316e-01
1.495024246508016574e-01
1.466052203197527604e-01
1.437431428694209146e-01
1.409189154919643361e-01
1.380817417632982380e-01
1.348880312760445399e-01
1.317524516172561277e-01
1.286769269388075010e-01
1.256630938128908692e-01
1.227123131189136185e-01
1.198256833750248607e-01
1.166381394453002152e-01
1.135234762457468793e-01
1.104896523737215475e-01
1.075368616443725944e-01
1.046650605524481747e-01
1.018739841277886971e-01
9.916316034012262470e-02
9.653192332599336289e-02
9.374875493663603621e-02
9.102974375939631990e-02
8.840184545248175318e-02
8.586362418023085752e-02
8.341352494219145264e-02
8.104987100162452940e-02
7.877089026968508989e-02
7.657471494398193634e-02
7.445939321978412018e-02
7.242290420338837187e-02
7.046316419100318029e-02
6.857804252765409281e-02
6.676536055117510138e-02
6.502292171863865988e-02
6.334850078028608777e-02
6.173987107784673078e-02
6.019480356922124464e-02
5.871107741212977515e-02
5.728648813594561240e-02
5.591885639374405415e-02
5.460603437287581130e-02
5.334591021456080995e-02
5.213641457054318806e-02
5.097552476077082950e-02
4.986126978816418642e-02
4.879173075706111362e-02
4.776504505363221575e-02
4.677941119916173562e-02
4.583308703299437958e-02
4.492439186411800733e-02
4.405170531172308834e-02
4.321346864096420326e-02
4.240818675877844335e-02
4.163442468375921912e-02
4.089080121920618538e-02
4.017599867853793860e-02
3.948875688914288418e-02
3.882787050347435986e-02
3.819218213990804855e-02
3.758058468766378724e-02
3.699202723121652880e-02
3.642549898867142311e-02
3.588003962810537573e-02
3.535472058553201791e-02
3.484866093584759739e-02
3.436101724418061387e-02
3.389097420157494156e-02
3.343775656031766630e-02
3.300062112220381039e-02
3.257884567290081357e-02
3.206654039161582759e-02
3.154013642382125227e-02
3.102701866006674081e-02
3.052681037975180089e-02
3.003914498243331899e-02
2.956367386214053816e-02
2.910005564668671774e-02
2.864796620962151152e-02
2.820709365596729690e-02
2.777713455007191357e-02
2.735778732851912309e-02
2.694876689549108306e-02
2.654979088420184041e-02
2.616058314155988995e-02
2.578087307249576909e-02
2.541039436313541344e-02
2.504888435214591702e-02
2.469608546393131654e-02
2.435174163489772781e-02
2.401560052897755426e-02
2.368741216135261674e-02
2.332437361606221060e-02
2.291232499184725491e-02
2.251005887389667670e-02
2.211739010505553438e-02
2.173412824553300204e-02
2.136008046794057869e-02
2.099505107511223656e-02
2.063884279464578420e-02
2.029125092069072878e-02
1.995207429143985856e-02
1.962110659393978551e-02
1.929814408196395270e-02
1.898297801459603029e-02
1.867540059296257660e-02
1.837520350351251608e-02
1.808217892052876863e-02
1.779611930902125216e-02
1.751681987222841741e-02
1.724407180248532789e-02
1.697767357758950268e-02
1.671742369245299287e-02
1.646312196313681753e-02
1.621457719990049284e-02
1.597159024144034767e-02
1.573397547831945076e-02
1.550154332837205828e-02
1.527411234164288700e-02
1.505150931759247079e-02
1.483355383935025529e-02
1.462008103842604712e-02
1.441092642987507055e-02
1.420593255756830153e-02
1.400494130889207156e-02
1.380780699201245021e-02
1.361438810028170465e-02
1.342454452833630185e-02
1.323813982715504878e-02
1.305505326380762554e-02
1.287515795297622390e-02
1.269834054477603225e-02
1.252448874249889599e-02
1.235349981707289935e-02
1.218527168893812629e-02
1.201971416724822994e-02
1.185673211241167202e-02
1.169624610124020414e-02
1.153817214949248715e-02
1.138243845415454203e-02
1.122897758080965147e-02
1.107772001218298996e-02
1.092860974971809895e-02
1.078158829938891117e-02
1.063660124949517005e-02
1.049360522978770582e-02
1.035254997505119512e-02
1.021339977205837357e-02
1.007611586167289630e-02
9.940663998315280026e-03
9.807014141960834763e-03
9.675140000406479146e-03
9.545013982090067017e-03
9.416610982672102281e-03
9.289912630626728784e-03
9.164901563526228756e-03
9.041560957857575076e-03
8.919876616961808224e-03
8.799838132942383595e-03
8.681428472435692711e-03
8.564642681870404672e-03
8.449470981405582393e-03
8.335906020739747291e-03
8.223940162086718075e-03
8.113568634511292288e-03
8.004786504941963088e-03
7.897590285137701116e-03
7.791977329956178977e-03
7.687938953562234445e-03
7.585474513390089157e-03
7.484581272430235188e-03
7.385255510487631625e-03
7.287494126847926523e-03
7.191292998275811144e-03
7.096650776509116909e-03
7.003562314721767379e-03
6.912024260351312677e-03
6.822032457567406283e-03
6.733582392707715414e-03
6.646669155001783125e-03
6.561287402379933908e-03
6.477431332153837928e-03
6.395094656350464035e-03
6.314270581455394549e-03
6.234951792348564226e-03
6.157130440186175946e-03
6.080798134002973754e-03
6.005945935765977239e-03
5.932563847191651973e-03
5.860645553531051988e-03
5.790175002793107595e-03
5.721143337416023655e-03
5.653538830339144283e-03
5.587349013636444539e-03
5.522561629860200938e-03
5.459163527132826488e-03
5.397140567128033695e-03
5.336479103112079514e-03
5.277164711249282547e-03
5.219183412977113079e-03
5.162521221061533439e-03
5.107160052942649742e-03
5.053083847701866915e-03
5.000273926091702847e-03
4.948714685819588510e-03
4.898391711939620308e-03
4.849286281362497064e-03
4.801381008926464133e-03
4.754658169557446357e-03
4.709099954539164301e-03
4.664687659151844912e-03
4.621403998914974665e-03
4.579229976229948207e-03
4.538147178190898856e-03
4.498137035583660293e-03
4.459180915474592055e-03
4.421259867287252732e-03
4.384354020114944461e-03
4.348447025799506704e-03
4.313517882521322733e-03
4.279551940179482372e-03
4.246524432597542642e-03
4.214422080001334336e-03
4.183221066607067939e-03
4.152905166918019475e-03
4.123455927284469524e-03
4.094857038666077642e-03
4.067087846839623211e-03
4.040127887946054486e-03
4.013963518096241856e-03
3.988571211391622739e-03
3.963939754526801806e-03
3.940048095004256012e-03
3.916876366032440160e-03
3.894409686847621899e-03
3.872630651152508818e-03
3.851524618754043061e-03
3.831070103565092921e-03
3.811252891236405205e-03
3.792055948399708498e-03
3.773463524097797617e-03
3.755459569766861350e-03
3.738028246183855430e-03
3.721154332046561208e-03
3.704821979051420300e-03
3.689016024594371501e-03
3.673721502736482236e-03
3.658923674364933376e-03
3.644610371637879709e-03
3.630761663242720871e-03
3.617367745848198979e-03
3.604416216855366173e-03
3.591888762676687108e-03
3.579776787110633407e-03
3.568062582074427169e-03
3.556735429426804984e-03
3.545785190809169762e-03
3.535194883741432648e-03
3.524954518492773303e-03
3.515052343810776136e-03
3.505476721622269309e-03
3.496215344707120920e-03
3.487259044357093885e-03
