-6.436884261065678459e-01
-6.412855283180306509e-01
-6.173762808271779923e-01
-5.945855850703151146e-01
-5.736869834505891053e-01
-5.538781721300596317e-01
-5.359808853313892119e-01
-5.188764478209582087e-01
-5.032643941398049492e-01
-4.881809880079788222e-01
-4.748751269680471232e-01
-4.620400644792392875e-01
-4.502862799612015188e-01
-4.392810498263755026e-01
-4.287350386373713906e-01
-4.193448777598816068e-01
-4.102123578736078802e-01
-4.017414532476450972e-01
-3.939775384934307567e-01
-3.863997593029151467e-01
-3.785074313547132085e-01
-3.697426616051346926e-01
-3.602010283614736075e-01
-3.502665668957183343e-01
-3.407691562268948537e-01
-3.312510335263567640e-01
-3.218606414283735617e-01
-3.127040875960851452e-01
-3.038531481305528636e-01
-2.953522754634976266e-01
-2.872246263893076801e-01
-2.795123712412719286e-01
-2.722292754554058725e-01
-2.652867979958575262e-01
-2.586692144528823789e-01
-2.523572021660345222e-01
-2.463295000755820752e-01
-2.405641608559090372e-01
-2.350394790592980065e-01
-2.297346426635082928e-01
-2.246301611086325423e-01
-2.197081343427509381e-01
-2.149523772273962408e-01
-2.103484523748138102e-01
-2.058836286285230521e-01
-2.015467902655494470e-01
-1.973283141450332678e-01
-1.932199285411253520e-01
-1.892145641265297051e-01
-1.853062048522065020e-01
-1.814897442425422724e-01
-1.777608508348835770e-01
-1.741158450793176549e-01
-1.705515884237951418e-01
-1.670653874830572150e-01
-1.636549083546867678e-01
-1.603181039261025731e-01
-1.570531547522509008e-01
-1.538584170608037205e-01
-1.507323824119284339e-01
-1.476736440986372578e-01
-1.446808704349118457e-01
-1.417527849929633987e-01
-1.388881492410902752e-01
-1.360857562358446238e-01
-1.333444169669588675e-01
-1.306629566947661303e-01
-1.280402114350764897e-01
-1.254750260102528436e-01
-1.229662532662612051e-01
-1.205127541280583969e-01
-1.181133982296143081e-01
-1.157670649099653559e-01
-1.134726444128943967e-01
-1.112290391731827199e-01
-1.090351650869862965e-01
-1.068899527204081323e-01
-1.047923484014336992e-01
-1.027413151750935505e-01
-1.007358336084731576e-01
-9.877490244252795648e-02
-9.685753909374295034e-02
-9.498278001863535991e-02
-9.314968094499009865e-02
-9.135731698762183939e-02
-8.960478266712534889e-02
-8.789119183805427227e-02
-8.621567754442960307e-02
-8.457739181445678156e-02
-8.297550540610032499e-02
-8.140920751386948595e-02
-7.987770544593297828e-02
-7.838022427947821669e-02
-7.691600650098084913e-02
-7.548431163697433277e-02
-7.408441587995273636e-02
-7.271561171309004479e-02
-7.137720753674692276e-02
-7.006852729905688193e-02
-6.878891013225407747e-02
-6.753770999607011660e-02
-6.631429532900101620e-02
-6.511804870803983292e-02
-6.394836651714408404e-02
-6.280465862456185988e-02
-6.168634806900197276e-02
-6.059287075446206927e-02
-5.952367515355749816e-02
-5.847822201901298200e-02
-5.745598410307994897e-02
-5.645644588452558565e-02
-5.547910330290850567e-02
-5.452346349977732487e-02
-5.358904456656876647e-02
-5.267537529884647185e-02
-5.178199495579560718e-02
-5.090845302900826042e-02
-5.005430901259666499e-02
-4.921913217870299562e-02
-4.840250136253310131e-02
-4.760400474899117995e-02
-4.682323966416923611e-02
-4.605981237588974153e-02
-4.531333789018843206e-02
-4.458343976087064675e-02
-4.386974989909031564e-02
-4.317190838802131836e-02
-4.248956330161846040e-02
-4.182237052741877292e-02
-4.116999359324058361e-02
-4.053210349772484733e-02
-3.990837854460371759e-02
-3.929850418064617656e-02
-3.870217283716392842e-02
-3.811908377502915002e-02
-3.754894293310773179e-02
-3.699146278004672439e-02
-3.644636216933472284e-02
-3.591336619757257154e-02
-3.539220606586823692e-02
-3.488261894431854415e-02
-3.438434783948096651e-02
-3.389714146391620275e-02
-3.342075411292411147e-02
-3.295494553547273497e-02
-3.249948081647113796e-02
-3.205413025744441313e-02
-3.161866926069212269e-02
-3.119287821602467758e-02
-3.077654238999105729e-02
-3.036945181759653778e-02
-2.997140119640429035e-02
-2.958218978299731461e-02
-2.920162129087300329e-02
-2.882950379489157555e-02
-2.846564962932607301e-02
-2.810987529664155105e-02
-2.776200137325446349e-02
-2.742185242245964716e-02
-2.708925690082120141e-02
-2.676404707507362701e-02
-2.644605893667861807e-02
-2.613513211825457816e-02
-2.583110981528236039e-02
-2.553383870530012700e-02
-2.524316886886612821e-02
-2.495895371651624117e-02
-2.468104991399266979e-02
-2.440931730909401409e-02
-2.414361886442639715e-02
-2.388382058314775236e-02
-2.362979144481336391e-02
-2.338140333845650787e-02
-2.313853099796903123e-02
-2.290105193893099411e-02
-2.266884639684318969e-02
-2.244179726672479447e-02
-2.221979004405527647e-02
-2.200271276702903123e-02
-2.179045596009032693e-02
-2.158291257872368973e-02
-2.137997795547397217e-02
-2.118154974715169558e-02
-2.098752788322233442e-02
-2.079781451535112069e-02
-2.061231396803719917e-02
-2.043093269037976611e-02
-2.025357920802761669e-02
-2.008016408049195789e-02
-1.991059985088661222e-02
-1.974480100524322879e-02
-1.958268392854378703e-02
-1.942416686254411218e-02
-1.926916986454019209e-02
-1.911761476705997609e-02
-1.896942513843447031e-02
-1.882452624425168253e-02
-1.868284500967298811e-02
-1.854430998258083108e-02
-1.840885129753422333e-02
-1.827640064054181224e-02
-1.814689121461343646e-02
-1.802025770606752175e-02
-1.789643625159120788e-02
-1.777536440603544321e-02
-1.765698111092595113e-02
-1.754122666366741967e-02
-1.742804268743425311e-02
-1.731737210173056596e-02
-1.720915909360298812e-02
-1.710334908949295851e-02
-1.699988872771829307e-02
-1.689872583069451650e-02
-1.679980938207537022e-02
-1.670308949584686786e-02
-1.660851739461710608e-02
-1.651604538415751833e-02
-1.642562682934745055e-02
-1.633721613065919342e-02
-1.625076870115771399e-02
-1.616624094401641898e-02
-1.608359023052718939e-02
-1.600277487861001546e-02
-1.592375413178626076e-02
-1.584648813862310490e-02
-1.577093793263850685e-02
-1.569706541265381006e-02
-1.562483332357045285e-02
-1.555420523758410667e-02
-1.548514553581714637e-02
-1.541761939035390938e-02
-1.535159274667696749e-02
-1.528703230649064437e-02
-1.522390551092511757e-02
-1.516218052412732220e-02
-1.510182621719335927e-02
-1.504281215247837977e-02
-1.498510856823909165e-02
-1.492868636363509083e-02
-1.487351708404149875e-02
-1.481957290670576910e-02
-1.476682662671224833e-02
-1.471525164326559221e-02
-1.466482194627394264e-02
-1.461551210323230876e-02
-1.456729724639505008e-02
-1.452015306023390906e-02
-1.447405576918159298e-02
-1.442898212563159532e-02
-1.438490939822356651e-02
-1.434181536037426596e-02
-1.429967827906741817e-02
-1.425847690389669964e-02
-1.421819045634675760e-02
-1.417879861931581331e-02
-1.414028152686785944e-02
-1.410261975421445158e-02
-1.406579430791987662e-02
-1.402978661631992807e-02
-1.399457852015784098e-02
-1.396015226342495197e-02
-1.392649048440786075e-02
-1.389357620693143502e-02
-1.386139283179632642e-02
-1.382992412841010932e-02
-1.379915422660005220e-02
-1.376906760861196233e-02
-1.373964910128000483e-02
-1.371088386837904238e-02
-1.368275740314084388e-02
-1.365525552093682649e-02
-1.362836435212733122e-02
-1.360207033506277696e-02
-1.357636020924957165e-02
-1.355122100865768786e-02
-1.352664005518500190e-02
-1.350260495226196511e-02
-1.347910357860060415e-02
-1.345612408208030075e-02
-1.343365487377257139e-02
-1.341168462209463286e-02
-1.339020224709619455e-02
-1.336919691487015172e-02
-1.334865803209117630e-02
-1.332857524066977106e-02
-1.330893841253288912e-02
-1.328973764451246709e-02
-1.327096325335253013e-02
-1.325260577082687519e-02
-1.323465593896200332e-02
-1.321710470536929805e-02
-1.319994321868067644e-02
-1.318316282408193985e-02
-1.316675505895181786e-02
-1.315071164859027419e-02
-1.313502450204717675e-02
-1.311968570804422640e-02
-1.310468753098081862e-02
-1.309002240703449615e-02
-1.307568294034933132e-02
-1.306166189930113575e-02
-2.956301298516494924e-02
-5.841398032652600492e-02
-6.129622944661372586e-02
-6.309098250647915407e-02
-6.548752464055551670e-02
-6.778411465637423916e-02
-6.995948467306467577e-02
-7.201290637304991193e-02
-7.454445093735717620e-02
-7.699032421598728249e-02
-7.930050738033544988e-02
-8.147598498187225147e-02
-8.374402355823651334e-02
-8.615702873097941250e-02
-8.842959269717765025e-02
-9.056369656073703922e-02
-9.256142047961812835e-02
-9.462832199151316459e-02
-9.680475158312340511e-02
-9.884277007500630319e-02
-1.007449766179915329e-01
-1.025139005233937084e-01
-1.041520101141024668e-01
-1.060348093298166816e-01
-1.078594979692182321e-01
-1.095520759412522693e-01
-1.111154510143705920e-01
-1.125526146417223927e-01
-1.138666264780301418e-01
-1.152016543246858760e-01
-1.166139367755807399e-01
-1.179056919756327204e-01
-1.190800647755159147e-01
-1.200452271490926037e-01
-1.201687451051034472e-01
-1.196042839047972706e-01
-1.184870334792256230e-01
-1.170650363457248488e-01
-1.153747008286760689e-01
-1.134130189083686346e-01
-1.112512590172993754e-01
-1.089487888571065710e-01
-1.065544146450880802e-01
-1.041076898302861764e-01
-1.016401887491076295e-01
-9.917665162259314826e-02
-9.673606699335657311e-02
-9.433263737816233174e-02
-9.197662093164282737e-02
-8.967508119102873820e-02
-8.743252800007716985e-02
-8.525146221139934255e-02
-8.313284013493404956e-02
-8.107644982085471241e-02
-7.908122653172711125e-02
-7.714550696942357177e-02
-7.526723087187026096e-02
-7.344409889034064776e-02
-7.167369539126422495e-02
-6.995358014733543683e-02
-6.828135436566551419e-02
-6.665470789697280907e-02
-6.507144742596437936e-02
-6.352951969944431454e-02
-6.202701627985618416e-02
-6.056217755968518190e-02
-5.913338871973383704e-02
-5.773917307247433683e-02
-5.637818360543711549e-02
-5.504919080507697515e-02
-5.375107205109674879e-02
-5.248279975274172671e-02
-5.124343593147084874e-02
-5.003211273626817501e-02
-4.884803268383297592e-02
-4.769045080856315622e-02
-4.655867162143234594e-02
-4.545204463990248911e-02
-4.436995436817792182e-02
-4.331181622314872470e-02
-4.227707350798226571e-02
-4.126519156793850840e-02
-4.027565693717338746e-02
-3.930797296915411465e-02
-3.836165770930843877e-02
-3.743624383187427185e-02
-3.653127609040485169e-02
-3.564631030040565918e-02
-3.478091254310733405e-02
-3.393465847074317310e-02
-3.310713276326460175e-02
-3.229792870539416327e-02
-3.150664785803769519e-02
-3.073289980228555152e-02
-2.997630193817624189e-02
-2.923647932372031022e-02
-2.851306454267721335e-02
-2.780569759181084066e-02
-2.711402578068256020e-02
-2.643770363861364103e-02
-2.577639282478294547e-02
-2.512976203881756021e-02
-2.449748692972342212e-02
-2.387925000221180483e-02
-2.327474051959121937e-02
-2.268365440303110603e-02
-2.210569412723728533e-02
-2.154056870135168111e-02
-2.098799306302101542e-02
-2.044768914742611798e-02
-1.991938431308515334e-02
-1.940281213583183728e-02
-1.889771206502111056e-02
-1.840382930579753662e-02
-1.792091470132284314e-02
-1.744872461549640263e-02
-1.698702081634095862e-02
-1.653557036055453011e-02
-1.609414547932619399e-02
-1.566252346571328502e-02
-1.524048656370879939e-02
-1.482782185919795381e-02
-1.442432117283676263e-02
-1.402978095496099087e-02
-1.364400218259742559e-02
-1.326679025857568917e-02
-1.289795491278056261e-02
-1.253731010551817349e-02
-1.218467393300937118e-02
-1.183986853499785497e-02
-1.150272000441976417e-02
-1.117305829908055159e-02
-1.085071715539154269e-02
-1.053553400402496010e-02
-1.022734988750606533e-02
-9.926009379676692390e-03
-9.631360506982211689e-03
-9.343254671570377923e-03
-9.061546576127454955e-03
-8.786094150389445190e-03
-8.516758479355956979e-03
-8.253403733116115859e-03
-7.995897098221682597e-03
-7.744108710658892392e-03
-7.497911590275130322e-03
-7.257181576705740156e-03
-7.021797266722806796e-03
-6.791639952985484285e-03
-6.566593564149236784e-03
-6.346544606346427031e-03
-6.131382105916571845e-03
-5.920997553467977070e-03
-5.715284849125090716e-03
-5.514140249042398523e-03
-5.317462313095155935e-03
-5.125151853705212091e-03
-4.937111885848999293e-03
-4.753247578131336581e-03
-4.573466204982779004e-03
-4.397677099885477503e-03
-4.225791609670181970e-03
-4.057723049791128744e-03
-3.893386660628550544e-03
-3.732699564745090015e-03
-3.575580725084570588e-03
-3.421950904112236458e-03
-3.271732623850276411e-03
-3.124850126821065999e-03
-2.981229337814639280e-03
-2.840797826568319806e-03
-2.703484771211073223e-03
-2.569220922556958442e-03
-2.437938569193498495e-03
-2.309571503309015839e-03
-2.184054987326433661e-03
-2.061325721246731746e-03
-1.941321810721596819e-03
-1.823982735849938308e-03
-1.709249320646755166e-03
-1.597063703203005502e-03
-1.487369306510721856e-03
-1.380110809916068604e-03
-1.275234121238533191e-03
-1.172686349478979650e-03
-1.072415778146762477e-03
-9.743718391810318735e-04
-8.785050874422495326e-04
-7.847671757970076101e-04
-6.931108307073330366e-04
-6.034898284035250526e-04
-5.158589715774652973e-04
-4.301740665848541312e-04
-3.463919011412741611e-04
-2.644702225698125631e-04
-1.843677164394819101e-04
-1.060439857800687946e-04
-2.945953067357010013e-05
4.542427165521445431e-05
1.186451863075532742e-04
1.902401397639863490e-04
2.602452385076503560e-04
3.286957872346008003e-04
3.956263066555720798e-04
4.610705509087154041e-04
5.250615245717682456e-04
5.876314993251696706e-04
6.488120302057254207e-04
7.086339715431932973e-04
7.671274925016291490e-04
8.243220923018768076e-04
8.802466150976684389e-04
9.349292645248752365e-04
9.883976179203557422e-04
1.040678640234382613e-03
1.091798697626877868e-03
1.141783570761667477e-03
1.190658467811189780e-03
1.238448037173434102e-03
1.285176379889563236e-03
1.330867061819063224e-03
1.375543125502254327e-03
1.419227101799869217e-03
1.461941021242196825e-03
1.503706425142858905e-03
1.544544376460343926e-03
1.584475470435720013e-03
1.623519844958565272e-03
1.661697190733057994e-03
1.699026761209587733e-03
1.735527382291657261e-03
1.771217461826957162e-03
1.806114998894159385e-03
1.840237592876547978e-03
1.873602452350908720e-03
1.906226403757038668e-03
1.938125899870968283e-03
1.969317028117423263e-03
1.999815518686887117e-03
2.029636752460817206e-03
2.058795768764554168e-03
2.087307272959471049e-03
2.115185643850381325e-03
2.142444940947285659e-03
2.169098911553035691e-03
2.195160997692013893e-03
2.220644342899369406e-03
2.245561798828177302e-03
2.269925931750016446e-03
2.293749028890346153e-03
2.317043104626215211e-03
2.339819906526763305e-03
2.362090921296911006e-03
2.383867380570059424e-03
2.405160266568451277e-03
2.425980317632081551e-03
2.446338033643691290e-03
2.466243681328528226e-03
2.485707299431538786e-03
2.504738703760445162e-03
2.523347492155991745e-03
2.541543049331629334e-03
2.559334551604841579e-03
2.576730971508567336e-03
2.593741082336009640e-03
2.610373462560211522e-03
2.626636500164813981e-03
2.642538396854021698e-03
2.658087172207501681e-03
2.673290667724259606e-03
2.688156550777698328e-03
2.702692318464094967e-03
2.716905301403116368e-03
2.730802667432641329e-03
2.744391425222758585e-03
2.757678427797394249e-03
2.770670376001760360e-03
2.783373821886314659e-03
2.795795172009896135e-03
2.807940690651378191e-03
2.819816502989347384e-03
2.831428598188523438e-03
2.842782832421342221e-03
2.853884931804273606e-03
2.864740495304829437e-03
2.875354997554424585e-03
2.885733791621269972e-03
2.895882111695335936e-03
2.905805075744893884e-03
2.915507688073581960e-03
2.924994841861483508e-03
2.934271321636039431e-03
2.943341805679899892e-03
2.952210868378379871e-03
2.960882982540269381e-03
2.969362521652918474e-03
2.977653762091136969e-03
2.985760885254151731e-03
2.993687979691905809e-03
3.001439043168296905e-03
3.009017984674677848e-03
7.532263029129637744e-02
8.398319137271315071e-02
9.187508535205957116e-02
9.833273492967808949e-02
1.020190867994337225e-01
1.038232894378525728e-01
1.042688990897575607e-01
1.034490411470638804e-01
1.014663981480419253e-01
9.897116303709196927e-02
9.613531372442940537e-02
9.309457309968083294e-02
8.995407267408639385e-02
8.679344578346981365e-02
8.357420590297603979e-02
8.039299821237699817e-02
7.734827304131774994e-02
7.445362909728370227e-02
7.171460716154509640e-02
6.913079329923377259e-02
6.669752623612446030e-02
6.440726346594871643e-02
6.225065609533819710e-02
6.021737843393015766e-02
5.829675467285388990e-02
5.647821863152469035e-02
5.475162729504123860e-02
5.310748999988312846e-02
5.153709096904846021e-02
5.003255847577836590e-02
4.858687564649821766e-02
4.719387208365688480e-02
4.584817621813241928e-02
4.454515794017055441e-02
4.328086131873254416e-02
4.205193342585911154e-02
4.085555061838430646e-02
3.968934960019465663e-02
3.855136273730863650e-02
3.743995550990319998e-02
3.635377201638689826e-02
3.529168749423394758e-02
3.425276508832064692e-02
3.323621904538676120e-02
3.224138645196239494e-02
3.126769054602362985e-02
3.031463754356344964e-02
2.938177815971076967e-02
2.846871008290774441e-02
2.757505881987265539e-02
2.670047010200216064e-02
2.584460319457537736e-02
2.500712623119705214e-02
2.418771265245078794e-02
2.338603863707566788e-02
2.260178168345783334e-02
2.183461968512334650e-02
2.108423055677377533e-02
2.035029222814799255e-02
1.963248289451868800e-02
1.893048143547204631e-02
1.824396793307769826e-02
1.757262419209659754e-02
1.691613468491182104e-02
1.627418602182784113e-02
1.564646893299848074e-02
1.503267778191563764e-02
1.443251128158440366e-02
1.384567254677326886e-02
1.327187005794439045e-02
1.271081663884521262e-02
1.216223113149927926e-02
1.162583757839907861e-02
1.110136553078300281e-02
1.058855009876413789e-02
1.008713196076316265e-02
9.596857345274045770e-03
9.117477995989275996e-03
8.648751110285957111e-03
8.190439262736326498e-03
7.742310324768908458e-03
7.304137369262608814e-03
6.875698570280697197e-03
6.456777098445165564e-03
6.047161013627455617e-03
5.646643156319353096e-03
5.255021038785390175e-03
4.872096736862729927e-03
4.497676783024484592e-03
4.131572061240262883e-03
3.773597703982112250e-03
3.423572991569923119e-03
3.081321254087665551e-03
2.746669775820720361e-03
2.419449702406151204e-03
2.099495950479646211e-03
1.786647119961681796e-03
1.480745408759975845e-03
1.181636529904661614e-03
8.891696309825114497e-04
6.031972157707343740e-04
3.235750679975168964e-04
5.016217710673842589e-05
-2.171793340264294159e-04
-4.785842795325123689e-04
-7.341844792350116222e-04
-9.841088256319352467e-04
-1.228483349250630852e-03
-1.467431282446973739e-03
-1.701073121707974423e-03
-1.929526688476013163e-03
-2.152907188599506583e-03
-2.371327270402900922e-03
-2.584897081474135661e-03
-2.793724324117174973e-03
-2.997914309620153261e-03
-3.197570011268968670e-03
-3.392792116216458709e-03
-3.583679076174739464e-03
-3.770327156982666850e-03
-3.952830487101710588e-03
-4.131281105022477362e-03
-4.305769005632065216e-03
-4.476382185545357828e-03
-4.643206687447776204e-03
-4.806326643453040504e-03
-4.965824317504363705e-03
-5.121780146834176151e-03
-5.274272782515687652e-03
-5.423379129113392594e-03
-5.569174383450725685e-03
-5.711732072519737358e-03
-5.851124090567871860e-03
-5.987420735336090871e-03
-6.120690743525614153e-03
-6.251001325432437028e-03
-6.378418198875301925e-03
-6.503005622304769417e-03
-6.624826427228391879e-03
-6.743942049900919500e-03
-6.860412562295969963e-03
-6.974296702408011583e-03
-7.085651903875334057e-03
-7.194534324940438097e-03
-7.300998876788700187e-03
-7.405099251216018530e-03
-7.506887947728912991e-03
-7.606416300014018361e-03
-7.703734501824044401e-03
-7.798891632301963028e-03
-7.891935680720330026e-03
-7.982913570686367422e-03
-8.071871183814138817e-03
-8.158853382854047709e-03
-8.243904034328064512e-03
-8.327066030644925121e-03
-8.408381311731272234e-03
-8.487890886189841666e-03
-8.565634851970926888e-03
-8.641652416605971609e-03
-8.715981916969983700e-03
-8.788660838626061178e-03
-8.859725834716503101e-03
-8.929212744460457429e-03
-8.997156611219470079e-03
-9.063591700177564547e-03
-9.128551515612759459e-03
-9.192068817806653414e-03
-9.254175639551665000e-03
-9.314903302314991862e-03
-9.374282432031311174e-03
-9.432342974548646453e-03
-9.489114210730953403e-03
-9.544624771222753878e-03
-9.598902650894469701e-03
-9.651975222948028232e-03
-9.703869252736030404e-03
-9.754610911244743221e-03
-9.804225788315967804e-03
-9.852738905523406032e-03
-9.900174728812771718e-03
-9.946557180829707079e-03
-9.991909652990571544e-03
-1.003625501727611891e-02
-1.007961563776138547e-02
-1.012201338190621414e-02
-1.016346963157355177e-02
-1.020400529381593202e-02
-1.024364081141770910e-02
-1.028239617320769739e-02
-1.032029092413644378e-02
-1.035734417513545225e-02
-1.039357461275347561e-02
-1.042900050858275307e-02
-1.046363972846942048e-02
-1.049750974153074168e-02
-1.053062762895695670e-02
-1.056301009262883284e-02
-1.059467346354470152e-02
-1.062563371005076363e-02
-1.065590644589464731e-02
-1.068550693810443875e-02
-1.071445011468341590e-02
-1.074275057214002516e-02
-1.077042258284910403e-02
-1.079748010225012322e-02
-1.082393677588422420e-02
-1.084980594627671380e-02
-1.087510065966545980e-02
-1.089983367258096081e-02
-1.092401745827809023e-02
-1.094766421302839632e-02
-1.097078586227029362e-02
-1.099339406662203089e-02
-1.101550022776454085e-02
-1.103711549418928684e-02
-1.105825076682220853e-02
-1.107891670452065824e-02
-1.109912372944954484e-02
-1.111888203233490913e-02
-1.113820157760692098e-02
-1.115709210842164012e-02
-1.117556315157708369e-02
-1.119362402231738329e-02
-1.121128382902902842e-02
-1.122855147783674568e-02
-1.124543567709279657e-02
-1.126194494176901983e-02
-1.127808759775339453e-02
-1.129387178604668307e-02
-1.130930546686803595e-02
-1.132439642367044641e-02
-1.133915226706561086e-02
-1.135358043866308009e-02
-1.136768821482059266e-02
-1.138148271031624859e-02
-1.139497088193630603e-02
-1.140815953198126564e-02
-1.142105531169912425e-02
-1.143366472463913652e-02
-1.144599412993008158e-02
-1.145804974548969568e-02
-1.146983765115816567e-02
-1.148136379176545319e-02
-1.149263398012934090e-02
-1.150365389998642129e-02
-1.151442910886002480e-02
-1.152496504086020224e-02
-1.153526700942686389e-02
-1.154534021000852562e-02
-1.155518972268065880e-02
-1.156482051471163786e-02
-1.157423744306518287e-02
-1.158344525684773529e-02
-1.159244859970876007e-02
-1.160125201217843127e-02
-1.160985993395957649e-02
-1.161827670616411012e-02
-1.162650657350594585e-02
-1.163455368643928622e-02
-1.164242210325250326e-02
-1.165011579211405746e-02
-1.165763863307578418e-02
-1.166499442002599807e-02
-1.167218686260618199e-02
-1.167921958808149085e-02
-1.168609614316729051e-02
-1.169281999582150178e-02
-1.169939453699031517e-02
-1.170582308232104296e-02
-1.171210887383189458e-02
-1.171825508154844542e-02
-1.172426480510191382e-02
-1.173014107529235517e-02
-1.173588685561721690e-02
-1.174150504376614279e-02
-1.174699847308113831e-02
-1.175236991398698194e-02
-1.175762207538744164e-02
-1.176275760603129328e-02
-1.176777909585036141e-02
-1.177268907726114477e-02
-1.177749002644823406e-02
-1.178218436460465313e-02
-1.178677445916243016e-02
-1.179126262497920408e-02
-1.179565112550928774e-02
-1.179994217394408906e-02
-1.180413793432721903e-02
-1.180824052264872748e-02
-1.181225200791047314e-02
-1.181617441316751282e-02
-1.182000971655261523e-02
-1.182375985227057669e-02
-1.182742671157566150e-02
-1.183101214372284105e-02
-1.183451795690393382e-02
-1.183794591915665606e-02
-1.184129775925679695e-02
-1.184457516759174212e-02
-8.951897256955110294e-03
-3.799578721132945702e-02
-4.835725486288211528e-02
-5.154422475353959143e-02
-5.457025499592749185e-02
-5.743844212492721368e-02
-6.015180324008717605e-02
-6.272208747891738767e-02
-6.558276255284667400e-02
-6.828846166381286054e-02
-7.084246927084958401e-02
-7.324815703470299866e-02
-7.550896734401213450e-02
-7.762839832367873782e-02
-7.981482900632475008e-02
-8.199605694781375576e-02
-8.403976746585239965e-02
-8.594949044310684627e-02
-8.772871661446490776e-02
-8.938089554169259543e-02
-9.090943379442961714e-02
-9.236651217178160067e-02
-9.394328533249840518e-02
-9.540099035786653303e-02
-9.674304595008909047e-02
-9.797275009456019035e-02
-9.909328810645323671e-02
-1.001077400029251052e-01
-1.010190872549836527e-01
-1.018302189689626047e-01
-1.026560943473668885e-01
-1.035765450099983553e-01
-1.043992743311710214e-01
-1.051271338002042199e-01
-1.057629619646824892e-01
-1.063095793581494419e-01
-1.067697839421057893e-01
-1.071463470216666991e-01
-1.071776271478643849e-01
-1.066660658467561973e-01
-1.057025334436278996e-01
-1.044137158236457807e-01
-1.029228965998836287e-01
-1.011854919640908790e-01
-9.925634127452553912e-02
-9.718269677433610809e-02
-9.500475163442523296e-02
-9.275628042480299484e-02
-9.046531178311045807e-02
-8.815479198363451729e-02
-8.584322102245423025e-02
-8.354529383765996187e-02
-8.127243933709404899e-02
-7.903334767332470534e-02
-7.683443904739029051e-02
-7.468025808916234354e-02
-7.257383294091290793e-02
-7.051697350703811651e-02
-6.851053126254491588e-02
-6.655462759335772915e-02
-6.464882287959294871e-02
-6.279226939949822395e-02
-6.098382578587191460e-02
-5.922216197162910589e-02
-5.750583338479309248e-02
-5.583332794324391557e-02
-5.420311913359832090e-02
-5.261370913347818146e-02
-5.106362701363131862e-02
-4.955147288512673498e-02
-4.807589812368284754e-02
-4.663563731535091961e-02
-4.522949435671730356e-02
-4.385635009772670401e-02
-4.251514841067294270e-02
-4.120489756531853232e-02
-3.992468059796028257e-02
-3.867362669081320092e-02
-3.745091601448446994e-02
-3.625578788982508627e-02
-3.508751184110181498e-02
-3.394540070625406969e-02
-3.282880043733893416e-02
-3.173708502220051741e-02
-3.066966063289644495e-02
-2.962595481136975906e-02
-2.860542131908250241e-02
-2.760752475128391836e-02
-2.663175125616934480e-02
-2.567760281197895011e-02
-2.474459584103883003e-02
-2.383226003051497344e-02
-2.294013734399769078e-02
-2.206778119117114301e-02
-2.121475573273734483e-02
-2.038063529891331882e-02
-1.956500390356108454e-02
-1.876745483165631612e-02
-1.798759029700214285e-02
-1.722502114623036817e-02
-1.647936660554449873e-02
-1.575025405888119678e-02
-1.503731885150028091e-02
-1.434020411276293316e-02
-1.365856059350889495e-02
-1.299204651428365054e-02
-1.234032742164359320e-02
-1.170307604979914373e-02
-1.107997218680623064e-02
-1.047070254361592845e-02
-9.874960624203232840e-03
-9.292446598315073913e-03
-8.722867174189907757e-03
-8.165935472574048504e-03
-7.621370901286006472e-03
-7.088899030553541536e-03
-6.568251469123431718e-03
-6.059165741300276409e-03
-5.561385164987164842e-03
-5.074658731041736814e-03
-4.598740983594140630e-03
-4.133391902259475614e-03
-3.678376786020898237e-03
-3.233466138088836317e-03
-2.798435553367895068e-03
-2.373065607313762371e-03
-1.957141747186419423e-03
-1.550454184773286670e-03
-1.152797791474036160e-03
-7.639719954033452609e-04
-3.837806806217258782e-04
-1.203208802369459818e-05
3.514612808466210936e-04
7.068827587648485178e-04
1.054411605263538831e-03
1.394223097560320923e-03
1.726488618637667116e-03
2.051375744226646702e-03
2.369048327444112090e-03
2.679666581639317258e-03
2.983387161356709782e-03
3.280363241462858070e-03
3.570744594878050293e-03
3.854677667746386760e-03
4.132305653740786511e-03
4.403768566311860866e-03
4.669203309405567381e-03
4.928743746543950977e-03
5.182520768450160631e-03
5.430662359082738533e-03
5.673293660247047399e-03
5.910537034706564441e-03
6.142512127963684065e-03
6.369335928593677920e-03
6.591122827185991184e-03
6.807984674300548988e-03
7.020030836720536627e-03
7.227368252435972806e-03
7.430101484833251391e-03
7.628332775272639310e-03
7.822162094901052853e-03
8.011687194894534514e-03
8.197003655588730453e-03
8.378204934937016901e-03
8.555382415476486813e-03
8.728625450658000773e-03
8.898021409740941579e-03
9.063655721693208989e-03
9.225611918505904896e-03
9.383971677253022392e-03
9.538814861183908533e-03
9.690219560267721022e-03
9.838262130392294580e-03
9.983017231703250616e-03
1.012455786651322853e-02
1.026295541602717520e-02
1.039827967634820993e-02
1.053059889358287649e-02
1.065997979860711098e-02
1.078648764019973783e-02
1.091018621830119883e-02
1.103113791608745231e-02
1.114940373144523988e-02
1.126504330772348794e-02
1.137811496381768706e-02
1.148867572358103217e-02
1.159678134457919896e-02
1.170248634621628980e-02
1.180584403722217957e-02
1.190690654254034087e-02
1.200572482961526077e-02
1.210234873409898881e-02
1.219682698489155115e-02
1.228920722905879614e-02
1.237953605536556978e-02
1.246785901808333819e-02
1.255422065989986180e-02
1.263866453438122761e-02
1.272123322792761968e-02
1.280196838125480241e-02
1.288091071039954016e-02
1.295810002724628873e-02
1.303357525960358032e-02
1.310737447084697749e-02
1.317953487910283883e-02
1.325009287601819352e-02
1.331908404513004740e-02
1.338654317978704711e-02
1.345250430063327229e-02
1.351700067308758690e-02
1.358006482362306144e-02
1.364172855641943016e-02
1.370202296965672417e-02
1.376097847069157609e-02
1.381862479164119861e-02
1.387499100463962520e-02
1.393010553599172141e-02
1.398399618083967511e-02
1.403669011701769165e-02
1.408821391900261233e-02
1.413859357116553639e-02
1.418785448068771160e-02
1.423602149063807332e-02
1.428311889241129506e-02
1.432917043789494471e-02
1.437419935180006547e-02
1.441822834284067767e-02
1.446127961554388719e-02
1.450337488127040331e-02
1.454453536951572090e-02
1.458478183799361005e-02
1.462413458373745812e-02
1.466261345305674979e-02
1.470023785137364314e-02
1.473702675327714928e-02
1.477299871199821979e-02
1.480817186877381175e-02
1.484256396199601369e-02
1.487619233614090319e-02
1.490907395054463791e-02
1.494122538784914411e-02
1.497266286270360069e-02
1.500340222936902279e-02
1.503345899036379052e-02
1.506284830371296124e-02
1.509158499092233541e-02
1.511968354427839500e-02
1.514715813449818427e-02
1.517402261729294821e-02
1.520029054102511878e-02
1.522597515285184500e-02
1.525108940611286101e-02
1.527564596615427206e-02
1.529965721742154727e-02
1.532313526908346546e-02
1.534609196149805399e-02
1.536853887209321812e-02
1.539048732111858442e-02
1.541194837770998305e-02
1.543293286492719574e-02
1.545345136559106436e-02
1.547351422750509187e-02
1.549313156869480679e-02
1.551231328249880193e-02
1.553106904248124920e-02
1.554940830764017790e-02
1.556734032667606016e-02
1.558487414299758456e-02
1.560201859918830536e-02
1.561878234147240363e-02
1.563517382398682543e-02
1.565120131339359233e-02
1.566687289252488569e-02
1.568219646481328056e-02
1.569717975809226118e-02
1.571183032884970743e-02
1.572615556552037219e-02
1.574016269254752132e-02
1.575385877395429901e-02
1.576725071680495915e-02
1.578034527504534879e-02
1.579314905238238254e-02
1.580566850596909489e-02
1.581790994956744356e-02
1.582987955673420544e-02
1.584158336393137745e-02
1.585302727349446883e-02
1.586421705693918938e-02
1.587515835728403601e-02
1.588585669256925570e-02
1.589631745805775154e-02
1.590654592927975841e-02
1.591654726461388947e-02
1.592632650789838067e-02
1.593588859096062293e-02
1.594523833602679019e-02
1.595438045849562059e-02
1.596331956880003844e-02
1.597206017507613041e-02
1.598060668535516982e-02
9.734717731210995595e-02
1.085133503693436197e-01
1.191167754720243721e-01
1.286397452666099284e-01
1.370959629117267653e-01
1.450974612401205732e-01
1.519768020435474654e-01
1.583084676547956704e-01
1.642493070736055216e-01
1.690497342787899981e-01
1.735378873046755643e-01
1.776438772905386543e-01
1.806724199853610990e-01
1.834634109918011902e-01
1.860174041924529398e-01
1.876312616179465209e-01
1.890687039348817322e-01
1.903432690871613708e-01
1.909185673675293238e-01
1.912017243533647992e-01
1.913729763345743962e-01
1.912015455676012721e-01
1.904122516887047922e-01
1.895593885297293113e-01
1.886521222855224167e-01
1.872410982392676004e-01
1.855280916657164880e-01
1.838009197025374242e-01
1.820657458585355215e-01
1.799848695442647362e-01
1.777415655576666254e-01
1.755153026899054503e-01
1.733106897714633554e-01
1.708955660866595672e-01
1.681175102140932687e-01
1.653884940839875917e-01
1.627117170071588070e-01
1.600898260949779051e-01
1.571750699268092966e-01
1.541649145787777897e-01
1.505431344241348057e-01
1.462544837017547561e-01
1.415696351400379527e-01
1.366833409492997919e-01
1.314620532426193922e-01
1.263670773267127068e-01
1.214789341276789614e-01
1.168485562590373394e-01
1.125038626306833489e-01
1.084553017156819621e-01
1.047004797382422581e-01
1.012279445615287266e-01
9.802022375271257637e-02
9.505621017596133093e-02
9.231300506771433767e-02
8.976728720328419620e-02
8.739630690335165042e-02
8.517856532061496289e-02
8.309425450866791962e-02
8.112550067412405141e-02
7.925646553765886004e-02
7.747333904347408762e-02
7.576425613391202241e-02
7.411916494694703594e-02
7.252966422496798238e-02
7.098881876531870638e-02
6.949098118573826532e-02
6.803161030619708782e-02
6.660710043426965044e-02
6.521462533834321285e-02
6.385200114262379323e-02
6.251755947009263181e-02
6.121003750931519605e-02
5.992848995585275951e-02
5.867221099773867188e-02
5.744067278159392664e-02
5.623346762283021327e-02
5.505027371113202506e-02
5.389081882210411401e-02
5.275486227121417571e-02
5.164217231413248399e-02
5.055251321526066377e-02
4.948563795231430973e-02
4.844128561533089794e-02
4.741916911219989927e-02
4.641898748579964540e-02
4.544042115732449538e-02
4.448312889728001096e-02
4.354675681314157387e-02
4.263093698411180021e-02
4.173529198410808050e-02
4.085943363184307842e-02
4.000297132729779825e-02
3.916551042128113558e-02
3.834665627312672243e-02
3.754601308944005567e-02
3.676318847758408559e-02
3.599779612559772524e-02
3.524944982682809425e-02
3.451777140963052659e-02
3.380238907183086283e-02
3.310293789074858495e-02
3.241906018431417458e-02
3.175040283095786897e-02
3.109662630147558282e-02
3.045739495136956521e-02
2.983238215537298288e-02
2.922126824850490578e-02
2.862374103854792295e-02
2.803949576942210697e-02
2.746823466106818046e-02
2.690966703974284613e-02
2.636350905827278268e-02
2.582948351308456125e-02
2.530731966123900278e-02
2.479675304000639180e-02
2.429752529079820533e-02
2.380938398866749850e-02
2.333208247810647507e-02
2.286537961496559745e-02
2.240903991788356642e-02
2.196283312238089813e-02
2.152653414351268779e-02
2.109992294446794148e-02
2.068278441089144160e-02
2.027490823053224034e-02
1.987608877776736449e-02
1.948612500263369185e-02
1.910482032392124552e-02
1.873198252604324487e-02
1.836742365928079046e-02
1.801095994317569726e-02
1.766241167275217627e-02
1.732160312742192509e-02
1.698836248228596801e-02
1.666252172173265933e-02
1.634391655517331010e-02
1.603238633474957098e-02
1.572777397501812224e-02
1.542992587439062646e-02
1.513869183835536703e-02
1.485392500438043051e-02
1.457548176844403187e-02
1.430322171315601132e-02
1.403700753742009866e-02
1.377670498761118800e-02
1.352218279022454617e-02
1.327331258597475028e-02
1.302996886530771725e-02
1.279202890530828363e-02
1.255937270797091720e-02
1.233188293981513084e-02
1.210944487278231563e-02
1.189194632648371552e-02
1.167927761166120959e-02
1.147133147488554883e-02
1.126800304451935908e-02
1.106918977782500590e-02
1.087479140923441889e-02
1.068470989982150954e-02
1.049884938782330579e-02
1.031711614029595658e-02
1.013941850583255366e-02
9.965666868332334616e-03
9.795773601797508334e-03
9.629653026126172577e-03
9.467221363893330022e-03
9.308396698104681732e-03
9.153098930850367410e-03
9.001249742921046959e-03
8.852772554312826614e-03
8.707592485585502473e-03
8.565636320101432943e-03
8.426832467102185475e-03
8.291110925581657298e-03
8.158403249009182900e-03
8.028642510795602760e-03
7.901763270538486594e-03
7.777701541017867370e-03
7.656394755932938168e-03
7.537781738339521809e-03
7.421802669806076835e-03
7.308399060241610457e-03
7.197513718400605498e-03
7.089090723023661056e-03
6.983075394668469826e-03
6.879414268109673714e-03
6.778055065383314925e-03
6.678946669420371407e-03
6.582039098276259992e-03
6.487283479894800919e-03
6.394632027507896055e-03
6.304038015499502379e-03
6.215455755863574794e-03
6.128840575132077362e-03
6.044148791886305716e-03
5.961337694703194856e-03
5.880365520608998864e-03
5.801191434040564587e-03
5.723775506234707322e-03
5.648078695094760349e-03
5.574062825503878216e-03
5.501690570070882913e-03
5.430925430312205648e-03
5.361731718219298060e-03
5.294074538302551147e-03
5.227919769949629369e-03
5.163234050253651120e-03
5.099984757167330685e-03
5.038139993056578447e-03
4.977668568614701528e-03
4.918539987130765567e-03
4.860724429119001044e-03
4.804192737257295676e-03
4.748916401700720158e-03
4.694867545712577694e-03
4.642018911591216934e-03
4.590343846917033233e-03
4.539816291120546410e-03
4.490410762348462370e-03
4.442102344607068432e-03
4.394866675179409654e-03
4.348679932358878730e-03
4.303518823424612449e-03
4.259360572908876819e-03
4.216182911097376973e-03
4.173964062802015818e-03
4.132682736379678090e-03
4.092318112995929624e-03
4.052849836122751626e-03
4.014258001273640630e-03
3.976523145966748274e-03
3.939626239909177485e-03
3.903548675398438306e-03
3.868272257940397196e-03
3.833779197070841249e-03
3.800052097385320238e-03
3.767073949767718588e-03
3.734828122806455042e-03
3.703298354415185401e-03
3.672468743623813481e-03
3.642323742566233591e-03
3.612848148633496237e-03
3.584027096809938584e-03
3.555846052183397887e-03
3.528290802588873731e-03
3.501347451477121453e-03
3.475002410883831772e-03
3.449242394581775173e-03
3.424054411381716179e-03
3.399425758578766832e-03
3.375344015548398247e-03
3.351797037481452080e-03
3.328772949257929881e-03
3.306260139460448499e-03
3.284247254518479764e-03
3.262723192979821718e-03
3.241677099921291827e-03
3.221098361448460068e-03
3.200976599378568821e-03
3.181301665984737070e-03
3.162063638881384975e-03
3.143252816023345275e-03
3.124859710810223845e-03
3.106875047303558901e-03
3.089289755549895489e-03
3.072094967003557997e-03
3.055282010056226127e-03
3.038842405664432533e-03
3.022767863070985328e-03
3.007050275632749958e-03
2.991681716705940630e-03
2.976654435685732736e-03
2.961960854072520632e-03
2.947593561657635419e-03
2.933545312785001968e-03
2.919809022696506773e-03
2.906377763961076610e-03
2.893244762979474416e-03
2.880403396568365082e-03
2.867847188620098464e-03
2.855569806838209601e-03
2.843565059540420492e-03
2.831826892547129049e-03
2.820349386100762246e-03
2.809126751915691500e-03
2.798153330237473924e-03
2.787423586993353908e-03
2.776932111002272663e-03
2.766673611243719577e-03
2.756642914191642646e-03
2.746834961205202319e-03
2.737244805975480588e-03
2.727867612033030298e-03
2.718698650309159248e-03
2.709733296748062514e-03
2.700967029985124057e-03
2.692395429039429189e-03
2.684014171120630010e-03
