4.888216365885612369e+00
8.221080970117370157e+00
9.903122638646509657e+00
1.000000000000000000e+01
1.000000000000000000e+01
1.000000000000000000e+01
1.000000000000000000e+01
1.000000000000000000e+01
1.000000000000000000e+01
1.000000000000000000e+01
1.000000000000000000e+01
1.000000000000000000e+01
1.000000000000000000e+01
1.000000000000000000e+01
1.000000000000000000e+01
1.000000000000000000e+01
1.000000000000000000e+01
1.000000000000000000e+01
9.888723756756169436e+00
9.669376175050544475e+00
9.373706420504626990e+00
9.027706056971922521e+00
8.653414542486672190e+00
8.267101517258867105e+00
7.881396455113517163e+00
7.505853109851464033e+00
7.148018686128872368e+00
6.812713065209381469e+00
6.502835893814228108e+00
6.219951572951520902e+00
5.964573900874986734e+00
5.736407755195843450e+00
5.534552278058376906e+00
5.357669877479875886e+00
5.204125151422714701e+00
5.072097581182163140e+00
4.959671556500826917e+00
4.864906987942521077e+00
4.785893453230510630e+00
4.720790505925219094e+00
4.667856527676093492e+00
4.625468124907529344e+00
4.592131916211122267e+00
4.566490239932369022e+00
4.547322109453665995e+00
4.533540543678092227e+00
4.524187212643664857e+00
4.518425180168305744e+00
4.515530383330535358e+00
4.514882365434099043e+00
4.515954672879439080e+00
4.518305235610234227e+00
4.521566974030087671e+00
4.525438811018878127e+00
4.529677214493802673e+00
4.534088352500023511e+00
4.538520907811493643e+00
4.542859571300835952e+00
4.547019211828884799e+00
4.550939704143731390e+00
4.554581384403018518e+00
4.557921094678737184e+00
4.560948772501480342e+00
4.563664538570431084e+00
4.566076234696498481e+00
4.568197364433554952e+00
4.570045390327987178e+00
4.571640343980122090e+00
4.573003707916858396e+00
4.574157531421267464e+00
4.575123745792768482e+00
4.575923647893141322e+00
4.576577524173064404e+00
4.577104390597520833e+00
4.577521826944597194e+00
4.577845886805191000e+00
4.578091067239321355e+00
4.578270324436660488e+00
4.578395123882819107e+00
4.578475515452093525e+00
4.578520225541368838e+00
4.578536759840551085e+00
4.578531511617361716e+00
4.578509871494092387e+00
4.578476335628329785e+00
4.578434609995020388e+00
4.578387709120074867e+00
4.578338048152118311e+00
4.578287527593365880e+00
4.578237610356880261e+00
4.578189391088666405e+00
4.578143657899991226e+00
4.578100946808834060e+00
4.578061589298438427e+00
4.578025753473271564e+00
4.577993479335964899e+00
4.577964708728370802e+00
4.577939310481305313e+00
4.577917101305106762e+00
4.577897862930472073e+00
4.577881355979160460e+00
4.577867331009594309e+00
4.577855537145158138e+00
4.577845728654486024e+00
4.577837669814894817e+00
4.577831138352614460e+00
4.577825927718081722e+00
4.577821848421082862e+00
4.577818728619565292e+00
4.577816414127746647e+00
4.577814767983533706e+00
4.577813669692441856e+00
4.577813014244916268e+00
4.577812710986165712e+00
4.577812682402261579e+00
4.577812862872832511e+00
4.577813197429455805e+00
4.577813640549191376e+00
4.577814155004757524e+00
4.577814710786257457e+00
4.577815284103961879e+00
4.577815856477318590e+00
4.577816413912080051e+00
4.577816946164626088e+00
4.577817446090768350e+00
4.577817909074805236e+00
4.577818332533601264e+00
4.577818715489939017e+00
4.577819058208992153e+00
4.577819361891709349e+00
4.577819628418993148e+00
4.577819860140776242e+00
4.577820059704350797e+00
4.577820229916794936e+00
4.577820373636605211e+00
4.577820493690296644e+00
4.577820592809860756e+00
4.577820673587710942e+00
4.577820738445982585e+00
4.577820789617470965e+00
4.577820829135855973e+00
4.577820858833272055e+00
4.577820880343439924e+00
4.577820895109001142e+00
4.577820904391803225e+00
4.577820909285202688e+00
4.577820910727598225e+00
4.577820909516525205e+00
4.577820906322854100e+00
4.577820901704715340e+00
4.577820896120852190e+00
4.577820889943221339e+00
4.577820883468709745e+00
4.577820876929891369e+00
4.577820870504772266e+00
4.577820864325542694e+00
4.577820858486370881e+00
4.577820853050225125e+00
4.577820848054858338e+00
4.577820843517955929e+00
4.577820839441533174e+00
4.577820835815680667e+00
4.577820832621686264e+00
4.577820829834625904e+00
4.577820827425484573e+00
4.577820825362858947e+00
4.577820823614322521e+00
4.577820822147472768e+00
4.577820820930733170e+00
4.577820819933941188e+00
4.577820819128753271e+00
4.577820818488901544e+00
4.577820817990361668e+00
4.577820817611391035e+00
4.577820817332534098e+00
4.577820817136548648e+00
4.577820817008286802e+00
4.577820816934578652e+00
4.577820816904084822e+00
4.577820816907125945e+00
4.577820816935535220e+00
4.577820816982476337e+00
4.577820817042308477e+00
4.577820817110429097e+00
4.577820817183146929e+00
4.577820817257538089e+00
4.577820817331357262e+00
4.577820817402908027e+00
4.577820817470961146e+00
4.577820817534671072e+00
4.577820817593501346e+00
4.577820817647167750e+00
4.577820817695583244e+00
4.577820817738815329e+00
4.577820817777034534e+00
4.577820817810508203e+00
4.577820817839548972e+00
4.577820817864505898e+00
4.577820817885744908e+00
4.577820817903633710e+00
4.577820817918541785e+00
4.577820817930817299e+00
4.577820817940789766e+00
4.577820817948765608e+00
4.577820817955033483e+00
4.577820817959843858e+00
4.577820817963432098e+00
4.577820817966007816e+00
4.577820817967745981e+00
4.577820817968807354e+00
4.577820817969330491e+00
4.577820817969433520e+00
4.577820817969211475e+00
4.577820817968753175e+00
4.577820817968127010e+00
4.577820817967386269e+00
4.577820817966578026e+00
4.577820817965737810e+00
4.577820817964891376e+00
4.577820817964066258e+00
4.577820817963276667e+00
4.577820817962532374e+00
4.577820817961838706e+00
4.577820817961200994e+00
4.577820817960625455e+00
4.577820817960103206e+00
4.577820817959641353e+00
4.577820817959234567e+00
4.577820817958875743e+00
4.577820817958568433e+00
4.577820817958305533e+00
4.577820817958085264e+00
4.577820817957902300e+00
4.577820817957753086e+00
4.577820817957636734e+00
4.577820817957544364e+00
4.577820817957466204e+00
4.577820817957405808e+00
4.577820817957356958e+00
4.577820817957322319e+00
4.577820817957300115e+00
4.577820817957283239e+00
4.577820817957267252e+00
4.577820817957259258e+00
4.577820817957256594e+00
4.577820817957254818e+00
4.577820817957253041e+00
4.577820817957252153e+00
4.577820817957251265e+00
4.577820817957250377e+00
4.577820817957249488e+00
4.577820817957248600e+00
4.577820817957247712e+00
4.577820817957246824e+00
4.577820817957246824e+00
4.577820817957246824e+00
4.577820817957246824e+00
4.577820817957246824e+00
4.577820817957245936e+00
4.577820817957245936e+00
4.577820817957245936e+00
4.577820817957245936e+00
4.577820817957245936e+00
4.577820817957245936e+00
4.577820817957245936e+00
4.577820817957245936e+00
4.577820817957245936e+00
4.577820817957245936e+00
4.577820817957245936e+00
4.577820817957245936e+00
4.577820817957245936e+00
4.577820817957245936e+00
4.577820817957245936e+00
4.577820817957245936e+00
4.577820817957245936e+00
4.577820817957245936e+00
4.577820817957245936e+00
4.577820817957245936e+00
4.577820817957245936e+00
4.577820817957245936e+00
4.577820817957245936e+00
4.577820817957245936e+00
4.577820817957245936e+00
4.577820817957245936e+00
4.577820817957245936e+00
4.577820817957245936e+00
4.577820817957245936e+00
4.577820817957245936e+00
4.577820817957245936e+00
4.577820817957245936e+00
4.577820817957245936e+00
4.577820817957245936e+00
4.577820817957245936e+00
4.577820817957245936e+00
4.577820817957245936e+00
4.577820817957245936e+00
4.577820817957245936e+00
4.577820817957245936e+00
4.577820817957245936e+00
4.577820817957245936e+00
4.577820817957245936e+00
4.580740965246261176e+00
7.702765929793293331e+00
9.508744010280235415e+00
1.000000000000000000e+01
1.000000000000000000e+01
1.000000000000000000e+01
1.000000000000000000e+01
1.000000000000000000e+01
1.000000000000000000e+01
1.000000000000000000e+01
1.000000000000000000e+01
1.000000000000000000e+01
1.000000000000000000e+01
1.000000000000000000e+01
1.000000000000000000e+01
1.000000000000000000e+01
1.000000000000000000e+01
1.000000000000000000e+01
1.000000000000000000e+01
1.000000000000000000e+01
1.000000000000000000e+01
1.000000000000000000e+01
1.000000000000000000e+01
1.000000000000000000e+01
1.000000000000000000e+01
1.000000000000000000e+01
1.000000000000000000e+01
1.000000000000000000e+01
1.000000000000000000e+01
1.000000000000000000e+01
9.981241614636509496e+00
9.910580400518041344e+00
9.802583423350144542e+00
9.668742546426475570e+00
9.518352093615925824e+00
9.358856122771996411e+00
9.196121028120801455e+00
9.034679109232223837e+00
8.877944428991403569e+00
8.728402636843638263e+00
8.587776612929811648e+00
8.457169911991055500e+00
8.337242538376452572e+00
8.228293157295238913e+00
8.130181147034921452e+00
8.042551573395602560e+00
7.964894756572252987e+00
7.896595082914608987e+00
7.836970511880799961e+00
7.785304143332010263e+00
7.740868976465682394e+00
7.702946963898699373e+00
7.670843313804717845e+00
7.643896786452829772e+00
7.621486783959973366e+00
7.603037797290412847e+00
7.588021755519577027e+00
7.575958721474789215e+00
7.566416331160477959e+00
7.559008267363370059e+00
7.553392056665940046e+00
7.549266379452473252e+00
7.546368097350831583e+00
7.544469111480663237e+00
7.543373175770084593e+00
7.542912745066463032e+00
7.542945926953668945e+00
7.543353569402083458e+00
7.544036531832370329e+00
7.544913157832533024e+00
7.545916946195798225e+00
7.546994437381732368e+00
7.548103303999743829e+00
7.549210661721931004e+00
7.550291543734804378e+00
7.551327579063733531e+00
7.552305824606921014e+00
7.553217765786781612e+00
7.554058446786751091e+00
7.554825730391267591e+00
7.555519670828520162e+00
7.556141986911470987e+00
7.556695623471643586e+00
7.557184391085849384e+00
7.557612668974794445e+00
7.557985169592307706e+00
7.558306750910061211e+00
7.558582270397438130e+00
7.558816474923156115e+00
7.559013916932426191e+00
7.559178897837464106e+00
7.559315429840841816e+00
7.559427213530679701e+00
7.559517627977482945e+00
7.559589730559892473e+00
7.559646264191121290e+00
7.559689670004645201e+00
7.559722103899630063e+00
7.559745455642517875e+00
7.559761369474298220e+00
7.559771265390907047e+00
7.559776360449151689e+00
7.559777689603932593e+00
7.559776125712503791e+00
7.559772398449213782e+00
7.559767111958138663e+00
7.559760761142610086e+00
7.559753746547261954e+00
7.559746387827865455e+00
7.559738935841494367e+00
7.559731583409966760e+00
7.559724474829272012e+00
7.559717714208013639e+00
7.559711372725160139e+00
7.559705494900188505e+00
7.559700103969094975e+00
7.559695206457805128e+00
7.559690796040839267e+00
7.559686856768459862e+00
7.559683365739852334e+00
7.559680295294328722e+00
7.559677614785422328e+00
7.559675291998018132e+00
7.559673294261712861e+00
7.559671589307174422e+00
7.559670145908055083e+00
7.559668934345062929e+00
7.559667926724278786e+00
7.559667097177376505e+00
7.559666421967448535e+00
7.559665879520750309e+00
7.559665450401297448e+00
7.559665117242704291e+00
7.559664864649008109e+00
7.559664679074209026e+00
7.559664548688395769e+00
7.559664463236869025e+00
7.559664413896464374e+00
7.559664393134435834e+00
7.559664394571107060e+00
7.559664412849342874e+00
7.559664443511445064e+00
7.559664482885777304e+00
7.559664527982076443e+00
7.559664576396408542e+00
7.559664626225531592e+00
7.559664675990359406e+00
7.559664724568029293e+00
7.559664771132148076e+00
7.559664815100733293e+00
7.559664856090486218e+00
7.559664893878321301e+00
7.559664928367887171e+00
7.559664959561387398e+00
7.559664987535898106e+00
7.559665012423765873e+00
7.559665034395925964e+00
7.559665053649135658e+00
7.559665070395161557e+00
7.559665084852315253e+00
7.559665097238905673e+00
7.559665107768243963e+00
7.559665116644951333e+00
7.559665124062373565e+00
7.559665130201000061e+00
7.559665135227003674e+00
7.559665139292293112e+00
7.559665142534307769e+00
7.559665145076355230e+00
7.559665147028306720e+00
7.559665148487050068e+00
7.559665149537389439e+00
7.559665150253253252e+00
7.559665150698496205e+00
7.559665150927968646e+00
7.559665150988044147e+00
7.559665150918109866e+00
7.559665150750817908e+00
7.559665150513350085e+00
7.559665150227958819e+00
7.559665149912678572e+00
7.559665149581891619e+00
7.559665149247005722e+00
7.559665148916663746e+00
7.559665148597331630e+00
7.559665148293672310e+00
7.559665148008742896e+00
7.559665147744571989e+00
7.559665147502224514e+00
7.559665147282006892e+00
7.559665147083650005e+00
7.559665146906448641e+00
7.559665146749385833e+00
7.559665146611223463e+00
7.559665146490715415e+00
7.559665146386257639e+00
7.559665146296384641e+00
7.559665146219783693e+00
7.559665146155024829e+00
7.559665146100753574e+00
7.559665146055561280e+00
7.559665146018309301e+00
7.559665145988075707e+00
7.559665145963860411e+00
7.559665145944652664e+00
7.559665145929679753e+00
7.559665145918276430e+00
7.559665145909841399e+00
7.559665145903997185e+00
7.559665145900113181e+00
7.559665145897941585e+00
7.559665145896992122e+00
7.559665145896998339e+00
7.559665145897721317e+00
7.559665145898978977e+00
7.559665145900740235e+00
7.559665145902715544e+00
7.559665145904809869e+00
7.559665145906953043e+00
7.559665145909081119e+00
7.559665145911142581e+00
7.559665145913109896e+00
7.559665145914955531e+00
7.559665145916805606e+00
7.559665145918479823e+00
7.559665145919985285e+00
7.559665145921329987e+00
7.559665145922518370e+00
7.559665145923559315e+00
7.559665145924470586e+00
7.559665145925258400e+00
7.559665145925931640e+00
7.559665145926510732e+00
7.559665145926995677e+00
7.559665145927402463e+00
7.559665145927741747e+00
7.559665145928015306e+00
7.559665145928238239e+00
7.559665145928419427e+00
7.559665145928564201e+00
7.559665145928680552e+00
7.559665145928772034e+00
7.559665145928843089e+00
7.559665145928895491e+00
7.559665145929064245e+00
7.559665145929186814e+00
7.559665145929272079e+00
7.559665145929320929e+00
7.559665145929344021e+00
7.559665145929347574e+00
7.559665145929473695e+00
7.559665145929545638e+00
7.559665145929580277e+00
7.559665145929580277e+00
7.559665145929554519e+00
7.559665145929512775e+00
7.559665145929457708e+00
7.559665145929397312e+00
7.559665145929331587e+00
7.559665145929268526e+00
7.559665145929210794e+00
7.559665145929156616e+00
7.559665145929240992e+00
7.559665145929289842e+00
7.559665145929314711e+00
7.559665145929319152e+00
7.559665145929305829e+00
7.559665145929281849e+00
7.559665145929256092e+00
7.559665145929227670e+00
7.559665145929193919e+00
7.559665145929161945e+00
7.559665145929261421e+00
7.559665145929325369e+00
7.559665145929358232e+00
7.559665145929368002e+00
7.559665145929361785e+00
7.559665145929477248e+00
7.559665145929543861e+00
7.559665145929573171e+00
7.559665145929570507e+00
7.559665145929542973e+00
7.559665145929500341e+00
7.559665145929581165e+00
7.559665145929619356e+00
7.559665145929757024e+00
7.559665145929836960e+00
7.559665145929869823e+00
7.559665145929864494e+00
7.559665145929832519e+00
7.559665145929782781e+00
7.559665145929717056e+00
7.559665145929641561e+00
7.559665145929558960e+00
7.559665145929471919e+00
7.559665145929382213e+00
7.559665145929299612e+00
7.559665145929225005e+00
7.559665145929160168e+00
7.559665145929233887e+00
1.162942732746299196e-01
1.939891399252791082e-01
3.890579471028016711e-01
6.688267214970053942e-01
1.006984533555832062e+00
1.382252686371147066e+00
1.776965956448024908e+00
2.177241024758895360e+00
2.573110500954944868e+00
2.956493877177961860e+00
3.321351546994070425e+00
3.663529699358305969e+00
3.980406181970413737e+00
4.270585031441595625e+00
4.533850932500158137e+00
4.770554917653331728e+00
4.981452048439763303e+00
5.167729677361965201e+00
5.330875400366056560e+00
5.472569557319596711e+00
5.594598949064764959e+00
5.698788741660182566e+00
5.786949809417146540e+00
5.860839070190009714e+00
5.922130635076004346e+00
5.972395864109703467e+00
6.013090668726630561e+00
6.045548604857937214e+00
6.070978550119942696e+00
6.090465906715982314e+00
6.104976456049098665e+00
6.115362135903172458e+00
6.122368139203216764e+00
6.126640847382767596e+00
6.128736210905981530e+00
6.129128265132296249e+00
6.128217550282239579e+00
6.126339254034824044e+00
6.123770954397396160e+00
6.120739870840942842e+00
6.117429569060407246e+00
6.113986093095959085e+00
6.110523515574310061e+00
6.107128910204303374e+00
6.103866786122243759e+00
6.100782969851787030e+00
6.097908012815099532e+00
6.095260135709536620e+00
6.092847772676638129e+00
6.090671716023464022e+00
6.088726936446971827e+00
6.087004106952664806e+00
6.085490857550524879e+00
6.084172802104811595e+00
6.083034367751108284e+00
6.082059449837503351e+00
6.081231923921368576e+00
6.080536035059440181e+00
6.079956683518522809e+00
6.079479627106929129e+00
6.079091614043997005e+00
6.078780460311739020e+00
6.078535082722539507e+00
6.078345498277759162e+00
6.078202797671546698e+00
6.078099098084296159e+00
6.078027484939442004e+00
6.077981943100647655e+00
6.077957283834382274e+00
6.077949069548497008e+00
6.077953539130394489e+00
6.077967533610553197e+00
6.077988427660726778e+00
6.078014063337568551e+00
6.078042689018125166e+00
6.078072903350687284e+00
6.078103604349276878e+00
6.078133943606609080e+00
6.078163285484555978e+00
6.078191171237455670e+00
6.078217286716572687e+00
6.078241435830086026e+00
6.078263516510811648e+00
6.078283500522290161e+00
6.078301416365482268e+00
6.078317334947110240e+00
6.078331357978400185e+00
6.078343607556145223e+00
6.078354218640786399e+00
6.078363332746275383e+00
6.078371092700389333e+00
6.078377639510060604e+00
6.078383109148915331e+00
6.078387630821340260e+00
6.078391324930077388e+00
6.078394302617969203e+00
6.078396665348730465e+00
6.078398504819188197e+00
6.078399903125244919e+00
6.078400933116629545e+00
6.078401658886499526e+00
6.078402136351848561e+00
6.078402413888991163e+00
6.078402532995752949e+00
6.078402528958148032e+00
6.078402431504613901e+00
6.078402265435205898e+00
6.078402051216767354e+00
6.078401805538122815e+00
6.078401541821632392e+00
6.078401270689507641e+00
6.078401000384562103e+00
6.078400737146447241e+00
6.078400485545028431e+00
6.078400248773342618e+00
6.078400028902830599e+00
6.078399827103893038e+00
6.078399643834840660e+00
6.078399479002302819e+00
6.078399332096227070e+00
6.078399202302277260e+00
6.078399088594468758e+00
6.078398989810514408e+00
6.078398904712327244e+00
6.078398832033745869e+00
6.078398770517446259e+00
6.078398718942768397e+00
6.078398676145974733e+00
6.078398641034263861e+00
6.078398612594732242e+00
6.078398589899284055e+00
6.078398572106332054e+00
6.078398558460012424e+00
6.078398548287575309e+00
6.078398540995411992e+00
6.078398536064137936e+00
6.078398533043114504e+00
6.078398531544639383e+00
6.078398531238038416e+00
6.078398531843808072e+00
6.078398533127977288e+00
6.078398534896714445e+00
6.078398536991286072e+00
6.078398539283396573e+00
6.078398541670913424e+00
6.078398544074004484e+00
6.078398546431683869e+00
6.078398548698720205e+00
6.078398550842923242e+00
6.078398552842774194e+00
6.078398554685370492e+00
6.078398556364665417e+00
6.078398557879950204e+00
6.078398559234596377e+00
6.078398560434989939e+00
6.078398561489652963e+00
6.078398562408532158e+00
6.078398563202414451e+00
6.078398563882463357e+00
6.078398564459878806e+00
6.078398564945600491e+00
6.078398565350124017e+00
6.078398565683353461e+00
6.078398565954501009e+00
6.078398566172051432e+00
6.078398566343718556e+00
6.078398566476455933e+00
6.078398566576467488e+00
6.078398566649245716e+00
6.078398566699605432e+00
6.078398566731744168e+00
6.078398566749283916e+00
6.078398566755320864e+00
6.078398566752476917e+00
6.078398566742955644e+00
6.078398566728589358e+00
6.078398566710889739e+00
6.078398566691082472e+00
6.078398566670141889e+00
6.078398566648843371e+00
6.078398566627776667e+00
6.078398566607386755e+00
6.078398566587996932e+00
6.078398566569829242e+00
6.078398566553024018e+00
6.078398566537650538e+00
6.078398566523733670e+00
6.078398566511252099e+00
6.078398566500159639e+00
6.078398566490387012e+00
6.078398566481843623e+00
6.078398566474444209e+00
6.078398566468086628e+00
6.078398566462670516e+00
6.078398566458101726e+00
6.078398566454286112e+00
6.078398566451129525e+00
6.078398566448550255e+00
6.078398566446469253e+00
6.078398566444823459e+00
6.078398566443544482e+00
6.078398566442571038e+00
6.078398566441854278e+00
6.078398566441350681e+00
6.078398566441016726e+00
6.078398566440823103e+00
6.078398566440740503e+00
6.078398566440739614e+00
6.078398566440800899e+00
6.078398566440910145e+00
6.078398566441056694e+00
6.078398566441226336e+00
6.078398566441413742e+00
6.078398566441602924e+00
6.078398566441790329e+00
6.078398566441971518e+00
6.078398566442142048e+00
6.078398566442300144e+00
6.078398566442443141e+00
6.078398566442579032e+00
6.078398566442705153e+00
6.078398566442817064e+00
6.078398566442912987e+00
6.078398566443001805e+00
6.078398566443076412e+00
6.078398566443143025e+00
6.078398566443200757e+00
6.078398566443253159e+00
6.078398566443300233e+00
6.078398566443340201e+00
6.078398566443375728e+00
6.078398566443405926e+00
6.078398566443432571e+00
6.078398566443452999e+00
6.078398566443469875e+00
6.078398566443482309e+00
6.078398566443490303e+00
6.078398566443497408e+00
6.078398566443503626e+00
6.078398566443510731e+00
6.078398566443520501e+00
6.078398566443530271e+00
6.078398566443539153e+00
6.078398566443546258e+00
6.078398566443551587e+00
6.078398566443556028e+00
6.078398566443560469e+00
6.078398566443564910e+00
6.078398566443565798e+00
6.078398566443564022e+00
6.078398566443563134e+00
6.078398566443564022e+00
6.078398566443564910e+00
6.078398566443563134e+00
6.078398566443563134e+00
6.078398566443562245e+00
6.078398566443562245e+00
6.078398566443563134e+00
6.078398566443564022e+00
6.078398566443565798e+00
6.078398566443564910e+00
6.078398566443561357e+00
6.078398566443559581e+00
6.078398566443558693e+00
6.078398566443558693e+00
6.078398566443558693e+00
6.078398566443559581e+00
6.078398566443560469e+00
6.078398566443562245e+00
6.078398566443564910e+00
6.078398566443564022e+00
6.078398566443564022e+00
6.078398566443565798e+00
6.078398566443564022e+00
6.078398566443563134e+00
6.078398566443563134e+00
6.078398566443563134e+00
6.078398566443564022e+00
6.078398566443565798e+00
6.078398566443564910e+00
6.078398566443560469e+00
6.078398566443558693e+00
6.078398566443556916e+00
6.078398566443557804e+00
6.078398566443557804e+00
6.078398566443557804e+00
6.078398566443559581e+00
6.078398566443561357e+00
6.078398566443563134e+00
6.078398566443565798e+00
6.078398566443564910e+00
6.078398566443562245e+00
6.078398566443559581e+00
6.078398566443558693e+00
6.078398566443558693e+00
6.078398566443558693e+00
6.078398566443559581e+00
6.078398566443561357e+00
6.078398566443562245e+00
6.078398566443564910e+00
4.138717623142591506e+00
7.083394037975680568e+00
9.043196530854370252e+00
1.000000000000000000e+01
1.000000000000000000e+01
1.000000000000000000e+01
1.000000000000000000e+01
1.000000000000000000e+01
1.000000000000000000e+01
1.000000000000000000e+01
1.000000000000000000e+01
1.000000000000000000e+01
1.000000000000000000e+01
1.000000000000000000e+01
1.000000000000000000e+01
1.000000000000000000e+01
1.000000000000000000e+01
1.000000000000000000e+01
1.000000000000000000e+01
1.000000000000000000e+01
1.000000000000000000e+01
1.000000000000000000e+01
1.000000000000000000e+01
1.000000000000000000e+01
1.000000000000000000e+01
1.000000000000000000e+01
1.000000000000000000e+01
1.000000000000000000e+01
1.000000000000000000e+01
1.000000000000000000e+01
1.000000000000000000e+01
1.000000000000000000e+01
1.000000000000000000e+01
1.000000000000000000e+01
9.983359386176685391e+00
9.932560409484146646e+00
9.856935673544708010e+00
9.764141261297400121e+00
9.660385748952460716e+00
9.550637041573915909e+00
9.438807649600738259e+00
9.327919378356716251e+00
9.220248639543365599e+00
9.117453751599315481e+00
9.020685663640925611e+00
8.930683586064777302e+00
8.847856979537871425e+00
8.772355353012109447e+00
8.704127162999366618e+00
8.642969153179741681e+00
8.588571099870225822e+00
8.540589665279130216e+00
8.498562530841626383e+00
8.462004756832971708e+00
8.430425068336145245e+00
8.403338370670345725e+00
8.380275149668324985e+00
8.360788242543049975e+00
8.344457498841892473e+00
8.330892719284637593e+00
8.319735220863913483e+00
8.310658315307534849e+00
8.303366976134986643e+00
8.297596843222168062e+00
8.293112813532664163e+00
8.289707292307184616e+00
8.287198248249005417e+00
8.285427167136269588e+00
8.284256974629119696e+00
8.283569976898178311e+00
8.283265835721717707e+00
8.283259674973663778e+00
8.283480279576680871e+00
8.283868398732598948e+00
8.284375232626283392e+00
8.284961004792497974e+00
8.285593692346147066e+00
8.286247892152667660e+00
8.286903811225966976e+00
8.287546352251466075e+00
8.288164332960844760e+00
8.288749798811707592e+00
8.289297428178315386e+00
8.289804015054597741e+00
8.290268051907414559e+00
8.290689339013901815e+00
8.291068681622617120e+00
8.291407631256049626e+00
8.291708272256798296e+00
8.291973045755083760e+00
8.292204614883512903e+00
8.292405746352743634e+00
8.292579220859973788e+00
8.292727777784199006e+00
8.292854062665297121e+00
8.292960582790536606e+00
8.293049683101333613e+00
8.293123543252283625e+00
8.293184159239547881e+00
8.293233345592970096e+00
8.293272738440780500e+00
8.293303798054081355e+00
8.293327824651090197e+00
8.293345964542902848e+00
8.293359221325280473e+00
8.293368467585620962e+00
8.293374456739663003e+00
8.293377832501951374e+00
8.293379145142305120e+00
8.293378864381731219e+00
8.293377378090822205e+00
8.293375008244755264e+00
8.293372019494373859e+00
8.293368626971863833e+00
8.293365003328293739e+00
8.293361285043214792e+00
8.293357577448221107e+00
8.293353960994831908e+00
8.293350494827532060e+00
8.293347220562104383e+00
8.293344163266809232e+00
8.293341342301767227e+00
8.293338764227627280e+00
8.293336428604840549e+00
8.293334329953191641e+00
8.293332457613189490e+00
8.293330800205946929e+00
8.293329343368080586e+00
8.293328071685078129e+00
8.293326968994444215e+00
8.293326019514783098e+00
8.293325207813708744e+00
8.293324516189146678e+00
8.293323931370599311e+00
8.293323440874219799e+00
8.293323033093907171e+00
8.293322697351012351e+00
8.293322423911289931e+00
8.293322203976670082e+00
8.293322029658078520e+00
8.293321893934384903e+00
8.293321790601732246e+00
8.293321714216730811e+00
8.293321660036221843e+00
8.293321623955780098e+00
8.293321602448642693e+00
8.293321592506350370e+00
8.293321591581962693e+00
8.293321597536573719e+00
8.293321608589483418e+00
8.293321623272282395e+00
8.293321640386935201e+00
8.293321658967871102e+00
8.293321678247913553e+00
8.293321697627973776e+00
8.293321716650170927e+00
8.293321734974309578e+00
8.293321752357293519e+00
8.293321768635308899e+00
8.293321783708501371e+00
8.293321797527921646e+00
8.293321810084405499e+00
8.293321821399256777e+00
8.293321831516477616e+00
8.293321840496355790e+00
8.293321848410204922e+00
8.293321855336129644e+00
8.293321861355648750e+00
8.293321866551053745e+00
8.293321871003371371e+00
8.293321874790866133e+00
8.293321877936355335e+00
8.293321880574758609e+00
8.293321882768434961e+00
8.293321884574771374e+00
8.293321886046093994e+00
8.293321887229680556e+00
8.293321888167939804e+00
8.293321888898608663e+00
8.293321889455041784e+00
8.293321889866509977e+00
8.293321890158516396e+00
8.293321890353137604e+00
8.293321890469332658e+00
8.293321890523280615e+00
8.293321890477082903e+00
8.293321890407355568e+00
8.293321890321296408e+00
8.293321890224737203e+00
8.293321890122360429e+00
8.293321890017853804e+00
8.293321889914061273e+00
8.293321889813134007e+00
8.293321889716647632e+00
8.293321889625699939e+00
8.293321889541006797e+00
8.293321889462959007e+00
8.293321889391714663e+00
8.293321889327252450e+00
8.293321889269380520e+00
8.293321889217825316e+00
8.293321889172210248e+00
8.293321889080552012e+00
8.293321889007524206e+00
8.293321888950291765e+00
8.293321888906358907e+00
8.293321888873524728e+00
8.293321888849868984e+00
8.293321888833716571e+00
8.293321888823630417e+00
8.293321888818386611e+00
8.293321888816947762e+00
8.293321888766826078e+00
8.293321888732403835e+00
8.293321888710700307e+00
8.293321888699139777e+00
8.293321888695562194e+00
8.293321888698132582e+00
8.293321888705325051e+00
8.293321888715867729e+00
8.293321888677125386e+00
8.293321888653370166e+00
8.293321888589947122e+00
8.293321888549371579e+00
8.293321888527085406e+00
8.293321888519205487e+00
8.293321888470860159e+00
8.293321888444408430e+00
8.293321888435212230e+00
8.293321888439340484e+00
8.293321888453514035e+00
8.293321888475011505e+00
8.293321888501594685e+00
8.293321888531449915e+00
8.293321888563111699e+00
8.293321888595455604e+00
8.293321888627588123e+00
8.293321888658843122e+00
8.293321888688732102e+00
8.293321888716915780e+00
8.293321888743175663e+00
8.293321888767378525e+00
8.293321888789467522e+00
8.293321888809458642e+00
8.293321888827414057e+00
8.293321888843417256e+00
8.293321888857569490e+00
8.293321888870009317e+00
8.293321888880861081e+00
8.293321888890256233e+00
8.293321888898343985e+00
8.293321888905243355e+00
8.293321888911096451e+00
8.293321888916008078e+00
8.293321888920100804e+00
8.293321888923484764e+00
8.293321888926255880e+00
8.293321888928499419e+00
8.293321888930284658e+00
8.293321888931679098e+00
8.293321888932746688e+00
8.293321888933540720e+00
8.293321888934110930e+00
8.293321888934499952e+00
8.293321888883143700e+00
8.293321888845184731e+00
8.293321888818264043e+00
8.293321888800344155e+00
8.293321888789670027e+00
8.293321888784740636e+00
8.293321888784280560e+00
8.293321888787236418e+00
8.293321888792725360e+00
8.293321888800022634e+00
8.293321888756937099e+00
8.293321888676482345e+00
8.293321888621019156e+00
8.293321888585801105e+00
8.293321888566776323e+00
8.293321888560480915e+00
8.293321888564003430e+00
8.293321888574919143e+00
8.293321888591215441e+00
8.293321888611236758e+00
8.293321888633650829e+00
8.293321888657375851e+00
8.293321888681557397e+00
8.293321888705564859e+00
8.293321888728886648e+00
8.293321888751169269e+00
8.293321888772171135e+00
8.293321888791732377e+00
8.293321888809744635e+00
8.293321888826191923e+00
8.293321888841068912e+00
8.293321888854416457e+00
8.293321888866307390e+00
8.293321888876821646e+00
8.293321888886056925e+00
8.293321888894114480e+00
0.000000000000000000e+00
0.000000000000000000e+00
0.000000000000000000e+00
0.000000000000000000e+00
0.000000000000000000e+00
0.000000000000000000e+00
0.000000000000000000e+00
0.000000000000000000e+00
0.000000000000000000e+00
0.000000000000000000e+00
0.000000000000000000e+00
0.000000000000000000e+00
0.000000000000000000e+00
0.000000000000000000e+00
0.000000000000000000e+00
0.000000000000000000e+00
0.000000000000000000e+00
0.000000000000000000e+00
0.000000000000000000e+00
0.000000000000000000e+00
0.000000000000000000e+00
0.000000000000000000e+00
0.000000000000000000e+00
0.000000000000000000e+00
0.000000000000000000e+00
0.000000000000000000e+00
0.000000000000000000e+00
0.000000000000000000e+00
0.000000000000000000e+00
0.000000000000000000e+00
0.000000000000000000e+00
0.000000000000000000e+00
0.000000000000000000e+00
0.000000000000000000e+00
0.000000000000000000e+00
0.000000000000000000e+00
0.000000000000000000e+00
7.521559638043126290e-10
6.365544639855993947e-02
1.881503798093778768e-01
3.555913610007155334e-01
5.513191079238838332e-01
7.634996115841081732e-01
9.827423380528035324e-01
1.202055963343420242e+00
1.415974429722331562e+00
1.620304305593772920e+00
1.812113534249974345e+00
1.989501699131066115e+00
2.151399282252425937e+00
2.297394111789728299e+00
2.427582873083510506e+00
2.542445446431247813e+00
2.642739786912190247e+00
2.729415091069287147e+00
2.803541056006733090e+00
2.866251160339801540e+00
2.918698041139039745e+00
2.962019183461870320e+00
2.997311305661295222e+00
3.025612018151134563e+00
3.047887424765163722e+00
3.065024574726316509e+00
3.077827800423722060e+00
3.087018043330686634e+00
3.093234509746752181e+00
3.097038024107349852e+00
3.098915590663733344e+00
3.099285743540685090e+00
3.098504372350231240e+00
3.096870745029833838e+00
3.094633524540205904e+00
3.091996633682947859e+00
3.089124853449826347e+00
3.086149068988066624e+00
3.083171113169526745e+00
3.080268186671106800e+00
3.077496845869035713e+00
3.074896548623654358e+00
3.072492784024477785e+00
3.070299803369513914e+00
3.068322972834643725e+00
3.066560793985729561e+00
3.065006604671409285e+00
3.063650003388966869e+00
3.062478021917244053e+00
3.061476082161645351e+00
3.060628761757098637e+00
3.059920395816741578e+00
3.059335538312091707e+00
3.058859308198612847e+00
3.058477634865249595e+00
3.058177423959211882e+00
3.057946657876998042e+00
3.057774444171927897e+00
3.057651023257403899e+00
3.057567745074691423e+00
3.057517022978816446e+00
3.057492270904686116e+00
3.057487830779777482e+00
3.057498893121104455e+00
3.057521415290394451e+00
3.057552039432085866e+00
3.057588012931671262e+00
3.057627112960968674e+00
3.057667574766821161e+00
3.057708026455934647e+00
3.057747429084686441e+00
3.057785022310485878e+00
3.057820276821797911e+00
3.057852851832919772e+00
3.057882558157922759e+00
3.057909326462055599e+00
3.057933179605238916e+00
3.057954210222849856e+00
3.057972560908166937e+00
3.057988408819368509e+00
3.058001952609761265e+00
3.058013402231909872e+00
3.058022970404198571e+00
3.058030866852083030e+00
3.058037293504169085e+00
3.058042441183107307e+00
3.058046487384588286e+00
3.058049594937866100e+00
3.058051911368618203e+00
3.058053568810264355e+00
3.058054684333110451e+00
3.058055360581528159e+00
3.058055686628103231e+00
3.058055738970181459e+00
3.058055582738170575e+00
3.058055272385398649e+00
3.058054853262957007e+00
3.058054362528942249e+00
3.058053830177795973e+00
3.058053280004557006e+00
3.058052730624551963e+00
3.058052195861048705e+00
3.058051685939640052e+00
3.058051207967520835e+00
3.058050766506428264e+00
3.058050364072222749e+00
3.058050001566055887e+00
3.058049678642591473e+00
3.058049394021051359e+00
3.058049145744955677e+00
3.058048931396293302e+00
3.058048748269658113e+00
3.058048593511575319e+00
3.058048464229860652e+00
3.058048357577472398e+00
3.058048270814871294e+00
3.058048201484050210e+00
3.058048147144472484e+00
3.058048105431671715e+00
3.058048074358794999e+00
3.058048052146669971e+00
3.058048037219271986e+00
3.058048028195059054e+00
3.058048023875390431e+00
3.058048023360615542e+00
3.058048025741644693e+00
3.058048030125652961e+00
3.058048035914220364e+00
3.058048042617830031e+00
3.058048049842065907e+00
3.058048057274717291e+00
3.058048064673890565e+00
3.058048071857193406e+00
3.058048078692002125e+00
3.058048085086817025e+00
3.058048090983646272e+00
3.058048096351378753e+00
3.058048101180067313e+00
3.058048105605606359e+00
3.058048109482225385e+00
3.058048112972726607e+00
3.058048115951284895e+00
3.058048118465311216e+00
3.058048120562683714e+00
3.058048122419951387e+00
3.058048123917945560e+00
3.058048125234738013e+00
3.058048126250801246e+00
3.058048127012872541e+00
3.058048127692452933e+00
3.058048128292041756e+00
3.058048128686039924e+00
3.058048129043691610e+00
3.058048129235048318e+00
3.058048129295494633e+00
3.058048129255207304e+00
3.058048129139641969e+00
3.058048128970021207e+00
3.058048128893370077e+00
3.058048128759573547e+00
3.058048128715479930e+00
3.058048128610928451e+00
3.058048128463264792e+00
3.058048128416295253e+00
3.058048128317266912e+00
3.058048128181350744e+00
3.058048128150539391e+00
3.058048128070594451e+00
3.058048127955486972e+00
3.058048127816704209e+00
3.058048127663556937e+00
3.058048127633022695e+00
3.058048127566614927e+00
3.058048127474737754e+00
3.058048127365931013e+00
3.058048127247100290e+00
3.058048127123734972e+00
3.058048127000109861e+00
3.058048126879470363e+00
3.058048126764199459e+00
3.058048126655962928e+00
3.058048126555844792e+00
3.058048126464454342e+00
3.058048126382029608e+00
3.058048126438069225e+00
3.058048126468015937e+00
3.058048126606976336e+00
3.058048126695392277e+00
3.058048126743237560e+00
3.058048126759116414e+00
3.058048126750370077e+00
3.058048126723192706e+00
3.058048126682750834e+00
3.058048126633301944e+00
3.058048126578303272e+00
3.058048126520516607e+00
3.058048126462105554e+00
3.058048126404725231e+00
3.058048126349603102e+00
3.058048126297611358e+00
3.058048126249329091e+00
3.058048126205100914e+00
3.058048126165084035e+00
3.058048126129288224e+00
3.058048126097609565e+00
3.058048126069866424e+00
3.058048126175369585e+00
3.058048126379106169e+00
3.058048126522465271e+00
3.058048126616388807e+00
3.058048126670442901e+00
3.058048126692900937e+00
3.058048126690843915e+00
3.058048126670267930e+00
3.058048126636190744e+00
3.058048126592764149e+00
3.058048126543372103e+00
3.058048126490729768e+00
3.058048126436982983e+00
3.058048126513334797e+00
3.058048126686282231e+00
3.058048126798404986e+00
3.058048126861560689e+00
3.058048126885990925e+00
3.058048126880456685e+00
3.058048126981915971e+00
3.058048127161819174e+00
3.058048127266964844e+00
3.058048127312772646e+00
3.058048127312444908e+00
3.058048127277173123e+00
3.058048127345888378e+00
3.058048127362062552e+00
3.058048127338016453e+00
3.058048127284117346e+00
3.058048127208988110e+00
3.058048127119713300e+00
3.058048127022019447e+00
3.058048126920461574e+00
3.058048126818593282e+00
3.058048126848661674e+00
3.058048126977911618e+00
3.058048127049421083e+00
3.058048127204897604e+00
3.058048127290430962e+00
3.058048127320773801e+00
3.058048127308524933e+00
3.058048127264322513e+00
3.058048127197050547e+00
3.058048127114032955e+00
3.058048127021225859e+00
3.058048126923391230e+00
3.058048126824266078e+00
3.058048126856266702e+00
3.058048126857233484e+00
3.058048126834663094e+00
3.058048126794843835e+00
3.058048126742982209e+00
3.058048126683330370e+00
3.058048126619314910e+00
3.058048126553642554e+00
3.058048126488404073e+00
