2.991847054118031979e-01
6.027833380935678775e-01
9.015240295556341543e-01
1.195099457800969933e+00
1.483222565862715170e+00
1.765626234403889994e+00
2.042062928636612096e+00
2.312304322944536583e+00
2.576140905149674865e+00
2.833381562606667181e+00
3.083853152013304566e+00
3.327412645259796076e+00
3.563950613591671424e+00
3.793346823810064716e+00
4.015496948986209347e+00
4.230312112444674533e+00
4.437718430614749465e+00
4.637695842891234932e+00
4.830204269298040032e+00
5.015212521327521600e+00
5.192702256342012213e+00
5.362686997126357547e+00
5.525216851322490186e+00
5.680308976398885434e+00
5.827991256109384288e+00
5.968303893662269211e+00
6.101342502878231322e+00
6.227164366343863833e+00
6.345835602752395666e+00
6.457430664294459888e+00
6.562090936488821136e+00
6.659912013300051115e+00
6.750989640420797855e+00
6.835426110729894589e+00
6.913371218030268217e+00
6.984952920102093010e+00
7.050289708529873245e+00
7.109505003210896845e+00
7.162751344587984015e+00
7.210188705595141023e+00
7.251951817137093137e+00
7.288178872229456040e+00
7.319011209380196448e+00
7.344639594497982316e+00
7.365211624474081731e+00
7.380874689562281432e+00
7.391778063336270854e+00
7.398075315698651622e+00
7.399959692050837035e+00
7.397582953280075202e+00
7.391097646607713401e+00
7.380656855296787278e+00
7.366413958295328079e+00
7.348546314240564037e+00
7.327225113417726199e+00
7.302601458167394810e+00
7.274825883338495558e+00
7.244048186941643763e+00
7.210417264271714366e+00
7.174080947023150578e+00
7.135210900762738007e+00
7.093951526253166939e+00
7.050445188909156613e+00
7.004832544007351558e+00
6.957252394704072529e+00
6.907841558953815131e+00
6.856734744677143389e+00
6.804064433154964675e+00
6.749965125536491861e+00
6.694582482939682500e+00
6.638040178560761895e+00
6.580459288477110924e+00
6.521958213911250191e+00
6.462652609821435412e+00
6.402655319049662452e+00
6.342076312135556115e+00
6.281022632769029279e+00
6.219598348604439941e+00
6.157904508261130339e+00
6.096039102369899432e+00
6.034097030468594802e+00
5.972170073578157101e+00
5.910346870458961455e+00
5.848712899511117946e+00
5.787350465757494788e+00
5.726338691560004968e+00
5.665753512472762488e+00
5.605667677282170303e+00
5.546150752190188271e+00
5.487269129835352643e+00
5.429086041200703150e+00
5.371661572116305905e+00
5.315052683405522949e+00
5.259313234561977524e+00
5.204494010751259836e+00
5.150642753995495760e+00
5.097804196253056475e+00
5.046020096502312313e+00
4.995329280280892625e+00
4.945767682949436583e+00
4.897368393986003099e+00
4.850161705251979427e+00
4.804175161000950212e+00
4.759433610235254797e+00
4.715959261283657611e+00
4.673771738044688817e+00
4.632888138560851132e+00
4.593323094624752301e+00
4.555088833653371694e+00
4.518195241524515460e+00
4.482649926879015645e+00
4.448458286570319054e+00
4.415623572155980447e+00
4.384146957304641212e+00
4.354027605939048584e+00
4.325262741237039243e+00
4.297847714945626230e+00
4.271776077242622094e+00
4.247039646935946600e+00
4.223628581786399216e+00
4.201531448994274776e+00
4.180735295662039164e+00
4.161225719126107059e+00
4.142994213830363925e+00
4.126027658927015729e+00
4.110307527286283680e+00
4.095814092358307512e+00
4.082526498422032191e+00
4.070422830191223085e+00
4.059480181662118881e+00
4.049674724063610398e+00
4.040981772972350505e+00
4.033375854322948761e+00
4.026830769538932486e+00
4.021319658851941092e+00
4.016815064631625631e+00
4.013288992643630593e+00
4.010712971785022063e+00
4.009058112954102526e+00
4.008295166367576101e+00
4.008394577382729196e+00
4.009326540893272117e+00
4.011061054171092266e+00
4.013567968172846001e+00
4.016817037276926072e+00
4.020777967418846188e+00
4.025420462634344609e+00
4.030714269795926619e+00
4.036632705762690954e+00
4.043147868224446384e+00
4.050229613886004110e+00
4.057848001340629729e+00
4.065973328028918310e+00
4.074576166350947659e+00
4.083627397727364716e+00
4.093098245211391095e+00
4.102960304087925891e+00
4.113185571457837142e+00
4.123746473808071578e+00
4.134615893078662729e+00
4.145767191298916465e+00
4.157174233173910771e+00
4.168811407926612311e+00
4.180653648714157455e+00
4.192676451471195165e+00
4.204855891319191130e+00
4.217168638346471710e+00
4.229591971518421367e+00
4.242103791292999304e+00
4.254682630828781065e+00
4.267307665936637129e+00
4.279958723651001051e+00
4.292616289567431132e+00
4.305261513931552209e+00
4.317876216625217367e+00
4.330442890542729018e+00
4.342944704611713114e+00
4.355365504822026779e+00
4.367689815001901898e+00
4.379902836066372096e+00
4.391990444416440376e+00
4.403939189440900570e+00
4.415736290015209065e+00
4.427369630146098523e+00
4.438827753820261179e+00
4.450099859030562044e+00
4.461175791039639904e+00
4.472046034918126800e+00
4.482701707394456392e+00
4.493134548052950983e+00
4.503336909916518138e+00
4.513301749449898814e+00
4.523022616018967490e+00
4.532493640841122051e+00
4.541709525461270935e+00
4.550665529787392138e+00
4.559357459719044492e+00
4.567781654401616542e+00
4.575934973138449990e+00
4.583814781992322729e+00
4.591418940107083735e+00
4.598745785779534856e+00
4.605794122310928884e+00
4.612563203666717015e+00
4.619052719972425614e+00
4.625262782850258603e+00
4.631193910694893390e+00
4.636847013871240542e+00
4.642223379551731810e+00
4.647324657419117599e+00
4.652152844107061647e+00
4.656710268291407218e+00
4.660999576350996598e+00
4.665023716941645304e+00
4.668785926171750589e+00
4.672289713573618108e+00
4.675538846858286135e+00
4.678537337683563280e+00
4.681289427168915829e+00
4.683799572107395726e+00
4.686072430995901428e+00
4.688112849844557672e+00
4.689925848778352169e+00
4.691516608786415965e+00
4.692890458242946039e+00
4.694052860312594611e+00
4.695009400198093097e+00
4.695765772737698462e+00
4.696327770266463197e+00
4.696701270731303168e+00
4.696892226163044803e+00
4.696906651371111074e+00
4.696750612955129967e+00
4.696430218622092312e+00
4.695951606811495260e+00
4.695320936651967259e+00
4.694544378187646139e+00
4.693628102964868098e+00
4.692578274921896053e+00
4.691401041629085000e+00
4.690102525817037460e+00
4.688688817246083218e+00
4.687165964930885664e+00
4.685539969480244871e+00
4.683816776518708203e+00
4.682002269305146847e+00
4.680102262439212346e+00
4.678122495461549235e+00
4.676068627642877118e+00
4.673946231869496870e+00
4.671760789619388454e+00
4.669517686051887218e+00
4.667222205457545847e+00
4.664879526957941280e+00
4.662494720518694180e+00
4.660072743282656305e+00
4.657618436245749116e+00
4.655136521073259814e+00
4.652631597138517705e+00
4.650108139017219422e+00
4.647570494544781106e+00
4.645022882785832863e+00
4.642469391875758689e+00
4.639913977738935102e+00
4.637360719432460421e+00
4.634813280166788729e+00
4.632275178685440586e+00
4.629749798723990395e+00
4.627240388820521133e+00
4.624750062280202911e+00
4.622281797308376738e+00
4.619838437340792581e+00
4.617422691368274990e+00
4.615037134866082802e+00
4.612684210453157796e+00
4.610366228957421875e+00
4.608085370582348794e+00
4.605843686223851208e+00
4.603643098930401578e+00
4.601485405499354364e+00
4.599372278202460862e+00
4.597305266633642695e+00
4.595285799672124583e+00
4.593315187554112278e+00
4.591394624046273520e+00
4.589525309414256959e+00
4.587708321692304025e+00
4.585944528830930622e+00
4.584234690677629231e+00
4.582579461583192071e+00
4.580979393073359773e+00
4.579434936579628967e+00
4.577946446223175592e+00
4.576514181645981338e+00
4.575138310883375858e+00
4.573818913272367226e+00
4.572555982390235307e+00
4.571349429018052746e+00
4.570199084123903077e+00
4.569104701860742246e+00
4.568065962573998995e+00
2.698785761681903872e-01
5.359414801634776460e-01
8.032106080274346027e-01
1.071250868873147688e+00
1.339640838563953773e+00
1.607972957194409913e+00
1.875882362781902568e+00
2.142991505441735889e+00
2.408930616290620552e+00
2.673344480530951195e+00
2.935892497786643851e+00
3.196248710000204163e+00
3.454101798324113570e+00
3.709155052008808795e+00
3.961126310299293074e+00
4.209747880507969775e+00
4.454766431768700130e+00
4.695942867859016268e+00
4.933052179409562754e+00
5.165883277104512672e+00
5.394238807813048098e+00
5.617934952871609156e+00
5.836801211678421808e+00
6.050680170631046018e+00
6.259427258682630502e+00
6.462917289753490557e+00
6.661054233869945662e+00
6.853732035697221114e+00
7.040856230432880558e+00
7.222343667133526601e+00
7.398122228737899597e+00
7.568130549746485691e+00
7.732317731874588596e+00
7.890673982981016188e+00
8.043169081645446639e+00
8.189782084709218424e+00
8.330501155836856242e+00
8.465323235801468726e+00
8.594261956336749719e+00
8.717368771315475939e+00
8.834664980794915579e+00
8.946179282912320119e+00
9.051947471309675919e+00
9.152012136283440569e+00
9.246461206401827226e+00
9.335358299625021061e+00
9.418764033117234646e+00
9.496744546675207843e+00
9.569371235291697531e+00
9.636743596200446405e+00
9.698960213285271692e+00
9.756105857572535456e+00
9.808269388399281752e+00
9.855543494754428480e+00
9.898032519553201070e+00
9.934938774505843284e+00
9.963738789377242000e+00
9.984243602817313601e+00
9.996282348466170475e+00
1.000000000000000000e+01
1.000000000000000000e+01
1.000000000000000000e+01
1.000000000000000000e+01
1.000000000000000000e+01
1.000000000000000000e+01
9.999089915520425365e+00
9.994858266221882559e+00
9.987446546346463450e+00
9.976968739870816449e+00
9.963539182688474938e+00
9.947272403793560258e+00
9.928282970068568858e+00
9.906685337217165710e+00
9.882593705113217553e+00
9.856135013640091813e+00
9.827433126691264675e+00
9.796599568761296339e+00
9.763745069038973767e+00
9.728979439431205023e+00
9.692411459052923561e+00
9.654148764270329863e+00
9.614297744258035294e+00
9.572963442166717130e+00
9.530249461575943215e+00
9.486268644440009723e+00
9.441130938112708648e+00
9.394933855975324377e+00
9.347773156732689159e+00
9.299742779611046117e+00
9.250934783506773229e+00
9.201439289875281702e+00
9.151344429380047885e+00
9.100736292398829974e+00
9.049698883459051046e+00
8.998314079278298294e+00
8.946661590675992315e+00
8.894818928115135748e+00
8.842861370830279455e+00
8.790861940508879258e+00
8.738891377073333189e+00
8.687018118467138450e+00
8.635308285362951253e+00
8.583825666955332778e+00
8.532631711452346224e+00
8.481785519631079850e+00
8.431343841899263225e+00
8.381361078138811038e+00
8.331889279843768037e+00
8.282978155882096516e+00
8.234675082069733421e+00
8.187025111465436211e+00
8.140070988658289153e+00
8.093853166559741297e+00
8.048409824913884236e+00
8.003776892131343246e+00
7.959988068816593376e+00
7.917074853286401037e+00
7.875066569825440510e+00
7.833990398006279499e+00
7.793871405348101078e+00
7.754732580170227152e+00
7.716594866597479729e+00
7.679477201937102038e+00
7.643396554358340644e+00
7.608367963110031162e+00
7.574404579188897202e+00
7.541517707456077524e+00
7.509716850096707752e+00
7.479009751027789754e+00
7.449402441010637865e+00
7.420899283924796030e+00
7.393503023701226695e+00
7.367214831757658899e+00
7.342034355231060516e+00
7.317959765841963282e+00
7.294987809027717596e+00
7.273113853403818219e+00
7.252331940696381984e+00
7.232634835758311453e+00
7.214014076784669882e+00
7.196460025663331095e+00
7.179961918061330550e+00
7.164507913924026639e+00
7.150085147436833211e+00
7.136679777054799168e+00
7.124277035105420985e+00
7.112861277273306193e+00
7.102425048507521765e+00
7.092951535192999479e+00
7.084422547200578180e+00
7.076819193858462143e+00
7.070121932386232544e+00
7.064310615757079859e+00
7.059364539901817892e+00
7.055262489773903134e+00
7.051982785406966769e+00
7.049503326244060730e+00
7.047801635512209728e+00
7.046854902761134909e+00
7.046640026423129477e+00
7.047133654576970052e+00
7.048312225385416241e+00
7.050152005700965674e+00
7.052629130214309150e+00
7.055719637444969550e+00
7.059399505944141673e+00
7.063644689447362346e+00
7.068431150470341429e+00
7.073734892980274580e+00
7.079531993906418741e+00
7.085798633604731833e+00
7.092511124982702420e+00
7.099645941713504271e+00
7.107179745199699639e+00
7.115089410384263680e+00
7.123352050447336659e+00
7.131945040394128021e+00
7.140846039291258940e+00
7.150033011777582992e+00
7.159484248129852624e+00
7.169178383275612632e+00
7.179094414926649570e+00
7.189211720416077256e+00
7.199510072141372952e+00
7.209970957236529365e+00
7.220576237994990265e+00
7.231306761361762980e+00
7.242143824098899785e+00
7.253069183928501751e+00
7.264065069272697350e+00
7.275114188823100569e+00
7.286199739310038836e+00
7.297305412812479020e+00
7.308415402881823120e+00
7.319514410222238254e+00
7.330587646753926379e+00
7.341620839989298375e+00
7.352600235096021564e+00
7.363512597376097091e+00
7.374345212983468123e+00
7.385085889909730916e+00
7.395722957186879221e+00
7.406245264492281599e+00
7.416642179975808880e+00
7.426903588340034723e+00
7.437019887508726335e+00
7.446981984982526726e+00
7.456781294472752286e+00
7.466409730359253594e+00
7.475859702744268809e+00
7.485124111731414231e+00
7.494196341105796577e+00
7.503070251643777944e+00
7.511740174027334405e+00
7.520200901362727564e+00
7.528447680870271164e+00
7.536476206217347595e+00
7.544282608217134367e+00
7.551863446387015344e+00
7.559215699497793928e+00
7.566336756195115143e+00
7.573224404881363725e+00
7.579876824103370936e+00
7.586292572192975037e+00
7.592470576924871928e+00
7.598410124945954358e+00
7.604110851202002586e+00
7.609572727882069287e+00
7.614796053491592609e+00
7.619781442090850732e+00
7.624530106488288439e+00
7.629044542794855666e+00
7.633326236694334632e+00
7.637376940307368578e+00
7.641198661473769249e+00
7.644793652687536856e+00
7.648164400030260879e+00
7.651313612271684939e+00
7.654244209982955738e+00
7.656959314663150273e+00
7.659462238035861681e+00
7.661756471407477065e+00
7.663845675130700030e+00
7.665733668116801347e+00
7.667424417624099320e+00
7.668922029001072893e+00
7.670230735475948691e+00
7.671354888633316271e+00
7.672298948695329024e+00
7.673067474677471189e+00
7.673665115054861374e+00
7.674096598820314696e+00
7.674366726304967301e+00
7.674480360511244825e+00
7.674442418420036383e+00
7.674257862618056869e+00
7.673931693116174735e+00
7.673468939417223744e+00
7.672874652697361242e+00
7.672153898311471210e+00
7.671311748618179216e+00
7.670353275662624704e+00
7.669283544306118472e+00
7.668107606061807857e+00
7.666830492255554574e+00
7.665457208038485071e+00
7.663992726420952195e+00
7.662441982632040904e+00
7.660809868759322683e+00
7.659101228471385525e+00
7.657320852039884329e+00
7.655473471620074299e+00
7.653563756663462669e+00
7.651596309525061201e+00
7.649575662056681047e+00
7.647506271044595572e+00
7.645392514876006906e+00
7.643238690254595014e+00
7.641049008776249707e+00
7.638827594272234123e+00
7.636578480052073736e+00
7.634305606195115779e+00
7.632012817236040192e+00
7.629703860284013039e+00
7.627382383126462884e+00
7.625051932158063650e+00
7.622715951161473491e+00
7.620377780019435221e+00
7.618040653402183615e+00
7.615707699854199042e+00
7.613381940998484865e+00
7.611066290966277847e+00
7.608763555767908748e+00
7.606476433169034657e+00
7.604207512611643516e+00
7.601959274962126756e+00
7.599734092692673748e+00
7.597534230403386601e+00
7.595361845249856358e+00
7.593218987161563405e+00
4.273989235418532498e-03
7.858677894748195350e-03
1.963509076381268759e-02
3.932052609496292789e-02
6.665424375677436730e-02
1.013963374904985476e-01
1.432557406630789176e-01
1.919692474097760837e-01
2.472920808896290346e-01
3.089281852833782871e-01
3.765929391458860964e-01
4.500431342212695696e-01
5.289822474146561593e-01
6.131153967911623370e-01
7.021869622302822078e-01
7.959242994932222981e-01
8.940368573336514579e-01
9.962372118958910949e-01
1.102277136549864034e+00
1.211894725504470749e+00
1.324810566532868883e+00
1.440749666026562403e+00
1.559441740434227786e+00
1.680656773012980665e+00
1.804141727012696483e+00
1.929638795845284083e+00
2.056895891203418980e+00
2.185666862208211825e+00
2.315711690745679174e+00
2.446799603510513954e+00
2.578721889095508590e+00
2.711255781592292635e+00
2.844185240653352764e+00
2.977301049116231280e+00
3.110400897721927294e+00
3.243289455779319486e+00
3.375778429090538157e+00
3.507686604212655990e+00
3.638839879686940559e+00
3.769071284450165038e+00
3.898220983633272851e+00
4.026136272324233545e+00
4.152671557349588483e+00
4.277688328563257869e+00
4.401055118465433402e+00
4.522647451901058879e+00
4.642347786494023687e+00
4.760045443633536877e+00
4.875636531112083283e+00
4.989023857519526928e+00
5.100116839612584663e+00
5.208831402562965174e+00
5.315089873790090458e+00
5.418820871170002107e+00
5.519959185839466542e+00
5.618445660150825915e+00
5.714227061203978053e+00
5.807255950454385918e+00
5.897490549589616826e+00
5.984894603524029577e+00
6.069437240316279514e+00
6.151092828748563335e+00
6.229853057812582584e+00
6.305705786195137108e+00
6.378640398365445385e+00
6.448650862091731106e+00
6.515735574023779897e+00
6.579897204152400647e+00
6.641142539491915464e+00
6.699482327142759708e+00
6.754931117242520600e+00
6.807507105972995021e+00
6.857231978851112686e+00
6.904145461405116535e+00
6.948284997670346463e+00
6.989681537712173487e+00
7.028368864548919071e+00
7.064383448239959229e+00
7.097764302520373825e+00
7.128552841957761288e+00
7.156792741540638048e+00
7.182529798601825277e+00
7.205811795379180928e+00
7.226689284987013018e+00
7.245235467463457368e+00
7.261502711016257550e+00
7.275544800987945315e+00
7.287416819433377491e+00
7.297175025998662967e+00
7.304876741840359955e+00
7.310580236045385760e+00
7.314344613866882838e+00
7.316229708387879782e+00
7.316295974281819881e+00
7.314604384253247993e+00
7.311218632778861526e+00
7.306214041600870068e+00
7.299651926192107787e+00
7.291593711676013001e+00
7.282100845371092035e+00
7.271234711809634099e+00
7.259056550523609985e+00
7.245627377302326089e+00
7.231007907724065653e+00
7.215258483919384069e+00
7.198439004588064627e+00
7.180608857409303880e+00
7.161826854397004283e+00
7.142151170603906252e+00
7.121639285342511450e+00
7.100347926337302162e+00
7.078333016528330468e+00
7.055649624135628351e+00
7.032360305675334544e+00
7.008517938214019694e+00
6.984174207684491265e+00
6.959379774708573052e+00
6.934184239278546436e+00
6.908636107703975959e+00
6.882782762182386271e+00
6.856670433141243137e+00
6.830344173545735309e+00
6.803847836119087056e+00
6.777224052426979561e+00
6.750514215337900303e+00
6.723758462200660979e+00
6.696995661402156408e+00
6.670263400802880938e+00
6.643597977880734362e+00
6.617034392560537270e+00
6.590606341728685535e+00
6.564346215467514511e+00
6.538285095661405144e+00
6.512452756097683704e+00
6.486877664463581716e+00
6.461586985954565598e+00
6.436606588656524686e+00
6.411961050479478175e+00
6.387673667581071690e+00
6.363766464361414243e+00
6.340260204761805518e+00
6.317174405180316477e+00
6.294527348009452794e+00
6.272336097387766429e+00
6.250616515562565922e+00
6.229383280176784332e+00
6.208649903155262884e+00
6.188428750239554077e+00
6.168731061583495823e+00
6.149566973270005121e+00
6.130945539274192946e+00
6.112874755281753281e+00
6.095361581761025604e+00
6.078411968623426809e+00
6.062030880379863262e+00
6.046222321436032665e+00
6.030989362935091691e+00
6.016334168591750853e+00
6.002258021935870325e+00
5.988761353609664440e+00
5.975843768909785858e+00
5.963504075795216686e+00
5.951740312797923593e+00
5.940549777095046835e+00
5.929929053494515934e+00
5.919874042262846636e+00
5.910379987340205865e+00
5.901441505331789905e+00
5.893052613760985992e+00
5.885206759068780435e+00
5.877896844856185687e+00
5.871116267981960846e+00
5.864860000004446405e+00
5.859119407135795932e+00
5.853885414470557436e+00
5.849148533368910385e+00
5.844898888689121108e+00
5.841126245454789867e+00
5.837820035933594554e+00
5.834969384933983427e+00
5.832563135797745879e+00
5.830589875430275626e+00
5.829037959044943484e+00
5.827895534326118288e+00
5.827150565224857637e+00
5.826790855077391917e+00
5.826804069276381171e+00
5.827177757277435255e+00
5.827899374107126995e+00
5.828956301358091174e+00
5.830335867482244971e+00
5.832025367576024522e+00
5.834012082395078735e+00
5.836283296935642184e+00
5.838826318435390128e+00
5.841628493174810366e+00
5.844677223595697413e+00
5.847959983799444927e+00
5.851464335466019406e+00
5.855177942518280609e+00
5.859088584793464172e+00
5.863184171519956855e+00
5.867452754344571808e+00
5.871882539391122258e+00
5.876461898814828722e+00
5.881179381799056749e+00
5.886023724852267769e+00
5.890983861263295651e+00
5.896048930444576008e+00
5.901208286370700939e+00
5.906451505431440374e+00
5.911768393639219354e+00
5.917148993643576382e+00
5.922583590773556672e+00
5.928062718667694853e+00
5.933577164637665824e+00
5.939117973600890110e+00
5.944676452230658548e+00
5.950244173246852952e+00
5.955812977495981819e+00
5.961374977372900119e+00
5.966922558220709050e+00
5.972448380209050001e+00
5.977945379512291879e+00
5.983406769013010162e+00
5.988826038671213325e+00
5.994196955405612925e+00
5.999513562752122553e+00
6.004770179875938751e+00
6.009961400424998601e+00
6.015082091002786235e+00
6.020127389244860794e+00
6.025092701612344115e+00
6.029973700946041681e+00
6.034766323577363423e+00
6.039466766306420986e+00
6.044071482969588516e+00
6.048577180965195588e+00
6.052980817332521468e+00
6.057279594691582503e+00
6.061470956749173133e+00
6.065552584309184425e+00
6.069522390598002914e+00
6.073378515989108273e+00
6.077119323237117676e+00
6.080743392344747811e+00
6.084249515323084445e+00
6.087636690738542633e+00
6.090904118298434256e+00
6.094051193178349202e+00
6.097077500459876731e+00
6.099982809175286569e+00
6.102767066579663613e+00
6.105430392344969981e+00
6.107973072462716146e+00
6.110395553387583334e+00
6.112698435792426999e+00
6.114882469251093688e+00
6.116948545498721579e+00
6.118897692670599575e+00
6.120731069269728764e+00
6.122449958230089528e+00
6.124055760887095801e+00
6.125549991078645284e+00
6.126934269261927746e+00
6.128210316667851210e+00
6.129379949495391777e+00
6.130445073140960766e+00
6.131407676658940709e+00
6.132269827041934462e+00
6.133033663745232289e+00
6.133701393030999149e+00
6.134275283320002714e+00
6.134757659222061399e+00
6.135150896684661959e+00
6.135457417800110669e+00
6.135679685952960760e+00
6.135820200948534975e+00
6.135881494277668047e+00
6.135866124495075624e+00
6.135776672714028379e+00
6.135615738219779125e+00
6.135385934203920755e+00
6.135089883621628104e+00
6.134730215173484602e+00
6.134309559438071879e+00
6.133830545008044588e+00
6.133295794996344696e+00
6.132707923431640396e+00
6.132069531698052245e+00
6.131383205964740846e+00
6.130651513367777916e+00
6.129876999254411984e+00
6.129062184331634633e+00
6.128209561927878468e+00
6.127321595429129353e+00
6.126400715777011285e+00
6.125449319162467710e+00
6.124469764765708035e+00
6.123464372687909218e+00
2.408467580046202150e-01
4.779534111856856837e-01
7.181983014950960031e-01
9.611869938696041560e-01
1.206487418346851026e+00
1.453672296282239262e+00
1.702325711199356828e+00
1.952068718236270373e+00
2.202527124576330486e+00
2.453315888482130447e+00
2.704062381567113427e+00
2.954406558514960146e+00
3.204001096157293116e+00
3.452511502454426839e+00
3.699616890904073419e+00
3.945025212735493003e+00
4.188437024007185983e+00
4.429566009342599031e+00
4.668138966946388635e+00
4.903895769210646627e+00
5.136589300804293323e+00
5.365985375621763254e+00
5.591862633904756130e+00
5.814012420898437838e+00
6.032238648080451959e+00
6.246357637883602543e+00
6.456202278707673159e+00
6.661627342731653023e+00
6.862487329000276581e+00
7.058648239189712292e+00
7.249987361864681290e+00
7.436393047470566842e+00
7.617764474249803186e+00
7.794011408350958625e+00
7.965053955255448237e+00
8.130822306019357626e+00
8.291281618478668847e+00
8.446391811309869269e+00
8.596112445311764105e+00
8.740411967210262034e+00
8.879267447347007902e+00
9.012664315498177814e+00
9.140600890827062841e+00
9.263109547206754613e+00
9.380199264865430209e+00
9.491886184652273073e+00
9.598193337894940669e+00
9.699150376617023284e+00
9.790978103423991996e+00
9.867196687073310102e+00
9.926915925287799425e+00
9.969162085767033332e+00
9.993628077023574363e+00
1.000000000000000000e+01
1.000000000000000000e+01
1.000000000000000000e+01
1.000000000000000000e+01
1.000000000000000000e+01
1.000000000000000000e+01
1.000000000000000000e+01
1.000000000000000000e+01
1.000000000000000000e+01
1.000000000000000000e+01
1.000000000000000000e+01
1.000000000000000000e+01
1.000000000000000000e+01
1.000000000000000000e+01
1.000000000000000000e+01
1.000000000000000000e+01
1.000000000000000000e+01
1.000000000000000000e+01
1.000000000000000000e+01
1.000000000000000000e+01
1.000000000000000000e+01
1.000000000000000000e+01
1.000000000000000000e+01
1.000000000000000000e+01
1.000000000000000000e+01
9.997816671810998201e+00
9.993435138570589515e+00
9.986931754549283724e+00
9.978383196982274939e+00
9.967866361215799387e+00
9.955458257983197612e+00
9.941235913097328236e+00
9.925276269781029725e+00
9.898506173128536645e+00
9.859448382285853185e+00
9.811770012398186580e+00
9.758267967725863912e+00
9.701141747089103262e+00
9.642120333589165426e+00
9.582548413655725739e+00
9.523457823004637390e+00
9.465626662769475175e+00
9.409628140315268396e+00
9.355870842161966294e+00
9.304631873821259447e+00
9.256084082659372214e+00
9.210318343870499191e+00
9.167361770390366260e+00
9.127192540247829555e+00
9.089751910684496394e+00
9.054953927960454507e+00
9.022693223630685821e+00
8.992851254825771079e+00
8.965301237960204617e+00
8.939222697914296134e+00
8.913127044986881131e+00
8.887049325857043769e+00
8.861023451459109523e+00
8.835082187498064954e+00
8.809257148008997618e+00
8.783578790356589394e+00
8.758076411860674426e+00
8.732778148022875442e+00
8.707710972008461781e+00
8.682900696568173871e+00
8.658371976490462529e+00
8.634148312931253955e+00
8.610252058324984858e+00
8.586704423924423679e+00
8.563525487696434624e+00
8.540734203918891154e+00
8.518348413204629210e+00
8.496384854236552542e+00
8.474859176518934945e+00
8.453785954467951669e+00
8.433178701881651307e+00
8.413049887959711981e+00
8.393410953040371325e+00
8.374272326447771420e+00
8.355643444592052660e+00
8.337532769829788748e+00
8.319947809820902762e+00
8.302895138261266794e+00
8.286380415655591136e+00
8.270408410272972688e+00
8.254983019838659786e+00
8.240107294562315943e+00
8.225783459558877908e+00
8.212012938329538159e+00
8.198796375585441609e+00
8.186133661399132677e+00
8.174023954774979117e+00
8.162465708928657193e+00
8.151456694434388695e+00
8.140994024725459965e+00
8.131074180630116999e+00
8.121693034389590338e+00
8.112845875417635355e+00
8.104527433907101397e+00
8.096731906432106385e+00
8.089452980616803401e+00
8.082683858699805768e+00
8.076417283182381723e+00
8.070645560160579990e+00
8.065360583582410925e+00
8.060553859451252023e+00
8.056216529246846392e+00
8.052339393576440685e+00
8.048912934701194288e+00
8.045927339148287061e+00
8.043372521180192081e+00
8.041238144039684954e+00
8.039513641920484233e+00
8.038188241027878433e+00
8.037250981075958478e+00
8.036690735919535200e+00
8.036496232559125374e+00
8.036656072116320715e+00
8.037158748013554899e+00
8.037992665353389299e+00
8.039146158979550094e+00
8.040607511457551482e+00
8.042364969870879676e+00
8.044406762937802213e+00
8.046721116756717862e+00
8.049296271637061295e+00
8.052120496349939316e+00
8.055182103097871860e+00
8.058469461370734166e+00
8.061971012672410453e+00
8.065675282385587508e+00
8.069570893150551427e+00
8.073646576268314945e+00
8.077891184031335214e+00
8.082293700036617068e+00
8.086843249684847024e+00
8.091529886316067177e+00
8.096343962116337778e+00
8.101274989356900491e+00
8.106312658487865974e+00
8.111446846501280561e+00
8.116667624125112113e+00
8.121965262981547085e+00
8.127330242210764055e+00
8.132753254830108247e+00
8.138225213155680038e+00
8.143737253963656997e+00
8.149280742850102399e+00
8.154847279527876580e+00
8.160428700576906280e+00
8.166017083113125352e+00
8.171604747756667564e+00
8.177184261165683310e+00
8.182748437911920192e+00
8.188290342391011833e+00
8.193803289919177502e+00
8.199280847840940467e+00
8.204716835995723656e+00
8.210105326904743706e+00
8.215440645616794768e+00
8.220717369413089060e+00
8.225930326349253363e+00
8.231074595242040104e+00
8.236145503361587572e+00
8.241138625055707934e+00
8.246049779682524061e+00
8.250875029380507542e+00
8.255610676519683722e+00
8.260253261131522251e+00
8.264799557788199635e+00
8.269246572277102914e+00
8.273591538981053262e+00
8.277831916361476416e+00
8.281965383462576824e+00
8.285989836162933386e+00
8.289903382892532591e+00
8.293704340377304973e+00
8.297391229267050861e+00
8.300962769625931159e+00
8.304417876167272894e+00
8.307755653590563227e+00
8.310975391674093160e+00
8.314076560353278467e+00
8.317058804595539812e+00
8.319921939325254812e+00
8.322665943860469540e+00
8.325290957460021346e+00
8.327797273909432363e+00
8.330185335673604641e+00
8.332455728813764395e+00
8.334609177656004064e+00
8.336646539314470417e+00
8.338568798231310808e+00
8.340377061422454830e+00
8.342072552356896153e+00
8.343656605857423969e+00
8.345130662887457973e+00
8.346496265046553731e+00
8.347755049361623492e+00
8.348908820031841316e+00
8.349960101461151751e+00
8.350910773255748154e+00
8.351762788246226421e+00
8.352518167068467392e+00
8.353178994441474714e+00
8.353747413379283060e+00
8.354225620881683412e+00
8.354615862832636353e+00
8.354920430277379850e+00
8.355141654898829984e+00
8.355281903955914302e+00
8.355343576259539162e+00
8.355329097953100970e+00
8.355240919161154522e+00
8.355081508981879068e+00
8.354853352047859616e+00
8.354558944714627344e+00
8.354200791379257751e+00
8.353781400563144999e+00
8.353303282396266738e+00
8.352768944520404304e+00
8.352180888680056370e+00
8.351541608117603488e+00
8.350853584302596389e+00
8.350119284266796171e+00
8.349341157385754997e+00
8.348521632823855398e+00
8.347663117029080482e+00
8.346767991457490155e+00
8.345838610119917789e+00
8.344877297091066737e+00
8.343886344406064026e+00
8.342868010567960013e+00
8.341824517807546968e+00
8.340758051093628112e+00
8.339670756076312585e+00
8.338564737531248383e+00
8.337442058194211469e+00
8.336304736618485478e+00
8.335154746562398742e+00
8.333994015365709274e+00
8.332824423123142310e+00
8.331647801963812938e+00
8.330465934355828495e+00
8.329280553161908074e+00
8.328093340947789969e+00
8.326905928375937904e+00
0.000000000000000000e+00
0.000000000000000000e+00
0.000000000000000000e+00
0.000000000000000000e+00
0.000000000000000000e+00
0.000000000000000000e+00
0.000000000000000000e+00
0.000000000000000000e+00
0.000000000000000000e+00
0.000000000000000000e+00
0.000000000000000000e+00
0.000000000000000000e+00
0.000000000000000000e+00
0.000000000000000000e+00
0.000000000000000000e+00
0.000000000000000000e+00
0.000000000000000000e+00
0.000000000000000000e+00
0.000000000000000000e+00
0.000000000000000000e+00
0.000000000000000000e+00
0.000000000000000000e+00
0.000000000000000000e+00
0.000000000000000000e+00
0.000000000000000000e+00
0.000000000000000000e+00
0.000000000000000000e+00
0.000000000000000000e+00
0.000000000000000000e+00
0.000000000000000000e+00
0.000000000000000000e+00
0.000000000000000000e+00
0.000000000000000000e+00
0.000000000000000000e+00
0.000000000000000000e+00
0.000000000000000000e+00
0.000000000000000000e+00
0.000000000000000000e+00
2.877550049029848310e-03
1.025996843152547980e-02
2.197770071542834089e-02
3.786034647988237301e-02
5.773696875556588726e-02
8.144115463017959078e-02
1.088373950819563063e-01
1.397530458250677288e-01
1.740160124849271239e-01
2.114550141187243326e-01
2.518998355729064609e-01
2.951815685417517598e-01
3.411655698779377799e-01
3.896850783650733230e-01
4.405745969855650035e-01
4.936707776431504824e-01
5.488126130937800440e-01
6.058416175018462857e-01
6.646019958546391937e-01
7.249408024535733963e-01
7.867287205966255748e-01
8.498198374282568412e-01
9.140689471412161149e-01
9.793342320254673217e-01
1.045477370006938189e+00
1.112363633494889648e+00
1.179861977114226024e+00
1.247845116927301934e+00
1.316189600250781133e+00
1.384775865987768029e+00
1.453488296466894258e+00
1.522215260143905846e+00
1.590849146909621536e+00
1.659286393428279549e+00
1.727427502427898665e+00
1.795177052741445900e+00
1.862443702889381880e+00
1.929140187397457185e+00
1.995183306310152949e+00
2.060493908091187265e+00
2.124996866365862935e+00
2.188621050926404799e+00
2.251299293049794148e+00
2.312968345585948882e+00
2.373568837979169288e+00
2.433045226873706834e+00
2.491345742199246871e+00
2.548422328911518431e+00
2.604230585219033500e+00
2.658729697164201156e+00
2.711882370080551663e+00
2.763654756921119393e+00
2.814016383617140793e+00
2.862940072177025730e+00
2.910401861980440152e+00
2.956380928028426336e+00
3.000859497769539086e+00
3.043822766395377410e+00
3.085258811167263193e+00
3.125158504132804271e+00
3.163515423094207968e+00
3.200325762980851696e+00
3.235588245418786091e+00
3.269304029272249945e+00
3.301476619204809282e+00
3.332111774765616818e+00
3.361217420070036432e+00
3.388803552303987665e+00
3.414882150993472365e+00
3.439467088438754150e+00
3.462583448833318922e+00
3.484250991712019019e+00
3.504488547633742179e+00
3.523316451542967354e+00
3.540756457873481811e+00
3.556831655811969028e+00
3.571566386495529155e+00
3.584986160363028862e+00
3.597117576104366776e+00
3.607988241172371602e+00
3.617626694181349745e+00
3.626062327361021964e+00
3.633325311686892878e+00
3.639446523191703697e+00
3.644457470890964945e+00
3.648390226431082795e+00
3.651277355449783268e+00
3.653151850508581155e+00
3.654047066087832363e+00
3.653996655158512574e+00
3.653034507687440868e+00
3.651198497256149089e+00
3.648527804019797038e+00
3.645056311463488630e+00
3.640817902973689346e+00
3.635846411233608855e+00
3.630175569258964785e+00
3.623838963386061707e+00
3.616869988055707807e+00
3.609301803034522305e+00
3.601167291557117345e+00
3.592499021157522510e+00
3.583329205702277420e+00
3.573689669991110929e+00
3.563611815694731622e+00
3.553126589283079007e+00
3.542264451704395967e+00
3.531055349903784002e+00
3.519528689922475362e+00
3.507713312379785897e+00
3.495637468689029248e+00
3.483328799655274643e+00
3.470814315649861648e+00
3.458120377763066244e+00
3.445272682117049623e+00
3.432296243840856853e+00
3.419215384193728724e+00
3.406053718128205343e+00
3.392834143344337861e+00
3.379578832191793669e+00
3.366309222941453072e+00
3.353046013809648063e+00
3.339809157724916044e+00
3.326617859087203755e+00
3.313490570611298480e+00
3.300444992136581046e+00
3.287498070863243971e+00
3.274666002518375585e+00
3.261964232535402353e+00
3.249407460255316238e+00
3.237009642361624806e+00
3.224783998409534114e+00
3.212743016512765060e+00
3.200898460716040006e+00
3.189261378196468932e+00
3.177842108777970243e+00
3.166650293340553812e+00
3.155694884772254571e+00
3.144984158085168957e+00
3.134525721873170134e+00
3.124326530939644631e+00
3.114392898074499705e+00
3.104730507789849714e+00
3.095344429934502983e+00
3.086239133123744871e+00
3.077418500183552563e+00
3.068885842026719768e+00
3.060643913445659781e+00
3.052694928514083639e+00
3.045040576276848210e+00
3.037682036707836541e+00
3.030619997313446223e+00
3.023854669553266650e+00
3.017385805010982303e+00
3.011212712183140461e+00
3.005334273379649979e+00
2.999748961478474474e+00
2.994454856592978498e+00
2.989449663662848700e+00
2.984730728324954896e+00
2.980295054249674891e+00
2.976139319736356370e+00
2.972259894446833695e+00
2.968652855726888529e+00
2.965314005052420487e+00
2.962238884162250230e+00
2.959422791058639479e+00
2.956860796419053194e+00
2.954547758517771516e+00
2.952478338826531878e+00
2.950647017260201288e+00
2.949048107010873387e+00
2.947675769249633149e+00
2.946524027195141393e+00
2.945586780470421218e+00
2.944857818640589819e+00
2.944330834661762708e+00
2.943999437956881682e+00
2.943857167154438237e+00
2.943897502482441197e+00
2.944113877810786040e+00
2.944499692335972529e+00
2.945048321902887789e+00
2.945753129959121974e+00
2.946607478138023595e+00
2.947604736467404063e+00
2.948738293201504490e+00
2.950001564320252179e+00
2.951388002224117013e+00
2.952891105255434301e+00
2.954504425313990268e+00
2.956221576004477214e+00
2.958036240213853585e+00
2.959942177228587656e+00
2.961933229579480020e+00
2.964003329525023656e+00
2.966146505036151293e+00
2.968356885533876000e+00
2.970628707159669979e+00
2.972956317734818832e+00
2.975334181738176653e+00
2.977756884389579195e+00
2.980219135814721643e+00
2.982715774367056483e+00
2.985241769798954170e+00
2.987792226608986912e+00
2.990362386568319764e+00
2.992947631095628669e+00
2.995543483312701039e+00
2.998145609884099727e+00
3.000749822367617003e+00
3.003352078573804373e+00
3.005948483452637543e+00
3.008535289790135625e+00
3.011108898647592458e+00
3.013665859582780993e+00
3.016202870692297644e+00
3.018716778031275361e+00
3.021204575553539939e+00
3.023663403854226939e+00
3.026090550195075224e+00
3.028483446394014678e+00
3.030839668517761876e+00
3.033156934766047641e+00
3.035433104078899547e+00
3.037666174193403457e+00
3.039854280135497522e+00
3.041995692160264220e+00
3.044088812967285840e+00
3.046132176294929383e+00
3.048124443400466177e+00
3.050064401429460670e+00
3.051950960685837266e+00
3.053783151470415014e+00
3.055560121512389316e+00
3.057281132846187965e+00
3.058945559480820808e+00
3.060552883733525853e+00
3.062102693418336408e+00
3.063594678613876798e+00
3.065028628530379162e+00
3.066404428293601825e+00
3.067722055661296743e+00
3.068981577826709994e+00
3.070183148084565605e+00
3.071327002528061012e+00
3.072413456735315851e+00
3.073442902243621599e+00
3.074415803953857385e+00
3.075332695931594085e+00
3.076194178371764565e+00
3.077000914872974668e+00
3.077753628327019264e+00
3.078453098530390619e+00
3.079100158372797047e+00
3.079695690640996020e+00
3.080240625524160780e+00
3.080735936912572637e+00
3.081182639531597545e+00
3.081581785952093977e+00
3.081934463720144013e+00
