1.000000000000000000e+01
1.000000000000000000e+01
1.000000000000000000e+01
1.000000000000000000e+01
1.000000000000000000e+01
1.000000000000000000e+01
1.000000000000000000e+01
1.000000000000000000e+01
1.000000000000000000e+01
1.000000000000000000e+01
1.000000000000000000e+01
1.000000000000000000e+01
1.000000000000000000e+01
1.000000000000000000e+01
1.000000000000000000e+01
1.000000000000000000e+01
1.000000000000000000e+01
1.000000000000000000e+01
1.000000000000000000e+01
1.000000000000000000e+01
1.000000000000000000e+01
1.000000000000000000e+01
1.000000000000000000e+01
1.000000000000000000e+01
9.848006770238624696e+00
9.271412440267061683e+00
8.503801603557048949e+00
7.699211160089173056e+00
6.952692034519076358e+00
6.311503590585717305e+00
5.792789854169622998e+00
5.394801504434296291e+00
5.104982836878928509e+00
4.905701250517203071e+00
4.778060353869360455e+00
4.704235623065353700e+00
4.668728869116444358e+00
4.658874563487653830e+00
4.664863313724662675e+00
4.679482507718600637e+00
4.697717439123536565e+00
4.716309500277436229e+00
4.733331706135877504e+00
4.747814772802262162e+00
4.759438392606394785e+00
4.768289863784072047e+00
4.774684896338746931e+00
4.779041699674963617e+00
4.781798036729323798e+00
4.783361206698714341e+00
4.784081861749168496e+00
4.784244228257366061e+00
4.784066776555291334e+00
4.783708896042450753e+00
4.783280420469208316e+00
4.782851898234657284e+00
4.782464313727448513e+00
4.782137560345330662e+00
4.781877378523302191e+00
4.781680738792895013e+00
4.781539807064273617e+00
4.781444707253542425e+00
4.781385321258984966e+00
4.781352357622985494e+00
4.781337893294660191e+00
4.781335557507212286e+00
4.781340490196380522e+00
4.781349173424018772e+00
4.781359205179921190e+00
4.781369061272828347e+00
4.781377873128375811e+00
4.781385236036453712e+00
4.781391053417091364e+00
4.781395416921134789e+00
4.781398518770592965e+00
4.781400591237702002e+00
4.781401867641987380e+00
4.781402559613423975e+00
4.781402845952071878e+00
4.781402869295391156e+00
4.781402737639389500e+00
4.781402528527288531e+00
4.781402294419274668e+00
4.781402068171424879e+00
4.781401868111299969e+00
4.781401702394243003e+00
4.781401572468077177e+00
4.781401475752359076e+00
4.781401407573387274e+00
4.781401362488365336e+00
4.781401335127994479e+00
4.781401320679016465e+00
4.781401315111201811e+00
4.781401315234517391e+00
4.781401318645553289e+00
4.781401323646584878e+00
4.781401329093140973e+00
4.781401334277832760e+00
4.781401338814772473e+00
4.781401342541732546e+00
4.781401345441921968e+00
4.781401347584615991e+00
4.781401349082452512e+00
4.781401350062536970e+00
4.781401350641855785e+00
4.781401350939322725e+00
4.781401351044633152e+00
4.781401351028246260e+00
4.781401350942733330e+00
4.781401350825249530e+00
4.781401350700434705e+00
4.781401350583283971e+00
4.781401350481787382e+00
4.781401350399079320e+00
4.781401350335207745e+00
4.781401350288382091e+00
4.781401350255936045e+00
4.781401350234933290e+00
4.781401350222594715e+00
4.781401350216461843e+00
4.781401350214514956e+00
4.781401350215193524e+00
4.781401350217338475e+00
4.781401350220124691e+00
4.781401350223022817e+00
4.781401350225708669e+00
4.781401350221675450e+00
4.781401350220453317e+00
4.781401350220984448e+00
4.781401350216166080e+00
4.781401350215016777e+00
4.781401350209785406e+00
4.781401350209003809e+00
4.781401350210887635e+00
4.781401350214135704e+00
4.781401350211536005e+00
4.781401350205794820e+00
4.781401350205107370e+00
4.781401350207421963e+00
4.781401350211252677e+00
4.781401350215592316e+00
4.781401350219812052e+00
4.781401350223569935e+00
4.781401350226690106e+00
4.781401350229136149e+00
4.781401350230965797e+00
4.781401350232262537e+00
4.781401350233138281e+00
4.781401350233676517e+00
4.781401350233966951e+00
4.781401350234086856e+00
4.781401350227769242e+00
4.781401350224621538e+00
4.781401350223640101e+00
4.781401350224005142e+00
4.781401350225103819e+00
4.781401350226550662e+00
4.781401350228052571e+00
4.781401350229436353e+00
4.781401350230626512e+00
4.781401350225262803e+00
4.781401350222924229e+00
4.781401350222564517e+00
4.781401350223396740e+00
4.781401350218517088e+00
4.781401350217113766e+00
4.781401350217862500e+00
4.781401350219789848e+00
4.781401350222208357e+00
4.781401350224688152e+00
4.781401350226969882e+00
4.781401350222578728e+00
4.781401350221056390e+00
4.781401350221360147e+00
4.781401350222694191e+00
4.781401350224487423e+00
4.781401350226386349e+00
4.781401350228174252e+00
4.781401350229701919e+00
4.781401350230944480e+00
4.781401350231898384e+00
4.781401350232601821e+00
4.781401350233084102e+00
4.781401350227080904e+00
4.781401350224191660e+00
4.781401350223400293e+00
4.781401350223901225e+00
4.781401350225101154e+00
4.781401350226602176e+00
4.781401350228127178e+00
4.781401350229520730e+00
4.781401350230691349e+00
4.781401350231639036e+00
4.781401350232354908e+00
4.781401350232870939e+00
4.781401350226887281e+00
4.781401350224042446e+00
4.781401350216962776e+00
4.781401350214425250e+00
4.781401350214769863e+00
4.781401350216761159e+00
4.781401350219502078e+00
4.781401350222413527e+00
4.781401350225158886e+00
4.781401350221216262e+00
4.781401350220095381e+00
4.781401350220717106e+00
4.781401350222301616e+00
4.781401350224288471e+00
4.781401350226311742e+00
4.781401350221853974e+00
4.781401350214046886e+00
4.781401350211367252e+00
4.781401350211926804e+00
4.781401350214300017e+00
4.781401350211178070e+00
4.781401350211500478e+00
4.781401350213781321e+00
4.781401350216982316e+00
4.781401350220417790e+00
4.781401350223661417e+00
4.781401350226468949e+00
4.781401350228756009e+00
4.781401350230534142e+00
4.781401350231852199e+00
4.781401350232770575e+00
4.781401350233371872e+00
4.781401350233726255e+00
4.781401350233910996e+00
4.781401350233966951e+00
4.781401350233940306e+00
4.781401350233863035e+00
4.781401350227459268e+00
4.781401350224312452e+00
4.781401350223361213e+00
4.781401350223767999e+00
4.781401350224936841e+00
4.781401350226438751e+00
4.781401350227986846e+00
4.781401350229399050e+00
4.781401350224292912e+00
4.781401350222203028e+00
4.781401350222064472e+00
4.781401350223064561e+00
4.781401350224646407e+00
4.781401350226404112e+00
4.781401350228091651e+00
4.781401350229574021e+00
4.781401350224467883e+00
4.781401350222368229e+00
4.781401350215875645e+00
4.781401350213789314e+00
4.781401350214451007e+00
4.781401350216656354e+00
4.781401350219542934e+00
4.781401350222538760e+00
4.781401350225328528e+00
4.781401350221395674e+00
4.781401350220264135e+00
4.781401350220868096e+00
4.781401350222425961e+00
4.781401350218060564e+00
4.781401350216990309e+00
4.781401350217935331e+00
4.781401350219972812e+00
4.781401350222434843e+00
4.781401350224910196e+00
4.781401350220851221e+00
4.781401350219693036e+00
4.781401350220335189e+00
4.781401350215633173e+00
4.781401350214608215e+00
4.781401350215803703e+00
4.781401350218184021e+00
4.781401350214697032e+00
4.781401350214459001e+00
4.781401350216139434e+00
4.781401350218771995e+00
4.781401350221701207e+00
4.781401350224527391e+00
4.781401350227025837e+00
4.781401350229088187e+00
4.781401350230710889e+00
4.781401350231917924e+00
4.781401350232757252e+00
4.781401350233319469e+00
4.781401350233660530e+00
4.781401350227524993e+00
4.781401350224528279e+00
4.781401350217318047e+00
4.781401350214672163e+00
4.781401350214921742e+00
4.781401350216833990e+00
4.781401350219529611e+00
4.781401350222415303e+00
4.781401350225144675e+00
4.781401350221191393e+00
4.781401350220064295e+00
4.781401350220680690e+00
4.781401350222257207e+00
4.781401350224248503e+00
1.000000000000000000e+01
1.000000000000000000e+01
1.000000000000000000e+01
1.000000000000000000e+01
1.000000000000000000e+01
1.000000000000000000e+01
1.000000000000000000e+01
1.000000000000000000e+01
1.000000000000000000e+01
1.000000000000000000e+01
1.000000000000000000e+01
1.000000000000000000e+01
1.000000000000000000e+01
1.000000000000000000e+01
1.000000000000000000e+01
1.000000000000000000e+01
1.000000000000000000e+01
1.000000000000000000e+01
1.000000000000000000e+01
1.000000000000000000e+01
1.000000000000000000e+01
1.000000000000000000e+01
1.000000000000000000e+01
1.000000000000000000e+01
1.000000000000000000e+01
1.000000000000000000e+01
1.000000000000000000e+01
1.000000000000000000e+01
1.000000000000000000e+01
1.000000000000000000e+01
1.000000000000000000e+01
1.000000000000000000e+01
1.000000000000000000e+01
1.000000000000000000e+01
1.000000000000000000e+01
1.000000000000000000e+01
1.000000000000000000e+01
1.000000000000000000e+01
1.000000000000000000e+01
1.000000000000000000e+01
9.917600536616035356e+00
9.688556467751201495e+00
9.394504438971370774e+00
9.088742036727431639e+00
8.803334810176899339e+00
8.555139978758640851e+00
8.350664010179050578e+00
8.190035758693166912e+00
8.069285065214010899e+00
7.982366678111612046e+00
7.922786787377403606e+00
7.884361290465199623e+00
7.861630044861769306e+00
7.850034425621041478e+00
7.845941410268756577e+00
7.846576259647516594e+00
7.849907866622897856e+00
7.854516631712083807e+00
7.859463780263786781e+00
7.864173007220839118e+00
7.868329703941954634e+00
7.871799280737961979e+00
7.874563787667310244e+00
7.876674752792665934e+00
7.878219638957086879e+00
7.879299134936852411e+00
7.880012777571941740e+00
7.880450680350143955e+00
7.880689552116208141e+00
7.880791547578652967e+00
7.880804886716910929e+00
7.880765436112716849e+00
7.880698720964483428e+00
7.880621997680950841e+00
7.880546192808750128e+00
7.880477587039829146e+00
7.880419204081204221e+00
7.880371905593939630e+00
7.880335207191900615e+00
7.880307906509585791e+00
7.880288468213955788e+00
7.880275325435436962e+00
7.880266994245259227e+00
7.880262205912921480e+00
7.880259901199770489e+00
7.880259245069007434e+00
7.880259606426718300e+00
7.880260528397229791e+00
7.880261695457800641e+00
7.880262902607303666e+00
7.880264027213021549e+00
7.880265004891692904e+00
7.880265811076544225e+00
7.880266446541721592e+00
7.880266926746810618e+00
7.880267274342114270e+00
7.880267514173034726e+00
7.880267670178742634e+00
7.880267763666171099e+00
7.880267812536478900e+00
7.880267831134240453e+00
7.880267830472316604e+00
7.880267818655535272e+00
7.880267801383322279e+00
7.880267782453482361e+00
7.880267764222759652e+00
7.880267748001808847e+00
7.880267734377032873e+00
7.880267723461618523e+00
7.880267715083212110e+00
7.880267708918450076e+00
7.880267704584402289e+00
7.880267701454006790e+00
7.880267699542858217e+00
7.880267698509539009e+00
7.880267697834869800e+00
7.880267697671576421e+00
7.880267697820388939e+00
7.880267698137831900e+00
7.880267698525521780e+00
7.880267698920039976e+00
7.880267699283854732e+00
7.880267699597815145e+00
7.880267699611843923e+00
7.880267699693293437e+00
7.880267699806859483e+00
7.880267699929133229e+00
7.880267700045719081e+00
7.880267700148746890e+00
7.880267700234811379e+00
7.880267700303446254e+00
7.880267700355911842e+00
7.880267700394345987e+00
7.880267700421215160e+00
7.880267700438993828e+00
7.880267700449912205e+00
7.880267700212656656e+00
7.880267700095016536e+00
7.880267700057340008e+00
7.880267700069521375e+00
7.880267700109668816e+00
7.880267700162575828e+00
7.880267700218244187e+00
7.880267700270616515e+00
7.880267700316495372e+00
7.880267700354552929e+00
7.880267700384703922e+00
7.880267700407605602e+00
7.880267700424258059e+00
7.880267700435833689e+00
7.880267700443416956e+00
7.880267700448014168e+00
7.880267700450457546e+00
7.880267700451447865e+00
7.880267700451494051e+00
7.880267700450966473e+00
7.880267700450175106e+00
7.880267700449304691e+00
7.880267700448448487e+00
7.880267700204457881e+00
7.880267700083599003e+00
7.880267700045060053e+00
7.880267700057864033e+00
7.880267700099397921e+00
7.880267700153988031e+00
7.880267700211367909e+00
7.880267700265375375e+00
7.880267700312673540e+00
7.880267700351887505e+00
7.880267700382955098e+00
7.880267700406556663e+00
7.880267700423745580e+00
7.880267700435656941e+00
7.880267700443453371e+00
7.880267700448196244e+00
7.880267700450711565e+00
7.880267700451738300e+00
7.880267700451788926e+00
7.880267700451264901e+00
7.880267700450482415e+00
7.880267700449589796e+00
7.880267700448746915e+00
7.880267700447957324e+00
7.880267700447283197e+00
7.880267700446737855e+00
7.880267700446335510e+00
7.880267700446026424e+00
7.880267700445800827e+00
7.880267700445638290e+00
7.880267700445546808e+00
7.880267700445501511e+00
7.880267700445486412e+00
7.880267700202239212e+00
7.880267700082026927e+00
7.880267699800736381e+00
7.880267699450399732e+00
7.880267699333940890e+00
7.880267699363852962e+00
7.880267699476367405e+00
7.880267699627086841e+00
7.880267699786791091e+00
7.880267699937694381e+00
7.880267700070211490e+00
7.880267700180356272e+00
7.880267700024536026e+00
7.880267699970814554e+00
7.880267699981260421e+00
7.880267699784899271e+00
7.880267699728656261e+00
7.880267699758927158e+00
7.880267699836910111e+00
7.880267699935834536e+00
7.880267700038252165e+00
7.880267700133696707e+00
7.880267700216692539e+00
7.880267700041891921e+00
7.880267699975600060e+00
7.880267699978313445e+00
7.880267700020961108e+00
7.880267700083095406e+00
7.880267700151156518e+00
7.880267700216679216e+00
7.880267700274941944e+00
7.880267700080627158e+00
7.880267699999561337e+00
7.880267699991583719e+00
7.880267700026840849e+00
7.880267700084193194e+00
7.880267700149375720e+00
7.880267700213360982e+00
7.880267700027753008e+00
7.880267699956419847e+00
7.880267699957882677e+00
7.880267700001594378e+00
7.880267700066077019e+00
7.880267700136986520e+00
7.880267700205408232e+00
7.880267700266355035e+00
7.880267700317573620e+00
7.880267700358658978e+00
7.880267700390238161e+00
7.880267700413485343e+00
7.880267700429862465e+00
7.880267700440770184e+00
7.880267700447539880e+00
7.880267700451300428e+00
7.880267700452975532e+00
7.880267700453279289e+00
7.880267700452789015e+00
7.880267700451860868e+00
7.880267700450761303e+00
7.880267700449680390e+00
7.880267700205406456e+00
7.880267700084313098e+00
7.880267700045590296e+00
7.880267700058213087e+00
7.880267700099618189e+00
7.880267700154124810e+00
7.880267700211458504e+00
7.880267700265431330e+00
7.880267700312675316e+00
7.880267700351851978e+00
7.880267700382916907e+00
7.880267700406518472e+00
7.880267700423690513e+00
7.880267700435600986e+00
7.880267700443406298e+00
7.880267700448141177e+00
7.880267700450637847e+00
7.880267700451635271e+00
7.880267700208409387e+00
7.880267700087683735e+00
7.880267700048863233e+00
7.880267700061132530e+00
7.880267700102050021e+00
7.880267700156068145e+00
7.880267700212980841e+00
7.880267700266544217e+00
7.880267700313437373e+00
7.880267700352343141e+00
7.880267700383200236e+00
7.880267700406650810e+00
7.880267700423756239e+00
7.880267700435622302e+00
7.880267700200154657e+00
7.880267700084636395e+00
7.880267700049112811e+00
7.880267700063286362e+00
7.880267699861890129e+00
7.880267699795946434e+00
7.880267699814685223e+00
7.880267699881045473e+00
7.880267699969315309e+00
7.880267700062563385e+00
7.880267700150539234e+00
7.880267700227679306e+00
7.880267700291748945e+00
7.880267700342565185e+00
7.880267700381218710e+00
7.880267700409405052e+00
0.000000000000000000e+00
0.000000000000000000e+00
0.000000000000000000e+00
0.000000000000000000e+00
0.000000000000000000e+00
0.000000000000000000e+00
1.017915871049241945e-09
4.363851532045364690e-01
1.225812786801319554e+00
2.150719177312330199e+00
3.072803727738097734e+00
3.908747690510551376e+00
4.617976404228242515e+00
5.188502706040787338e+00
5.626068037761370100e+00
5.946199381575095089e+00
6.168691562825217467e+00
6.314006723851610658e+00
6.401119196772968145e+00
6.446398678656559689e+00
6.463199516073405704e+00
6.461898361796877488e+00
6.450189034977094948e+00
6.433499934945869470e+00
6.415444416475913236e+00
6.398249143579278986e+00
6.383130199533744609e+00
6.370604508340567129e+00
6.360735006499162125e+00
6.353314846200783350e+00
6.347999236646464816e+00
6.344394764144846377e+00
6.342115804021897674e+00
6.340816594823574626e+00
6.340206257475200502e+00
6.340052472557834662e+00
6.340178320025967373e+00
6.340455253795477475e+00
6.340794675973806527e+00
6.341139320807807955e+00
6.341455412309560558e+00
6.341725926709810501e+00
6.341945140934023506e+00
6.342114428563318640e+00
6.342239164460411693e+00
6.342326557864857328e+00
6.342384224063837728e+00
6.342419316507251992e+00
6.342438064404728237e+00
6.342445588519058930e+00
6.342445895632748964e+00
6.342441977432154765e+00
6.342435961053910276e+00
6.342429275878367356e+00
6.342422814484090843e+00
6.342417075454042319e+00
6.342412282538949952e+00
6.342408479148357259e+00
6.342405599832704688e+00
6.342403521832441271e+00
6.342402100310010837e+00
6.342401190862998916e+00
6.342400662577497350e+00
6.342400404382873447e+00
6.342400326928949283e+00
6.342400361686806320e+00
6.342400458517531980e+00
6.342400582572710555e+00
6.342400711090434129e+00
6.342400830424085534e+00
6.342400933479059866e+00
6.342401017621376091e+00
6.342401083052624067e+00
6.342401131605048370e+00
6.342401165891206283e+00
6.342401188738078233e+00
6.342401202838191310e+00
6.342401210559146740e+00
6.342401213862541631e+00
6.342401214294061340e+00
6.342401213015837591e+00
6.342401210860463934e+00
6.342401208392522527e+00
6.342401205968925204e+00
6.342401203793301967e+00
6.342401201961322066e+00
6.342401200497087110e+00
6.342401199380931942e+00
6.342401198569513454e+00
6.342401198009680385e+00
6.342401197647474120e+00
6.342401197433405358e+00
6.342401197325084006e+00
6.342401197288192627e+00
6.342401197296225313e+00
6.342401197329653684e+00
6.342401197374782029e+00
6.342401197422592674e+00
6.342401197467575358e+00
6.342401197506795540e+00
6.342401197539048852e+00
6.342401197564297988e+00
6.342401197583168226e+00
6.342401197596610807e+00
6.342401197605671115e+00
6.342401197611350128e+00
6.342401197614528030e+00
6.342401197615960662e+00
6.342401197616254649e+00
6.342401197615846087e+00
6.342401197615061825e+00
6.342401197614148778e+00
6.342401197613237507e+00
6.342401197612409725e+00
6.342401197611731156e+00
6.342401197611184038e+00
6.342401197610759489e+00
6.342401197610449515e+00
6.342401197610231023e+00
6.342401197610076480e+00
6.342401197609972563e+00
6.342401197609905061e+00
6.342401197609868646e+00
6.342401197609863317e+00
6.342401197609875751e+00
6.342401197609892627e+00
6.342401197609925489e+00
6.342401197609961017e+00
6.342401197609990326e+00
6.342401197610000985e+00
6.342401197610000096e+00
6.342401197609991215e+00
6.342401197609984997e+00
6.342401197609972563e+00
6.342401197609951247e+00
6.342401197609957464e+00
6.342401197609972563e+00
6.342401197609992103e+00
6.342401197609994767e+00
6.342401197609989438e+00
6.342401197609984109e+00
6.342401197609971675e+00
6.342401197609950358e+00
6.342401197609956576e+00
6.342401197609973451e+00
6.342401197609990326e+00
6.342401197609992991e+00
6.342401197609988550e+00
6.342401197609983221e+00
6.342401197609971675e+00
6.342401197609950358e+00
6.342401197609956576e+00
6.342401197609973451e+00
6.342401197609990326e+00
6.342401197609992991e+00
6.342401197609988550e+00
6.342401197609983221e+00
6.342401197609971675e+00
6.342401197609950358e+00
6.342401197609956576e+00
6.342401197609973451e+00
6.342401197609990326e+00
6.342401197609992991e+00
6.342401197609988550e+00
6.342401197609983221e+00
6.342401197609971675e+00
6.342401197609950358e+00
6.342401197609956576e+00
6.342401197609973451e+00
6.342401197609990326e+00
6.342401197609992991e+00
6.342401197609988550e+00
6.342401197609983221e+00
6.342401197609971675e+00
6.342401197609950358e+00
6.342401197609956576e+00
6.342401197609973451e+00
6.342401197609990326e+00
6.342401197609992991e+00
6.342401197609988550e+00
6.342401197609983221e+00
6.342401197609971675e+00
6.342401197609950358e+00
6.342401197609956576e+00
6.342401197609973451e+00
6.342401197609990326e+00
6.342401197609992991e+00
6.342401197609988550e+00
6.342401197609983221e+00
6.342401197609971675e+00
6.342401197609950358e+00
6.342401197609956576e+00
6.342401197609973451e+00
6.342401197609990326e+00
6.342401197609992991e+00
6.342401197609988550e+00
6.342401197609983221e+00
6.342401197609971675e+00
6.342401197609950358e+00
6.342401197609956576e+00
6.342401197609973451e+00
6.342401197609990326e+00
6.342401197609992991e+00
6.342401197609988550e+00
6.342401197609983221e+00
6.342401197609971675e+00
6.342401197609950358e+00
6.342401197609956576e+00
6.342401197609973451e+00
6.342401197609990326e+00
6.342401197609992991e+00
6.342401197609988550e+00
6.342401197609983221e+00
6.342401197609971675e+00
6.342401197609950358e+00
6.342401197609956576e+00
6.342401197609973451e+00
6.342401197609990326e+00
6.342401197609992991e+00
6.342401197609988550e+00
6.342401197609983221e+00
6.342401197609971675e+00
6.342401197609950358e+00
6.342401197609956576e+00
6.342401197609973451e+00
6.342401197609990326e+00
6.342401197609992991e+00
6.342401197609988550e+00
6.342401197609983221e+00
6.342401197609971675e+00
6.342401197609950358e+00
6.342401197609956576e+00
6.342401197609973451e+00
6.342401197609990326e+00
6.342401197609992991e+00
6.342401197609988550e+00
6.342401197609983221e+00
6.342401197609971675e+00
6.342401197609950358e+00
6.342401197609956576e+00
6.342401197609973451e+00
6.342401197609990326e+00
6.342401197609992991e+00
6.342401197609988550e+00
6.342401197609983221e+00
6.342401197609971675e+00
6.342401197609950358e+00
6.342401197609956576e+00
6.342401197609973451e+00
6.342401197609990326e+00
6.342401197609992991e+00
6.342401197609988550e+00
6.342401197609983221e+00
6.342401197609971675e+00
6.342401197609950358e+00
6.342401197609956576e+00
6.342401197609973451e+00
6.342401197609990326e+00
6.342401197609992991e+00
6.342401197609988550e+00
6.342401197609983221e+00
6.342401197609971675e+00
6.342401197609950358e+00
6.342401197609956576e+00
6.342401197609973451e+00
6.342401197609990326e+00
6.342401197609992991e+00
6.342401197609988550e+00
6.342401197609983221e+00
6.342401197609971675e+00
6.342401197609950358e+00
6.342401197609956576e+00
6.342401197609973451e+00
6.342401197609990326e+00
6.342401197609992991e+00
6.342401197609988550e+00
6.342401197609983221e+00
6.342401197609971675e+00
6.342401197609950358e+00
6.342401197609956576e+00
6.342401197609973451e+00
6.342401197609990326e+00
6.342401197609992991e+00
6.342401197609988550e+00
6.342401197609983221e+00
6.342401197609971675e+00
6.342401197609950358e+00
6.342401197609956576e+00
6.342401197609973451e+00
6.342401197609990326e+00
6.342401197609992991e+00
6.342401197609988550e+00
6.342401197609983221e+00
6.342401197609971675e+00
6.342401197609950358e+00
6.342401197609956576e+00
6.342401197609973451e+00
6.342401197609990326e+00
6.342401197609992991e+00
6.342401197609988550e+00
1.000000000000000000e+01
1.000000000000000000e+01
1.000000000000000000e+01
1.000000000000000000e+01
1.000000000000000000e+01
1.000000000000000000e+01
1.000000000000000000e+01
1.000000000000000000e+01
1.000000000000000000e+01
1.000000000000000000e+01
1.000000000000000000e+01
1.000000000000000000e+01
1.000000000000000000e+01
1.000000000000000000e+01
1.000000000000000000e+01
1.000000000000000000e+01
1.000000000000000000e+01
1.000000000000000000e+01
1.000000000000000000e+01
1.000000000000000000e+01
1.000000000000000000e+01
1.000000000000000000e+01
1.000000000000000000e+01
1.000000000000000000e+01
1.000000000000000000e+01
1.000000000000000000e+01
1.000000000000000000e+01
1.000000000000000000e+01
1.000000000000000000e+01
1.000000000000000000e+01
1.000000000000000000e+01
1.000000000000000000e+01
1.000000000000000000e+01
1.000000000000000000e+01
1.000000000000000000e+01
1.000000000000000000e+01
1.000000000000000000e+01
1.000000000000000000e+01
1.000000000000000000e+01
1.000000000000000000e+01
1.000000000000000000e+01
1.000000000000000000e+01
1.000000000000000000e+01
1.000000000000000000e+01
1.000000000000000000e+01
1.000000000000000000e+01
9.976497771506082302e+00
9.846641484430261215e+00
9.666143058567001844e+00
9.471857540316131363e+00
9.286450121932995572e+00
9.122349196952560746e+00
8.984939425980389416e+00
8.875034323385708745e+00
8.790714151973126889e+00
8.728634298552339743e+00
8.684911190988600538e+00
8.655685304438701877e+00
8.637446988187035046e+00
8.627195787891643874e+00
8.622488955369922436e+00
8.621421172220395945e+00
8.622565953975904307e+00
8.624899844502994739e+00
8.627723249223086199e+00
8.630586097083746466e+00
8.633222779431450888e+00
8.635498274838052879e+00
8.637365343074609569e+00
8.638832033438237801e+00
8.639937899233535390e+00
8.640737357695916998e+00
8.641288770341345682e+00
8.641647717014880214e+00
8.641863316272246465e+00
8.641976661919393621e+00
8.642020583981867787e+00
8.642020242054007539e+00
8.641994156169682029e+00
8.641955340980137734e+00
8.641912486590184628e+00
8.641871008875973814e+00
8.641833922895274966e+00
8.641802642075086638e+00
8.641777464793953811e+00
8.641758033689900032e+00
8.641743640550712868e+00
8.641733434436238426e+00
8.641726555324357406e+00
8.641722212746092424e+00
8.641719725535480734e+00
8.641718535470600315e+00
8.641718204519893476e+00
8.641718402778764130e+00
8.641718892033198429e+00
8.641719508206763933e+00
8.641720144684651217e+00
8.641720737599927205e+00
8.641721253542970160e+00
8.641721679752190965e+00
8.641722016603361922e+00
8.641722272091739043e+00
8.641722457954875480e+00
8.641722587088679575e+00
8.641722671941456824e+00
8.641722723617526469e+00
8.641722751472084241e+00
8.641722763027276599e+00
8.641722764082965469e+00
8.641722758931138060e+00
8.641722750611966930e+00
8.641722741171868449e+00
8.641722731900365773e+00
8.641722723533927564e+00
8.641722716422769679e+00
8.641722710661589701e+00
8.641722706188105008e+00
8.641722702853995131e+00
8.641722700473676966e+00
8.641722698856071361e+00
8.641722697823476906e+00
8.641722697221519311e+00
8.641722696922782276e+00
8.641722696826658279e+00
8.641722696856900754e+00
8.641722696958128225e+00
8.641722697091855920e+00
8.641722697232907535e+00
8.641722697365953110e+00
8.641722697482732585e+00
8.641722697579913515e+00
8.641722697657201024e+00
8.641722697716188506e+00
8.641722697759368188e+00
8.641722697789571583e+00
8.641722697809598230e+00
8.641722697821970556e+00
8.641722697828788213e+00
8.641722697831792033e+00
8.641722697832287636e+00
8.641722697831303535e+00
8.641722697829566258e+00
8.641722697827507460e+00
8.641722697825432675e+00
8.641722697823533750e+00
8.641722697821897725e+00
8.641722697820574339e+00
8.641722697819529841e+00
8.641722697818744692e+00
8.641722697818167376e+00
8.641722697817787235e+00
8.641722697817540322e+00
8.641722697817391108e+00
8.641722697817307619e+00
8.641722697817284526e+00
8.641722697817280974e+00
8.641722697817289855e+00
8.641722697817304066e+00
8.641722697817325383e+00
8.641722697817355581e+00
8.641722697817389331e+00
8.641722697817421306e+00
8.641722697817430188e+00
8.641722697817437293e+00
8.641722697817440846e+00
8.641722697817444399e+00
8.641722697817439069e+00
8.641722697817433740e+00
8.641722697817431964e+00
8.641722697817430188e+00
8.641722697817428411e+00
8.641722697817426635e+00
8.641722697817426635e+00
8.641722697817426635e+00
8.641722697817426635e+00
8.641722697817426635e+00
8.641722697817426635e+00
8.641722697817426635e+00
8.641722697817426635e+00
8.641722697817426635e+00
8.641722697817426635e+00
8.641722697817426635e+00
8.641722697817426635e+00
8.641722697817426635e+00
8.641722697817426635e+00
8.641722697817426635e+00
8.641722697817426635e+00
8.641722697817426635e+00
8.641722697817426635e+00
8.641722697817426635e+00
8.641722697817426635e+00
8.641722697817426635e+00
8.641722697817426635e+00
8.641722697817426635e+00
8.641722697817426635e+00
8.641722697817426635e+00
8.641722697817426635e+00
8.641722697817426635e+00
8.641722697817426635e+00
8.641722697817426635e+00
8.641722697817426635e+00
8.641722697817426635e+00
8.641722697817426635e+00
8.641722697817426635e+00
8.641722697817426635e+00
8.641722697817426635e+00
8.641722697817426635e+00
8.641722697817426635e+00
8.641722697817426635e+00
8.641722697817426635e+00
8.641722697817426635e+00
8.641722697817426635e+00
8.641722697817426635e+00
8.641722697817426635e+00
8.641722697817426635e+00
8.641722697817426635e+00
8.641722697817426635e+00
8.641722697817426635e+00
8.641722697817426635e+00
8.641722697817426635e+00
8.641722697817426635e+00
8.641722697817426635e+00
8.641722697817426635e+00
8.641722697817426635e+00
8.641722697817426635e+00
8.641722697817426635e+00
8.641722697817426635e+00
8.641722697817426635e+00
8.641722697817426635e+00
8.641722697817426635e+00
8.641722697817426635e+00
8.641722697817426635e+00
8.641722697817426635e+00
8.641722697817426635e+00
8.641722697817426635e+00
8.641722697817426635e+00
8.641722697817426635e+00
8.641722697817426635e+00
8.641722697817426635e+00
8.641722697817426635e+00
8.641722697817426635e+00
8.641722697817426635e+00
8.641722697817426635e+00
8.641722697817426635e+00
8.641722697817426635e+00
8.641722697817426635e+00
8.641722697817426635e+00
8.641722697817426635e+00
8.641722697817426635e+00
8.641722697817426635e+00
8.641722697817426635e+00
8.641722697817426635e+00
8.641722697817426635e+00
8.641722697817426635e+00
8.641722697817426635e+00
8.641722697817426635e+00
8.641722697817426635e+00
8.641722697817426635e+00
8.641722697817426635e+00
8.641722697817426635e+00
8.641722697817426635e+00
8.641722697817426635e+00
8.641722697817426635e+00
8.641722697817426635e+00
8.641722697817426635e+00
8.641722697817426635e+00
8.641722697817426635e+00
8.641722697817426635e+00
8.641722697817426635e+00
8.641722697817426635e+00
8.641722697817426635e+00
8.641722697817426635e+00
8.641722697817426635e+00
8.641722697817426635e+00
8.641722697817426635e+00
8.641722697817426635e+00
8.641722697817426635e+00
8.641722697817426635e+00
8.641722697817426635e+00
8.641722697817426635e+00
8.641722697817426635e+00
8.641722697817426635e+00
8.641722697817426635e+00
8.641722697817426635e+00
8.641722697817426635e+00
8.641722697817426635e+00
8.641722697817426635e+00
8.641722697817426635e+00
8.641722697817426635e+00
8.641722697817426635e+00
8.641722697817426635e+00
8.641722697817426635e+00
8.641722697817426635e+00
8.641722697817426635e+00
8.641722697817426635e+00
8.641722697817426635e+00
8.641722697817426635e+00
8.641722697817426635e+00
8.641722697817426635e+00
8.641722697817426635e+00
0.000000000000000000e+00
0.000000000000000000e+00
0.000000000000000000e+00
0.000000000000000000e+00
0.000000000000000000e+00
0.000000000000000000e+00
0.000000000000000000e+00
0.000000000000000000e+00
0.000000000000000000e+00
0.000000000000000000e+00
0.000000000000000000e+00
0.000000000000000000e+00
0.000000000000000000e+00
0.000000000000000000e+00
0.000000000000000000e+00
0.000000000000000000e+00
0.000000000000000000e+00
0.000000000000000000e+00
0.000000000000000000e+00
0.000000000000000000e+00
0.000000000000000000e+00
0.000000000000000000e+00
0.000000000000000000e+00
0.000000000000000000e+00
0.000000000000000000e+00
0.000000000000000000e+00
0.000000000000000000e+00
0.000000000000000000e+00
0.000000000000000000e+00
0.000000000000000000e+00
0.000000000000000000e+00
0.000000000000000000e+00
0.000000000000000000e+00
0.000000000000000000e+00
0.000000000000000000e+00
0.000000000000000000e+00
0.000000000000000000e+00
0.000000000000000000e+00
0.000000000000000000e+00
0.000000000000000000e+00
0.000000000000000000e+00
0.000000000000000000e+00
0.000000000000000000e+00
4.885839304078267581e-02
3.875511028673562230e-01
8.610194648491358294e-01
1.368248531712485283e+00
1.844574619625853895e+00
2.255535753115063269e+00
2.587645575054156488e+00
2.840932282930193509e+00
3.023262707551033657e+00
3.146267968988135433e+00
3.222604615623164914e+00
3.264263454668759223e+00
3.281654761568382650e+00
3.283235007287653051e+00
3.275484915479422110e+00
3.263093581484052486e+00
3.249243634130155378e+00
3.235926768963727440e+00
3.224245387602310942e+00
3.214676223707864988e+00
3.207285457850112209e+00
3.201894563564615659e+00
3.198200815060183277e+00
3.195859533929740426e+00
3.194536088157950537e+00
3.193934955473164639e+00
3.193812749625057901e+00
3.193980570444052258e+00
3.194299941137007437e+00
3.194675429612048312e+00
3.195046080828933821e+00
3.195377012595733923e+00
3.195651943162459485e+00
3.195867003609907275e+00
3.196025911837927946e+00
3.196136417001198105e+00
3.196207835309918366e+00
3.196249464328124734e+00
3.196269664863814253e+00
3.196275422196642957e+00
3.196272226732871147e+00
3.196264154820337211e+00
3.196254057643316937e+00
3.196243791051309291e+00
3.196234449203434025e+00
3.196226574206594062e+00
3.196220333900086530e+00
3.196215664038802196e+00
3.196212369772951867e+00
3.196210201651858984e+00
3.196208902801238150e+00
3.196208238210018315e+00
3.196208007191279066e+00
3.196208050722736616e+00
3.196208249203106977e+00
3.196208517812751726e+00
3.196208800358237845e+00
3.196209062850294824e+00
3.196209288154916450e+00
3.196209468858551617e+00
3.196209606278401782e+00
3.196209704312751310e+00
3.196209769733859396e+00
3.196209809718686845e+00
3.196209830964245935e+00
3.196209839222116766e+00
3.196209839122620355e+00
3.196209834772665292e+00
3.196209828389948715e+00
3.196209820875256735e+00
3.196209814040511521e+00
3.196209808280908948e+00
3.196209803130378724e+00
3.196209798846137318e+00
3.196209795491159689e+00
3.196209793009421318e+00
3.196209791281478196e+00
3.196209790162928943e+00
3.196209789509322441e+00
3.196209789190560091e+00
3.196209789097804510e+00
3.196209789145406877e+00
3.196209789857982209e+00
3.196209790297104281e+00
3.196209790533850459e+00
3.196209791217886398e+00
3.196209792093296809e+00
3.196209792404268502e+00
3.196209792356809576e+00
3.196209792694408858e+00
3.196209793221797213e+00
3.196209793218476758e+00
3.196209792907600100e+00
3.196209792449253406e+00
3.196209792539271621e+00
3.196209792350177548e+00
3.196209792017990825e+00
3.196209792224142365e+00
3.196209792133807515e+00
3.196209791880452400e+00
3.196209792146047945e+00
3.196209792097978841e+00
3.196209791872723915e+00
3.196209791567099501e+00
3.196209791245287590e+00
3.196209790946125562e+00
3.196209791278183054e+00
3.196209791355099306e+00
3.196209791276328982e+00
3.196209791115086851e+00
3.196209791510336906e+00
3.196209791600800987e+00
3.196209791505425279e+00
3.196209791311735327e+00
3.196209791080297791e+00
3.196209790850004229e+00
3.196209790643309567e+00
3.196209790470881273e+00
3.196209790335516665e+00
3.196209790235127635e+00
3.196209790165029041e+00
3.196209790119493910e+00
3.196209790092742864e+00
3.196209790079547641e+00
3.196209790075541068e+00
3.196209790077265023e+00
3.196209790082139346e+00
3.196209790088355263e+00
3.196209790094728387e+00
3.196209790100554393e+00
3.196209790105482007e+00
3.196209790109410864e+00
3.196209790112367610e+00
3.196209790114459715e+00
3.196209790115833727e+00
3.196209790116661065e+00
3.196209790117090055e+00
3.196209790117247262e+00
3.196209790117215288e+00
3.196209790117089611e+00
3.196209790116925742e+00
3.196209790705023313e+00
3.196209790987567079e+00
3.196209791064705819e+00
3.196209791014985591e+00
3.196209790896623382e+00
3.196209790750224045e+00
3.196209790602137168e+00
3.196209790467820611e+00
3.196209790354874070e+00
3.196209790265565065e+00
3.196209790198871747e+00
3.196209790151937735e+00
3.196209790709431786e+00
3.196209790973780773e+00
3.196209791041725090e+00
3.196209791577242498e+00
3.196209791742407269e+00
3.196209791676273060e+00
3.196209791482529816e+00
3.196209791234049025e+00
3.196209790978555176e+00
3.196209790744433121e+00
3.196209790546029605e+00
3.196209790388117256e+00
3.196209790269413986e+00
3.196209790185283950e+00
3.196209790717873922e+00
3.196209790966935582e+00
3.196209791026692670e+00
3.196209791558956681e+00
3.196209791724059723e+00
3.196209792248000170e+00
3.196209792339656630e+00
3.196209792171393005e+00
3.196209791869097483e+00
3.196209791519133869e+00
3.196209791176376491e+00
3.196209790871927137e+00
3.196209790620028190e+00
3.196209790423703456e+00
3.196209790279172847e+00
3.196209790179080912e+00
3.196209790114739047e+00
3.196209790077546131e+00
3.196209790648079974e+00
3.196209790926102468e+00
3.196209791006726864e+00
3.196209790964804398e+00
3.196209790855962130e+00
3.196209790719140909e+00
3.196209791167978764e+00
3.196209791323627147e+00
3.196209791293676439e+00
3.196209791159026814e+00
3.196209790977041276e+00
3.196209790785724980e+00
3.196209790608043111e+00
3.196209790455968314e+00
3.196209790333902845e+00
3.196209790241403503e+00
3.196209790763544056e+00
3.196209791001993317e+00
3.196209791640387099e+00
3.196209791858967364e+00
3.196209791812208323e+00
3.196209791616159812e+00
3.196209791353036955e+00
3.196209791665475031e+00
3.196209791692446345e+00
3.196209791551104740e+00
3.196209791326193539e+00
3.196209791075193429e+00
3.196209791422341073e+00
3.196209791493656915e+00
3.196209791397846889e+00
3.196209791214612128e+00
3.196209790998910005e+00
3.196209790785846216e+00
3.196209790595534450e+00
3.196209790437377851e+00
3.196209790313615962e+00
3.196209790222144242e+00
3.196209790158523134e+00
3.196209790117391147e+00
3.196209790093411662e+00
3.196209790081763202e+00
3.196209790078435198e+00
3.196209790080260404e+00
3.196209790084895364e+00
3.196209790090689840e+00
3.196209790684870544e+00
3.196209790972947662e+00
3.196209791054749338e+00
3.196209791008724377e+00
3.196209791481412932e+00
3.196209791619681884e+00
3.196209791550154833e+00
3.196209791367004005e+00
3.196209791136165990e+00
3.196209790900653047e+00
3.196209790685882179e+00
3.196209790504537462e+00
3.196209790360648118e+00
3.196209790841102905e+00
3.196209791047656790e+00
3.196209791074717810e+00
3.196209790994944289e+00
3.196209790861133548e+00
3.196209790709302556e+00
3.196209791150419033e+00
3.196209791303334047e+00
3.196209791273805667e+00
3.196209791141377377e+00
3.196209790962442288e+00
3.196209790774343418e+00
