7.059891132425955007e+00
1.000000000000000000e+01
1.000000000000000000e+01
1.000000000000000000e+01
1.000000000000000000e+01
1.000000000000000000e+01
1.000000000000000000e+01
1.000000000000000000e+01
1.000000000000000000e+01
1.000000000000000000e+01
1.000000000000000000e+01
1.000000000000000000e+01
1.000000000000000000e+01
1.000000000000000000e+01
1.000000000000000000e+01
1.000000000000000000e+01
1.000000000000000000e+01
1.000000000000000000e+01
1.000000000000000000e+01
1.000000000000000000e+01
9.882556750332200934e+00
9.600900768126619411e+00
9.213875213728936586e+00
8.766467009336015082e+00
8.293023426530906406e+00
7.820276675297891167e+00
7.365653516222711694e+00
6.940875879232443424e+00
6.553171377811922049e+00
6.206301296203734275e+00
5.901420678517226293e+00
5.637787095827092365e+00
5.413418771252995754e+00
5.225486860634678266e+00
5.070443374645139833e+00
4.944546417050360354e+00
4.844054429366616787e+00
4.765364442471938133e+00
4.705105352867218649e+00
4.660195761135766723e+00
4.627874436527563695e+00
4.605710156717355730e+00
4.591596531324482200e+00
4.583736296840040580e+00
4.580618713992700819e+00
4.580992883562488238e+00
4.583839143370463276e+00
4.588340156258737146e+00
4.593852846666082179e+00
4.599881978663619364e+00
4.606055879316517832e+00
4.612104586841540232e+00
4.617840532923421115e+00
4.623141743388472946e+00
4.627937451715394168e+00
4.632195966968037482e+00
4.635914588810685188e+00
4.639111354510484730e+00
4.641818400528570976e+00
4.644076711484620645e+00
4.645932056840663016e+00
4.647431920319254672e+00
4.648623249523812895e+00
4.649550875221613033e+00
4.650256459869274828e+00
4.650777878369701135e+00
4.651148904285951069e+00
4.651399142601119863e+00
4.651554135969998782e+00
4.651635590557430255e+00
4.651661678665015565e+00
4.651647384837247934e+00
4.651604870125887636e+00
4.651543835814049288e+00
4.651471873305884408e+00
4.651394791240908155e+00
4.651316914279232329e+00
4.651241350691853960e+00
4.651170227838503202e+00
4.651104896079349516e+00
4.651046102674595062e+00
4.650994137887868973e+00
4.650948955896629045e+00
4.650910273304703857e+00
4.650877648056463087e+00
4.650850541480593847e+00
4.650828366039534423e+00
4.650810521128687647e+00
4.650796419046296926e+00
4.650785503005254284e+00
4.650777258813415749e+00
4.650771221614410145e+00
4.650766978862574952e+00
4.650764170506900719e+00
4.650762487181130389e+00
4.650761667041286351e+00
4.650761491757211097e+00
4.650761782049960935e+00
4.650762393070910328e+00
4.650763209839044343e+00
4.650764142888262676e+00
4.650765124225238800e+00
4.650766103657737460e+00
4.650767045522512078e+00
4.650767925818570347e+00
4.650768729735069051e+00
4.650769449551564350e+00
4.650770082880954170e+00
4.650770631221411655e+00
4.650771098781766533e+00
4.650771491545064862e+00
4.650771816536266812e+00
4.650772081262402047e+00
4.650772293296117965e+00
4.650772459976820983e+00
4.650772588206503855e+00
4.650772684318530636e+00
4.650772754011351040e+00
4.650772802320714661e+00
4.650772833620314017e+00
4.650772851652828166e+00
4.650772859573332418e+00
4.650772859999845465e+00
4.650772855077383916e+00
4.650772846528784754e+00
4.650772835714670705e+00
4.650772823687474578e+00
4.650772811241316695e+00
4.650772798957047094e+00
4.650772787242209105e+00
4.650772776365892369e+00
4.650772766488673327e+00
4.650772757687930081e+00
4.650772749978951737e+00
4.650772743332258763e+00
4.650772737687591807e+00
4.650772732964994383e+00
4.650772729073459288e+00
4.650772725917461159e+00
4.650772723401810360e+00
4.650772721435055601e+00
4.650772719931795862e+00
4.650772718814098816e+00
4.650772718010183659e+00
4.650772717461416406e+00
4.650772717114590726e+00
4.650772716924353567e+00
4.650772716852631383e+00
4.650772716867933809e+00
4.650772716944628904e+00
4.650772717062197970e+00
4.650772717204516127e+00
4.650772717359193287e+00
4.650772717516952426e+00
4.650772717669039658e+00
4.650772717813498325e+00
4.650772717947190493e+00
4.650772718068266087e+00
4.650772718173856290e+00
4.650772718266541261e+00
4.650772718346617651e+00
4.650772718414760476e+00
4.650772718471885447e+00
4.650772718517021787e+00
4.650772718551955620e+00
4.650772718580364007e+00
4.650772718603077394e+00
4.650772718620894253e+00
4.650772718634565983e+00
4.650772718642754988e+00
4.650772718648769732e+00
4.650772718653014337e+00
4.650772718655836968e+00
4.650772718657546712e+00
4.650772718658400251e+00
4.650772718658609861e+00
4.650772718658353178e+00
4.650772718657778526e+00
4.650772718656996041e+00
4.650772718656097204e+00
4.650772718655145077e+00
4.650772718654190285e+00
4.650772718653271021e+00
4.650772718652415705e+00
4.650772718651627891e+00
4.650772718650923565e+00
4.650772718650300952e+00
4.650772718649767157e+00
4.650772718647281145e+00
4.650772718645526993e+00
4.650772718644364367e+00
4.650772718643660930e+00
4.650772718643305659e+00
4.650772718643218617e+00
4.650772718643318093e+00
4.650772718643551684e+00
4.650772718643874981e+00
4.650772718644246240e+00
4.650772718644635262e+00
4.650772718645028725e+00
4.650772718645407089e+00
4.650772718645757919e+00
4.650772718646077664e+00
4.650772718646366322e+00
4.650772718646623893e+00
4.650772718646844162e+00
4.650772718647028903e+00
4.650772718647182558e+00
4.650772718647308679e+00
4.650772718647414372e+00
4.650772718647503190e+00
4.650772718647573356e+00
4.650772718647630199e+00
4.650772718645634463e+00
4.650772718644295978e+00
4.650772718643469084e+00
4.650772718643034764e+00
4.650772718642897097e+00
4.650772718642970815e+00
4.650772718643195525e+00
4.650772718643521486e+00
4.650772718643912285e+00
4.650772718644328840e+00
4.650772718644748061e+00
4.650772718645161063e+00
4.650772718645548309e+00
4.650772718645901804e+00
4.650772718646222437e+00
4.650772718646508430e+00
4.650772718646759785e+00
4.650772718646968507e+00
4.650772718647141701e+00
4.650772718647285586e+00
4.650772718647407267e+00
4.650772718647503190e+00
4.650772718647583126e+00
4.650772718647646187e+00
4.650772718647695925e+00
4.650772718647728787e+00
4.650772718647750104e+00
4.650772718647761650e+00
4.650772718647767867e+00
4.650772718647766979e+00
4.650772718647763426e+00
4.650772718647755433e+00
4.650772718647749215e+00
4.650772718647744775e+00
4.650772718647736781e+00
4.650772718647730564e+00
4.650772718647723458e+00
4.650772718647716353e+00
4.650772718647711024e+00
4.650772718647706583e+00
4.650772718647703918e+00
4.650772718647702142e+00
4.650772718647701254e+00
4.650772718647700366e+00
4.650772718647699477e+00
4.650772718647698589e+00
4.650772718647698589e+00
4.650772718647698589e+00
4.650772718647697701e+00
4.650772718647697701e+00
4.650772718647696813e+00
4.650772718647696813e+00
4.650772718647696813e+00
4.650772718647696813e+00
4.650772718647696813e+00
4.650772718647696813e+00
4.650772718647696813e+00
4.650772718647696813e+00
4.650772718647696813e+00
4.650772718647696813e+00
4.650772718647696813e+00
4.650772718647696813e+00
4.650772718647696813e+00
4.650772718647696813e+00
4.650772718647696813e+00
4.650772718647696813e+00
4.650772718647696813e+00
4.650772718647696813e+00
4.650772718647696813e+00
4.650772718647696813e+00
4.650772718647696813e+00
4.650772718647696813e+00
4.650772718647696813e+00
4.650772718647696813e+00
4.650772718647696813e+00
4.650772718647696813e+00
4.650772718647696813e+00
4.650772718647696813e+00
4.650772718647696813e+00
4.650772718647696813e+00
4.650772718647696813e+00
4.650772718647696813e+00
4.650772718647696813e+00
4.650772718647696813e+00
4.650772718647696813e+00
4.650772718647696813e+00
4.650772718647696813e+00
4.650772718647696813e+00
6.583739218064192933e+00
9.879069972683364398e+00
1.000000000000000000e+01
1.000000000000000000e+01
1.000000000000000000e+01
1.000000000000000000e+01
1.000000000000000000e+01
1.000000000000000000e+01
1.000000000000000000e+01
1.000000000000000000e+01
1.000000000000000000e+01
1.000000000000000000e+01
1.000000000000000000e+01
1.000000000000000000e+01
1.000000000000000000e+01
1.000000000000000000e+01
1.000000000000000000e+01
1.000000000000000000e+01
1.000000000000000000e+01
1.000000000000000000e+01
1.000000000000000000e+01
1.000000000000000000e+01
1.000000000000000000e+01
1.000000000000000000e+01
1.000000000000000000e+01
1.000000000000000000e+01
1.000000000000000000e+01
1.000000000000000000e+01
1.000000000000000000e+01
1.000000000000000000e+01
1.000000000000000000e+01
1.000000000000000000e+01
1.000000000000000000e+01
9.989809992256997617e+00
9.902415156854809553e+00
9.762973093701045713e+00
9.591228874437740970e+00
9.402383725458513197e+00
9.208181229079782426e+00
9.017030795121634412e+00
8.834617812407639548e+00
8.664697955457816292e+00
8.509521539612707741e+00
8.370187875423102497e+00
8.246937507515900379e+00
8.139390176511744457e+00
8.046735797704403836e+00
7.967885465163522696e+00
7.901588741633839952e+00
7.846522843901144739e+00
7.801358759357245987e+00
7.764808624073679333e+00
7.735658106449135651e+00
7.712786999063305338e+00
7.695180667512435235e+00
7.681934602535710255e+00
7.672253892268614095e+00
7.665449085508677207e+00
7.660929621846515936e+00
7.658195754782829212e+00
7.656829674747425152e+00
7.656486363642096116e+00
7.656884574262666554e+00
7.657798200756558593e+00
7.659048241659673906e+00
7.660495440062879524e+00
7.662033674404019834e+00
7.663584104554258758e+00
7.665090059823014279e+00
7.666512632863316412e+00
7.667826922736949768e+00
7.669018875187294526e+00
7.670082654552389911e+00
7.671018499616775621e+00
7.671830963548297078e+00
7.672527533202504024e+00
7.673117521495068871e+00
7.673611225607534614e+00
7.674019298146374624e+00
7.674352276614361479e+00
7.674620254168058153e+00
7.674832663156928803e+00
7.674998138273071646e+00
7.675124451603389630e+00
7.675218491612713301e+00
7.675286278436096232e+00
7.675333008501321608e+00
7.675363111861349452e+00
7.675380319614497182e+00
7.675387736186708665e+00
7.675387912398454304e+00
7.675382916585497206e+00
7.675374401891702725e+00
7.675363668522661165e+00
7.675351720268637656e+00
7.675339315000060836e+00
7.675327009130509026e+00
7.675315196250650729e+00
7.675304140277906306e+00
7.675294003556226485e+00
7.675284870389056380e+00
7.675276766506605064e+00
7.675269674964797950e+00
7.675263548952622195e+00
7.675258321954633978e+00
7.675253915677672012e+00
7.675250246110524088e+00
7.675247228043581948e+00
7.675244778544241697e+00
7.675242818185861182e+00
7.675241274604891473e+00
7.675240081335656050e+00
7.675239178940010731e+00
7.675238515032526188e+00
7.675238044056628794e+00
7.675237726890582479e+00
7.675237530345754067e+00
7.675237426605007407e+00
7.675237392637881406e+00
7.675237409619080076e+00
7.675237462369399744e+00
7.675237538831657602e+00
7.675237629589816812e+00
7.675237727435239243e+00
7.675237826981482492e+00
7.675237924327005246e+00
7.675238016763538340e+00
7.675238102527119466e+00
7.675238180588028314e+00
7.675238250475755031e+00
7.675238312134904817e+00
7.675238365808201735e+00
7.675238411942714833e+00
7.675238451115991900e+00
7.675238483978870541e+00
7.675238511212152837e+00
7.675238533494688653e+00
7.675238551480625837e+00
7.675238565784050060e+00
7.675238576969449333e+00
7.675238585546506620e+00
7.675238591968332358e+00
7.675238596632161681e+00
7.675238599881690327e+00
7.675238602010661104e+00
7.675238603267099613e+00
7.675238603857892805e+00
7.675238603953490113e+00
7.675238603692497108e+00
7.675238603186019581e+00
7.675238602521761599e+00
7.675238601767702562e+00
7.675238600975443859e+00
7.675238600183108773e+00
7.675238599417882668e+00
7.675238598698255643e+00
7.675238598035842408e+00
7.675238597436961463e+00
7.675238596903951382e+00
7.675238596436223304e+00
7.675238596031112692e+00
7.675238595684585441e+00
7.675238595391738805e+00
7.675238595147240162e+00
7.675238594945620108e+00
7.675238594781516710e+00
7.675238594649805179e+00
7.675238594545713333e+00
7.675238594464911301e+00
7.675238594403482217e+00
7.675238594357992383e+00
7.675238594325426433e+00
7.675238594303199768e+00
7.675238594289124805e+00
7.675238594281350579e+00
7.675238594278336990e+00
7.675238594278826376e+00
7.675238594281796445e+00
7.675238594286429183e+00
7.675238594292095762e+00
7.675238594298292583e+00
7.675238594304667039e+00
7.675238594310942908e+00
7.675238594316925678e+00
7.675238594322509655e+00
7.675238594327609576e+00
7.675238594332197017e+00
7.675238594336242670e+00
7.675238594339776732e+00
7.675238594342825849e+00
7.675238594345415777e+00
7.675238594347590926e+00
7.675238594349407251e+00
7.675238594350889620e+00
7.675238594352095767e+00
7.675238594353056776e+00
7.675238594353813504e+00
7.675238594354405031e+00
7.675238594354846455e+00
7.675238594355167976e+00
7.675238594355386468e+00
7.675238594355526800e+00
7.675238594355608512e+00
7.675238594355647592e+00
7.675238594355651145e+00
7.675238594355630717e+00
7.675238594355591637e+00
7.675238594355546340e+00
7.675238594355495714e+00
7.675238594355438870e+00
7.675238594355374033e+00
7.675238594355311861e+00
7.675238594355251465e+00
7.675238594355193733e+00
7.675238594355143107e+00
7.675238594355091593e+00
7.675238594355039190e+00
7.675238594354994781e+00
7.675238594354952149e+00
7.675238594354921062e+00
7.675238594354900634e+00
7.675238594354888200e+00
7.675238594354879318e+00
7.675238594354869548e+00
7.675238594354855337e+00
7.675238594354851784e+00
7.675238594354853561e+00
7.675238594354856225e+00
7.675238594354866883e+00
7.675238594354877542e+00
7.675238594354880206e+00
7.675238594354875765e+00
7.675238594354865995e+00
7.675238594354866883e+00
7.675238594354872212e+00
7.675238594354869548e+00
7.675238594354861554e+00
7.675238594354861554e+00
7.675238594354867772e+00
7.675238594354874877e+00
7.675238594354874877e+00
7.675238594354870436e+00
7.675238594354861554e+00
7.675238594354858890e+00
7.675238594354859778e+00
7.675238594354869548e+00
7.675238594354868660e+00
7.675238594354865107e+00
7.675238594354865107e+00
7.675238594354872212e+00
7.675238594354870436e+00
7.675238594354865995e+00
7.675238594354865995e+00
7.675238594354874877e+00
7.675238594354872212e+00
7.675238594354867772e+00
7.675238594354865995e+00
7.675238594354874877e+00
7.675238594354872212e+00
7.675238594354867772e+00
7.675238594354865995e+00
7.675238594354874877e+00
7.675238594354871324e+00
7.675238594354866883e+00
7.675238594354865107e+00
7.675238594354873101e+00
7.675238594354871324e+00
7.675238594354866883e+00
7.675238594354865107e+00
7.675238594354873101e+00
7.675238594354870436e+00
7.675238594354865995e+00
7.675238594354865995e+00
7.675238594354874877e+00
7.675238594354871324e+00
7.675238594354866883e+00
7.675238594354865107e+00
7.675238594354874877e+00
7.675238594354871324e+00
7.675238594354867772e+00
7.675238594354866883e+00
7.675238594354875765e+00
7.675238594354873101e+00
7.675238594354868660e+00
7.675238594354858002e+00
7.675238594354858002e+00
7.675238594354860666e+00
7.675238594354870436e+00
7.675238594354869548e+00
7.675238594354865995e+00
7.675238594354865995e+00
7.675238594354874877e+00
7.675238594354871324e+00
7.675238594354866883e+00
7.675238594354865107e+00
7.675238594354872212e+00
7.675238594354870436e+00
7.675238594354865995e+00
7.675238594354865995e+00
7.675238594354874877e+00
0.000000000000000000e+00
0.000000000000000000e+00
0.000000000000000000e+00
1.104431233945099983e-01
3.994595885028712767e-01
8.072468627206927927e-01
1.285860124875568777e+00
1.798229726561839215e+00
2.317234919293121642e+00
2.823661148797676379e+00
3.303207835993935859e+00
3.746625168620883350e+00
4.148593934272462036e+00
4.506787009878245875e+00
4.821093820892979664e+00
5.093218437013897315e+00
5.325738409742614365e+00
5.521727709816673269e+00
5.684681428002499537e+00
5.818270183406407448e+00
5.926158729718597584e+00
6.011876827682556268e+00
6.078732001094334869e+00
6.129755273812811822e+00
6.167672359736788401e+00
6.194894025508448365e+00
6.213520464347715766e+00
6.225355526955715035e+00
6.231927414615317851e+00
6.234513291889356879e+00
6.234165786745299087e+00
6.231739912693129213e+00
6.227919292173453414e+00
6.223240980425597257e+00
6.218118390504886683e+00
6.212862047650963504e+00
6.207698054571534563e+00
6.202784270695341107e+00
6.198224278271253773e+00
6.194079271934141318e+00
6.190378051033389006e+00
6.187125297786329803e+00
6.184308336018079721e+00
6.181902570015271436e+00
6.179875787083688010e+00
6.178191489328924924e+00
6.176811446345493728e+00
6.175697532751570407e+00
6.174813083437288519e+00
6.174123767781244609e+00
6.173598148133148555e+00
6.173207971795144466e+00
6.172928265463436759e+00
6.172737284787594980e+00
6.172616363163171194e+00
6.172549694393693720e+00
6.172524075328482240e+00
6.172528629589025151e+00
6.172554527573664629e+00
6.172594713806971001e+00
6.172643649259165421e+00
6.172697073536197010e+00
6.172751789724073568e+00
6.172805473168750723e+00
6.172856503157850838e+00
6.172903820378778939e+00
6.172946801798086192e+00
6.172985158156473418e+00
6.173018848250382717e+00
6.173048009670557335e+00
6.173072901443148908e+00
6.173093861770040824e+00
6.173111271523813670e+00
6.173125528942785323e+00
6.173137030434954653e+00
6.173146156945962915e+00
6.173153264798570738e+00
6.173158680046394231e+00
6.173162695519032184e+00
6.173165569909721206e+00
6.173167528351285682e+00
6.173168764013856169e+00
6.173169440388560858e+00
6.173169693974999817e+00
6.173169637160494716e+00
6.173169361133250987e+00
6.173168938715680731e+00
6.173168427039636086e+00
6.173167870013414493e+00
6.173167300552334424e+00
6.173166742561118525e+00
6.173166212668542485e+00
6.173165721723670174e+00
6.173165276068608875e+00
6.173164878606689498e+00
6.173164529686491875e+00
6.173164227823282779e+00
6.173163970278594093e+00
6.173163753518142727e+00
6.173163573566617934e+00
6.173163426276290444e+00
6.173163307524636600e+00
6.173163213354285084e+00
6.173163140066906251e+00
6.173163084280840707e+00
6.173163042960878144e+00
6.173163013427132029e+00
6.173162993348645600e+00
6.173162980726402793e+00
6.173162973869350090e+00
6.173162971366328300e+00
6.173162972056060127e+00
6.173162974996833974e+00
6.173162979437046616e+00
6.173162984787468055e+00
6.173162990595603361e+00
6.173162996522600032e+00
6.173163002322680448e+00
6.173163007825203330e+00
6.173163012919181014e+00
6.173163017540084674e+00
6.173163021658801597e+00
6.173163025272518922e+00
6.173163028397261165e+00
6.173163031061911887e+00
6.173163033303487701e+00
6.173163035163474532e+00
6.173163036685072491e+00
6.173163037911149509e+00
6.173163038882809595e+00
6.173163039638434491e+00
6.173163040213105468e+00
6.173163040638276478e+00
6.173163040941710200e+00
6.173163041147530450e+00
6.173163041276436225e+00
6.173163041345909541e+00
6.173163041370553827e+00
6.173163041362360381e+00
6.173163041331050316e+00
6.173163041284380981e+00
6.173163041228431069e+00
6.173163041167868847e+00
6.173163041106180415e+00
6.173163041045888200e+00
6.173163040988751682e+00
6.173163040935902401e+00
6.173163040887994946e+00
6.173163040845313532e+00
6.173163040807877699e+00
6.173163040775524912e+00
6.173163040747953190e+00
6.173163040724773509e+00
6.173163040705552440e+00
6.173163040689837011e+00
6.173163040677184910e+00
6.173163040667169810e+00
6.173163040659390255e+00
6.173163040653484757e+00
6.173163040649120248e+00
6.173163040646012512e+00
6.173163040643908417e+00
6.173163040642598354e+00
6.173163040641900245e+00
6.173163040641660437e+00
6.173163040641757249e+00
6.173163040642090316e+00
6.173163040642577037e+00
6.173163040643157906e+00
6.173163040643783184e+00
6.173163040644420008e+00
6.173163040645042621e+00
6.173163040645629707e+00
6.173163040646170607e+00
6.173163040646661770e+00
6.173163040647103195e+00
6.173163040647489552e+00
6.173163040647825284e+00
6.173163040648105060e+00
6.173163040648344868e+00
6.173163040648542932e+00
6.173163040648709021e+00
6.173163040648839583e+00
6.173163040648946165e+00
6.173163040649032318e+00
6.173163040649097155e+00
6.173163040649144229e+00
6.173163040649177979e+00
6.173163040649202848e+00
6.173163040649214395e+00
6.173163040649221500e+00
6.173163040649224165e+00
6.173163040649225053e+00
6.173163040649224165e+00
6.173163040649222388e+00
6.173163040649215283e+00
6.173163040649209954e+00
6.173163040649204625e+00
6.173163040649200184e+00
6.173163040649193967e+00
6.173163040649189526e+00
6.173163040649185973e+00
6.173163040649182420e+00
6.173163040649180644e+00
6.173163040649178868e+00
6.173163040649177979e+00
6.173163040649177091e+00
6.173163040649176203e+00
6.173163040649176203e+00
6.173163040649175315e+00
6.173163040649177091e+00
6.173163040649176203e+00
6.173163040649176203e+00
6.173163040649175315e+00
6.173163040649176203e+00
6.173163040649175315e+00
6.173163040649175315e+00
6.173163040649175315e+00
6.173163040649175315e+00
6.173163040649176203e+00
6.173163040649175315e+00
6.173163040649175315e+00
6.173163040649177091e+00
6.173163040649176203e+00
6.173163040649175315e+00
6.173163040649174427e+00
6.173163040649175315e+00
6.173163040649174427e+00
6.173163040649174427e+00
6.173163040649176203e+00
6.173163040649175315e+00
6.173163040649174427e+00
6.173163040649175315e+00
6.173163040649174427e+00
6.173163040649174427e+00
6.173163040649175315e+00
6.173163040649174427e+00
6.173163040649175315e+00
6.173163040649175315e+00
6.173163040649177091e+00
6.173163040649176203e+00
6.173163040649175315e+00
6.173163040649175315e+00
6.173163040649175315e+00
6.173163040649176203e+00
6.173163040649176203e+00
6.173163040649176203e+00
6.173163040649176203e+00
6.173163040649176203e+00
6.173163040649176203e+00
6.173163040649176203e+00
6.173163040649175315e+00
6.173163040649175315e+00
6.173163040649177091e+00
6.173163040649176203e+00
6.173163040649175315e+00
6.173163040649174427e+00
6.173163040649176203e+00
6.173163040649175315e+00
6.173163040649177091e+00
6.173163040649177091e+00
6.173163040649176203e+00
6.173163040649176203e+00
6.173163040649175315e+00
6.173163040649177091e+00
6.173163040649176203e+00
6.173163040649176203e+00
6.173163040649175315e+00
6.173163040649176203e+00
6.173163040649176203e+00
6.173163040649175315e+00
6.173163040649176203e+00
6.173163040649177091e+00
6.173163040649177091e+00
6.173163040649176203e+00
6.173163040649175315e+00
6.173163040649175315e+00
6.173163040649176203e+00
6.173163040649175315e+00
6.173163040649176203e+00
6.173163040649175315e+00
6.173163040649177091e+00
6.173163040649176203e+00
6.173163040649175315e+00
6.173163040649176203e+00
6.173163040649175315e+00
6.173163040649175315e+00
6.173163040649175315e+00
6.173163040649175315e+00
6.173163040649176203e+00
6.173163040649175315e+00
6.173163040649175315e+00
6.173163040649177091e+00
6.173163040649176203e+00
6.173163040649175315e+00
6.173163040649174427e+00
6.173163040649175315e+00
6.173163040649174427e+00
6.173163040649174427e+00
6.173163040649176203e+00
5.849506386810606529e+00
9.121333124863159725e+00
1.000000000000000000e+01
1.000000000000000000e+01
1.000000000000000000e+01
1.000000000000000000e+01
1.000000000000000000e+01
1.000000000000000000e+01
1.000000000000000000e+01
1.000000000000000000e+01
1.000000000000000000e+01
1.000000000000000000e+01
1.000000000000000000e+01
1.000000000000000000e+01
1.000000000000000000e+01
1.000000000000000000e+01
1.000000000000000000e+01
1.000000000000000000e+01
1.000000000000000000e+01
1.000000000000000000e+01
1.000000000000000000e+01
1.000000000000000000e+01
1.000000000000000000e+01
1.000000000000000000e+01
1.000000000000000000e+01
1.000000000000000000e+01
1.000000000000000000e+01
1.000000000000000000e+01
1.000000000000000000e+01
1.000000000000000000e+01
1.000000000000000000e+01
1.000000000000000000e+01
1.000000000000000000e+01
1.000000000000000000e+01
1.000000000000000000e+01
1.000000000000000000e+01
1.000000000000000000e+01
1.000000000000000000e+01
9.972370597647628898e+00
9.900031326988299796e+00
9.798228241154939511e+00
9.678840275380476754e+00
9.551046902355867729e+00
9.421803475340841061e+00
9.295866694156485366e+00
9.176520439095392945e+00
9.065887154381526258e+00
8.965189037536996253e+00
8.874964710705548043e+00
8.795246833861899205e+00
8.725705847992680120e+00
8.665764700495683925e+00
8.614689105474182540e+00
8.571657179561009698e+00
8.535812115293387237e+00
8.506300969690212099e+00
8.482302192898785620e+00
8.463044236685625776e+00
8.447817144136882561e+00
8.435978757215828239e+00
8.426956897213990771e+00
8.420248544082419073e+00
8.415416939480877545e+00
8.412087280399671130e+00
8.409941585865356117e+00
8.408713121217024522e+00
8.408180670040909632e+00
8.408162937851701102e+00
8.408513241566819119e+00
8.409114497215371742e+00
8.409874715655666577e+00
8.410722874497517765e+00
8.411605330734332142e+00
8.412482639080117508e+00
8.413326823937779864e+00
8.414119019853096404e+00
8.414847493434779224e+00
8.415506026922512817e+00
8.416092522704200718e+00
8.416607892217058406e+00
8.417055192660114926e+00
8.417438881174065912e+00
8.417764277058513045e+00
8.418037134295712320e+00
8.418263318496736147e+00
8.418448590160354073e+00
8.418598434714404277e+00
8.418717967989675088e+00
8.418811849949209503e+00
8.418884268411467531e+00
8.418938933535148550e+00
8.418979089930115123e+00
8.419007540925765198e+00
8.419026680715015587e+00
8.419038531037982054e+00
8.419044779874672813e+00
8.419046820272525267e+00
8.419045787969166028e+00
8.419042596881238794e+00
8.419037971894443473e+00
8.419032478614436599e+00
8.419026549953830596e+00
8.419020509566109922e+00
8.419014592242719530e+00
8.419008961457253193e+00
8.419003724284083390e+00
8.418998943941710777e+00
8.418994650219660869e+00
8.418990848043481634e+00
8.418987524424235147e+00
8.418984654021491210e+00
8.418982203527711761e+00
8.418980135067085868e+00
8.418978408774259847e+00
8.418976984702281285e+00
8.418975824187215906e+00
8.418974890779285403e+00
8.418974150833129499e+00
8.418973573835089041e+00
8.418973132531602843e+00
8.418972802911662612e+00
8.418972564084777233e+00
8.418972398089477949e+00
8.418972289658865904e+00
8.418972225961608657e+00
8.418972196336037328e+00
8.418972192027068147e+00
8.418972205935027375e+00
8.418972232380152576e+00
8.418972266886964206e+00
8.418972305989953497e+00
8.418972347061156825e+00
8.418972388158099562e+00
8.418972427893487875e+00
8.418972465322712040e+00
8.418972499849113333e+00
8.418972531143822380e+00
8.418972559080796003e+00
8.418972583682792887e+00
8.418972605078051785e+00
8.418972623465771576e+00
8.418972639089162158e+00
8.418972652214854691e+00
8.418972663116640831e+00
8.418972672064816365e+00
8.418972679317953123e+00
8.418972685117546817e+00
8.418972689684773414e+00
8.418972693218938375e+00
8.418972695896986380e+00
8.418972697873977395e+00
8.418972699284129391e+00
8.418972700242308704e+00
8.418972700845667845e+00
8.418972701175480466e+00
8.418972701299150430e+00
8.418972701271512094e+00
8.418972701136583581e+00
8.418972700929586495e+00
8.418972700678105880e+00
8.418972700403514864e+00
8.418972700121635455e+00
8.418972699843813245e+00
8.418972699578224805e+00
8.418972699330288023e+00
8.418972699103482782e+00
8.418972698899374052e+00
8.418972698718121705e+00
8.418972698559263890e+00
8.418972698421733014e+00
8.418972698304040492e+00
8.418972698204669314e+00
8.418972698121708120e+00
8.418972698053044823e+00
8.418972697996904841e+00
8.418972697951572215e+00
8.418972697915489078e+00
8.418972697887214807e+00
8.418972697865669375e+00
8.418972697849444131e+00
8.418972697837565633e+00
8.418972697829186558e+00
8.418972697823585705e+00
8.418972697820157336e+00
8.418972697818388085e+00
8.418972697817862283e+00
8.418972697818249529e+00
8.418972697819279816e+00
8.418972697820729323e+00
8.418972697822425744e+00
8.418972697824248286e+00
8.418972697826095697e+00
8.418972697827900475e+00
8.418972697829813612e+00
8.418972697831547336e+00
8.418972697833082108e+00
8.418972697834425034e+00
8.418972697835584995e+00
8.418972697836581531e+00
8.418972697837421748e+00
8.418972697838128738e+00
8.418972697838722041e+00
8.418972697839199881e+00
8.418972697839588903e+00
8.418972697839896213e+00
8.418972697840132469e+00
8.418972697840317210e+00
8.418972697840459318e+00
8.418972697840567676e+00
8.418972697840850117e+00
8.418972697841047292e+00
8.418972697841175190e+00
8.418972697841452302e+00
8.418972697841621056e+00
8.418972697841699215e+00
8.418972697841921260e+00
8.418972697842040276e+00
8.418972697842079356e+00
8.418972697842059816e+00
8.418972697842201924e+00
8.418972697842448838e+00
8.418972697842566077e+00
8.418972697842580288e+00
8.418972697842523445e+00
8.418972697842415087e+00
8.418972697842482589e+00
8.418972697842457720e+00
8.418972697842379560e+00
8.418972697842255215e+00
8.418972697842319164e+00
8.418972697842292519e+00
8.418972697842432851e+00
8.418972697842676212e+00
8.418972697842772135e+00
8.418972697842761477e+00
8.418972697842674435e+00
8.418972697842544761e+00
8.418972697842384889e+00
8.418972697842210806e+00
8.418972697842031394e+00
8.418972697841857311e+00
8.418972697841887509e+00
8.418972697841867969e+00
8.418972697842008301e+00
8.418972697842061592e+00
8.418972697842056263e+00
8.418972697841999420e+00
8.418972697842114883e+00
8.418972697842145081e+00
8.418972697842322717e+00
8.418972697842379560e+00
8.418972697842564301e+00
8.418972697842633579e+00
8.418972697842818320e+00
8.418972697842869835e+00
8.418972697842823649e+00
8.418972697842711739e+00
8.418972697842566077e+00
8.418972697842605157e+00
8.418972697842551867e+00
8.418972697842448838e+00
8.418972697842304953e+00
8.418972697842150410e+00
8.418972697841983432e+00
8.418972697841821784e+00
8.418972697841862640e+00
8.418972697841851982e+00
8.418972697841812902e+00
8.418972697841747177e+00
8.418972697841660136e+00
8.418972697841564212e+00
8.418972697841667241e+00
8.418972697841708097e+00
8.418972697841699215e+00
8.418972697841656583e+00
8.418972697841793362e+00
8.418972697841855535e+00
8.418972697841857311e+00
8.418972697841820008e+00
8.418972697841750730e+00
8.418972697841862640e+00
8.418972697841907049e+00
8.418972697841894615e+00
8.418972697841850206e+00
8.418972697841777375e+00
8.418972697841681452e+00
8.418972697841580199e+00
8.418972697841674346e+00
8.418972697841708097e+00
8.418972697841896391e+00
8.418972697841992314e+00
8.418972697842015407e+00
8.418972697841983432e+00
8.418972697841921260e+00
8.418972697841835995e+00
8.418972697841732966e+00
8.418972697841827113e+00
8.418972697841853758e+00
8.418972697841834218e+00
8.418972697841779151e+00
0.000000000000000000e+00
0.000000000000000000e+00
0.000000000000000000e+00
0.000000000000000000e+00
0.000000000000000000e+00
0.000000000000000000e+00
0.000000000000000000e+00
0.000000000000000000e+00
0.000000000000000000e+00
0.000000000000000000e+00
0.000000000000000000e+00
0.000000000000000000e+00
0.000000000000000000e+00
0.000000000000000000e+00
0.000000000000000000e+00
0.000000000000000000e+00
0.000000000000000000e+00
0.000000000000000000e+00
0.000000000000000000e+00
0.000000000000000000e+00
0.000000000000000000e+00
0.000000000000000000e+00
0.000000000000000000e+00
0.000000000000000000e+00
0.000000000000000000e+00
0.000000000000000000e+00
0.000000000000000000e+00
0.000000000000000000e+00
0.000000000000000000e+00
0.000000000000000000e+00
0.000000000000000000e+00
0.000000000000000000e+00
0.000000000000000000e+00
0.000000000000000000e+00
0.000000000000000000e+00
0.000000000000000000e+00
0.000000000000000000e+00
0.000000000000000000e+00
0.000000000000000000e+00
0.000000000000000000e+00
8.397306843068415294e-02
2.590552555107919486e-01
4.922679389057524890e-01
7.579294266298132188e-01
1.036565117949739490e+00
1.314515035501742313e+00
1.581271318835458128e+00
1.829790152067651610e+00
2.055763571884086982e+00
2.256995886196316192e+00
2.432878629269744852e+00
2.583955834473507185e+00
2.711570338222219601e+00
2.817581377356119354e+00
2.904143811254287222e+00
2.973539675610890054e+00
3.028053484555229158e+00
3.069883444670492789e+00
3.101081648681880409e+00
3.123517170715762958e+00
3.138856884777357692e+00
3.148559618599846122e+00
3.153880019739334184e+00
3.155879179297427672e+00
3.155439646275826071e+00
3.153282984806657474e+00
3.149988477460545333e+00
3.146011897426368442e+00
3.141703623496832076e+00
3.137325586673899824e+00
3.133066729793227534e+00
3.129056805939300911e+00
3.125378478431309670e+00
3.122077745616017808e+00
3.119172758410544422e+00
3.116661166331236466e+00
3.114526126874032297e+00
3.112741152346065299e+00
3.111273912523469853e+00
3.110089174366193809e+00
3.109150989730146364e+00
3.108424289820939546e+00
3.107875985744825709e+00
3.107475672001946521e+00
3.107196017201767635e+00
3.107012946199736447e+00
3.106905613186209170e+00
3.106856270782735407e+00
3.106850068315762492e+00
3.106874780529886415e+00
3.106920522587299782e+00
3.106979452674897502e+00
3.107045490892518469e+00
3.107114037616455882e+00
3.107181725479799539e+00
3.107246190804334951e+00
3.107305879433136298e+00
3.107359870398024082e+00
3.107407722916905701e+00
3.107449365773326644e+00
3.107484987718307945e+00
3.107514955083172659e+00
3.107539746347521614e+00
3.107559901292746840e+00
3.107575989389961713e+00
3.107588565154907112e+00
3.107598160058558268e+00
3.107605265458711408e+00
3.107610326720114724e+00
3.107613739333630498e+00
3.107615847841463275e+00
3.107616947751015601e+00
3.107617288072173523e+00
3.107617075152039110e+00
3.107616477046426517e+00
3.107615628104490213e+00
3.107614633528185344e+00
3.107613573738026158e+00
3.107612508432811005e+00
3.107611480275249249e+00
3.107610518407456723e+00
3.107609640757987179e+00
3.107608856828552479e+00
3.107608169762482664e+00
3.107607578060666231e+00
3.107607076980683392e+00
3.107606659656715120e+00
3.107606317977753552e+00
3.107606043260044970e+00
3.107605826747370514e+00
3.107605659969525203e+00
3.107605534986239704e+00
3.107605444540156192e+00
3.107605382139333017e+00
3.107605342086338762e+00
3.107605319468348615e+00
3.107605310119849307e+00
3.107605310567284729e+00
3.107605317963092251e+00
3.107605330014562739e+00
3.107605344911937628e+00
3.107605361258636290e+00
3.107605378005714680e+00
3.107605394391864895e+00
3.107605409889656833e+00
3.107605424158296437e+00
3.107605437002843640e+00
3.107605448339580079e+00
3.107605458167105095e+00
3.107605466542606720e+00
3.107605473562727205e+00
3.107605479348440447e+00
3.107605484033338250e+00
3.107605487754881768e+00
3.107605490647941782e+00
3.107605492840345818e+00
3.107605494450026207e+00
3.107605495583291244e+00
3.107605496334087558e+00
3.107605496783994781e+00
3.107605497002602135e+00
3.107605497048309573e+00
3.107605496969310099e+00
3.107605496804681788e+00
3.107605496585516214e+00
3.107605496336017570e+00
3.107605496074566265e+00
3.107605495814697250e+00
3.107605495565956222e+00
3.107605495334718526e+00
3.107605495124854400e+00
3.107605494938280533e+00
3.107605494775459665e+00
3.107605494635806043e+00
3.107605494517996725e+00
3.107605494420274006e+00
3.107605494340607066e+00
3.107605494276846514e+00
3.107605494226851839e+00
3.107605494188576678e+00
3.107605494160107895e+00
3.107605494139713542e+00
3.107605494125846857e+00
3.107605494117150702e+00
3.107605494112454902e+00
3.107605494110799338e+00
3.107605494111368660e+00
3.107605494113501177e+00
3.107605494116659983e+00
3.107605494120427636e+00
3.107605494124466627e+00
3.107605494128560686e+00
3.107605494132533064e+00
3.107605494136267410e+00
3.107605494139674462e+00
3.107605494142730684e+00
3.107605494145417424e+00
3.107605494147729797e+00
3.107605494149694447e+00
3.107605494151337577e+00
3.107605494152688497e+00
3.107605494153780956e+00
3.107605494154649595e+00
3.107605494155324610e+00
3.107605494155821990e+00
3.107605494156186587e+00
3.107605494156429504e+00
3.107605494156587600e+00
3.107605494156680415e+00
3.107605494156723935e+00
3.107605494156731485e+00
3.107605494156711501e+00
3.107605494156673753e+00
3.107605494156608472e+00
3.107605494156527648e+00
3.107605494156456150e+00
3.107605494156391313e+00
3.107605494156322479e+00
3.107605494156255421e+00
3.107605494156202575e+00
3.107605494156164383e+00
3.107605494156121750e+00
3.107605494156076897e+00
3.107605494156033377e+00
3.107605494156002734e+00
3.107605494155983639e+00
3.107605494155972981e+00
3.107605494155968984e+00
3.107605494155969872e+00
3.107605494155973869e+00
3.107605494155977865e+00
3.107605494155983639e+00
3.107605494155990744e+00
3.107605494155997850e+00
3.107605494156007175e+00
3.107605494156016501e+00
3.107605494156024495e+00
3.107605494156033821e+00
3.107605494156041370e+00
3.107605494156048920e+00
3.107605494156053805e+00
3.107605494156058690e+00
3.107605494156062687e+00
3.107605494156067127e+00
3.107605494156072456e+00
3.107605494156064019e+00
3.107605494156059134e+00
3.107605494156056469e+00
3.107605494156055581e+00
3.107605494156056025e+00
3.107605494156056913e+00
3.107605494156059134e+00
3.107605494156062687e+00
3.107605494156065795e+00
3.107605494156068460e+00
3.107605494156071568e+00
3.107605494156073789e+00
3.107605494156076453e+00
3.107605494156066683e+00
3.107605494156060910e+00
3.107605494156057802e+00
3.107605494156056469e+00
3.107605494156056913e+00
3.107605494156057802e+00
3.107605494156060022e+00
3.107605494156063575e+00
3.107605494156066239e+00
3.107605494156068904e+00
3.107605494156072012e+00
3.107605494156074233e+00
3.107605494156076453e+00
3.107605494156066239e+00
3.107605494156060466e+00
3.107605494156057357e+00
3.107605494156056469e+00
3.107605494156056913e+00
3.107605494156057802e+00
3.107605494156060022e+00
3.107605494156063575e+00
3.107605494156066239e+00
3.107605494156068904e+00
3.107605494156072012e+00
3.107605494156074233e+00
3.107605494156076453e+00
3.107605494156066239e+00
3.107605494156060466e+00
3.107605494156057357e+00
3.107605494156056469e+00
3.107605494156056469e+00
3.107605494156057357e+00
3.107605494156059578e+00
3.107605494156063131e+00
3.107605494156065795e+00
3.107605494156068460e+00
3.107605494156071568e+00
3.107605494156073789e+00
3.107605494156076453e+00
3.107605494156066239e+00
3.107605494156060466e+00
