1.000000000000000000e+01
1.000000000000000000e+01
1.000000000000000000e+01
1.000000000000000000e+01
1.000000000000000000e+01
1.000000000000000000e+01
1.000000000000000000e+01
1.000000000000000000e+01
1.000000000000000000e+01
1.000000000000000000e+01
1.000000000000000000e+01
1.000000000000000000e+01
1.000000000000000000e+01
1.000000000000000000e+01
1.000000000000000000e+01
1.000000000000000000e+01
1.000000000000000000e+01
1.000000000000000000e+01
1.000000000000000000e+01
1.000000000000000000e+01
1.000000000000000000e+01
1.000000000000000000e+01
1.000000000000000000e+01
1.000000000000000000e+01
1.000000000000000000e+01
1.000000000000000000e+01
1.000000000000000000e+01
1.000000000000000000e+01
8.540669265060815363e+00
6.758272917118331335e+00
5.451882968584043532e+00
4.764927587294847555e+00
4.543803745578336439e+00
4.573744608138656353e+00
4.688906022248374938e+00
4.797721879441628978e+00
4.867575123698482109e+00
4.899176641068005544e+00
4.905646081308406181e+00
4.900404790912469721e+00
4.892480037575173135e+00
4.886199063281601696e+00
4.882651802318933143e+00
4.881333586300613980e+00
4.881304049586797866e+00
4.881773482015304921e+00
4.882274630159002093e+00
4.882619465796085301e+00
4.882789142574900154e+00
4.882835348735607539e+00
4.882819176621929103e+00
4.882784764908350006e+00
4.882754991135160871e+00
4.882736979205575700e+00
4.882729481499999302e+00
4.882728492557289357e+00
4.882730305866823883e+00
4.882732573479304783e+00
4.882734251748566123e+00
4.882735142591652533e+00
4.882735435353730225e+00
4.882735402800977731e+00
4.882735257728321621e+00
4.882735118688540155e+00
4.882735028645244668e+00
4.882734987443639874e+00
4.882734978617912169e+00
4.882734985043425624e+00
4.882734995098210184e+00
4.882735003152558484e+00
4.882735007742106781e+00
4.882735009475095644e+00
4.882735009541780080e+00
4.882735008953743794e+00
4.882735008314854852e+00
4.882735007871232824e+00
4.882735007650697234e+00
4.882735007588891563e+00
4.882735007608104638e+00
4.882735007651606729e+00
4.882735007689747775e+00
4.882735007713045583e+00
4.882735007722891929e+00
4.882735007724250842e+00
4.882735007721987763e+00
4.882735007719140263e+00
4.882735007717010411e+00
4.882735007715885089e+00
4.882735007715476527e+00
4.882735007715543141e+00
4.882735007715705677e+00
4.882735007715883313e+00
4.882735007715937492e+00
4.882735007715968578e+00
4.882735007715923281e+00
4.882735007715953479e+00
4.882735007715908182e+00
4.882735007715946374e+00
4.882735007715973019e+00
4.882735007715994335e+00
4.882735007716000553e+00
4.882735007716013875e+00
4.882735007716011211e+00
4.882735007715931275e+00
4.882735007715917952e+00
4.882735007715951703e+00
4.882735007715921505e+00
4.882735007715954367e+00
4.882735007715902853e+00
4.882735007715944597e+00
4.882735007715972131e+00
4.882735007715994335e+00
4.882735007715999664e+00
4.882735007716013875e+00
4.882735007716012099e+00
4.882735007715981013e+00
4.882735007715997888e+00
4.882735007716000553e+00
4.882735007716012987e+00
4.882735007716009434e+00
4.882735007715928610e+00
4.882735007715925057e+00
4.882735007715957920e+00
4.882735007715922393e+00
4.882735007715944597e+00
4.882735007715971243e+00
4.882735007715992559e+00
4.882735007715994335e+00
4.882735007716009434e+00
4.882735007715940156e+00
4.882735007715933939e+00
4.882735007715954367e+00
4.882735007715911735e+00
4.882735007715949038e+00
4.882735007715975684e+00
4.882735007715996112e+00
4.882735007716002329e+00
4.882735007715935716e+00
4.882735007715930386e+00
4.882735007715964137e+00
4.882735007715915287e+00
4.882735007715941933e+00
4.882735007715969466e+00
4.882735007715923281e+00
4.882735007715953479e+00
4.882735007715909958e+00
4.882735007715947262e+00
4.882735007715974795e+00
4.882735007715995224e+00
4.882735007715998776e+00
4.882735007716012099e+00
4.882735007716009434e+00
4.882735007715928610e+00
4.882735007715925946e+00
4.882735007715956144e+00
4.882735007715913511e+00
4.882735007715949926e+00
4.882735007715976572e+00
4.882735007715987230e+00
4.882735007715992559e+00
4.882735007716007658e+00
4.882735007715935716e+00
4.882735007715932163e+00
4.882735007715952591e+00
4.882735007715920617e+00
4.882735007715944597e+00
4.882735007715970355e+00
4.882735007715920617e+00
4.882735007715944597e+00
4.882735007715968578e+00
4.882735007715920617e+00
4.882735007715942821e+00
4.882735007715967690e+00
4.882735007715919728e+00
4.882735007715944597e+00
4.882735007715970355e+00
4.882735007715923281e+00
4.882735007715943709e+00
4.882735007715970355e+00
4.882735007715923281e+00
4.882735007715943709e+00
4.882735007715968578e+00
4.882735007715921505e+00
4.882735007715943709e+00
4.882735007715968578e+00
4.882735007715920617e+00
4.882735007715944597e+00
4.882735007715971243e+00
4.882735007715992559e+00
4.882735007715998776e+00
4.882735007716012987e+00
4.882735007716000553e+00
4.882735007716004993e+00
4.882735007715940156e+00
4.882735007715931275e+00
4.882735007715948150e+00
4.882735007715983677e+00
4.882735007715999664e+00
4.882735007716014763e+00
4.882735007716004105e+00
4.882735007715924169e+00
4.882735007715921505e+00
4.882735007715964137e+00
4.882735007715918840e+00
4.882735007715943709e+00
4.882735007715969466e+00
4.882735007715920617e+00
4.882735007715946374e+00
4.882735007715973019e+00
4.882735007715992559e+00
4.882735007715996112e+00
4.882735007716005882e+00
4.882735007715940156e+00
4.882735007715934827e+00
4.882735007715957032e+00
4.882735007715915287e+00
4.882735007715941933e+00
4.882735007715968578e+00
4.882735007715922393e+00
4.882735007715953479e+00
4.882735007715909958e+00
4.882735007715946374e+00
4.882735007715973019e+00
4.882735007715993447e+00
4.882735007715997888e+00
4.882735007716011211e+00
4.882735007715937492e+00
4.882735007715931275e+00
4.882735007715952591e+00
4.882735007715919728e+00
4.882735007715943709e+00
4.882735007715968578e+00
4.882735007715919728e+00
4.882735007715945486e+00
4.882735007715971243e+00
4.882735007715993447e+00
4.882735007715995224e+00
4.882735007716010323e+00
4.882735007715940156e+00
4.882735007715930386e+00
4.882735007715959696e+00
4.882735007715922393e+00
4.882735007715945486e+00
4.882735007715972131e+00
4.882735007715993447e+00
4.882735007716001441e+00
4.882735007716012987e+00
4.882735007716001441e+00
4.882735007716005882e+00
4.882735007715937492e+00
4.882735007715932163e+00
4.882735007715953479e+00
4.882735007715910847e+00
4.882735007715945486e+00
4.882735007715972131e+00
4.882735007715992559e+00
4.882735007715996112e+00
4.882735007716009434e+00
4.882735007715940156e+00
4.882735007715931275e+00
4.882735007715948150e+00
4.882735007715983677e+00
4.882735007715999664e+00
4.882735007716014763e+00
4.882735007716003217e+00
4.882735007715923281e+00
4.882735007715922393e+00
4.882735007715953479e+00
4.882735007715911735e+00
4.882735007715949038e+00
4.882735007715964137e+00
4.882735007715920617e+00
4.882735007715951703e+00
4.882735007715908182e+00
4.882735007715944597e+00
4.882735007715973019e+00
4.882735007715995224e+00
4.882735007715997000e+00
4.882735007716011211e+00
4.882735007715940156e+00
4.882735007715934827e+00
4.882735007715955255e+00
4.882735007715913511e+00
4.882735007715948150e+00
4.882735007715973907e+00
4.882735007715994335e+00
4.882735007715999664e+00
4.882735007716012987e+00
4.882735007716009434e+00
4.882735007715928610e+00
4.882735007715925946e+00
4.882735007715956144e+00
4.882735007715913511e+00
4.882735007715949926e+00
4.882735007715975684e+00
4.882735007715995224e+00
4.882735007715998776e+00
4.882735007716012987e+00
4.882735007716008546e+00
4.882735007715929498e+00
4.882735007715926834e+00
1.000000000000000000e+01
1.000000000000000000e+01
1.000000000000000000e+01
1.000000000000000000e+01
1.000000000000000000e+01
1.000000000000000000e+01
1.000000000000000000e+01
1.000000000000000000e+01
1.000000000000000000e+01
1.000000000000000000e+01
1.000000000000000000e+01
1.000000000000000000e+01
1.000000000000000000e+01
1.000000000000000000e+01
1.000000000000000000e+01
1.000000000000000000e+01
1.000000000000000000e+01
1.000000000000000000e+01
1.000000000000000000e+01
1.000000000000000000e+01
1.000000000000000000e+01
1.000000000000000000e+01
1.000000000000000000e+01
1.000000000000000000e+01
1.000000000000000000e+01
1.000000000000000000e+01
1.000000000000000000e+01
1.000000000000000000e+01
1.000000000000000000e+01
1.000000000000000000e+01
1.000000000000000000e+01
1.000000000000000000e+01
1.000000000000000000e+01
1.000000000000000000e+01
1.000000000000000000e+01
1.000000000000000000e+01
1.000000000000000000e+01
1.000000000000000000e+01
1.000000000000000000e+01
1.000000000000000000e+01
1.000000000000000000e+01
1.000000000000000000e+01
1.000000000000000000e+01
1.000000000000000000e+01
1.000000000000000000e+01
1.000000000000000000e+01
9.662433303454776024e+00
9.032044756348428294e+00
8.485272014216748815e+00
8.139443811798781070e+00
7.977033377209229670e+00
7.934634525859853404e+00
7.951002294390508318e+00
7.984660082748835208e+00
8.014482177007444363e+00
8.033619409113640586e+00
8.042772013816753329e+00
8.045295206884327754e+00
8.044516114980893917e+00
8.042721855300001721e+00
8.041096613739586729e+00
8.040038450284532345e+00
8.039523346336677534e+00
8.039374163958074249e+00
8.039410321592548314e+00
8.039505792808929741e+00
8.039594290507038110e+00
8.039652757840032749e+00
8.039681714716151006e+00
8.039690488304046312e+00
8.039688870388749464e+00
8.039683800289649795e+00
8.039678985547793033e+00
8.039675757434766368e+00
8.039674131495436527e+00
8.039673617993912558e+00
8.039673686495378391e+00
8.039673955188733956e+00
8.039674216907357618e+00
8.039674395005205199e+00
8.039674486200848236e+00
8.039674516126273929e+00
8.039674513488010987e+00
8.039674499279506392e+00
8.039674485067584087e+00
8.039674475248858698e+00
8.039674470138777451e+00
8.039674468402754570e+00
8.039674468484966141e+00
8.039674469233494492e+00
8.039674470003770779e+00
8.039674470544177609e+00
8.039674470829941910e+00
8.039674470930391337e+00
8.039674470931412742e+00
8.039674470894345504e+00
8.039674470854134114e+00
8.039674470823205965e+00
8.039674470805337592e+00
8.039674470798011896e+00
8.039674470796837724e+00
8.039674470798503947e+00
8.039674470800713735e+00
8.039674470804470729e+00
8.039674470805573847e+00
8.039674470807490536e+00
8.039674470809055506e+00
8.039674470807943507e+00
8.039674470806161821e+00
8.039674470804650142e+00
8.039674470805810103e+00
8.039674470805559636e+00
8.039674470804868633e+00
8.039674470804186512e+00
8.039674470803655382e+00
8.039674470803319650e+00
8.039674470803271689e+00
8.039674470803312545e+00
8.039674470803342743e+00
8.039674470803371165e+00
8.039674470805513451e+00
8.039674470805731943e+00
8.039674470805165285e+00
8.039674470804461848e+00
8.039674470803880979e+00
8.039674470803477746e+00
8.039674470805467266e+00
8.039674470807774753e+00
8.039674470807320006e+00
8.039674470808007456e+00
8.039674470806902562e+00
8.039674470805332263e+00
8.039674470804254014e+00
8.039674470805582729e+00
8.039674470807572249e+00
8.039674470807090856e+00
8.039674470807803175e+00
8.039674470806721374e+00
8.039674470805238116e+00
8.039674470804138551e+00
8.039674470805522333e+00
8.039674470805449502e+00
8.039674470804875739e+00
8.039674470804225592e+00
8.039674470805746154e+00
8.039674470807781859e+00
8.039674470807234741e+00
8.039674470805850959e+00
8.039674470806692952e+00
8.039674470805973527e+00
8.039674470807094409e+00
8.039674470806364326e+00
8.039674470805152851e+00
8.039674470804252238e+00
8.039674470803660711e+00
8.039674470803305439e+00
8.039674470803182871e+00
8.039674470803282347e+00
8.039674470803376494e+00
8.039674470805561413e+00
8.039674470805767470e+00
8.039674470805241668e+00
8.039674470804538231e+00
8.039674470803959139e+00
8.039674470803573669e+00
8.039674470805495687e+00
8.039674470807723239e+00
8.039674470807280926e+00
8.039674470805904249e+00
8.039674470804687445e+00
8.039674470805934448e+00
8.039674470805721285e+00
8.039674470804950346e+00
8.039674470804243356e+00
8.039674470805763917e+00
8.039674470805662665e+00
8.039674470804941464e+00
8.039674470804246909e+00
8.039674470805769246e+00
8.039674470805653783e+00
8.039674470804946793e+00
8.039674470804264672e+00
8.039674470803756634e+00
8.039674470803417350e+00
8.039674470803188200e+00
8.039674470803213069e+00
8.039674470803365836e+00
8.039674470803381823e+00
8.039674470805548978e+00
8.039674470805747930e+00
8.039674470805159956e+00
8.039674470804452966e+00
8.039674470803886308e+00
8.039674470803483075e+00
8.039674470805470818e+00
8.039674470807778306e+00
8.039674470807327111e+00
8.039674470805980633e+00
8.039674470804726525e+00
8.039674470803898743e+00
8.039674470803369388e+00
8.039674470803156225e+00
8.039674470803166884e+00
8.039674470803300110e+00
8.039674470805559636e+00
8.039674470805779904e+00
8.039674470805204365e+00
8.039674470806616569e+00
8.039674470808293449e+00
8.039674470807492312e+00
8.039674470805975304e+00
8.039674470806749795e+00
8.039674470805957540e+00
8.039674470804902384e+00
8.039674470806197348e+00
8.039674470807957718e+00
8.039674470807289808e+00
8.039674470805854511e+00
8.039674470804596851e+00
8.039674470803763739e+00
8.039674470803291229e+00
8.039674470803156225e+00
8.039674470803241491e+00
8.039674470803324979e+00
8.039674470803390705e+00
8.039674470805572071e+00
8.039674470805776352e+00
8.039674470805183049e+00
8.039674470804454742e+00
8.039674470803886308e+00
8.039674470803484851e+00
8.039674470805470818e+00
8.039674470807774753e+00
8.039674470807341322e+00
8.039674470805971751e+00
8.039674470806803086e+00
8.039674470808089168e+00
8.039674470807220530e+00
8.039674470805701745e+00
8.039674470806572160e+00
8.039674470805920237e+00
8.039674470804962780e+00
8.039674470804182960e+00
8.039674470803637618e+00
8.039674470805437068e+00
8.039674470805527662e+00
8.039674470804969886e+00
8.039674470804284212e+00
8.039674470803737094e+00
8.039674470803324979e+00
8.039674470803232609e+00
8.039674470803284123e+00
8.039674470803346296e+00
8.039674470803372941e+00
8.039674470805517004e+00
8.039674470805747930e+00
8.039674470805159956e+00
8.039674470804477835e+00
8.039674470803882755e+00
8.039674470803475970e+00
8.039674470805463713e+00
8.039674470805612927e+00
8.039674470804998307e+00
8.039674470804328621e+00
8.039674470805866946e+00
8.039674470805751483e+00
8.039674470805049822e+00
8.039674470804333950e+00
8.039674470803785056e+00
8.039674470803383599e+00
8.039674470803225503e+00
8.039674470803298334e+00
8.039674470805517004e+00
8.039674470805763917e+00
8.039674470805255879e+00
8.039674470806653872e+00
8.039674470806158268e+00
8.039674470805129758e+00
8.039674470806341233e+00
8.039674470805881157e+00
8.039674470805032058e+00
8.039674470804289541e+00
8.039674470803712225e+00
8.039674470805445949e+00
8.039674470805531215e+00
8.039674470807074869e+00
8.039674470808529705e+00
8.039674470809687890e+00
8.039674470808114037e+00
8.039674470806161821e+00
8.039674470804586193e+00
8.039674470803610973e+00
8.039674470803136686e+00
8.039674470803049644e+00
8.039674470803220174e+00
8.039674470803349848e+00
8.039674470803390705e+00
8.039674470805552531e+00
8.039674470805749706e+00
8.039674470805207918e+00
0.000000000000000000e+00
0.000000000000000000e+00
0.000000000000000000e+00
0.000000000000000000e+00
0.000000000000000000e+00
0.000000000000000000e+00
0.000000000000000000e+00
0.000000000000000000e+00
0.000000000000000000e+00
5.138387687137652843e-02
2.130553598354578693e+00
4.320737634111210035e+00
5.846956186418738710e+00
6.628897970217357383e+00
6.876009212923386293e+00
6.840266136377985084e+00
6.708573726809853532e+00
6.582871345290215004e+00
6.499960402231283574e+00
6.460031673697745447e+00
6.449303924409508504e+00
6.453128877204971303e+00
6.461250301151144626e+00
6.468386477894589426e+00
6.472848181879205853e+00
6.474855562441857337e+00
6.475283483939797691e+00
6.474973345507541111e+00
6.474482743870802359e+00
6.474081701370564268e+00
6.473843943075385354e+00
6.473744858769302724e+00
6.473730411779687444e+00
6.473752779366928500e+00
6.473781925197365616e+00
6.473804252177916219e+00
6.473816791922400782e+00
6.473821559954990867e+00
6.473821838290491293e+00
6.473820321047907278e+00
6.473818610609540336e+00
6.473817378072746820e+00
6.473816724385009103e+00
6.473816501327424255e+00
6.473816513783794413e+00
6.473816611709003688e+00
6.473816710545127862e+00
6.473816777870673000e+00
6.473816811523527726e+00
6.473816821535328003e+00
6.473816819337725015e+00
6.473816813209460896e+00
6.473816807563046005e+00
6.473816803919684837e+00
6.473816802211741717e+00
6.473816801789624265e+00
6.473816801992053449e+00
6.473816802366551215e+00
6.473816802685678162e+00
6.473816802881047217e+00
6.473816802966327444e+00
6.473816802982281793e+00
6.473816802966758210e+00
6.473816802944305060e+00
6.473816802926408265e+00
6.473816802916052104e+00
6.473816802911835033e+00
6.473816802911347423e+00
6.473816802912410573e+00
6.473816802913732182e+00
6.473816802914742929e+00
6.473816802915269619e+00
6.473816802915475677e+00
6.473816802915442814e+00
6.473816802915364654e+00
6.473816802915262514e+00
6.473816802915221658e+00
6.473816802915281166e+00
6.473816802915338897e+00
6.473816802915346891e+00
6.473816802915327351e+00
6.473816802915302482e+00
6.473816802915289159e+00
6.473816802915282942e+00
6.473816802915324686e+00
6.473816802915344226e+00
6.473816802915322022e+00
6.473816802915334456e+00
6.473816802915318469e+00
6.473816802915344226e+00
6.473816802915323798e+00
6.473816802915344226e+00
6.473816802915322910e+00
6.473816802915339785e+00
6.473816802915322022e+00
6.473816802915336233e+00
6.473816802915320245e+00
6.473816802915345114e+00
6.473816802915324686e+00
6.473816802915340674e+00
6.473816802915323798e+00
6.473816802915338009e+00
6.473816802915326463e+00
6.473816802915300705e+00
6.473816802915292712e+00
6.473816802915287383e+00
6.473816802915285606e+00
6.473816802915281166e+00
6.473816802915329127e+00
6.473816802915315805e+00
6.473816802915339785e+00
6.473816802915322910e+00
6.473816802915342450e+00
6.473816802915321134e+00
6.473816802915334456e+00
6.473816802915317581e+00
6.473816802915340674e+00
6.473816802915328239e+00
6.473816802915302482e+00
6.473816802915283830e+00
6.473816802915326463e+00
6.473816802915318469e+00
6.473816802915338897e+00
6.473816802915318469e+00
6.473816802915342450e+00
6.473816802915324686e+00
6.473816802915341562e+00
6.473816802915321134e+00
6.473816802915342450e+00
6.473816802915321134e+00
6.473816802915344226e+00
6.473816802915325574e+00
6.473816802915346003e+00
6.473816802915322910e+00
6.473816802915340674e+00
6.473816802915320245e+00
6.473816802915344226e+00
6.473816802915326463e+00
6.473816802915296265e+00
6.473816802915286495e+00
6.473816802915281166e+00
6.473816802915322910e+00
6.473816802915341562e+00
6.473816802915322022e+00
6.473816802915343338e+00
6.473816802915321134e+00
6.473816802915345114e+00
6.473816802915323798e+00
6.473816802915346891e+00
6.473816802915324686e+00
6.473816802915343338e+00
6.473816802915330015e+00
6.473816802915302482e+00
6.473816802915290047e+00
6.473816802915279389e+00
6.473816802915325574e+00
6.473816802915338009e+00
6.473816802915322910e+00
6.473816802915343338e+00
6.473816802915330015e+00
6.473816802915301594e+00
6.473816802915288271e+00
6.473816802915280277e+00
6.473816802915328239e+00
6.473816802915322022e+00
6.473816802915344226e+00
6.473816802915322022e+00
6.473816802915344226e+00
6.473816802915321134e+00
6.473816802915344226e+00
6.473816802915321134e+00
6.473816802915344226e+00
6.473816802915321134e+00
6.473816802915344226e+00
6.473816802915323798e+00
6.473816802915346891e+00
6.473816802915326463e+00
6.473816802915301594e+00
6.473816802915291824e+00
6.473816802915285606e+00
6.473816802915280277e+00
6.473816802915324686e+00
6.473816802915338009e+00
6.473816802915326463e+00
6.473816802915299817e+00
6.473816802915291824e+00
6.473816802915286495e+00
6.473816802915282054e+00
6.473816802915329127e+00
6.473816802915315805e+00
6.473816802915339785e+00
6.473816802915322910e+00
6.473816802915339785e+00
6.473816802915325574e+00
6.473816802915338009e+00
6.473816802915322910e+00
6.473816802915337121e+00
6.473816802915323798e+00
6.473816802915344226e+00
6.473816802915322022e+00
6.473816802915341562e+00
6.473816802915322022e+00
6.473816802915346891e+00
6.473816802915323798e+00
6.473816802915346891e+00
6.473816802915330015e+00
6.473816802915302482e+00
6.473816802915284718e+00
6.473816802915330904e+00
6.473816802915322910e+00
6.473816802915342450e+00
6.473816802915321134e+00
6.473816802915337121e+00
6.473816802915322910e+00
6.473816802915336233e+00
6.473816802915320245e+00
6.473816802915340674e+00
6.473816802915321134e+00
6.473816802915339785e+00
6.473816802915320245e+00
6.473816802915342450e+00
6.473816802915321134e+00
6.473816802915339785e+00
6.473816802915319357e+00
6.473816802915343338e+00
6.473816802915322022e+00
6.473816802915334456e+00
6.473816802915317581e+00
6.473816802915342450e+00
6.473816802915330015e+00
6.473816802915304258e+00
6.473816802915287383e+00
6.473816802915281166e+00
6.473816802915322910e+00
6.473816802915341562e+00
6.473816802915323798e+00
6.473816802915338897e+00
6.473816802915327351e+00
6.473816802915301594e+00
6.473816802915285606e+00
6.473816802915279389e+00
6.473816802915322022e+00
6.473816802915346891e+00
6.473816802915325574e+00
6.473816802915339785e+00
6.473816802915325574e+00
6.473816802915338897e+00
6.473816802915323798e+00
6.473816802915335344e+00
6.473816802915318469e+00
6.473816802915342450e+00
6.473816802915322022e+00
6.473816802915337121e+00
6.473816802915322910e+00
6.473816802915344226e+00
6.473816802915321134e+00
6.473816802915342450e+00
6.473816802915320245e+00
6.473816802915342450e+00
6.473816802915320245e+00
6.473816802915339785e+00
6.473816802915319357e+00
6.473816802915343338e+00
6.473816802915330904e+00
6.473816802915305146e+00
6.473816802915287383e+00
6.473816802915281166e+00
6.473816802915322910e+00
6.473816802915343338e+00
6.473816802915330015e+00
6.473816802915302482e+00
6.473816802915289159e+00
6.473816802915282054e+00
6.473816802915329127e+00
6.473816802915322022e+00
6.473816802915346003e+00
6.473816802915330904e+00
6.473816802915304258e+00
6.473816802915285606e+00
6.473816802915279389e+00
6.473816802915320245e+00
6.473816802915339785e+00
6.473816802915322022e+00
6.473816802915346003e+00
6.473816802915331792e+00
6.473816802915306035e+00
6.473816802915286495e+00
6.473816802915279389e+00
6.473816802915321134e+00
6.473816802915339785e+00
6.473816802915319357e+00
6.473816802915339785e+00
6.473816802915320245e+00
6.473816802915344226e+00
6.473816802915326463e+00
6.473816802915294488e+00
6.473816802915285606e+00
6.473816802915281166e+00
6.473816802915322910e+00
6.473816802915341562e+00
1.000000000000000000e+01
1.000000000000000000e+01
1.000000000000000000e+01
1.000000000000000000e+01
1.000000000000000000e+01
1.000000000000000000e+01
1.000000000000000000e+01
1.000000000000000000e+01
1.000000000000000000e+01
1.000000000000000000e+01
1.000000000000000000e+01
1.000000000000000000e+01
1.000000000000000000e+01
1.000000000000000000e+01
1.000000000000000000e+01
1.000000000000000000e+01
1.000000000000000000e+01
1.000000000000000000e+01
1.000000000000000000e+01
1.000000000000000000e+01
1.000000000000000000e+01
1.000000000000000000e+01
1.000000000000000000e+01
1.000000000000000000e+01
1.000000000000000000e+01
1.000000000000000000e+01
1.000000000000000000e+01
1.000000000000000000e+01
1.000000000000000000e+01
1.000000000000000000e+01
1.000000000000000000e+01
1.000000000000000000e+01
1.000000000000000000e+01
1.000000000000000000e+01
1.000000000000000000e+01
1.000000000000000000e+01
1.000000000000000000e+01
1.000000000000000000e+01
1.000000000000000000e+01
1.000000000000000000e+01
1.000000000000000000e+01
1.000000000000000000e+01
1.000000000000000000e+01
1.000000000000000000e+01
1.000000000000000000e+01
1.000000000000000000e+01
1.000000000000000000e+01
1.000000000000000000e+01
1.000000000000000000e+01
1.000000000000000000e+01
1.000000000000000000e+01
1.000000000000000000e+01
1.000000000000000000e+01
1.000000000000000000e+01
9.999994224537166687e+00
9.646812334016116708e+00
9.259518777966315284e+00
8.976918525934079796e+00
8.820025663039629649e+00
8.758642440224377879e+00
8.752256668830971975e+00
8.768740340293120994e+00
8.788918218331302157e+00
8.804370746479973420e+00
8.813329723491520440e+00
8.817095378130572314e+00
8.817740522415524751e+00
8.817002139664817051e+00
8.815961623228751876e+00
8.815122297541716279e+00
8.814614567671720025e+00
8.814387301565478339e+00
8.814335820741453276e+00
8.814366876968176001e+00
8.814419905708193781e+00
8.814465182927769149e+00
8.814493752615376820e+00
8.814507283275819560e+00
8.814510979533803692e+00
8.814509810227832531e+00
8.814507144649654791e+00
8.814504719621849560e+00
8.814503122991967032e+00
8.814502326749639849e+00
8.814502077033807836e+00
8.814502111173789345e+00
8.814502242963154544e+00
8.814502371864804786e+00
8.814502460502913195e+00
8.814502506882856636e+00
8.814502523088863839e+00
8.814502522887941893e+00
8.814502516504553853e+00
8.814502509708086464e+00
8.814502504819502704e+00
8.814502502142429918e+00
8.814502501120347944e+00
8.814502501041504345e+00
8.814502501342666108e+00
8.814502501699852388e+00
8.814502501967037773e+00
8.814502502118727989e+00
8.814502502180397769e+00
8.814502502189112576e+00
8.814502502174974552e+00
8.814502502156489783e+00
8.814502502141941420e+00
8.814502502133301221e+00
8.814502502129577977e+00
8.814502502128810590e+00
8.814502502129448303e+00
8.814502502133183981e+00
8.814502502134169859e+00
8.814502502133768402e+00
8.814502502133015227e+00
8.814502502132365080e+00
8.814502502134718753e+00
8.814502502137525397e+00
8.814502502139745843e+00
8.814502502138136464e+00
8.814502502138418905e+00
8.814502502136456030e+00
8.814502502134272888e+00
8.814502502132707917e+00
8.814502502131810857e+00
8.814502502131462691e+00
8.814502502131414730e+00
8.814502502134356376e+00
8.814502502134663686e+00
8.814502502136724260e+00
8.814502502136015494e+00
8.814502502134427431e+00
8.814502502133029438e+00
8.814502502132116390e+00
8.814502502131631445e+00
8.814502502131491113e+00
8.814502502131498218e+00
8.814502502131563944e+00
8.814502502131615458e+00
8.814502502134558881e+00
8.814502502134878625e+00
8.814502502134052619e+00
8.814502502133027662e+00
8.814502502132274486e+00
8.814502502131805528e+00
8.814502502131631445e+00
8.814502502131615458e+00
8.814502502131656314e+00
8.814502502134555328e+00
8.814502502134839546e+00
8.814502502134033080e+00
8.814502502133038320e+00
8.814502502132281592e+00
8.814502502131846384e+00
8.814502502131640327e+00
8.814502502131603023e+00
8.814502502131649209e+00
8.814502502131674078e+00
8.814502502131750461e+00
8.814502502131817963e+00
8.814502502131782435e+00
8.814502502131789541e+00
8.814502502131778883e+00
8.814502502131787764e+00
8.814502502131773554e+00
8.814502502131782435e+00
8.814502502131789541e+00
8.814502502131777106e+00
8.814502502131785988e+00
8.814502502131770001e+00
8.814502502131794870e+00
8.814502502134631712e+00
8.814502502134835993e+00
8.814502502134018869e+00
8.814502502133006345e+00
8.814502502135118434e+00
8.814502502134811124e+00
8.814502502133789719e+00
8.814502502132777195e+00
8.814502502132073758e+00
8.814502502131714934e+00
8.814502502134400785e+00
8.814502502137498752e+00
8.814502502139804463e+00
8.814502502138246598e+00
8.814502502135679762e+00
8.814502502133471751e+00
8.814502502132141259e+00
8.814502502131434269e+00
8.814502502131285055e+00
8.814502502131324135e+00
8.814502502131420059e+00
8.814502502131530193e+00
8.814502502131642103e+00
8.814502502131757566e+00
8.814502502131841055e+00
8.814502502131869477e+00
8.814502502134663686e+00
8.814502502137699480e+00
8.814502502137045781e+00
8.814502502135189488e+00
8.814502502133420236e+00
8.814502502132290473e+00
8.814502502134516249e+00
8.814502502134562434e+00
8.814502502133729323e+00
8.814502502135583839e+00
8.814502502135145079e+00
8.814502502133944262e+00
8.814502502135582063e+00
8.814502502137948170e+00
8.814502502139792028e+00
8.814502502138052975e+00
8.814502502135423967e+00
8.814502502133299444e+00
8.814502502132040007e+00
8.814502502131436046e+00
8.814502502131302819e+00
8.814502502131370321e+00
8.814502502134425654e+00
8.814502502134732964e+00
8.814502502133988671e+00
8.814502502133050754e+00
8.814502502132308237e+00
8.814502502131848161e+00
8.814502502131649209e+00
8.814502502131613682e+00
8.814502502131643880e+00
8.814502502134569539e+00
8.814502502134864415e+00
8.814502502136848605e+00
8.814502502136061679e+00
8.814502502137282036e+00
8.814502502136026152e+00
8.814502502134295980e+00
8.814502502132858908e+00
8.814502502131963624e+00
8.814502502134395456e+00
8.814502502134498485e+00
8.814502502133679585e+00
8.814502502135546536e+00
8.814502502137962381e+00
8.814502502136978279e+00
8.814502502134999418e+00
8.814502502136102535e+00
8.814502502135175277e+00
8.814502502136573270e+00
8.814502502135635353e+00
8.814502502134125450e+00
8.814502502132791406e+00
8.814502502132020467e+00
8.814502502134386575e+00
8.814502502134526907e+00
8.814502502133736428e+00
8.814502502132786077e+00
8.814502502134970996e+00
8.814502502134795137e+00
8.814502502133850115e+00
8.814502502135647788e+00
8.814502502138060080e+00
8.814502502137075979e+00
8.814502502135047379e+00
8.814502502133230166e+00
8.814502502132086192e+00
8.814502502131510653e+00
8.814502502131379202e+00
8.814502502131400519e+00
8.814502502131515982e+00
8.814502502134510920e+00
8.814502502134825335e+00
8.814502502134025974e+00
8.814502502133029438e+00
8.814502502132276263e+00
8.814502502131805528e+00
8.814502502131626116e+00
8.814502502134487827e+00
8.814502502134757833e+00
8.814502502136782880e+00
8.814502502136035034e+00
8.814502502137258944e+00
8.814502502136095430e+00
8.814502502134326178e+00
8.814502502132832262e+00
8.814502502131960071e+00
8.814502502131510653e+00
8.814502502131434269e+00
8.814502502131491113e+00
8.814502502131555062e+00
8.814502502131613682e+00
8.814502502134558881e+00
8.814502502134875073e+00
8.814502502134050843e+00
8.814502502133027662e+00
8.814502502132274486e+00
8.814502502131803752e+00
8.814502502131626116e+00
8.814502502134489603e+00
8.814502502134754280e+00
8.814502502136793538e+00
8.814502502136038586e+00
0.000000000000000000e+00
0.000000000000000000e+00
0.000000000000000000e+00
0.000000000000000000e+00
0.000000000000000000e+00
0.000000000000000000e+00
0.000000000000000000e+00
0.000000000000000000e+00
0.000000000000000000e+00
0.000000000000000000e+00
0.000000000000000000e+00
0.000000000000000000e+00
0.000000000000000000e+00
0.000000000000000000e+00
0.000000000000000000e+00
0.000000000000000000e+00
0.000000000000000000e+00
0.000000000000000000e+00
0.000000000000000000e+00
0.000000000000000000e+00
0.000000000000000000e+00
0.000000000000000000e+00
0.000000000000000000e+00
0.000000000000000000e+00
0.000000000000000000e+00
0.000000000000000000e+00
0.000000000000000000e+00
0.000000000000000000e+00
0.000000000000000000e+00
0.000000000000000000e+00
0.000000000000000000e+00
0.000000000000000000e+00
0.000000000000000000e+00
0.000000000000000000e+00
0.000000000000000000e+00
0.000000000000000000e+00
0.000000000000000000e+00
0.000000000000000000e+00
0.000000000000000000e+00
0.000000000000000000e+00
0.000000000000000000e+00
0.000000000000000000e+00
0.000000000000000000e+00
0.000000000000000000e+00
0.000000000000000000e+00
2.274657256545099967e-08
6.324320631143001137e-01
1.792895931763639483e+00
2.747614295574250853e+00
3.290450891803085032e+00
3.487339537199084738e+00
3.484255807970514152e+00
3.406457258021579726e+00
3.327546031804342608e+00
3.275808198441825692e+00
3.252462344802129479e+00
3.248041716726518757e+00
3.252340044546459641e+00
3.258439942991279370e+00
3.263089513104288741e+00
3.265563419331447559e+00
3.266347575951752180e+00
3.266217061489104623e+00
3.265785508327482489e+00
3.265390769543922822e+00
3.265148028556025483e+00
3.265047780707666991e+00
3.265036597525940554e+00
3.265063082509551684e+00
3.265094582709850535e+00
3.265116968141509091e+00
3.265128074642678957e+00
3.265131018277271924e+00
3.265129842581549813e+00
3.265127512753410066e+00
3.265125560227112089e+00
3.265124437466813134e+00
3.265124017874691642e+00
3.265124011529863424e+00
3.265124164033336385e+00
3.265124323413111984e+00
3.265124429663975203e+00
3.265124478621804993e+00
3.265124488743804676e+00
3.265124480606548030e+00
3.265124468394219104e+00
3.265124458908006400e+00
3.265124453772337176e+00
3.265124452081605622e+00
3.265124452287828660e+00
3.265124453140922256e+00
3.265124453940860594e+00
3.265124458401792218e+00
3.265124458729434576e+00
3.265124457375903511e+00
3.265124455858486652e+00
3.265124454809618548e+00
3.265124454305089685e+00
3.265124458144209818e+00
3.265124458326245982e+00
3.265124461019372593e+00
3.265124459761655107e+00
3.265124457446272110e+00
3.265124455539683890e+00
3.265124454454793934e+00
3.265124454060716275e+00
3.265124454066265614e+00
3.265124454221381534e+00
3.265124458339799141e+00
3.265124462520177406e+00
3.265124461301288417e+00
3.265124458462226098e+00
3.265124456001882169e+00
3.265124454545460964e+00
3.265124453978865748e+00
3.265124453947666705e+00
3.265124454130323262e+00
3.265124454330146975e+00
3.265124454466614257e+00
3.265124458492165704e+00
3.265124458623152925e+00
3.265124457232266852e+00
3.265124455750924248e+00
3.265124454753360439e+00
3.265124454287965161e+00
3.265124454187039671e+00
3.265124454259548337e+00
3.265124454372444696e+00
3.265124454461166614e+00
3.265124454509679808e+00
3.265124458486854397e+00
3.265124458601410762e+00
3.265124457211899589e+00
3.265124455738185549e+00
3.265124454747954985e+00
3.265124454287227529e+00
3.265124454188315539e+00
3.265124454261139952e+00
3.265124454373582008e+00
3.265124454461729275e+00
3.265124454509860552e+00
3.265124454525977438e+00
3.265124458485162862e+00
3.265124458593534396e+00
3.265124457204422459e+00
3.265124455733487974e+00
3.265124454745945926e+00
3.265124454286945088e+00
3.265124454188802261e+00
3.265124454261787434e+00
3.265124458334952351e+00
3.265124458539041541e+00
3.265124457205270669e+00
3.265124455755016530e+00
3.265124454767752926e+00
3.265124454301233214e+00
3.265124454195239334e+00
3.265124454262949172e+00
3.265124454372845708e+00
3.265124454460273551e+00
3.265124454508624652e+00
3.265124454525258013e+00
3.265124454524058528e+00
3.265124458477358438e+00
3.265124458586208700e+00
3.265124461160672453e+00
3.265124459808538493e+00
3.265124461401847533e+00
3.265124459593523820e+00
3.265124457128251390e+00
3.265124455276072979e+00
3.265124454304013213e+00
3.265124454005422283e+00
3.265124454066515192e+00
3.265124454242584573e+00
3.265124454400675447e+00
3.265124454496654671e+00
3.265124454535519583e+00
3.265124454539162446e+00
3.265124454528144149e+00
3.265124458476298397e+00
3.265124462544404693e+00
3.265124461274534706e+00
3.265124458425495035e+00
3.265124455974224738e+00
3.265124454530914822e+00
3.265124453974377339e+00
3.265124457909415412e+00
3.265124458209935465e+00
3.265124457027808180e+00
3.265124455697092198e+00
3.265124454775426788e+00
3.265124454331087112e+00
3.265124454223080175e+00
3.265124454280278421e+00
3.265124458340995517e+00
3.265124458538198216e+00
3.265124457202092323e+00
3.265124455752059784e+00
3.265124454765967688e+00
3.265124454300524448e+00
3.265124458156040799e+00
3.265124458340139313e+00
3.265124457068334429e+00
3.265124455689463634e+00
3.265124454752202254e+00
3.265124454310076807e+00
3.265124454210238891e+00
3.265124454275046162e+00
3.265124454379591867e+00
3.265124454462640990e+00
3.265124454508522067e+00
3.265124454524270803e+00
3.265124454523089526e+00
3.265124454515893948e+00
3.265124454508935958e+00
3.265124454504499507e+00
3.265124454502566831e+00
3.265124458463112944e+00
3.265124458579654387e+00
3.265124457198473884e+00
3.265124455732619779e+00
3.265124458708177357e+00
3.265124458365709526e+00
3.265124456885379445e+00
3.265124455491418054e+00
3.265124454617689409e+00
3.265124454246712382e+00
3.265124454195992065e+00
3.265124458245276085e+00
3.265124458471628355e+00
3.265124461130707978e+00
3.265124463782007158e+00
3.265124461542300516e+00
3.265124458232040894e+00
3.265124455673633630e+00
3.265124454294851208e+00
3.265124453845337449e+00
3.265124453905210000e+00
3.265124454137229293e+00
3.265124454353333316e+00
3.265124454487859929e+00
3.265124454544370280e+00
3.265124454551617372e+00
3.265124454537621457e+00
3.265124454520467179e+00
3.265124454508116614e+00
3.265124454501890483e+00
3.265124454500183848e+00
3.265124454500772266e+00
3.265124454502053908e+00
3.265124454503143259e+00
3.265124454503785856e+00
3.265124454504030549e+00
3.265124454504045648e+00
3.265124454503961271e+00
3.265124454503863127e+00
3.265124454503776974e+00
3.265124454503767648e+00
3.265124454503788520e+00
3.265124454503795626e+00
3.265124454503797846e+00
3.265124454503794738e+00
3.265124454503793405e+00
3.265124454503792961e+00
3.265124454503797402e+00
3.265124454503795182e+00
3.265124454503798734e+00
3.265124454503795626e+00
3.265124454503795182e+00
3.265124454503794738e+00
3.265124454503793849e+00
3.265124454503796514e+00
3.265124454503799178e+00
3.265124454503796070e+00
3.265124454503793849e+00
3.265124454503798290e+00
3.265124454503794293e+00
3.265124454503793849e+00
3.265124454503796958e+00
3.265124454503799623e+00
3.265124454503800511e+00
3.265124454503797402e+00
3.265124454503798734e+00
3.265124454503800511e+00
3.265124454503800955e+00
3.265124454503797846e+00
3.265124454503799623e+00
3.265124454503795182e+00
3.265124454503799178e+00
3.265124454503795626e+00
3.265124454503798734e+00
3.265124454503796514e+00
3.265124454503798290e+00
3.265124454503796958e+00
3.265124454503796958e+00
3.265124454503794738e+00
3.265124454503798290e+00
3.265124454503795626e+00
