1.479155544871898764e-01
2.916826111451478187e-01
4.307392817932574891e-01
5.658025494441154546e-01
6.968565629551356500e-01
8.239305912168927160e-01
9.471763740937089171e-01
1.066979627871197378e+00
1.183334610064787906e+00
1.296579788326175375e+00
1.406183410809998202e+00
1.513227055440467872e+00
1.616787383435326797e+00
1.717880880438577895e+00
1.816224402056837883e+00
1.911761546522696920e+00
2.005131888646324079e+00
2.095703925810725732e+00
2.184018792374826656e+00
2.270361802692287156e+00
2.354052229215688463e+00
2.435784110524969126e+00
2.515717040716318298e+00
2.593232422463283893e+00
2.666833925325598820e+00
2.731199365482973374e+00
2.784001683937176619e+00
2.824694239860873868e+00
2.854663855322530530e+00
2.875561502525303847e+00
2.889191967685209139e+00
2.897298144495997985e+00
2.901420458524353041e+00
2.902834520554927078e+00
2.902540209687513695e+00
2.901281650963375203e+00
2.899583283815850621e+00
2.897791793240259928e+00
2.896117466564586351e+00
2.894671256400479731e+00
2.893495807398192454e+00
2.892590003657514952e+00
2.891927422645020229e+00
2.891469464377760534e+00
2.891174144598725348e+00
2.891001529446692420e+00
2.890916692416648281e+00
2.890890955613223845e+00
2.890902007687475184e+00
2.890933373018311325e+00
2.890973539448354224e+00
2.891014978497346899e+00
2.891053195390752339e+00
2.891085887243843189e+00
2.891112244537364706e+00
2.891132402591442219e+00
2.891147032632832570e+00
2.891157053012360034e+00
2.891163437843843553e+00
2.891167100508904575e+00
2.891168831797546357e+00
2.891169275689736029e+00
2.891168929329879234e+00
2.891168157041562825e+00
2.891167211168706341e+00
2.891166254885912945e+00
2.891165383973588021e+00
2.891164645904810371e+00
2.891164055558426149e+00
2.891163607455017992e+00
2.891163284813936141e+00
2.891163065894998052e+00
2.891162928152944733e+00
2.891162850732173162e+00
2.891162815750742965e+00
2.891162808765977754e+00
2.891162818711527027e+00
2.891162837540754094e+00
2.891162859730313617e+00
2.891162881750581004e+00
2.891162901568433696e+00
2.891162918210928190e+00
2.891162931418548965e+00
2.891162941369304296e+00
2.891162948475440420e+00
2.891162953250462575e+00
2.891162956214924140e+00
2.891162957844287007e+00
2.891162958542357497e+00
2.891162958632732760e+00
2.891162958361468416e+00
2.891162957906072251e+00
2.891162957387249044e+00
2.891162956882139756e+00
2.891162956431757358e+00
2.891162956056785305e+00
2.891162955761462428e+00
2.891162955540639512e+00
2.891162955384201982e+00
2.891162955280116353e+00
2.891162955216392660e+00
2.891162955182206673e+00
2.891162955168444348e+00
2.891162955168819160e+00
2.891162955175844207e+00
2.891162955186629357e+00
2.891162955198570028e+00
2.891162955210038188e+00
2.891162955220135000e+00
2.891162955228469666e+00
2.891162955234985343e+00
2.891162955239821031e+00
2.891162955243219201e+00
2.891162955245455191e+00
2.891162955246803890e+00
2.891162955247507327e+00
2.891162955247771116e+00
2.891162955247751576e+00
2.891162955247571276e+00
2.891162955247314592e+00
2.891162955247037036e+00
2.891162955246773691e+00
2.891162955246544541e+00
2.891162955246356692e+00
2.891162955246210586e+00
2.891162955247062349e+00
2.891162955246884270e+00
2.891162955246694644e+00
2.891162955247471356e+00
2.891162955247212452e+00
2.891162955247900790e+00
2.891162955247549071e+00
2.891162955247193800e+00
2.891162955246871391e+00
2.891162955247556621e+00
2.891162955248192112e+00
2.891162955247779998e+00
2.891162955247368327e+00
2.891162955246996624e+00
2.891162955246683985e+00
2.891162955246434851e+00
2.891162955246245669e+00
2.891162955246111110e+00
2.891162955246020960e+00
2.891162955245963673e+00
2.891162955245932142e+00
2.891162955245916155e+00
2.891162955245913491e+00
2.891162955245917487e+00
2.891162955245925481e+00
2.891162955246892263e+00
2.891162955246800781e+00
2.891162955246667110e+00
2.891162955246523669e+00
2.891162955246390442e+00
2.891162955246270538e+00
2.891162955246172839e+00
2.891162955246097788e+00
2.891162955246042277e+00
2.891162955246961097e+00
2.891162955246833199e+00
2.891162955246677324e+00
2.891162955246519228e+00
2.891162955247332356e+00
2.891162955247106314e+00
2.891162955246867394e+00
2.891162955246642241e+00
2.891162955246449506e+00
2.891162955246291411e+00
2.891162955246169730e+00
2.891162955247038813e+00
2.891162955246874500e+00
2.891162955246691979e+00
2.891162955246517452e+00
2.891162955246365129e+00
2.891162955246239452e+00
2.891162955246139088e+00
2.891162955246068922e+00
2.891162955246017852e+00
2.891162955245984989e+00
2.891162955245964561e+00
2.891162955245954791e+00
2.891162955246906918e+00
2.891162955246803890e+00
2.891162955246664445e+00
2.891162955246517896e+00
2.891162955246381117e+00
2.891162955246261212e+00
2.891162955246165289e+00
2.891162955246092015e+00
2.891162955246040056e+00
2.891162955246001864e+00
2.891162955245978328e+00
2.891162955245964561e+00
2.891162955246916688e+00
2.891162955246810107e+00
2.891162955247625899e+00
2.891162955247373656e+00
2.891162955247093436e+00
2.891162955246822985e+00
2.891162955246587174e+00
2.891162955246392663e+00
2.891162955246239008e+00
2.891162955247081889e+00
2.891162955246897592e+00
2.891162955246702637e+00
2.891162955246518784e+00
2.891162955246360244e+00
2.891162955246232791e+00
2.891162955247089439e+00
2.891162955247870148e+00
2.891162955247574384e+00
2.891162955247249311e+00
2.891162955246939781e+00
2.891162955247625899e+00
2.891162955247296384e+00
2.891162955246980193e+00
2.891162955246700417e+00
2.891162955246468602e+00
2.891162955246286081e+00
2.891162955246152855e+00
2.891162955246058708e+00
2.891162955245995203e+00
2.891162955245955235e+00
2.891162955245935251e+00
2.891162955245926813e+00
2.891162955245926813e+00
2.891162955245930810e+00
2.891162955245938804e+00
2.891162955245947686e+00
2.891162955245957011e+00
2.891162955246918909e+00
2.891162955246819877e+00
2.891162955246681321e+00
2.891162955246534327e+00
2.891162955246393995e+00
2.891162955246271871e+00
2.891162955246172839e+00
2.891162955246097788e+00
2.891162955246997512e+00
2.891162955246854960e+00
2.891162955246687982e+00
2.891162955246523669e+00
2.891162955246374899e+00
2.891162955246251443e+00
2.891162955246153299e+00
2.891162955246080468e+00
2.891162955246986854e+00
2.891162955246846078e+00
2.891162955247639221e+00
2.891162955247372324e+00
2.891162955247084110e+00
2.891162955246810551e+00
2.891162955246571631e+00
2.891162955246376676e+00
2.891162955246224353e+00
2.891162955247070343e+00
2.891162955246888266e+00
2.891162955246695532e+00
2.891162955246513455e+00
2.891162955247314592e+00
2.891162955247083666e+00
2.891162955246844302e+00
2.891162955246621369e+00
2.891162955246431743e+00
2.891162955246278088e+00
2.891162955247114752e+00
2.891162955246925570e+00
2.891162955246723953e+00
2.891162955247493560e+00
2.891162955247227107e+00
2.891162955246953548e+00
2.891162955246700417e+00
2.891162955247442046e+00
2.891162955247164934e+00
2.891162955246889599e+00
2.891162955246641797e+00
2.891162955246434851e+00
2.891162955246270538e+00
2.891162955246146637e+00
2.891162955246058264e+00
2.891162955245997868e+00
2.891162955245961452e+00
2.891162955245942356e+00
2.891162955245933031e+00
2.891162955245932142e+00
2.891162955246891375e+00
2.891162955246793231e+00
2.891162955247615685e+00
2.891162955247368327e+00
2.891162955247092547e+00
2.891162955246825206e+00
2.891162955246589394e+00
2.891162955246394883e+00
2.891162955246241228e+00
2.891162955247084110e+00
2.891162955246899813e+00
2.891162955246705302e+00
2.891162955246521893e+00
2.891162955246362465e+00
2.891162955246234123e+00
2.959751232836964618e+00
3.026873437800233546e+00
3.092004883392836856e+00
3.155593728966236799e+00
3.217840013258989718e+00
3.278777029049619429e+00
3.337964433185642843e+00
3.395738676221510488e+00
3.452310891643153301e+00
3.507709888673867571e+00
3.561838345590451649e+00
3.614468552987653460e+00
3.666016655656649803e+00
3.716507850061885332e+00
3.765966628315215114e+00
3.814302624388976604e+00
3.861320693661133951e+00
3.907384657331532729e+00
3.952516173586555048e+00
3.996736433346234296e+00
4.040066163155580092e+00
4.082240957007499560e+00
4.123407232184746363e+00
4.163750926380615169e+00
4.203290363025550036e+00
4.242043307569139721e+00
4.280026993712978900e+00
4.317184312213614206e+00
4.353342635549588557e+00
4.388787272061039246e+00
4.423533609903242514e+00
4.457596655115662720e+00
4.490991043066859589e+00
4.523731049480359090e+00
4.555830601059911444e+00
4.587078779654292227e+00
4.617655702655411254e+00
4.647637200511482547e+00
4.677035748863167974e+00
4.705863587763275291e+00
4.733122480265316234e+00
4.757045709762051544e+00
4.776901326875685250e+00
4.792624670385674079e+00
4.804545239861714556e+00
4.813192720747337283e+00
4.819132095838885910e+00
4.822975738742844243e+00
4.825281825626857035e+00
4.826490004839473436e+00
4.826952762719375123e+00
4.826940851080177453e+00
4.826653630380968174e+00
4.826231375152620018e+00
4.825767624879072848e+00
4.825320486670811704e+00
4.824922330223615496e+00
4.824587695006391286e+00
4.824319461429424472e+00
4.824113468743102651e+00
4.823961822622354845e+00
4.823855149087678207e+00
4.823784038010780151e+00
4.823739882578919946e+00
4.823715302572932018e+00
4.823704280192565363e+00
4.823702120180472619e+00
4.823705309276197895e+00
4.823711332524224460e+00
4.823718476279925227e+00
4.823725644550872715e+00
4.823732196574053610e+00
4.823737813914390493e+00
4.823742393232632431e+00
4.823745965622610932e+00
4.823748637711534393e+00
4.823750550727911701e+00
4.823751855377028441e+00
4.823752690098281448e+00
4.823753179221796472e+00
4.823753421939299457e+00
4.823753502058240272e+00
4.823753478271075146e+00
4.823753396899621571e+00
4.823753289156400115e+00
4.823753175531809489e+00
4.823753068472432126e+00
4.823752974684302863e+00
4.823752896846241534e+00
4.823752835100640013e+00
4.823752788174314077e+00
4.823752754001308318e+00
4.823752730257615084e+00
4.823752714673299913e+00
4.823752705209473746e+00
4.823752700141016980e+00
4.823752698077132806e+00
4.823752697943954004e+00
4.823752698946544015e+00
4.823752700522236481e+00
4.823752702293059968e+00
4.823752704021813997e+00
4.823752705574080757e+00
4.823752706887128205e+00
4.823752707945470952e+00
4.823752708762481411e+00
4.823752709367155944e+00
4.823752709795043891e+00
4.823752710082394479e+00
4.823752710262659171e+00
4.823752710364738405e+00
4.823752710449125125e+00
4.823752710457130277e+00
4.823752710441819858e+00
4.823752710451092440e+00
4.823752710415197598e+00
4.823752710378009567e+00
4.823752710343338634e+00
4.823752710313186753e+00
4.823752710288310652e+00
4.823752710268696120e+00
4.823752710253867093e+00
4.823752710279946676e+00
4.823752710268880861e+00
4.823752710259013199e+00
4.823752710250710507e+00
4.823752710244052722e+00
4.823752710238934149e+00
4.823752710235163832e+00
4.823752710232509067e+00
4.823752710230735374e+00
4.823752710229632257e+00
4.823752710229018525e+00
4.823752710228741414e+00
4.823752710228686347e+00
4.823752710265571508e+00
4.823752710262061427e+00
4.823752710257195098e+00
4.823752710251966391e+00
4.823752710246985487e+00
4.823752710242585451e+00
4.823752710238913721e+00
4.823752710235988950e+00
4.823752710233750740e+00
4.823752710232113827e+00
4.823752710230969853e+00
4.823752710230213125e+00
4.823752710229749496e+00
4.823752710229493701e+00
4.823752710229386231e+00
4.823752710229371132e+00
4.823752710229414653e+00
4.823752710229483931e+00
4.823752710229566532e+00
4.823752710229650020e+00
4.823752710229721963e+00
4.823752710229784135e+00
4.823752710229833873e+00
4.823752710266679955e+00
4.823752710263051746e+00
4.823752710258026433e+00
4.823752710252628084e+00
4.823752710247492637e+00
4.823752710242962927e+00
4.823752710239182839e+00
4.823752710236164809e+00
4.823752710233859098e+00
4.823752710232174223e+00
4.823752710230994722e+00
4.823752710230214014e+00
4.823752710229733509e+00
4.823752710229474161e+00
4.823752710229364027e+00
4.823752710229347151e+00
4.823752710229392449e+00
4.823752710229463503e+00
4.823752710229547880e+00
4.823752710229631369e+00
4.823752710229703311e+00
4.823752710229767260e+00
4.823752710229815222e+00
4.823752710229859630e+00
4.823752710229889828e+00
4.823752710229912033e+00
4.823752710229924467e+00
4.823752710229935126e+00
4.823752710229941343e+00
4.823752710229945784e+00
4.823752710229944896e+00
4.823752710229944007e+00
4.823752710229942231e+00
4.823752710266751009e+00
4.823752710263091714e+00
4.823752710294859192e+00
4.823752710322606774e+00
4.823752710308759184e+00
4.823752710293772061e+00
4.823752710279431533e+00
4.823752710266729693e+00
4.823752710256101750e+00
4.823752710247612541e+00
4.823752710241113739e+00
4.823752710236350438e+00
4.823752710269824995e+00
4.823752710263957688e+00
4.823752710257550369e+00
4.823752710288203183e+00
4.823752710279075373e+00
4.823752710269442190e+00
4.823752710260360566e+00
4.823752710252396270e+00
4.823752710245783781e+00
4.823752710240540864e+00
4.823752710236554719e+00
4.823752710270462707e+00
4.823752710264792576e+00
4.823752710258426113e+00
4.823752710252216858e+00
4.823752710246643538e+00
4.823752710241925534e+00
4.823752710238125019e+00
4.823752710235194030e+00
4.823752710269833877e+00
4.823752710264645138e+00
4.823752710258569998e+00
4.823752710252518838e+00
4.823752710247005915e+00
4.823752710242295905e+00
4.823752710238467856e+00
4.823752710272303013e+00
4.823752710266425048e+00
4.823752710259794796e+00
4.823752710253311982e+00
4.823752710247480202e+00
4.823752710242541930e+00
4.823752710238557562e+00
4.823752710235480912e+00
4.823752710233204510e+00
4.823752710231588914e+00
4.823752710230501783e+00
4.823752710229819662e+00
4.823752710229429752e+00
4.823752710229249452e+00
4.823752710229205043e+00
4.823752710229244123e+00
4.823752710229328500e+00
4.823752710229433305e+00
4.823752710229535445e+00
4.823752710229631369e+00
4.823752710229714857e+00
4.823752710229779694e+00
4.823752710266647092e+00
4.823752710263028654e+00
4.823752710258011334e+00
4.823752710252622755e+00
4.823752710247490860e+00
4.823752710242961150e+00
4.823752710239181951e+00
4.823752710236163921e+00
4.823752710233863539e+00
4.823752710232178664e+00
4.823752710230997387e+00
4.823752710230216678e+00
4.823752710229737950e+00
4.823752710229477714e+00
4.823752710229366691e+00
4.823752710229351592e+00
4.823752710229398666e+00
4.823752710229471496e+00
4.823752710266367316e+00
4.823752710262788845e+00
4.823752710257819487e+00
4.823752710252474429e+00
4.823752710247385167e+00
4.823752710242885655e+00
4.823752710239125996e+00
4.823752710236132835e+00
4.823752710233847552e+00
4.823752710232172447e+00
4.823752710230998275e+00
4.823752710230222007e+00
4.823752710229739726e+00
4.823752710229480378e+00
4.823752710266179022e+00
4.823752710262508181e+00
4.823752710257506848e+00
4.823752710252170672e+00
4.823752710283921274e+00
4.823752710275808653e+00
4.823752710267050325e+00
4.823752710258690790e+00
4.823752710251294928e+00
4.823752710245111430e+00
4.823752710240175823e+00
4.823752710236405505e+00
4.823752710233639718e+00
4.823752710231703489e+00
4.823752710230419183e+00
4.823752710229626928e+00
4.823752710229194385e+00
4.727158618142544455e+00
4.632347227602559236e+00
4.539165171657799647e+00
4.447175081208695424e+00
4.356991708126900953e+00
4.268209448772664061e+00
4.180751611418661362e+00
4.100489543877786858e+00
4.031439808366775956e+00
3.974987282249273335e+00
3.931316799704088094e+00
3.899083864728503102e+00
3.876457617510115750e+00
3.861492395730097726e+00
3.852354282473449132e+00
3.847442558522308875e+00
3.845438904900836619e+00
3.845310096543381739e+00
3.846283412693558557e+00
3.847808464459732569e+00
3.849514601325435326e+00
3.851169673116981329e+00
3.852643350935626376e+00
3.853876469187974330e+00
3.854856661051059952e+00
3.855599921704292221e+00
3.856137267682859804e+00
3.856505610666030037e+00
3.856741906282313170e+00
3.856879749897465182e+00
3.856947703361389479e+00
3.856968781982907934e+00
3.856960668321451902e+00
3.856936320614952951e+00
3.856904765488093023e+00
3.856871906526510685e+00
3.856841303531238108e+00
3.856814816479035457e+00
3.856793152482421050e+00
3.856776278576876216e+00
3.856763736816287036e+00
3.856754864004126038e+00
3.856748938169149099e+00
3.856745269331142367e+00
3.856743249355158554e+00
3.856742373443443395e+00
3.856742243163057804e+00
3.856742558457746828e+00
3.856743103985556864e+00
3.856743733408756647e+00
3.856744353932768821e+00
3.856744912407047643e+00
3.856745383608191524e+00
3.856745760866144845e+00
3.856746048912233604e+00
3.856746258674755623e+00
3.856746403684345736e+00
3.856746497744913071e+00
3.856746553554089019e+00
3.856746582002327450e+00
3.856746591930946710e+00
3.856746590179155110e+00
3.856746581794994633e+00
3.856746570322120871e+00
3.856746558104504619e+00
3.856746546573580403e+00
3.856746536498882438e+00
3.856746528194472834e+00
3.856746521680749051e+00
3.856746516805441782e+00
3.856746513329830428e+00
3.856746510986796661e+00
3.856746509517178456e+00
3.856746508690212849e+00
3.856746508312786759e+00
3.856746508231392312e+00
3.856746508329617740e+00
3.856746508523300587e+00
3.856746508754746117e+00
3.856746508986941713e+00
3.856746509198287320e+00
3.856746509378138565e+00
3.856746509523199862e+00
3.856746509634719988e+00
3.856746509716512783e+00
3.856746509773524956e+00
3.856746509810897283e+00
3.856746509833423264e+00
3.856746509845251136e+00
3.856746509849772853e+00
3.856746509849630744e+00
3.856746509846792570e+00
3.856746509842644777e+00
3.856746509838115067e+00
3.856746509833777647e+00
3.856746509829951375e+00
3.856746509826770364e+00
3.856746509824257707e+00
3.856746509822364111e+00
3.856746509821006530e+00
3.856746509820083268e+00
3.856746509819495294e+00
3.856746509819156010e+00
3.856746509818992585e+00
3.856746509818947732e+00
3.856746509818976154e+00
3.856746509819045432e+00
3.856746509819129809e+00
3.856746509819217295e+00
3.856746509819299451e+00
3.856746509819367397e+00
3.856746509819422908e+00
3.856746509819466429e+00
3.856746509819494850e+00
3.856746509819516611e+00
3.856746509819531710e+00
3.856746509819540147e+00
3.856746509819545921e+00
3.856746509819549473e+00
3.856746509819551250e+00
3.856746509819552138e+00
3.856746509819551694e+00
3.856746509819549473e+00
3.856746509819547253e+00
3.856746509819545476e+00
3.856746509819541480e+00
3.856746509819539259e+00
3.856746509819537927e+00
3.856746509819539259e+00
3.856746509819540147e+00
3.856746509819541036e+00
3.856746509819541480e+00
3.856746509819543256e+00
3.856746509819545476e+00
3.856746509819542368e+00
3.856746509819540147e+00
3.856746509819538815e+00
3.856746509819540147e+00
3.856746509819541036e+00
3.856746509819541480e+00
3.856746509819543256e+00
3.856746509819545476e+00
3.856746509819542368e+00
3.856746509819540147e+00
3.856746509819538815e+00
3.856746509819540147e+00
3.856746509819541036e+00
3.856746509819541480e+00
3.856746509819543256e+00
3.856746509819545476e+00
3.856746509819542368e+00
3.856746509819540147e+00
3.856746509819538815e+00
3.856746509819540147e+00
3.856746509819541036e+00
3.856746509819541480e+00
3.856746509819543256e+00
3.856746509819545476e+00
3.856746509819542368e+00
3.856746509819540147e+00
3.856746509819538815e+00
3.856746509819540147e+00
3.856746509819541036e+00
3.856746509819541480e+00
3.856746509819543256e+00
3.856746509819545476e+00
3.856746509819542368e+00
3.856746509819540147e+00
3.856746509819538815e+00
3.856746509819540147e+00
3.856746509819541036e+00
3.856746509819541480e+00
3.856746509819543256e+00
3.856746509819545476e+00
3.856746509819542368e+00
3.856746509819540147e+00
3.856746509819538815e+00
3.856746509819540147e+00
3.856746509819541036e+00
3.856746509819541480e+00
3.856746509819543256e+00
3.856746509819545476e+00
3.856746509819542368e+00
3.856746509819540147e+00
3.856746509819538815e+00
3.856746509819540147e+00
3.856746509819541036e+00
3.856746509819541480e+00
3.856746509819543256e+00
3.856746509819545476e+00
3.856746509819542368e+00
3.856746509819540147e+00
3.856746509819538815e+00
3.856746509819540147e+00
3.856746509819541036e+00
3.856746509819541480e+00
3.856746509819543256e+00
3.856746509819545476e+00
3.856746509819542368e+00
3.856746509819540147e+00
3.856746509819538815e+00
3.856746509819540147e+00
3.856746509819541036e+00
3.856746509819541480e+00
3.856746509819543256e+00
3.856746509819545476e+00
3.856746509819542368e+00
3.856746509819540147e+00
3.856746509819538815e+00
3.856746509819540147e+00
3.856746509819541036e+00
3.856746509819541480e+00
3.856746509819543256e+00
3.856746509819545476e+00
3.856746509819542368e+00
3.856746509819540147e+00
3.856746509819538815e+00
3.856746509819540147e+00
3.856746509819541036e+00
3.856746509819541480e+00
3.856746509819543256e+00
3.856746509819545476e+00
3.856746509819542368e+00
3.856746509819540147e+00
3.856746509819538815e+00
3.856746509819540147e+00
3.856746509819541036e+00
3.856746509819541480e+00
3.856746509819543256e+00
3.856746509819545476e+00
3.856746509819542368e+00
3.856746509819540147e+00
3.856746509819538815e+00
3.856746509819540147e+00
3.856746509819541036e+00
3.856746509819541480e+00
3.856746509819543256e+00
3.856746509819545476e+00
3.856746509819542368e+00
3.856746509819540147e+00
3.856746509819538815e+00
3.856746509819540147e+00
3.856746509819541036e+00
3.856746509819541480e+00
3.856746509819543256e+00
3.856746509819545476e+00
3.856746509819542368e+00
3.856746509819540147e+00
3.856746509819538815e+00
3.856746509819540147e+00
3.856746509819541036e+00
3.856746509819541480e+00
3.856746509819543256e+00
3.856746509819545476e+00
3.856746509819542368e+00
3.856746509819540147e+00
3.856746509819538815e+00
3.856746509819540147e+00
3.856746509819541036e+00
3.856746509819541480e+00
3.856746509819543256e+00
3.856746509819545476e+00
3.856746509819542368e+00
3.856746509819540147e+00
3.856746509819538815e+00
3.856746509819540147e+00
3.856746509819541036e+00
3.856746509819541480e+00
3.856746509819543256e+00
3.856746509819545476e+00
3.856746509819542368e+00
3.856746509819540147e+00
3.856746509819538815e+00
3.856746509819540147e+00
3.856746509819541036e+00
3.856746509819541480e+00
3.856746509819543256e+00
3.856746509819545476e+00
3.856746509819542368e+00
3.856746509819540147e+00
3.856746509819538815e+00
3.856746509819540147e+00
3.856746509819541036e+00
3.856746509819541480e+00
3.856746509819543256e+00
3.856746509819545476e+00
3.856746509819542368e+00
3.856746509819540147e+00
3.856746509819538815e+00
3.856746509819540147e+00
3.856746509819541036e+00
3.856746509819541480e+00
3.856746509819543256e+00
3.856746509819545476e+00
3.856746509819542368e+00
3.856746509819540147e+00
3.856746509819538815e+00
3.856746509819540147e+00
3.856746509819541036e+00
3.856746509819541480e+00
3.902903192185492642e+00
3.948125321210411709e+00
3.992434133582370315e+00
4.035850401291931178e+00
4.078153713723539298e+00
4.119401769273040692e+00
4.159825413508507097e+00
4.199443026129559442e+00
4.238272426185671016e+00
4.276330898477298526e+00
4.313594795404481985e+00
4.349824041260212049e+00
4.385338068256358746e+00
4.420152302702214264e+00
4.454281787644141843e+00
4.487741194352683927e+00
4.520544833388711936e+00
4.552706665267256980e+00
4.584043800433286187e+00
4.614679870734221367e+00
4.644719278192548373e+00
4.674174521571969443e+00
4.703057864058329152e+00
4.731381333385327181e+00
4.759156722432600795e+00
4.786395590248254450e+00
4.813109263451397446e+00
4.839040740384500161e+00
4.864438611682318836e+00
4.889349429071558895e+00
4.913783300084489269e+00
4.937750060235961413e+00
4.961259284212968801e+00
4.984320296429432418e+00
5.006942180988112945e+00
5.029133791088619354e+00
5.050903757917536652e+00
5.072237648777825569e+00
5.093001352769433332e+00
5.113370934532730061e+00
5.133354275999802319e+00
5.152959088936551524e+00
5.172192911687033323e+00
5.191063123059386442e+00
5.209576940621590602e+00
5.227741425972796563e+00
5.245281166658993577e+00
5.260930623956387109e+00
5.274117230615023466e+00
5.284721819485193706e+00
5.292899655161720673e+00
5.298952338965878361e+00
5.303240472073200706e+00
5.306127644338586080e+00
5.307947539502050560e+00
5.308987403237427571e+00
5.309482426986151360e+00
5.309617016428118674e+00
5.309529950805366383e+00
5.309321354072958243e+00
5.309060120974114838e+00
5.308790962819901260e+00
5.308540615322424827e+00
5.308323009101934886e+00
5.308143407528262969e+00
5.308001574473163231e+00
5.307894082661067436e+00
5.307815951786312603e+00
5.307761720126009664e+00
5.307726125210995960e+00
5.307704485269344907e+00
5.307692856887689992e+00
5.307688071917390005e+00
5.307687690107367295e+00
5.307689905156771637e+00
5.307693440440003130e+00
5.307697437743693847e+00
5.307701354567616825e+00
5.307704885095265723e+00
5.307707883383871561e+00
5.307710310496925210e+00
5.307712196683297634e+00
5.307713598896575569e+00
5.307714598953039875e+00
5.307715277735394643e+00
5.307715710314218072e+00
5.307715961841698693e+00
5.307716086023002156e+00
5.307716125222070147e+00
5.307716111510205614e+00
5.307716068172553037e+00
5.307716011350202656e+00
5.307715951618356520e+00
5.307715895389962135e+00
5.307715846095484302e+00
5.307715805129645581e+00
5.307715772580031910e+00
5.307715747765246128e+00
5.307715729615262390e+00
5.307715716926830751e+00
5.307715708523798703e+00
5.307715703348155678e+00
5.307715700502781964e+00
5.307715699262343989e+00
5.307715699064682546e+00
5.307715699491602379e+00
5.307715700245173807e+00
5.307715701123431273e+00
5.307715701997882896e+00
5.307715702794018497e+00
5.307715703475255786e+00
5.307715704030285586e+00
5.307715704463499051e+00
5.307715704788055433e+00
5.307715705021084140e+00
5.307715705180518384e+00
5.307715705283208685e+00
5.307715705343911239e+00
5.307715705374874915e+00
5.307715705385824378e+00
5.307715705384159932e+00
5.307715705375292359e+00
5.307715705363001746e+00
5.307715705349790980e+00
5.307715705337189505e+00
5.307715705326045530e+00
5.307715705316714327e+00
5.307715705309250964e+00
5.307715705303531095e+00
5.307715705299314024e+00
5.307715705296348396e+00
5.307715705294365982e+00
5.307715705293129638e+00
5.307715705292437747e+00
5.307715705292119779e+00
5.307715705292047836e+00
5.307715705292127772e+00
5.307715705292285868e+00
5.307715705292479491e+00
5.307715705292673114e+00
5.307715705292848085e+00
5.307715705293002628e+00
5.307715705293132302e+00
5.307715705293233555e+00
5.307715705293309938e+00
5.307715705293363229e+00
5.307715705293402308e+00
5.307715705293427177e+00
5.307715705293444053e+00
5.307715705293450270e+00
5.307715705293453823e+00
5.307715705293453823e+00
5.307715705293452935e+00
5.307715705293449382e+00
5.307715705293447606e+00
5.307715705293444941e+00
5.307715705293444053e+00
5.307715705293441388e+00
5.307715705293439612e+00
5.307715705293436947e+00
5.307715705293436059e+00
5.307715705293436059e+00
5.307715705293436059e+00
5.307715705293436059e+00
5.307715705293436947e+00
5.307715705293437836e+00
5.307715705293437836e+00
5.307715705293437836e+00
5.307715705293437836e+00
5.307715705293437836e+00
5.307715705293437836e+00
5.307715705293437836e+00
5.307715705293437836e+00
5.307715705293437836e+00
5.307715705293437836e+00
5.307715705293437836e+00
5.307715705293437836e+00
5.307715705293437836e+00
5.307715705293437836e+00
5.307715705293437836e+00
5.307715705293437836e+00
5.307715705293437836e+00
5.307715705293437836e+00
5.307715705293437836e+00
5.307715705293437836e+00
5.307715705293437836e+00
5.307715705293437836e+00
5.307715705293437836e+00
5.307715705293437836e+00
5.307715705293437836e+00
5.307715705293437836e+00
5.307715705293437836e+00
5.307715705293437836e+00
5.307715705293437836e+00
5.307715705293437836e+00
5.307715705293437836e+00
5.307715705293437836e+00
5.307715705293437836e+00
5.307715705293437836e+00
5.307715705293437836e+00
5.307715705293437836e+00
5.307715705293437836e+00
5.307715705293437836e+00
5.307715705293437836e+00
5.307715705293437836e+00
5.307715705293437836e+00
5.307715705293437836e+00
5.307715705293437836e+00
5.307715705293437836e+00
5.307715705293437836e+00
5.307715705293437836e+00
5.307715705293437836e+00
5.307715705293437836e+00
5.307715705293437836e+00
5.307715705293437836e+00
5.307715705293437836e+00
5.307715705293437836e+00
5.307715705293437836e+00
5.307715705293437836e+00
5.307715705293437836e+00
5.307715705293437836e+00
5.307715705293437836e+00
5.307715705293437836e+00
5.307715705293437836e+00
5.307715705293437836e+00
5.307715705293437836e+00
5.307715705293437836e+00
5.307715705293437836e+00
5.307715705293437836e+00
5.307715705293437836e+00
5.307715705293437836e+00
5.307715705293437836e+00
5.307715705293437836e+00
5.307715705293437836e+00
5.307715705293437836e+00
5.307715705293437836e+00
5.307715705293437836e+00
5.307715705293437836e+00
5.307715705293437836e+00
5.307715705293437836e+00
5.307715705293437836e+00
5.307715705293437836e+00
5.307715705293437836e+00
5.307715705293437836e+00
5.307715705293437836e+00
5.307715705293437836e+00
5.307715705293437836e+00
5.307715705293437836e+00
5.307715705293437836e+00
5.307715705293437836e+00
5.307715705293437836e+00
5.307715705293437836e+00
5.307715705293437836e+00
5.307715705293437836e+00
5.307715705293437836e+00
5.307715705293437836e+00
5.307715705293437836e+00
5.307715705293437836e+00
5.307715705293437836e+00
5.307715705293437836e+00
5.307715705293437836e+00
5.307715705293437836e+00
5.307715705293437836e+00
5.307715705293437836e+00
5.307715705293437836e+00
5.307715705293437836e+00
5.307715705293437836e+00
5.307715705293437836e+00
5.307715705293437836e+00
5.307715705293437836e+00
5.307715705293437836e+00
5.307715705293437836e+00
5.307715705293437836e+00
5.307715705293437836e+00
5.307715705293437836e+00
5.307715705293437836e+00
5.307715705293437836e+00
5.307715705293437836e+00
5.307715705293437836e+00
5.307715705293437836e+00
5.307715705293437836e+00
5.307715705293437836e+00
5.307715705293437836e+00
5.307715705293437836e+00
5.307715705293437836e+00
5.307715705293437836e+00
5.307715705293437836e+00
5.307715705293437836e+00
5.307715705293437836e+00
5.307715705293437836e+00
5.307715705293437836e+00
5.307715705293437836e+00
5.307715705293437836e+00
5.307715705293437836e+00
5.307715705293437836e+00
5.307715705293437836e+00
5.307715705293437836e+00
5.307715705293437836e+00
5.307715705293437836e+00
5.307715705293437836e+00
5.203839958738746496e+00
5.101924760585607288e+00
5.001330090368518277e+00
4.902364170970373358e+00
4.805163223363309477e+00
4.708841272545321033e+00
4.614385586728227295e+00
4.521391547183298165e+00
4.429749862993812570e+00
4.339909702604850317e+00
4.251309598423667069e+00
4.164187693301982129e+00
4.078802545515835654e+00
3.994476150501787615e+00
3.911605401317823194e+00
3.830411691216034864e+00
3.750379841647940804e+00
3.671719683803007506e+00
3.594671787097445392e+00
3.518925984681143149e+00
3.444314610919584130e+00
3.371251227924960681e+00
3.299710169165759321e+00
3.228938975759432672e+00
3.159607594078913451e+00
3.091739619545786244e+00
3.025125027640398478e+00
2.959380910146093502e+00
2.895042067508613481e+00
2.832083537098730286e+00
2.770328529768135262e+00
2.709543319830181929e+00
2.650073372475886924e+00
2.591894351106974526e+00
2.534982753940911326e+00
2.478681035900483387e+00
2.423613753670412763e+00
2.369759409124338134e+00
2.317095048919986855e+00
2.265438471919348995e+00
2.214577023722297255e+00
2.164849165667563025e+00
2.116232795766263663e+00
2.069367902193921083e+00
2.028143695929554013e+00
1.993917554376084311e+00
1.967400672457938926e+00
1.947999332060854405e+00
1.934658652627350595e+00
1.926162874906707456e+00
1.921324055632497085e+00
1.919088758833955577e+00
1.918586521588516725e+00
1.919139741824931189e+00
1.920250192931358457e+00
1.921573334080106443e+00
1.922888099366545367e+00
1.924067064198201837e+00
1.925049831749881424e+00
1.925820900123822677e+00
1.926392360344131305e+00
1.926791098762037580e+00
1.927049925800246033e+00
1.927201802676564935e+00
1.927276503252224771e+00
1.927298993075418743e+00
1.927288948745235153e+00
1.927261030915932150e+00
1.927225523837224452e+00
1.927189149885933039e+00
1.927155895477278058e+00
1.927127762712698811e+00
1.927105403076700751e+00
1.927088619592904672e+00
1.927076742655133401e+00
1.927068895136470950e+00
1.927064166863786454e+00
1.927061719151013985e+00
1.927060838303231272e+00
1.927060954217286071e+00
1.927061636872977601e+00
1.927062580257167035e+00
1.927063581008765958e+00
1.927064515468242201e+00
1.927065318352116474e+00
1.927065964941902632e+00
1.927066456372771963e+00
1.927066808897805128e+00
1.927067045816095003e+00
1.927067191926923551e+00
1.927067270945433508e+00
1.927067303117098174e+00
1.927067304905948353e+00
1.927067288800614175e+00
1.927067264059495022e+00
1.927067236719310683e+00
1.927067210594031410e+00
1.927067187775395984e+00
1.927067169147648418e+00
1.927067154806427540e+00
1.927067144291309653e+00
1.927067137185012990e+00
1.927067132622240830e+00
1.927067130131397521e+00
1.927067129037832283e+00
1.927067128863825252e+00
1.927067129240639831e+00
1.927067129899496800e+00
1.927067130656365812e+00
1.927067131305700176e+00
1.927067131880827233e+00
1.927067132444649111e+00
1.927067132803889749e+00
1.927067133061510340e+00
1.927067133323542514e+00
1.927067133509193564e+00
1.927067133632040186e+00
1.927067133706217072e+00
1.927067133744767791e+00
1.927067133758813222e+00
1.927067133757242035e+00
1.927067133746765970e+00
1.927067133732167648e+00
1.927067133716631853e+00
1.927067133613075134e+00
1.927067133610634642e+00
1.927067133614254857e+00
1.927067133532007981e+00
1.927067133460981019e+00
1.927067133492560869e+00
1.927067133527677667e+00
1.927067133472325944e+00
1.927067133422844192e+00
1.927067133470722338e+00
1.927067133517468500e+00
1.927067133558903134e+00
1.927067133504107188e+00
1.927067133540808719e+00
1.927067133574091873e+00
1.927067133513054253e+00
1.927067133545243394e+00
1.927067133575468105e+00
1.927067133512517128e+00
1.927067133543650002e+00
1.927067133573419300e+00
1.927067133599434268e+00
1.927067133620679051e+00
1.927067133637041962e+00
1.927067133559918322e+00
1.927067133578107772e+00
1.927067133596937376e+00
1.927067133614261962e+00
1.927067133539964727e+00
1.927067133561780610e+00
1.927067133584340120e+00
1.927067133605083304e+00
1.927067133622707207e+00
1.927067133636766849e+00
1.927067133647358377e+00
1.927067133654883690e+00
1.927067133659878806e+00
1.927067133662911047e+00
1.927067133664500664e+00
1.927067133665094412e+00
1.927067133665052223e+00
1.927067133664645882e+00
1.927067133664066789e+00
1.927067133663446175e+00
1.927067133662863307e+00
1.927067133662360598e+00
1.927067133661954701e+00
1.927067133661645615e+00
1.927067133661422904e+00
1.927067133661271026e+00
1.927067133661176657e+00
1.927067133661125808e+00
1.927067133661105824e+00
1.927067133661103826e+00
1.927067133661113152e+00
1.927067133661128251e+00
1.927067133661146903e+00
1.927067133661162890e+00
1.927067133661176657e+00
1.927067133572165858e+00
1.927067133582238467e+00
1.927067133595946169e+00
1.927067133610399940e+00
1.927067133623844963e+00
1.927067133635366858e+00
1.927067133644625230e+00
1.927067133651648501e+00
1.927067133656674702e+00
1.927067133660043563e+00
1.927067133662113463e+00
1.927067133663225240e+00
1.927067133574644098e+00
1.927067133584720926e+00
1.927067133598185489e+00
1.927067133523249876e+00
1.927067133546361388e+00
1.927067133571206625e+00
1.927067133594584591e+00
1.927067133614782657e+00
1.927067133631124918e+00
1.927067133643603158e+00
1.927067133652595965e+00
1.927067133658669773e+00
1.927067133662447640e+00
1.927067133664515763e+00
1.927067133576362057e+00
1.927067133586514824e+00
1.927067133599845272e+00
1.927067133524666742e+00
1.927067133547495814e+00
1.927067133483039818e+00
1.927067133516235486e+00
1.927067133549932310e+00
1.927067133580563141e+00
1.927067133606366722e+00
1.927067133626798601e+00
1.927067133642079932e+00
1.927067133652850650e+00
1.927067133659931653e+00
1.927067133664167597e+00
1.927067133666330978e+00
1.927067133667076382e+00
1.927067133666924947e+00
1.927067133577245572e+00
1.927067133586424674e+00
1.927067133599198456e+00
1.927067133612785588e+00
1.927067133625490314e+00
1.927067133636417795e+00
1.927067133556205292e+00
1.927067133572970548e+00
1.927067133591485071e+00
1.927067133609170924e+00
1.927067133624614792e+00
1.927067133637218710e+00
1.927067133646920727e+00
1.927067133653972419e+00
1.927067133658783460e+00
1.927067133661816367e+00
1.927067133574492219e+00
1.927067133585312453e+00
1.927067133510125041e+00
1.927067133534395404e+00
1.927067133561106482e+00
1.927067133586573666e+00
1.927067133608780569e+00
1.927067133537863075e+00
1.927067133561848333e+00
1.927067133585660397e+00
1.927067133606998883e+00
1.927067133624778439e+00
1.927067133549697386e+00
1.927067133570089741e+00
1.927067133590995018e+00
1.927067133610116834e+00
1.927067133626298778e+00
1.927067133639164487e+00
1.927067133648824315e+00
1.927067133655662179e+00
1.927067133660183451e+00
1.927067133662908160e+00
1.927067133664319032e+00
1.927067133664828180e+00
1.927067133664762233e+00
1.927067133664370768e+00
1.927067133663827869e+00
1.927067133663252996e+00
1.927067133662715426e+00
1.927067133662254905e+00
1.927067133572858637e+00
1.927067133582640368e+00
1.927067133596139792e+00
1.927067133610452787e+00
1.927067133534787091e+00
1.927067133556325196e+00
1.927067133579267288e+00
1.927067133600737447e+00
1.927067133619217332e+00
1.927067133634120966e+00
1.927067133645465224e+00
1.927067133653615150e+00
1.927067133659099207e+00
1.927067133573466817e+00
1.927067133585369296e+00
1.927067133599829285e+00
1.927067133614331906e+00
1.927067133627415219e+00
1.927067133638371121e+00
1.927067133557978540e+00
1.927067133574464242e+00
1.927067133592669235e+00
1.927067133610056660e+00
1.927067133625238737e+00
1.927067133637629270e+00
1.927067133647166974e+00
