1.479155544871898764e-01
2.916826111451478187e-01
4.307392817932574891e-01
5.658025494441154546e-01
6.968565629551356500e-01
8.239305912168927160e-01
9.471763740937089171e-01
1.066979627871197378e+00
1.183334610064787906e+00
1.296579788326175375e+00
1.406183410809998202e+00
1.513227055440467872e+00
1.616787383435326797e+00
1.717880880438577895e+00
1.816224402056837883e+00
1.911761546522696920e+00
2.005131888646324079e+00
2.095703925810725732e+00
2.184018792374826656e+00
2.270361802692287156e+00
2.354052229215688463e+00
2.435784110524969126e+00
2.515717040716318298e+00
2.593232422463283893e+00
2.668847657183878397e+00
2.742823152603080850e+00
2.814974732458843221e+00
2.885198150006092810e+00
2.934737997723131375e+00
2.959791204231338124e+00
2.967135893234037258e+00
2.965292386224992693e+00
2.960581066415617801e+00
2.956364096544365605e+00
2.953751355461911032e+00
2.952625106620033524e+00
2.952441307257087200e+00
2.952676902980219786e+00
2.952992514017549919e+00
2.953232468218063289e+00
2.953363104038885911e+00
2.953408371688704737e+00
2.953406035521866091e+00
2.953386420925406153e+00
2.953366837448116566e+00
2.953353842175688637e+00
2.953347713387049822e+00
2.953346249209086061e+00
2.953347047080884913e+00
2.953348435363112756e+00
2.953349581343573949e+00
2.953350250407731803e+00
2.953350513728965065e+00
2.953350534616580259e+00
2.953350456485241082e+00
2.953350367023037215e+00
2.953350303313468483e+00
2.953350270778555942e+00
2.953350261003570232e+00
2.953350263149522981e+00
2.953350269098530934e+00
2.953350274492350103e+00
2.953350277863559636e+00
2.953350279334721940e+00
2.953350279590630567e+00
2.953350279299388426e+00
2.953350278898337677e+00
2.953350278590340494e+00
2.953350278421123409e+00
2.953350278361414283e+00
2.953350278363319870e+00
2.953350278387971262e+00
2.953350278412971708e+00
2.953350278429703213e+00
2.953350278437679943e+00
2.953350278439655252e+00
2.953350278438689358e+00
2.953350278436931209e+00
2.953350278435463050e+00
2.953350278434597076e+00
2.953350278434250242e+00
2.953350278434216936e+00
2.953350278434317300e+00
2.953350278434430543e+00
2.953350278434510923e+00
2.953350278434553111e+00
2.953350278434565102e+00
2.953350278434565546e+00
2.953350278434556664e+00
2.953350278434549114e+00
2.953350278434543785e+00
2.953350278434542453e+00
2.953350278434542897e+00
2.953350278434544229e+00
2.953350278434545118e+00
2.953350278434545118e+00
2.953350278434546894e+00
2.953350278434545118e+00
2.953350278434544673e+00
2.953350278434544229e+00
2.953350278434544229e+00
2.953350278434543785e+00
2.953350278434544229e+00
2.953350278434544229e+00
2.953350278434543785e+00
2.953350278434544229e+00
2.953350278434544229e+00
2.953350278434546894e+00
2.953350278434546006e+00
2.953350278434545118e+00
2.953350278434546894e+00
2.953350278434545118e+00
2.953350278434544673e+00
2.953350278434544229e+00
2.953350278434544229e+00
2.953350278434543785e+00
2.953350278434546894e+00
2.953350278434546006e+00
2.953350278434545118e+00
2.953350278434546894e+00
2.953350278434545118e+00
2.953350278434547338e+00
2.953350278434545118e+00
2.953350278434544673e+00
2.953350278434544229e+00
2.953350278434544229e+00
2.953350278434543785e+00
2.953350278434544229e+00
2.953350278434547338e+00
2.953350278434546006e+00
2.953350278434544673e+00
2.953350278434546894e+00
2.953350278434545118e+00
2.953350278434544673e+00
2.953350278434546894e+00
2.953350278434545118e+00
2.953350278434544673e+00
2.953350278434544229e+00
2.953350278434544229e+00
2.953350278434543785e+00
2.953350278434544229e+00
2.953350278434544229e+00
2.953350278434546894e+00
2.953350278434546006e+00
2.953350278434544673e+00
2.953350278434546894e+00
2.953350278434545118e+00
2.953350278434544673e+00
2.953350278434546894e+00
2.953350278434545118e+00
2.953350278434547338e+00
2.953350278434545118e+00
2.953350278434544673e+00
2.953350278434544229e+00
2.953350278434544229e+00
2.953350278434543785e+00
2.953350278434544229e+00
2.953350278434544229e+00
2.953350278434546894e+00
2.953350278434546006e+00
2.953350278434544673e+00
2.953350278434546894e+00
2.953350278434545118e+00
2.953350278434544673e+00
2.953350278434544229e+00
2.953350278434544229e+00
2.953350278434543785e+00
2.953350278434546894e+00
2.953350278434546006e+00
2.953350278434545118e+00
2.953350278434546894e+00
2.953350278434545118e+00
2.953350278434544673e+00
2.953350278434544229e+00
2.953350278434544229e+00
2.953350278434543785e+00
2.953350278434544229e+00
2.953350278434547338e+00
2.953350278434546006e+00
2.953350278434544673e+00
2.953350278434546894e+00
2.953350278434545118e+00
2.953350278434547338e+00
2.953350278434545118e+00
2.953350278434544673e+00
2.953350278434546894e+00
2.953350278434545118e+00
2.953350278434544673e+00
2.953350278434544229e+00
2.953350278434544229e+00
2.953350278434543785e+00
2.953350278434544229e+00
2.953350278434547338e+00
2.953350278434546006e+00
2.953350278434544673e+00
2.953350278434546894e+00
2.953350278434545118e+00
2.953350278434544673e+00
2.953350278434546894e+00
2.953350278434545118e+00
2.953350278434547338e+00
2.953350278434545118e+00
2.953350278434544673e+00
2.953350278434544229e+00
2.953350278434544229e+00
2.953350278434543785e+00
2.953350278434544229e+00
2.953350278434544229e+00
2.953350278434546894e+00
2.953350278434546006e+00
2.953350278434545118e+00
2.953350278434544229e+00
2.953350278434544229e+00
2.953350278434543785e+00
2.953350278434546894e+00
2.953350278434546006e+00
2.953350278434544673e+00
2.953350278434546894e+00
2.953350278434545118e+00
2.953350278434544673e+00
2.953350278434546894e+00
2.953350278434545118e+00
2.953350278434544673e+00
2.953350278434546894e+00
2.953350278434545118e+00
2.953350278434547338e+00
2.953350278434545118e+00
2.953350278434544673e+00
2.953350278434544229e+00
2.953350278434544229e+00
2.953350278434543785e+00
2.953350278434544229e+00
2.953350278434547338e+00
2.953350278434546006e+00
2.953350278434545118e+00
2.953350278434544229e+00
2.953350278434544229e+00
2.953350278434543785e+00
2.953350278434544229e+00
2.953350278434545118e+00
2.953350278434545118e+00
2.953350278434544229e+00
2.953350278434543785e+00
2.953350278434546894e+00
2.953350278434546006e+00
2.953350278434544673e+00
2.953350278434546894e+00
2.953350278434545118e+00
2.953350278434544673e+00
2.953350278434546894e+00
2.953350278434545118e+00
2.953350278434544673e+00
2.953350278434546894e+00
2.953350278434545118e+00
2.953350278434544673e+00
2.953350278434546894e+00
2.953350278434545118e+00
2.953350278434547338e+00
2.953350278434545118e+00
2.953350278434544673e+00
2.953350278434544229e+00
2.953350278434544229e+00
2.953350278434543785e+00
2.953350278434546894e+00
2.953350278434546006e+00
2.953350278434544673e+00
2.953350278434546894e+00
2.953350278434545118e+00
2.953350278434547338e+00
2.953350278434545118e+00
2.953350278434544673e+00
2.953350278434544229e+00
2.953350278434544229e+00
2.953350278434543785e+00
2.953350278434544229e+00
2.953350278434547338e+00
2.953350278434546006e+00
2.953350278434545118e+00
2.953350278434544229e+00
2.953350278434544229e+00
2.953350278434543785e+00
2.953350278434546894e+00
2.953350278434546006e+00
2.953350278434544673e+00
2.953350278434546894e+00
2.953350278434545118e+00
2.953350278434544673e+00
2.953350278434544229e+00
2.953350278434544229e+00
2.953350278434543785e+00
2.953350278434544229e+00
2.953350278434544229e+00
2.953350278434546894e+00
2.953350278434546006e+00
2.953350278434544673e+00
2.953350278434546894e+00
2.953350278434545118e+00
2.953350278434544673e+00
2.953350278434546894e+00
2.953350278434545118e+00
2.953350278434544673e+00
3.020609040542366674e+00
3.085941482533397728e+00
3.149658613117934269e+00
3.212029990017185366e+00
3.273089005410338981e+00
3.332456437119408754e+00
3.390345491349844753e+00
3.447029745354597274e+00
3.502538112431224704e+00
3.556821475139843702e+00
3.609554991027792425e+00
3.661203990311391543e+00
3.711793737136960480e+00
3.761348788937895371e+00
3.809821405787286785e+00
3.856930528615980958e+00
3.903083480489797807e+00
3.948301963748824583e+00
3.992607213241139874e+00
4.036019999130110669e+00
4.078318140905818012e+00
4.119562906095570298e+00
4.159983333643518577e+00
4.199597800982541429e+00
4.238424125002967280e+00
4.276479588446953528e+00
4.313739197584846252e+00
4.349965590052688569e+00
4.385476825308406212e+00
4.420288328125619337e+00
4.454415140061228406e+00
4.487871930940772636e+00
4.520673009922997920e+00
4.552832336162114579e+00
4.584165892583894397e+00
4.614799583327948262e+00
4.644836661017478718e+00
4.674289623486899359e+00
4.703170732992307812e+00
4.731492016339084117e+00
4.759265265481795737e+00
4.786502038548298366e+00
4.813213661243673336e+00
4.839141941878299491e+00
4.864537870822779553e+00
4.889446786297193981e+00
4.909787652105024769e+00
4.922099087719124633e+00
4.927547787766408227e+00
4.928700378558593442e+00
4.927862210067493365e+00
4.926526085565257951e+00
4.925413897527684881e+00
4.924730959455231982e+00
4.924422574818394516e+00
4.924352064495737480e+00
4.924393849854442173e+00
4.924465423964443644e+00
4.924526189352459227e+00
4.924564040032230139e+00
4.924581466344399416e+00
4.924585732631146406e+00
4.924583673301622611e+00
4.924579844920714322e+00
4.924576527984759089e+00
4.924574431724167312e+00
4.924573448284922605e+00
4.924573192377349251e+00
4.924573292375187705e+00
4.924573496816234908e+00
4.924573677739140010e+00
4.924573793745615546e+00
4.924573849171324014e+00
4.924573864406820434e+00
4.924573859641548701e+00
4.924573848742607396e+00
4.924573838882174925e+00
4.924573832467328494e+00
4.924573829347583143e+00
4.924573828446355606e+00
4.924573828667805131e+00
4.924573829247706591e+00
4.924573829784672618e+00
4.924573830139156172e+00
4.924573830314566081e+00
4.924573830367595662e+00
4.924573830357667603e+00
4.924573830326865576e+00
4.924573830297648058e+00
4.924573830277990005e+00
4.924573830268164976e+00
4.924573830265087437e+00
4.924573830265527974e+00
4.924573830267169328e+00
4.924573830268762720e+00
4.924573830269758368e+00
4.924573830270253083e+00
4.924573830270488450e+00
4.924573830270430719e+00
4.924573830270318808e+00
4.924573830270299268e+00
4.924573830270290387e+00
4.924573830270202457e+00
4.924573830270229990e+00
4.924573830270259300e+00
4.924573830270282393e+00
4.924573830270295716e+00
4.924573830270303709e+00
4.924573830270217556e+00
4.924573830270240649e+00
4.924573830270177588e+00
4.924573830270225550e+00
4.924573830270182029e+00
4.924573830270233543e+00
4.924573830270276176e+00
4.924573830270293939e+00
4.924573830270303709e+00
4.924573830270308150e+00
4.924573830270302821e+00
4.924573830270300157e+00
4.924573830270211339e+00
4.924573830270150054e+00
4.924573830270205121e+00
4.924573830270170482e+00
4.924573830270226438e+00
4.924573830270272623e+00
4.924573830270294827e+00
4.924573830270305486e+00
4.924573830270309927e+00
4.924573830270305486e+00
4.924573830270300157e+00
4.924573830270297492e+00
4.924573830270210451e+00
4.924573830270236208e+00
4.924573830270261077e+00
4.924573830270280617e+00
4.924573830270293939e+00
4.924573830270300157e+00
4.924573830270215780e+00
4.924573830270155383e+00
4.924573830270208674e+00
4.924573830270257524e+00
4.924573830270285058e+00
4.924573830270215780e+00
4.924573830270243313e+00
4.924573830270271735e+00
4.924573830270288610e+00
4.924573830270215780e+00
4.924573830270243313e+00
4.924573830270270847e+00
4.924573830270288610e+00
4.924573830270215780e+00
4.924573830270243313e+00
4.924573830270270847e+00
4.924573830270287722e+00
4.924573830270297492e+00
4.924573830270303709e+00
4.924573830270215780e+00
4.924573830270240649e+00
4.924573830270177588e+00
4.924573830270225550e+00
4.924573830270181141e+00
4.924573830270232655e+00
4.924573830270187358e+00
4.924573830270153607e+00
4.924573830270128738e+00
4.924573830270208674e+00
4.924573830270263741e+00
4.924573830270293051e+00
4.924573830270305486e+00
4.924573830270221997e+00
4.924573830270245089e+00
4.924573830270180252e+00
4.924573830270228214e+00
4.924573830270268182e+00
4.924573830270288610e+00
4.924573830270300157e+00
4.924573830270307262e+00
4.924573830270305486e+00
4.924573830270300157e+00
4.924573830270297492e+00
4.924573830270210451e+00
4.924573830270236208e+00
4.924573830270261077e+00
4.924573830270280617e+00
4.924573830270293939e+00
4.924573830270302821e+00
4.924573830270215780e+00
4.924573830270151831e+00
4.924573830270206898e+00
4.924573830270255748e+00
4.924573830270285058e+00
4.924573830270299268e+00
4.924573830270306374e+00
4.924573830270218444e+00
4.924573830270240649e+00
4.924573830270180252e+00
4.924573830270145613e+00
4.924573830270122521e+00
4.924573830270118080e+00
4.924573830270120745e+00
4.924573830270209562e+00
4.924573830270266406e+00
4.924573830270294827e+00
4.924573830270222885e+00
4.924573830270248642e+00
4.924573830270272623e+00
4.924573830270289498e+00
4.924573830270299268e+00
4.924573830270305486e+00
4.924573830270305486e+00
4.924573830270300157e+00
4.924573830270211339e+00
4.924573830270150054e+00
4.924573830270205121e+00
4.924573830270170482e+00
4.924573830270226438e+00
4.924573830270272623e+00
4.924573830270294827e+00
4.924573830270307262e+00
4.924573830270309038e+00
4.924573830270305486e+00
4.924573830270300157e+00
4.924573830270297492e+00
4.924573830270298380e+00
4.924573830270211339e+00
4.924573830270236208e+00
4.924573830270261965e+00
4.924573830270281505e+00
4.924573830270293051e+00
4.924573830270300157e+00
4.924573830270215780e+00
4.924573830270155383e+00
4.924573830270208674e+00
4.924573830270257524e+00
4.924573830270285058e+00
4.924573830270215780e+00
4.924573830270245089e+00
4.924573830270271735e+00
4.924573830270288610e+00
4.924573830270217556e+00
4.924573830270243313e+00
4.924573830270271735e+00
4.924573830270202457e+00
4.924573830270240649e+00
4.924573830270184693e+00
4.924573830270232655e+00
4.924573830270274399e+00
4.924573830270293051e+00
4.924573830270303709e+00
4.924573830270219332e+00
4.924573830270242425e+00
4.924573830270182029e+00
4.924573830270229990e+00
4.924573830270269958e+00
4.924573830270289498e+00
4.924573830270217556e+00
4.924573830270159824e+00
4.924573830270126074e+00
4.924573830270112751e+00
4.924573830270116304e+00
4.924573830270203345e+00
4.924573830270177588e+00
4.924573830270236208e+00
4.924573830270279728e+00
4.924573830270298380e+00
4.924573830270307262e+00
4.924573830270309038e+00
4.924573830270305486e+00
4.924573830270300157e+00
4.924573830270297492e+00
4.924573830270298380e+00
4.924573830270211339e+00
4.924573830270236208e+00
4.924573830270261965e+00
4.924573830270195351e+00
4.924573830270150054e+00
4.924573830270209562e+00
4.924573830270258412e+00
4.924573830270202457e+00
4.924573830270247754e+00
4.924573830270277064e+00
4.924573830270294827e+00
4.924573830270303709e+00
4.924573830270308150e+00
4.924573830270303709e+00
4.924573830270299268e+00
4.924573830270297492e+00
4.924573830270210451e+00
4.924573830270236208e+00
4.924573830270261077e+00
4.924573830270280617e+00
4.924573830270293939e+00
4.924573830270300157e+00
4.924573830270215780e+00
4.924573830270155383e+00
4.924573830270208674e+00
4.924573830270257524e+00
4.924573830270285058e+00
4.924573830270215780e+00
4.827075395807825409e+00
4.730455486659758790e+00
4.635580112167980715e+00
4.542364247600871430e+00
4.450311481713659312e+00
4.360066366113970027e+00
4.271251351245465067e+00
4.183733079349778450e+00
4.097957551655785124e+00
4.014097496867587545e+00
3.957739600959862436e+00
3.930173995215543670e+00
3.922432669845282938e+00
3.924717911152690419e+00
3.930075915144627174e+00
3.934874459189364959e+00
3.937913822553138932e+00
3.939305155123275171e+00
3.939621860516812735e+00
3.939428174515774206e+00
3.939102994218262044e+00
3.938832663868220507e+00
3.938670306877912530e+00
3.938601305185366552e+00
3.938590017020248357e+00
3.938604291288037462e+00
3.938623679068156136e+00
3.938638760439641118e+00
3.938647344732151723e+00
3.938650693815836323e+00
3.938650974185979425e+00
3.938649997768560951e+00
3.938648858728673208e+00
3.938648025034230837e+00
3.938647576071561129e+00
3.938647417997270139e+00
3.938647421854593489e+00
3.938647485817135419e+00
3.938647552000391183e+00
3.938647597695291491e+00
3.938647620877292255e+00
3.938647628033500325e+00
3.938647626794110845e+00
3.938647622764286371e+00
3.938647618973123432e+00
3.938647616494597603e+00
3.938647615313682238e+00
3.938647615006430236e+00
3.938647615130160595e+00
3.938647615377765199e+00
3.938647615592624884e+00
3.938647615725789475e+00
3.938647615784992340e+00
3.938647615797012058e+00
3.938647615787232770e+00
3.938647615772318922e+00
3.938647615760261456e+00
3.938647615753179565e+00
3.938647615750264119e+00
3.938647615749879538e+00
3.938647615750575426e+00
3.938647615751460052e+00
3.938647615752131070e+00
3.938647615752503217e+00
3.938647615752638664e+00
3.938647615752644437e+00
3.938647615752602693e+00
3.938647615752553843e+00
3.938647615752517872e+00
3.938647615752495668e+00
3.938647615752489006e+00
3.938647615752485454e+00
3.938647615752489450e+00
3.938647615752494779e+00
3.938647615752497888e+00
3.938647615752497888e+00
3.938647615752497888e+00
3.938647615752498776e+00
3.938647615752495668e+00
3.938647615752494335e+00
3.938647615752494779e+00
3.938647615752495668e+00
3.938647615752494779e+00
3.938647615752495668e+00
3.938647615752494779e+00
3.938647615752495668e+00
3.938647615752494779e+00
3.938647615752495668e+00
3.938647615752494779e+00
3.938647615752495668e+00
3.938647615752494779e+00
3.938647615752495668e+00
3.938647615752496556e+00
3.938647615752496556e+00
3.938647615752496556e+00
3.938647615752494779e+00
3.938647615752495668e+00
3.938647615752494779e+00
3.938647615752495668e+00
3.938647615752494779e+00
3.938647615752495668e+00
3.938647615752494779e+00
3.938647615752495668e+00
3.938647615752494779e+00
3.938647615752495668e+00
3.938647615752494779e+00
3.938647615752495668e+00
3.938647615752496556e+00
3.938647615752496556e+00
3.938647615752496556e+00
3.938647615752494779e+00
3.938647615752495668e+00
3.938647615752494779e+00
3.938647615752495668e+00
3.938647615752496556e+00
3.938647615752496556e+00
3.938647615752496556e+00
3.938647615752494779e+00
3.938647615752495668e+00
3.938647615752494779e+00
3.938647615752495668e+00
3.938647615752494779e+00
3.938647615752495668e+00
3.938647615752494779e+00
3.938647615752495668e+00
3.938647615752494779e+00
3.938647615752495668e+00
3.938647615752494779e+00
3.938647615752495668e+00
3.938647615752494779e+00
3.938647615752495668e+00
3.938647615752494779e+00
3.938647615752495668e+00
3.938647615752496556e+00
3.938647615752496556e+00
3.938647615752496556e+00
3.938647615752494779e+00
3.938647615752495668e+00
3.938647615752494779e+00
3.938647615752495668e+00
3.938647615752494779e+00
3.938647615752495668e+00
3.938647615752496556e+00
3.938647615752496556e+00
3.938647615752496556e+00
3.938647615752494779e+00
3.938647615752494779e+00
3.938647615752495668e+00
3.938647615752494779e+00
3.938647615752495668e+00
3.938647615752496556e+00
3.938647615752496556e+00
3.938647615752496556e+00
3.938647615752494779e+00
3.938647615752494779e+00
3.938647615752495668e+00
3.938647615752496556e+00
3.938647615752496556e+00
3.938647615752496556e+00
3.938647615752494779e+00
3.938647615752495668e+00
3.938647615752494779e+00
3.938647615752495668e+00
3.938647615752494779e+00
3.938647615752495668e+00
3.938647615752494779e+00
3.938647615752495668e+00
3.938647615752494779e+00
3.938647615752495668e+00
3.938647615752496556e+00
3.938647615752496556e+00
3.938647615752496556e+00
3.938647615752494779e+00
3.938647615752495668e+00
3.938647615752494779e+00
3.938647615752495668e+00
3.938647615752494779e+00
3.938647615752495668e+00
3.938647615752494779e+00
3.938647615752495668e+00
3.938647615752496556e+00
3.938647615752496556e+00
3.938647615752496556e+00
3.938647615752496556e+00
3.938647615752494779e+00
3.938647615752495668e+00
3.938647615752494779e+00
3.938647615752495668e+00
3.938647615752496556e+00
3.938647615752496556e+00
3.938647615752494779e+00
3.938647615752494779e+00
3.938647615752495668e+00
3.938647615752496556e+00
3.938647615752496556e+00
3.938647615752496556e+00
3.938647615752494779e+00
3.938647615752494779e+00
3.938647615752495668e+00
3.938647615752496556e+00
3.938647615752496556e+00
3.938647615752496556e+00
3.938647615752494779e+00
3.938647615752494779e+00
3.938647615752495668e+00
3.938647615752496556e+00
3.938647615752496556e+00
3.938647615752496556e+00
3.938647615752496556e+00
3.938647615752494779e+00
3.938647615752494779e+00
3.938647615752495668e+00
3.938647615752494779e+00
3.938647615752495668e+00
3.938647615752494779e+00
3.938647615752495668e+00
3.938647615752494779e+00
3.938647615752495668e+00
3.938647615752494779e+00
3.938647615752495668e+00
3.938647615752494779e+00
3.938647615752495668e+00
3.938647615752496556e+00
3.938647615752496556e+00
3.938647615752494779e+00
3.938647615752495668e+00
3.938647615752494779e+00
3.938647615752495668e+00
3.938647615752494779e+00
3.938647615752495668e+00
3.938647615752494779e+00
3.938647615752495668e+00
3.938647615752494779e+00
3.938647615752495668e+00
3.938647615752494779e+00
3.938647615752495668e+00
3.938647615752494779e+00
3.938647615752495668e+00
3.938647615752496556e+00
3.938647615752496556e+00
3.938647615752496556e+00
3.938647615752496556e+00
3.938647615752494779e+00
3.938647615752495668e+00
3.938647615752494779e+00
3.938647615752495668e+00
3.938647615752496556e+00
3.938647615752496556e+00
3.938647615752496556e+00
3.938647615752496556e+00
3.938647615752494779e+00
3.938647615752495668e+00
3.938647615752494779e+00
3.938647615752495668e+00
3.938647615752494779e+00
3.938647615752495668e+00
3.938647615752494779e+00
3.938647615752495668e+00
3.938647615752494779e+00
3.938647615752495668e+00
3.938647615752496556e+00
3.938647615752496556e+00
3.938647615752496556e+00
3.938647615752494779e+00
3.938647615752495668e+00
3.938647615752496556e+00
3.938647615752496556e+00
3.938647615752496556e+00
3.938647615752494779e+00
3.938647615752495668e+00
3.938647615752494779e+00
3.938647615752495668e+00
3.938647615752494779e+00
3.938647615752495668e+00
3.938647615752496556e+00
3.938647615752496556e+00
3.938647615752496556e+00
3.938647615752494779e+00
3.938647615752495668e+00
3.938647615752494779e+00
3.938647615752495668e+00
3.938647615752494779e+00
3.938647615752495668e+00
3.938647615752494779e+00
3.938647615752495668e+00
3.938647615752494779e+00
3.938647615752495668e+00
3.938647615752494779e+00
3.938647615752495668e+00
3.938647615752496556e+00
3.938647615752496556e+00
3.938647615752494779e+00
3.938647615752494779e+00
3.938647615752495668e+00
3.938647615752496556e+00
3.938647615752496556e+00
3.938647615752496556e+00
3.938647615752496556e+00
3.938647615752494779e+00
3.938647615752495668e+00
3.983147646936458397e+00
4.026750783310737880e+00
4.069331574636897209e+00
4.110756218274758567e+00
4.151352492979916597e+00
4.191138900450181559e+00
4.230133375931088402e+00
4.268353314983420077e+00
4.305815598567138913e+00
4.342229661282845932e+00
4.377893500954858297e+00
4.412854321141097103e+00
4.447127244891926345e+00
4.480727021090583406e+00
4.513668035606746010e+00
4.545964322043833938e+00
4.577493480345327548e+00
4.608257234826216298e+00
4.638421655614291872e+00
4.667999291213641655e+00
4.697002454589256359e+00
4.725443223186363007e+00
4.753333439432862129e+00
4.780684711675961651e+00
4.807508415507958155e+00
4.833611392062167944e+00
4.859113487785060137e+00
4.884126358171147153e+00
4.908660169719480493e+00
4.932724814462117635e+00
4.956329921293532337e+00
4.979484866655841557e+00
5.002198784622705396e+00
5.024480576421200162e+00
5.046338919428533742e+00
5.067782275677515713e+00
5.088647434504030898e+00
5.109099626887616097e+00
5.129163926601041368e+00
5.148848081154042688e+00
5.168159667440813898e+00
5.187106097141924721e+00
5.205694621359027607e+00
5.223932333914304671e+00
5.241826176496939382e+00
5.259382940616106339e+00
5.276609273168419101e+00
5.293511680301704381e+00
5.310096524003635743e+00
5.326341858272764185e+00
5.342168462625249248e+00
5.357698430073694063e+00
5.372937534449966357e+00
5.387891432927520263e+00
5.402565598040841799e+00
5.412760135929493011e+00
5.418152475839329796e+00
5.420078874762673138e+00
5.420100954608254362e+00
5.419391634960706305e+00
5.418619513763824003e+00
5.418058108027254072e+00
5.417747475465516160e+00
5.417626661047399317e+00
5.417614790966828409e+00
5.417647986012884331e+00
5.417688243901357836e+00
5.417718956952978004e+00
5.417736705435811650e+00
5.417744127337805971e+00
5.417745364319748624e+00
5.417743871793598842e+00
5.417741794076889938e+00
5.417740124993791540e+00
5.417739118574338875e+00
5.417738670134522039e+00
5.417738570292248923e+00
5.417738633444863616e+00
5.417738739435212558e+00
5.417738829521545618e+00
5.417738886182463354e+00
5.417738912906760795e+00
5.417738920118496004e+00
5.417738917713482927e+00
5.417738912379633121e+00
5.417738907551941097e+00
5.417738904383789134e+00
5.417738902809835722e+00
5.417738902320676786e+00
5.417738902393128164e+00
5.417738902657240452e+00
5.417738902914034149e+00
5.417738903090016045e+00
5.417738903181771981e+00
5.417738903213594526e+00
5.417738903212941715e+00
5.417738903200129741e+00
5.417738903186582355e+00
5.417738903176866572e+00
5.417738903171563258e+00
5.417738903169437847e+00
5.417738903169325049e+00
5.417738903169966314e+00
5.417738903170705278e+00
5.417738903171137821e+00
5.417738903171484210e+00
5.417738903171644083e+00
5.417738903171689380e+00
5.417738903171673392e+00
5.417738903171643194e+00
5.417738903171612108e+00
5.417738903171593456e+00
5.417738903171584575e+00
5.417738903171580134e+00
5.417738903171580134e+00
5.417738903171466447e+00
5.417738903171501974e+00
5.417738903171540166e+00
5.417738903171568587e+00
5.417738903171581910e+00
5.417738903171589904e+00
5.417738903171589904e+00
5.417738903171589016e+00
5.417738903171588127e+00
5.417738903171468223e+00
5.417738903171501974e+00
5.417738903171540166e+00
5.417738903171567699e+00
5.417738903171467335e+00
5.417738903171512632e+00
5.417738903171549047e+00
5.417738903171573916e+00
5.417738903171469111e+00
5.417738903171512632e+00
5.417738903171548159e+00
5.417738903171572140e+00
5.417738903171585463e+00
5.417738903171589904e+00
5.417738903171589904e+00
5.417738903171588127e+00
5.417738903171468223e+00
5.417738903171501974e+00
5.417738903171539278e+00
5.417738903171567699e+00
5.417738903171581910e+00
5.417738903171589016e+00
5.417738903171589904e+00
5.417738903171588127e+00
5.417738903171585463e+00
5.417738903171468223e+00
5.417738903171501974e+00
5.417738903171539278e+00
5.417738903171567699e+00
5.417738903171581910e+00
5.417738903171589016e+00
5.417738903171589904e+00
5.417738903171588127e+00
5.417738903171585463e+00
5.417738903171468223e+00
5.417738903171501974e+00
5.417738903171539278e+00
5.417738903171567699e+00
5.417738903171467335e+00
5.417738903171512632e+00
5.417738903171549047e+00
5.417738903171573916e+00
5.417738903171469111e+00
5.417738903171512632e+00
5.417738903171549047e+00
5.417738903171573916e+00
5.417738903171470888e+00
5.417738903171396281e+00
5.417738903171469111e+00
5.417738903171532172e+00
5.417738903171572140e+00
5.417738903171477105e+00
5.417738903171518849e+00
5.417738903171552600e+00
5.417738903171576581e+00
5.417738903171588127e+00
5.417738903171592568e+00
5.417738903171589904e+00
5.417738903171588127e+00
5.417738903171584575e+00
5.417738903171581910e+00
5.417738903171581022e+00
5.417738903171580134e+00
5.417738903171580134e+00
5.417738903171467335e+00
5.417738903171388287e+00
5.417738903171462006e+00
5.417738903171525067e+00
5.417738903171569476e+00
5.417738903171590792e+00
5.417738903171597897e+00
5.417738903171597897e+00
5.417738903171593456e+00
5.417738903171589016e+00
5.417738903171585463e+00
5.417738903171467335e+00
5.417738903171500198e+00
5.417738903171540166e+00
5.417738903171568587e+00
5.417738903171584575e+00
5.417738903171474441e+00
5.417738903171394504e+00
5.417738903171464671e+00
5.417738903171529508e+00
5.417738903171572140e+00
5.417738903171589904e+00
5.417738903171597009e+00
5.417738903171593456e+00
5.417738903171589904e+00
5.417738903171469111e+00
5.417738903171504639e+00
5.417738903171425591e+00
5.417738903171488651e+00
5.417738903171426479e+00
5.417738903171495757e+00
5.417738903171547271e+00
5.417738903171462894e+00
5.417738903171512632e+00
5.417738903171555265e+00
5.417738903171578357e+00
5.417738903171589904e+00
5.417738903171477105e+00
5.417738903171512632e+00
5.417738903171430920e+00
5.417738903171492204e+00
5.417738903171542830e+00
5.417738903171575693e+00
5.417738903171589904e+00
5.417738903171478881e+00
5.417738903171513520e+00
5.417738903171547271e+00
5.417738903171572140e+00
5.417738903171585463e+00
5.417738903171589904e+00
5.417738903171588127e+00
5.417738903171469111e+00
5.417738903171504639e+00
5.417738903171425591e+00
5.417738903171488651e+00
5.417738903171426479e+00
5.417738903171495757e+00
5.417738903171547271e+00
5.417738903171580134e+00
5.417738903171592568e+00
5.417738903171479770e+00
5.417738903171513520e+00
5.417738903171549047e+00
5.417738903171573916e+00
5.417738903171586351e+00
5.417738903171590792e+00
5.417738903171476217e+00
5.417738903171509968e+00
5.417738903171542830e+00
5.417738903171568587e+00
5.417738903171581910e+00
5.417738903171472664e+00
5.417738903171508191e+00
5.417738903171544607e+00
5.417738903171454901e+00
5.417738903171388287e+00
5.417738903171350984e+00
5.417738903171452236e+00
5.417738903171531284e+00
5.417738903171576581e+00
5.417738903171597009e+00
5.417738903171601450e+00
5.417738903171597009e+00
5.417738903171590792e+00
5.417738903171588127e+00
5.417738903171584575e+00
5.417738903171581022e+00
5.417738903171580134e+00
5.417738903171467335e+00
5.417738903171388287e+00
5.417738903171462006e+00
5.417738903171409603e+00
5.417738903171488651e+00
5.417738903171548159e+00
5.417738903171581910e+00
5.417738903171595233e+00
5.417738903171598785e+00
5.417738903171595233e+00
5.417738903171590792e+00
5.417738903171588127e+00
5.417738903171584575e+00
5.417738903171581022e+00
5.417738903171467335e+00
5.417738903171503750e+00
5.417738903171540166e+00
5.417738903171567699e+00
5.417738903171467335e+00
5.417738903171512632e+00
5.417738903171548159e+00
5.417738903171572140e+00
5.417738903171585463e+00
5.417738903171589904e+00
5.312628150461976340e+00
5.208659941445949570e+00
5.106653543066688172e+00
5.006011349342403882e+00
4.906956140894547680e+00
4.809719997696723759e+00
4.713310029838654103e+00
4.618767532594547198e+00
4.525727596290734844e+00
4.434000885261590419e+00
4.344076966679417673e+00
4.255432397417442836e+00
4.168228512174011691e+00
4.082762620628359151e+00
3.998398408224582923e+00
3.915448476100782393e+00
3.834176828937973180e+00
3.754103337967894305e+00
3.675367029382965889e+00
3.598244224654787438e+00
3.522458300945893406e+00
3.447773796623205822e+00
3.374638501619052544e+00
3.303026718094165481e+00
3.232221946946650881e+00
3.162821420886528845e+00
3.094885476214130460e+00
3.028238578105402645e+00
2.962428051298714227e+00
2.898023954767456889e+00
2.835001350870253845e+00
2.773207664214056845e+00
2.712360251017799762e+00
2.652829261905021330e+00
2.594590319157998426e+00
2.537619883691415446e+00
2.481289866169128722e+00
2.426165220934747513e+00
2.372254588911778761e+00
2.319535015201713790e+00
2.267848393733275625e+00
2.216933314702545843e+00
2.167152867878625599e+00
2.118484937757219466e+00
2.070907698838796218e+00
2.024364069851969372e+00
1.987093126088081085e+00
1.966539651248193854e+00
1.959510369731582102e+00
1.960064880856513980e+00
1.963299753199023723e+00
1.966419300080566757e+00
1.968404252966652779e+00
1.969265032794299097e+00
1.969398711929646328e+00
1.969210055364897460e+00
1.968965200483481892e+00
1.968784669842422952e+00
1.968691652551543658e+00
1.968664332388148086e+00
1.968671466934105885e+00
1.968689165524393880e+00
1.968704678900026206e+00
1.968713938995827029e+00
1.968717590543444196e+00
1.968717839606296094e+00
1.968716711733957458e+00
1.968715456615854453e+00
1.968714592121955098e+00
1.968714177997042292e+00
1.968714079391305383e+00
1.968714134856526021e+00
1.968714229321680831e+00
1.968714305534107867e+00
1.968714348176826112e+00
1.968714363183723171e+00
1.968714362468137358e+00
1.968714356043636871e+00
1.968714349701988109e+00
1.968714345609420713e+00
1.968714343800476829e+00
1.968714343489664120e+00
1.968714343855366256e+00
1.968714344349594247e+00
1.968714344558405216e+00
1.968714344809866734e+00
1.968714344927007032e+00
1.968714344952272821e+00
1.968714344933881311e+00
1.968714344905373226e+00
1.968714344883001566e+00
1.968714344709477038e+00
1.968714344763195179e+00
1.968714344821708373e+00
1.968714344861576704e+00
1.968714344719134202e+00
1.968714344781255843e+00
1.968714344836638430e+00
1.968714344870099886e+00
1.968714344883550016e+00
1.968714344884711753e+00
1.968714344719509457e+00
1.968714344772874547e+00
1.968714344827868112e+00
1.968714344864249011e+00
1.968714344880852396e+00
1.968714344884153311e+00
1.968714344881257405e+00
1.968714344877024791e+00
1.968714344712465758e+00
1.968714344768538682e+00
1.968714344826074880e+00
1.968714344864046950e+00
1.968714344881322909e+00
1.968714344884713530e+00
1.968714344881655531e+00
1.968714344877224409e+00
1.968714344873820465e+00
1.968714344710696951e+00
1.968714344767931390e+00
1.968714344664819871e+00
1.968714344760842838e+00
1.968714344836212771e+00
1.968714344877398936e+00
1.968714344891224322e+00
1.968714344889844536e+00
1.968714344883183864e+00
1.968714344715550180e+00
1.968714344769378455e+00
1.968714344825770901e+00
1.968714344702114927e+00
1.968714344777308334e+00
1.968714344839025854e+00
1.968714344874053612e+00
1.968714344886714818e+00
1.968714344886471235e+00
1.968714344881421718e+00
1.968714344876315803e+00
1.968714344872974253e+00
1.968714344871470567e+00
1.968714344871189015e+00
1.968714344871468791e+00
1.968714344871863586e+00
1.968714344872164235e+00
1.968714344872323441e+00
1.968714344872374067e+00
1.968714344872365629e+00
1.968714344872338762e+00
1.968714344872313005e+00
1.968714344872297684e+00
1.968714344710990494e+00
1.968714344768810243e+00
1.968714344665613014e+00
1.968714344761326229e+00
1.968714344836409724e+00
1.968714344877417810e+00
1.968714344891169032e+00
1.968714344728479393e+00
1.968714344779660452e+00
1.968714344831454133e+00
1.968714344865367449e+00
1.968714344880643452e+00
1.968714344883514267e+00
1.968714344880678757e+00
1.968714344876673294e+00
1.968714344712322761e+00
1.968714344768524249e+00
1.968714344826114626e+00
1.968714344864092469e+00
1.968714344720054576e+00
1.968714344781249181e+00
1.968714344674982408e+00
1.968714344604955313e+00
1.968714344734453281e+00
1.968714344831738350e+00
1.968714344882794398e+00
1.968714344898472968e+00
1.968714344895261537e+00
1.968714344724712406e+00
1.968714344774232350e+00
1.968714344827293683e+00
1.968714344863143451e+00
1.968714344718630604e+00
1.968714344618843981e+00
1.968714344732205079e+00
1.968714344824160412e+00
1.968714344875847511e+00
1.968714344894195944e+00
1.968714344893491841e+00
1.968714344885813095e+00
1.968714344878174316e+00
1.968714344873224276e+00
1.968714344871022925e+00
1.968714344870634125e+00
1.968714344871068000e+00
1.968714344710360109e+00
1.968714344768629276e+00
1.968714344826965501e+00
1.968714344864928689e+00
1.968714344881894229e+00
1.968714344884967327e+00
1.968714344881701939e+00
1.968714344877174893e+00
1.968714344873753186e+00
1.968714344710645436e+00
1.968714344767902524e+00
1.968714344826110629e+00
1.968714344864322952e+00
1.968714344881594691e+00
1.968714344723588860e+00
1.968714344778254244e+00
1.968714344670559502e+00
1.968714344601536270e+00
1.968714344732611199e+00
1.968714344831137941e+00
1.968714344882875222e+00
1.968714344898785162e+00
1.968714344895552637e+00
1.968714344886194123e+00
1.968714344877786626e+00
1.968714344711378850e+00
1.968714344767130253e+00
1.968714344663736737e+00
1.968714344760031043e+00
1.968714344835787333e+00
1.968714344877268374e+00
1.968714344891251633e+00
1.968714344889923362e+00
1.968714344883254697e+00
1.968714344876894673e+00
1.968714344872874333e+00
1.968714344871148603e+00
1.968714344870895916e+00
1.968714344871289601e+00
1.968714344871790978e+00
1.968714344872157795e+00
1.968714344872345423e+00
1.968714344872398714e+00
1.968714344872382949e+00
1.968714344872347199e+00
1.968714344872314781e+00
1.968714344872295907e+00
1.968714344710988051e+00
1.968714344768808466e+00
1.968714344826912210e+00
1.968714344864805676e+00
1.968714344881788092e+00
1.968714344884906264e+00
1.968714344881678846e+00
1.968714344877175337e+00
1.968714344873760513e+00
1.968714344871953736e+00
1.968714344871389743e+00
1.968714344871492106e+00
1.968714344871812072e+00
1.968714344872102284e+00
1.968714344872280364e+00
1.968714344711051112e+00
1.968714344768879965e+00
1.968714344826961948e+00
1.968714344864829435e+00
1.968714344881793643e+00
1.968714344884902712e+00
1.968714344881671519e+00
1.968714344877168232e+00
1.968714344873756961e+00
1.968714344710652986e+00
1.968714344767910518e+00
1.968714344826116180e+00
1.968714344864327170e+00
1.968714344881595579e+00
1.968714344723587972e+00
1.968714344778253356e+00
1.968714344831859364e+00
1.968714344866317578e+00
1.968714344881469014e+00
1.968714344884004097e+00
1.968714344880870382e+00
1.968714344715383202e+00
1.968714344770081892e+00
1.968714344665256633e+00
1.968714344760477353e+00
1.968714344835670982e+00
1.968714344876978606e+00
1.968714344890996948e+00
1.968714344889769707e+00
1.968714344883194300e+00
1.968714344876890232e+00
1.968714344872893873e+00
1.968714344871170141e+00
1.968714344870909683e+00
1.968714344871296040e+00
1.968714344871792532e+00
1.968714344872155131e+00
1.968714344872343425e+00
1.968714344872397604e+00
1.968714344872382505e+00
1.968714344872346755e+00
1.968714344872315225e+00
