8.229740523920185680e-02
2.128582476953079228e-01
3.543107205442969643e-01
4.918124968363660199e-01
6.248204915925515968e-01
7.544304652054701910e-01
8.794255568461813999e-01
1.001336672308620113e+00
1.119367489615315403e+00
1.234477895589586982e+00
1.345922918727794126e+00
1.454371943998982619e+00
1.559889225243039412e+00
1.662293757661323923e+00
1.762341802601968599e+00
1.859226463922132533e+00
1.953786846852739068e+00
2.046022696273188224e+00
2.135451168067588501e+00
2.222877354069300981e+00
2.308085992935703157e+00
2.390833413654400275e+00
2.471754624181532023e+00
2.550717435750528228e+00
2.626721529195473526e+00
2.698647004934358051e+00
2.765051169211443227e+00
2.824557042276102159e+00
2.876622787592616692e+00
2.921051836628857146e+00
2.957726866827179890e+00
2.986767541385683788e+00
3.008491670050225775e+00
3.023376654808211050e+00
3.032022231405462342e+00
3.035115341841850611e+00
3.033397752787951873e+00
3.027636947641207943e+00
3.018600581518820825e+00
3.007034707648226224e+00
2.993645837143477539e+00
2.979086773057166848e+00
2.963946064035235750e+00
2.948740862497718052e+00
2.933912866563519461e+00
2.919827021564291858e+00
2.906772605471497517e+00
2.894966306992907690e+00
2.884556909234519573e+00
2.875631225914770717e+00
2.868220897881769371e+00
2.862309753134600232e+00
2.857841425309409544e+00
2.854726975015880797e+00
2.852852297013825478e+00
2.852085132375973942e+00
2.852281548284333113e+00
2.853291775265494490e+00
2.854965338802611718e+00
2.857155441328128820e+00
2.859722581296451072e+00
2.862537424691657506e+00
2.865482956421571803e+00
2.868455959022884194e+00
2.871367883284157596e+00
2.874145161190027054e+00
2.876729057050868565e+00
2.879075115216550795e+00
2.881152285539529512e+00
2.882941799761685076e+00
2.884435868406661996e+00
2.885636252131082546e+00
2.886552796771246765e+00
2.887201928276640572e+00
2.887605216434097066e+00
2.887787984478034975e+00
2.887778029366026011e+00
2.887604466730390840e+00
2.887296704251543389e+00
2.886883555175022931e+00
2.886392522294104257e+00
2.885849204518668554e+00
2.885276856327828821e+00
2.884696077977708661e+00
2.884124627394994089e+00
2.883577340883964002e+00
2.883066149275475443e+00
2.882600172276996275e+00
2.882185881829818719e+00
2.881827313057749418e+00
2.881526314684427437e+00
2.881282823920486624e+00
2.881095153253940389e+00
2.880960281523425426e+00
2.880874141307603331e+00
2.880831888675388974e+00
2.880828158142256790e+00
2.880857292386746593e+00
2.880913547074465786e+00
2.880991267640180542e+00
2.881085034029612579e+00
2.881189783229700652e+00
2.881300896209742390e+00
2.881414264812443449e+00
2.881526331546373498e+00
2.881634107855636007e+00
2.881735174739061378e+00
2.881827664803104927e+00
2.881910234329268850e+00
2.881982022349905304e+00
2.882042602546965870e+00
2.882091930779628886e+00
2.882130289411030777e+00
2.882158229193368726e+00
2.882176515947459716e+00
2.882186074516259744e+00
2.882187939078212580e+00
2.882183207736472408e+00
2.882173001663600242e+00
2.882158429804348998e+00
2.882140559085023757e+00
2.882120390863898596e+00
2.882098841617355856e+00
2.882076730044498269e+00
2.882054768212993778e+00
2.882033557758455267e+00
2.882013588631799017e+00
2.881995242331710116e+00
2.881978797187348285e+00
2.881964435887321763e+00
2.881952254598906915e+00
2.881942273180551517e+00
2.881934446034061015e+00
2.881928673192468704e+00
2.881924811293405941e+00
2.881922684143414681e+00
2.881922092634322308e+00
2.881922823707429249e+00
2.881924658954736262e+00
2.881927380952861828e+00
2.881930779603458781e+00
2.881934657362049901e+00
2.881938832303062359e+00
2.881943141380296503e+00
2.881947442130158965e+00
2.881951613638947585e+00
2.881955556753318159e+00
2.881959193641200123e+00
2.881962466812761470e+00
2.881965337710060471e+00
2.881967784969929003e+00
2.881969802458354657e+00
2.881971397166323001e+00
2.881972587047695544e+00
2.881973398869117631e+00
2.881973866131308792e+00
2.881974027110025371e+00
2.881973923054514497e+00
2.881973596570996055e+00
2.881973090209467792e+00
2.881972445263493832e+00
2.881971700785289414e+00
2.881970892692204966e+00
2.881970053678125421e+00
2.881969212096657351e+00
2.881968392236383458e+00
2.881967614135198197e+00
2.881966893647083694e+00
2.881966242617720830e+00
2.881965669147686260e+00
2.881965177803107458e+00
2.881964770477257076e+00
2.881964445946839870e+00
2.881964201266621117e+00
2.881964031336650578e+00
2.881963929800604340e+00
2.881963889310425575e+00
2.881963901883396240e+00
2.881963959223851734e+00
2.881964052886139438e+00
2.881964174999199102e+00
2.881964317614825521e+00
2.881964473838101615e+00
2.881964637092033321e+00
2.881964801687680655e+00
2.881964962749111070e+00
2.881965116230233104e+00
2.881965258905585081e+00
2.881965388219727142e+00
2.881965502602318097e+00
2.881965601038247726e+00
2.881965683236690445e+00
2.881965749188268866e+00
2.881965799450295851e+00
2.881965834942364246e+00
2.881965856746542265e+00
2.881965866514584640e+00
2.881965865665881754e+00
2.881965855812867350e+00
2.881965838582502659e+00
2.881965815448421342e+00
2.881965788174265519e+00
2.881965757930800454e+00
2.881965726244611226e+00
2.881965694127726962e+00
2.881965662556836172e+00
2.881965632347006423e+00
2.881965604152696869e+00
2.881965578353734792e+00
2.881965555547875368e+00
2.881965535831286562e+00
2.881965519301828760e+00
2.881965505832716712e+00
2.881965495571995994e+00
2.881965488227289374e+00
2.881965483570968711e+00
2.881965481333090828e+00
2.881965481215411184e+00
2.881965482904075504e+00
2.881965486080881433e+00
2.881965490432961463e+00
2.881965495660867127e+00
2.881965501485083792e+00
2.881965507650957381e+00
2.881965513812762669e+00
2.881965520019396987e+00
2.881965525984027998e+00
2.881965531573440931e+00
2.881965536685005436e+00
2.881965541245018692e+00
2.881965545206473411e+00
2.881965548546395528e+00
2.881965551143425674e+00
2.881965553258244217e+00
2.881965554799091667e+00
2.881965555688597025e+00
2.881965556222245262e+00
2.881965556334284972e+00
2.881965556084608249e+00
2.881965555534422574e+00
2.881965554744313263e+00
2.881965553772615429e+00
2.881965552674095488e+00
2.881965551498932410e+00
2.881965550291971656e+00
2.881965549092255774e+00
2.881965547932771710e+00
2.881965546840439707e+00
2.881965545836234988e+00
2.881965544816023961e+00
2.881965544034486015e+00
2.881965543254804363e+00
2.881965542722160212e+00
2.881965542310894079e+00
2.881965542014524040e+00
2.881965541704803790e+00
2.881965541615837623e+00
2.881965541613292103e+00
2.881965541684309073e+00
2.881965541815872278e+00
2.881965541995181734e+00
2.881965542210002784e+00
2.881965542448921003e+00
2.881965542701544702e+00
2.881965542958647042e+00
2.881965543212257508e+00
2.881965543455692114e+00
2.881965543564083632e+00
2.881965543658385975e+00
2.881965543857508916e+00
2.881965544036283244e+00
2.881965544073196828e+00
2.881965544211730013e+00
2.881965544328916273e+00
2.881965544424621495e+00
2.881965544499337728e+00
2.881965544554084158e+00
2.881965544590295636e+00
2.881965544609715657e+00
2.881965544494828002e+00
2.881965544372817156e+00
2.881965544367695919e+00
2.881965544358288334e+00
2.881965544345502561e+00
2.881965544330210349e+00
2.881965544193741291e+00
2.881965544181407157e+00
2.881965544171160243e+00
2.881965544162976567e+00
2.881965544156780190e+00
2.881965544152447656e+00
2.881965544149828418e+00
2.881965544029259529e+00
2.881965544035119287e+00
2.881965544044495786e+00
2.881965544056598993e+00
2.881965544070675289e+00
2.881965544086030118e+00
2.881965543982560440e+00
2.881965544004290170e+00
2.881965543908562299e+00
2.883177572543060840e+00
2.927927739477553803e+00
2.994842089356645420e+00
3.061001828492712296e+00
3.125247104754167005e+00
3.188133463712912175e+00
3.249694708307994340e+00
3.309803008651158063e+00
3.368164665294591131e+00
3.425310069702119709e+00
3.481268567518828405e+00
3.536068404510800178e+00
3.589347959316585346e+00
3.641412174848580818e+00
3.692407479791402825e+00
3.742358701157497247e+00
3.791289974457572320e+00
3.838877161457581177e+00
3.885396268299758482e+00
3.930972592428244372e+00
3.975627548698561053e+00
4.019382086093133744e+00
4.062187649558987701e+00
4.103755358613671689e+00
4.144491486989915430e+00
4.184414635723778808e+00
4.223542834659793854e+00
4.261893569518311331e+00
4.299483807257485246e+00
4.336080298592495552e+00
4.371865488761363494e+00
4.406945043899370695e+00
4.441334151968391986e+00
4.475047624820457592e+00
4.508099909422364604e+00
4.540505098670943873e+00
4.572189767097766477e+00
4.603056933605103040e+00
4.633322604334445316e+00
4.662999367896543568e+00
4.692099577411673827e+00
4.719979931346307112e+00
4.746085349835698963e+00
4.769989624542362527e+00
4.791387552633189273e+00
4.810085066766330186e+00
4.825874505590172170e+00
4.838826468251141044e+00
4.849082635774818684e+00
4.856773295271676005e+00
4.862076415512595950e+00
4.865205978147672639e+00
4.866401108388613395e+00
4.865916119257581940e+00
4.864011660952526128e+00
4.860946978397322482e+00
4.856973359215005281e+00
4.852328745747748862e+00
4.847233491141390793e+00
4.841887203080741386e+00
4.836466584871046415e+00
4.831124200678463154e+00
4.825988050647295857e+00
4.821161849750287942e+00
4.816725903114143392e+00
4.812697521561345226e+00
4.809156361628894594e+00
4.806128994709221836e+00
4.803619464818597251e+00
4.801617545866756487e+00
4.800101116856670735e+00
4.799038510850275330e+00
4.798390751270905419e+00
4.798113667070837529e+00
4.798159827728542659e+00
4.798480274058483985e+00
4.799026038075300704e+00
4.799749435631152750e+00
4.800605139344856553e+00
4.801551019942867704e+00
4.802548794104733787e+00
4.803564461840179156e+00
4.804568572401702653e+00
4.805536329641823201e+00
4.806447558968153899e+00
4.807286557219020651e+00
4.808041848326689127e+00
4.808705857018736651e+00
4.809274536549759560e+00
4.809746956165874998e+00
4.810124865869378930e+00
4.810412241276917911e+00
4.810614869743317534e+00
4.810739916557021267e+00
4.810795539029761869e+00
4.810790521224658001e+00
4.810733950608176102e+00
4.810634933396541690e+00
4.810502351436593216e+00
4.810344660907388104e+00
4.810169731979645924e+00
4.809984727618385136e+00
4.809796018948769181e+00
4.809609134019440013e+00
4.809428736386159642e+00
4.809258629676657293e+00
4.809101784180384698e+00
4.808960381508739168e+00
4.808835873478489731e+00
4.808729051563642720e+00
4.808640123521527698e+00
4.808568794111061528e+00
4.808514347167914593e+00
4.808475726669651173e+00
4.808451614800120844e+00
4.808440505395532583e+00
4.808440771515556378e+00
4.808450726223389537e+00
4.808468675973387008e+00
4.808492966288806514e+00
4.808522019662525793e+00
4.808554365828837440e+00
4.808588664734438467e+00
4.808623722679253198e+00
4.808658502211374142e+00
4.808692126436153735e+00
4.808723878451004019e+00
4.808753196641057492e+00
4.808779666570226929e+00
4.808803010185389581e+00
4.808823073014709237e+00
4.808839809995006043e+00
4.808853270503961497e+00
4.808863583109952877e+00
4.808870940484197831e+00
4.808875584848151696e+00
4.808877794262913952e+00
4.808877869997301602e+00
4.808876125148063174e+00
4.808872874629490646e+00
4.808868426592583845e+00
4.808863075289987243e+00
4.808857095361855905e+00
4.808850737482931237e+00
4.808844225285078267e+00
4.808837753448110597e+00
4.808831486836754543e+00
4.808825560551981404e+00
4.808820080760382254e+00
4.808815126165149501e+00
4.808810749983917887e+00
4.808806982308044375e+00
4.808803832723467231e+00
4.808801293085893214e+00
4.808799340354112495e+00
4.808797939398012034e+00
4.808797045711454388e+00
4.808796607971156156e+00
4.808796570398420123e+00
4.808796874889325501e+00
4.808797462891742924e+00
4.808798277017055867e+00
4.808799262383079309e+00
4.808800367692576572e+00
4.808801546057811294e+00
4.808802755586902400e+00
4.808803959752133039e+00
4.808805127561428527e+00
4.808806233559238308e+00
4.808807257680749458e+00
4.808808184985395862e+00
4.808809005294485850e+00
4.808809712756578314e+00
4.808810305363210524e+00
4.808810784433910079e+00
4.808811154090123274e+00
4.808811420732923558e+00
4.808811592536914148e+00
4.808811678972822357e+00
4.808811690366011860e+00
4.808811637498019209e+00
4.808811531254141514e+00
4.808811382321110273e+00
4.808811200934250962e+00
4.808810996673993365e+00
4.808810778309608125e+00
4.808810553687870026e+00
4.808810329661622696e+00
4.808810112056291608e+00
4.808809905667287943e+00
4.808809714285803061e+00
4.808809540747277289e+00
4.808809386997198843e+00
4.808809254171528380e+00
4.808809142686149229e+00
4.808809052332179590e+00
4.808808982374061181e+00
4.808808931646170848e+00
4.808808898647778385e+00
4.808808881631562393e+00
4.808808878686381405e+00
4.808808887812165089e+00
4.808808906985255760e+00
4.808808934215982767e+00
4.808808967595592065e+00
4.808809005334958364e+00
4.808809045794119719e+00
4.808809087503496116e+00
4.808809129177531005e+00
4.808809169721456556e+00
4.808809208232002419e+00
4.808809243992958393e+00
4.808809276466456950e+00
4.808809305280845159e+00
4.808809330215837008e+00
4.808809351186246417e+00
4.808809368224128633e+00
4.808809381460429577e+00
4.808809391107182307e+00
4.808809397439765654e+00
4.808809400780536869e+00
4.808809401483226331e+00
4.808809399918795080e+00
4.808809396463249897e+00
4.808809391487145035e+00
4.808809385346479282e+00
4.808809378375230814e+00
4.808809370880065437e+00
4.808809363136189674e+00
4.808809355384735973e+00
4.808809347831419778e+00
4.808809340646350350e+00
4.808809333964803479e+00
4.808809327888774909e+00
4.808809322489225657e+00
4.808809317808775852e+00
4.808809313864770729e+00
4.808809310652555347e+00
4.808809308148854100e+00
4.808809306315112941e+00
4.808809305100798959e+00
4.808809304446489463e+00
4.808809304286752351e+00
4.808809304552772446e+00
4.808809305174650994e+00
4.808809306083420942e+00
4.808809307212726480e+00
4.808809308500107349e+00
4.808809309888398609e+00
4.808809311325890512e+00
4.808809312767534649e+00
4.808809314174598448e+00
4.808809315514952054e+00
4.808809316763153596e+00
4.808809317899949143e+00
4.808809318911704267e+00
4.808809319790095849e+00
4.808809320531708842e+00
4.808809321137253789e+00
4.808809321610770127e+00
4.808809321959164329e+00
4.808809322191883062e+00
4.808809322319705259e+00
4.808809322354905547e+00
4.808809322310162671e+00
4.808809322198459135e+00
4.808809322032637112e+00
4.808809321825060046e+00
4.808809321587375507e+00
4.808809321330302922e+00
4.808809321063403530e+00
4.808809320795250031e+00
4.808809320533108611e+00
4.808809320283090827e+00
4.808809320049851621e+00
4.808809319837225260e+00
4.808809319647704861e+00
4.808809319482880262e+00
4.808809319343460231e+00
4.808809319229369272e+00
4.808809319139880856e+00
4.808809319073718669e+00
4.808809319029186291e+00
4.808809319004266669e+00
4.808809318996723370e+00
4.808809319004185845e+00
4.808809319024237361e+00
4.808809319054494935e+00
4.808809319092655521e+00
4.808809319136543969e+00
4.808809319184150333e+00
4.808809319233585455e+00
4.808809319283431805e+00
4.808809319332243426e+00
4.808809319378884339e+00
4.808809319422444162e+00
4.808809319462223009e+00
4.808809319497647117e+00
4.808809319528585924e+00
4.808809319554813833e+00
4.712416939947616790e+00
4.617891790473260372e+00
4.524861025291005312e+00
4.433151305568381773e+00
4.343244124834261477e+00
4.254608440668565805e+00
4.167793856356770021e+00
4.085145831412960504e+00
4.007770276412434107e+00
3.937170300128930656e+00
3.874536445907829751e+00
3.820395004436002662e+00
3.774701899234956137e+00
3.737578346384675232e+00
3.708917924947906286e+00
3.688250247704523144e+00
3.674954672170231085e+00
3.668299909975201611e+00
3.667480767279959419e+00
3.671651413542377451e+00
3.679954774915615179e+00
3.691547826567698198e+00
3.705622696888255074e+00
3.721423630682477057e+00
3.738259983894869798e+00
3.755515477820957404e+00
3.772654036839338865e+00
3.789222529545542173e+00
3.804826690858128746e+00
3.819090718330753198e+00
3.831930139252721190e+00
3.843207194068577692e+00
3.852847098663590319e+00
3.860830719530946809e+00
3.867186835682181911e+00
3.871984222025872224e+00
3.875323860505289986e+00
3.877331402575087349e+00
3.878150090811027795e+00
3.877934251917823261e+00
3.876843452376018906e+00
3.875037377330000865e+00
3.872671468825421126e+00
3.869893322680783232e+00
3.866839835835308214e+00
3.863635069724064230e+00
3.860388768260508918e+00
3.857195509401826428e+00
3.854134372363401617e+00
3.851269091933185784e+00
3.848648591416521825e+00
3.846307863874024235e+00
3.844269081572859292e+00
3.842542897683545178e+00
3.841129869539839703e+00
3.840021941399210270e+00
3.839203946307748527e+00
3.838655074775195963e+00
3.838350281321007529e+00
3.838261594364531959e+00
3.838359314529721456e+00
3.838613079095813951e+00
3.838992790502086194e+00
3.839469391771313411e+00
3.840015507123755167e+00
3.840605934692827628e+00
3.841218011631535756e+00
3.841831854388915168e+00
3.842430488069493499e+00
3.842999866978617174e+00
3.843528835946504518e+00
3.844008998343262373e+00
3.844434526803492069e+00
3.844801955449468345e+00
3.845109912465065172e+00
3.845358849145225744e+00
3.845550756979469131e+00
3.845688884576698108e+00
3.845777460991946395e+00
3.845821440354200593e+00
3.845826250341538799e+00
3.845797580231732127e+00
3.845741186525945210e+00
3.845662723077975187e+00
3.845567607635804741e+00
3.845460903969509125e+00
3.845347239656584204e+00
3.845230744203727014e+00
3.845115010559327917e+00
3.845003077045162865e+00
3.844897426994260403e+00
3.844800003640106212e+00
3.844712237441631153e+00
3.844635083312817336e+00
3.844569065281541853e+00
3.844514325436759083e+00
3.844470679887170839e+00
3.844437668241725170e+00
3.844414608492323637e+00
3.844400650383577922e+00
3.844394821076815738e+00
3.844396071620543864e+00
3.844403316059015641e+00
3.844415466311477125e+00
3.844431462523924647e+00
3.844450297606406330e+00
3.844471036815731324e+00
3.844492832894619738e+00
3.844514934460182776e+00
3.844536694656255360e+00
3.844557571659729334e+00
3.844577128655793263e+00
3.844595028430440653e+00
3.844611030199002411e+00
3.844624980259195635e+00
3.844636803621158450e+00
3.844646494349443611e+00
3.844654105463193972e+00
3.844659738969665952e+00
3.844663534887913237e+00
3.844665663553502366e+00
3.844666313942398439e+00
3.844665688626151656e+00
3.844663993992663009e+00
3.844661434847782999e+00
3.844658209402095128e+00
3.844654504626196623e+00
3.844650492631074723e+00
3.844646328318224171e+00
3.844642147718869918e+00
3.844638067093796963e+00
3.844634182705360281e+00
3.844630571167870325e+00
3.844627290281022791e+00
3.844624380251759899e+00
3.844621865213642131e+00
3.844619754958150004e+00
3.844618046947396284e+00
3.844616727791482891e+00
3.844615775627661325e+00
3.844615162087634985e+00
3.844614853353452322e+00
3.844614812538723392e+00
3.844615000942639416e+00
3.844615379373474084e+00
3.844615909288723543e+00
3.844616553748190668e+00
3.844617278181789111e+00
3.844618050978712454e+00
3.844618843908486294e+00
3.844619632387369368e+00
3.844620395605930607e+00
3.844621116534808092e+00
3.844621781826758067e+00
3.844622381632941455e+00
3.844622909351235407e+00
3.844623361323611377e+00
3.844623736498197442e+00
3.844624036070701578e+00
3.844624263117851992e+00
3.844624422234093952e+00
3.844624519180968036e+00
3.844624560556754833e+00
3.844624553492501651e+00
3.844624505378649637e+00
3.844624423625247367e+00
3.844624315457252361e+00
3.844624187745307342e+00
3.844624046871278900e+00
3.844623898627126835e+00
3.844623748144825992e+00
3.844623599854693818e+00
3.844623457469033667e+00
3.844623323987701902e+00
3.844623201722337846e+00
3.844623092335641701e+00
3.844622996892548716e+00
3.844622915920055561e+00
3.844622849472798976e+00
3.844622797201775910e+00
3.844622758423803077e+00
3.844622732189790781e+00
3.844622717350119068e+00
3.844622712615702209e+00
3.844622716613833369e+00
3.844622727938017182e+00
3.844622745191255131e+00
3.844622767022672694e+00
3.844622792157490476e+00
3.844622819420393967e+00
3.844622847752755312e+00
3.844622876224157881e+00
3.844622904038635269e+00
3.844622930536397920e+00
3.844622955191553615e+00
3.844622977606538594e+00
3.844622997503855277e+00
3.844623014715804032e+00
3.844623029172729911e+00
3.844623040890358112e+00
3.844623049956656491e+00
3.844623056518737592e+00
3.844623060770018697e+00
3.844623062938118174e+00
3.844623063273559183e+00
3.844623062039526307e+00
3.844623059502840334e+00
3.844623055926159161e+00
3.844623051561416816e+00
3.844623046644569886e+00
3.844623041391546092e+00
3.844623035995353266e+00
3.844623030624196414e+00
3.844623025420620177e+00
3.844623020501423127e+00
3.844623015958293699e+00
3.844623011859069184e+00
3.844623008249407725e+00
3.844623005154855111e+00
3.844623002583137605e+00
3.844623000526588896e+00
3.844622998964653426e+00
3.844622997866375513e+00
3.844622997192755687e+00
3.844622996899031531e+00
3.844622996936760018e+00
3.844622997255660479e+00
3.844622997805256404e+00
3.844622998536308067e+00
3.844622999401941854e+00
3.844623000358589948e+00
3.844623001366677784e+00
3.844623002391107658e+00
3.844623003401551387e+00
3.844623004372587083e+00
3.844623005283616557e+00
3.844623006118751629e+00
3.844623006866531689e+00
3.844623007519571534e+00
3.844623008074165238e+00
3.844623008529837183e+00
3.844623008888889970e+00
3.844623009155891058e+00
3.844623009337253983e+00
3.844623009440769845e+00
3.844623009475183206e+00
3.844623009449826156e+00
3.844623009374267930e+00
3.844623009258033797e+00
3.844623009110327505e+00
3.844623008939845210e+00
3.844623008754614268e+00
3.844623008561872002e+00
3.844623008367985761e+00
3.844623008178405854e+00
3.844623007997650443e+00
3.844623007829333083e+00
3.844623007676190696e+00
3.844623007540131088e+00
3.844623007422329319e+00
3.844623007323272557e+00
3.844623007242877311e+00
3.844623007180559604e+00
3.844623007135328674e+00
3.844623007105877122e+00
3.844623007090663069e+00
3.844623007087986100e+00
3.844623007096052536e+00
3.844623007113051383e+00
3.844623007137187187e+00
3.844623007166743545e+00
3.844623007200113740e+00
3.844623007235823398e+00
3.844623007272545134e+00
3.844623007309132756e+00
3.844623007344611931e+00
3.844623007378182855e+00
3.844623007409204263e+00
3.844623007437216078e+00
3.844623007461905217e+00
3.844623007483091381e+00
3.844623007500719947e+00
3.844623007514839763e+00
3.844623007525584946e+00
3.844623007533164660e+00
3.844623007537846249e+00
3.844623007539929915e+00
3.844623007539742954e+00
3.844623007537630421e+00
3.844623007533937820e+00
3.844623007528998215e+00
3.844623007523128688e+00
3.844623007516629443e+00
3.844623007509774482e+00
3.844623007502801837e+00
3.844623007495916678e+00
3.844623007489293087e+00
3.844623007483073174e+00
3.844623007477367960e+00
3.844623007472256937e+00
3.816655978303121532e+00
3.829751256093048895e+00
3.867980699623121854e+00
3.913909705118498561e+00
3.958909328935368954e+00
4.003000695240797491e+00
4.046204464311974114e+00
4.088192169498322315e+00
4.129239404510573586e+00
4.169466719977001468e+00
4.208892357681163432e+00
4.247534005291255355e+00
4.285408822349547009e+00
4.322410977106732943e+00
4.358466054432451386e+00
4.393809674288129408e+00
4.428457169344673261e+00
4.462423491823938271e+00
4.495723224882393509e+00
4.528370593578485703e+00
4.560379475441911801e+00
4.591498136259302143e+00
4.621988947354915389e+00
4.651886135785611387e+00
4.681202143435728935e+00
4.709949176596133213e+00
4.738139206208592746e+00
4.765783968570653784e+00
4.792894966453829397e+00
4.819445607833864109e+00
4.845219817518331418e+00
4.870499118202398670e+00
4.895293831617554048e+00
4.919613998539749566e+00
4.943469390490458082e+00
4.966869520768905311e+00
4.989823654859945279e+00
5.012340820258770258e+00
5.034429815750601556e+00
5.056099220180908738e+00
5.077288878766410107e+00
5.097956665818564659e+00
5.118232250264441063e+00
5.138123472097624322e+00
5.157638001210079537e+00
5.176783337581279731e+00
5.195566821710740690e+00
5.213995631668729480e+00
5.231710144272528673e+00
5.248357884316659394e+00
5.263665865861070436e+00
5.277435920164358585e+00
5.289538779550977843e+00
5.299907273019881515e+00
5.308528908362152521e+00
5.315438142081345241e+00
5.320708590480392353e+00
5.324434259014965143e+00
5.326746172003099744e+00
5.327812024636382482e+00
5.327787959035496179e+00
5.326835071485971795e+00
5.325114553349917124e+00
5.322779873428967079e+00
5.319963134463105980e+00
5.316822790011605626e+00
5.313487670119085848e+00
5.310072671769915154e+00
5.306677842922987054e+00
5.303387968764257110e+00
5.300272645341745914e+00
5.297386704262908808e+00
5.294770971628001810e+00
5.292453275160376336e+00
5.290449638498718521e+00
5.288765605382800494e+00
5.287397641551296879e+00
5.286334557825735914e+00
5.285558932183318959e+00
5.285048479459813819e+00
5.284777343326195975e+00
5.284717278784398786e+00
5.284838754045300568e+00
5.285111891084462776e+00
5.285507291977104671e+00
5.285996728186043825e+00
5.286553701438517550e+00
5.287153860465566346e+00
5.287775334129998228e+00
5.288398918633093082e+00
5.289008187265374694e+00
5.289589495382542417e+00
5.290131931506032004e+00
5.290627202554882835e+00
5.291069451527333101e+00
5.291455058787852828e+00
5.291782392375742106e+00
5.292051576161017401e+00
5.292264216455978776e+00
5.292423143776386674e+00
5.292532160536055130e+00
5.292595799303081883e+00
5.292619098107361530e+00
5.292607395772573220e+00
5.292566149613953996e+00
5.292500776920166849e+00
5.292416520814332337e+00
5.292318340371385155e+00
5.292210824260109803e+00
5.292098126677949210e+00
5.291983923951633528e+00
5.291871389882338406e+00
5.291763187712086314e+00
5.291661476471395176e+00
5.291567929426189032e+00
5.291483762365050580e+00
5.291409769546571162e+00
5.291346364869783159e+00
5.291293628300301144e+00
5.291251351892885424e+00
5.291219087962117484e+00
5.291196196022909248e+00
5.291181887298342268e+00
5.291175267693835949e+00
5.291175375892614774e+00
5.291181218244764395e+00
5.291191799215256175e+00
5.291206147395956627e+00
5.291223337063327037e+00
5.291242505379742944e+00
5.291262865436225482e+00
5.291283715570955337e+00
5.291304444493595938e+00
5.291324534111933708e+00
5.291343559356744386e+00
5.291361185185675886e+00
5.291377162075311169e+00
5.291391319875988763e+00
5.291403560520409499e+00
5.291413849942693481e+00
5.291422209548963806e+00
5.291428707447888513e+00
5.291433449856254079e+00
5.291436572726984977e+00
5.291438233854775852e+00
5.291438605580962573e+00
5.291437868195631999e+00
5.291436204106743979e+00
5.291433792812952674e+00
5.291430806692059008e+00
5.291427407593788601e+00
5.291423744206457336e+00
5.291419950152119078e+00
5.291416142750854590e+00
5.291412422389289105e+00
5.291408872419356868e+00
5.291405559512798007e+00
5.291402534393829349e+00
5.291399832876964027e+00
5.291397477136971617e+00
5.291395477144478221e+00
5.291393832189475788e+00
5.291392532519025416e+00
5.291391560876951949e+00
5.291390894069051498e+00
5.291390504437146980e+00
5.291390361231432138e+00
5.291390431860979682e+00
5.291390683006929052e+00
5.291391081591243051e+00
5.291391595596186548e+00
5.291392194736132204e+00
5.291392850984865781e+00
5.291393538967620103e+00
5.291394236226418357e+00
5.291394923371039560e+00
5.291395584128450125e+00
5.291396205304298661e+00
5.291396776670874047e+00
5.291397290794101593e+00
5.291397742814575089e+00
5.291398130193931237e+00
5.291398452438608402e+00
5.291398710811463069e+00
5.291398908056491379e+00
5.291399048063797572e+00
5.291399135643834128e+00
5.291399176254166115e+00
5.291399175762516727e+00
5.291399140234971377e+00
5.291399075749815495e+00
5.291398988238922740e+00
5.291398883355539873e+00
5.291398766369457718e+00
5.291398642087211890e+00
5.291398514796043173e+00
5.291398388229556993e+00
5.291398265552655467e+00
5.291398149363856440e+00
5.291398041694771237e+00
5.291397944088060079e+00
5.291397857584817288e+00
5.291397782785853821e+00
5.291397719900944097e+00
5.291397668800987830e+00
5.291397629071264319e+00
5.291397600064112083e+00
5.291397580950347290e+00
5.291397570766909197e+00
5.291397568461715828e+00
5.291397572934242177e+00
5.291397583070585497e+00
5.291397597774495587e+00
5.291397615993244763e+00
5.291397636738323307e+00
5.291397659101319206e+00
5.291397682265878366e+00
5.291397705515047178e+00
5.291397728235460285e+00
5.291397749917756244e+00
5.291397770154268265e+00
5.291397788634813359e+00
5.291397805140194421e+00
5.291397819534800817e+00
5.291397831757348236e+00
5.291397841811678049e+00
5.291397849757293770e+00
5.291397855699458752e+00
5.291397859779547019e+00
5.291397862166337340e+00
5.291397863047422767e+00
5.291397862621948889e+00
5.291397861093259714e+00
5.291397858663354548e+00
5.291397855527776528e+00
5.291397851871511016e+00
5.291397847865746407e+00
5.291397843665518685e+00
5.291397839408031878e+00
5.291397835211779643e+00
5.291397831176219313e+00
5.291397827382001040e+00
5.291397823891660579e+00
5.291397820750665559e+00
5.291397817988760188e+00
5.291397815621421863e+00
5.291397813651903981e+00
5.291397812072444751e+00
5.291397810866433460e+00
5.291397810010035840e+00
5.291397809473906477e+00
5.291397809224729798e+00
5.291397809226610072e+00
5.291397809442672795e+00
5.291397809835725496e+00
5.291397810369530497e+00
5.291397811009566965e+00
5.291397811723644651e+00
5.291397812482393270e+00
5.291397813259621330e+00
5.291397814032523073e+00
5.291397814781746867e+00
5.291397815491420964e+00
5.291397816149021160e+00
5.291397816745217142e+00
5.291397817273642445e+00
5.291397817730620901e+00
5.291397818114772278e+00
5.291397818426971433e+00
5.291397818669825170e+00
5.291397818847198842e+00
5.291397818964145294e+00
5.291397819026550486e+00
5.291397819040826178e+00
5.291397819013692327e+00
5.291397818951948828e+00
5.291397818862294322e+00
5.291397818751152116e+00
5.291397818624557381e+00
5.291397818488071891e+00
5.291397818346662341e+00
5.291397818204721659e+00
5.291397818065906478e+00
5.291397817933503056e+00
5.291397817809833093e+00
5.291397817696968708e+00
5.291397817596159570e+00
5.291397817508230794e+00
5.291397817433480810e+00
5.291397817372057055e+00
5.291397817323512776e+00
5.291397817287200489e+00
5.291397817262262215e+00
5.291397817247664115e+00
5.291397817242270207e+00
5.291397817244854807e+00
5.291397817254176239e+00
5.291397817269003490e+00
5.291397817288142846e+00
5.291397817310465435e+00
5.187829372110670967e+00
5.086217274504367225e+00
4.985782199023486072e+00
4.887113002462539768e+00
4.790029145690597012e+00
4.693999704485736224e+00
4.599832482807634904e+00
4.506991004626446085e+00
4.415631842588791045e+00
4.326069983489160720e+00
4.237617676010933643e+00
4.150768159510592525e+00
4.065651299366529692e+00
3.981450636299802337e+00
3.898842974397777716e+00
3.817908196207465021e+00
3.738014741396684659e+00
3.659607576139458640e+00
3.582808538868044401e+00
3.507196069419269868e+00
3.432827642001852197e+00
3.360003161275203709e+00
3.288623784575427589e+00
3.218037472078935757e+00
3.148935790320907646e+00
3.081293610776647540e+00
3.014786389759696039e+00
2.949262882245615724e+00
2.885140795349805831e+00
2.822395085161189421e+00
2.760768565439258637e+00
2.700189955899691796e+00
2.640922758196861508e+00
2.582942771230241963e+00
2.526128014463907778e+00
2.470018934469037752e+00
2.415142180775678771e+00
2.361474785892684114e+00
2.308993802289446062e+00
2.257437031141812156e+00
2.206753700994156908e+00
2.157200497766954772e+00
2.108755364495276119e+00
2.062094405467113756e+00
2.018221754925339617e+00
1.977777844561313669e+00
1.941741646031862167e+00
1.910517343095142762e+00
1.884305364270566274e+00
1.863127156823342734e+00
1.846851541150105858e+00
1.835221669990891424e+00
1.827881649634295780e+00
1.824402088441609449e+00
1.824303961908212868e+00
1.827080331852343420e+00
1.832215609345590357e+00
1.839202136961513911e+00
1.847554044989983657e+00
1.856818339601405743e+00
1.866583346624727691e+00
1.876484661524494113e+00
1.886208779199869623e+00
1.895494700857645931e+00
1.904133723903292053e+00
1.911967728687207213e+00
1.918886228782056724e+00
1.924822458733379538e+00
1.929748762265624640e+00
1.933671518749890739e+00
1.936625831983176171e+00
1.938670157937099736e+00
1.939881077848419677e+00
1.940348283734818491e+00
1.940169973793633984e+00
1.939448651180636585e+00
1.938287451834229902e+00
1.936786993246150113e+00
1.935042782766100977e+00
1.933143153682596926e+00
1.931167735359335502e+00
1.929186408131017050e+00
1.927258699831853717e+00
1.925433584787019203e+00
1.923749624905577216e+00
1.922235393163949313e+00
1.920910137818426344e+00
1.919784610440893324e+00
1.918862037376386054e+00
1.918139142582264700e+00
1.917607241008768115e+00
1.917253300501603475e+00
1.917060985580294696e+00
1.917011639825311864e+00
1.917085187286221348e+00
1.917260932444706745e+00
1.917518282373629868e+00
1.917837322853310544e+00
1.918199322562754716e+00
1.918587092427866958e+00
1.918985276502387149e+00
1.919380522078063311e+00
1.919761575006284859e+00
1.920119296585540924e+00
1.920446615195849693e+00
1.920738426851850367e+00
1.920991439223177499e+00
1.921204013932966692e+00
1.921375953074844434e+00
1.921508285580841191e+00
1.921603064007043615e+00
1.921663140603216746e+00
1.921691967626548703e+00
1.921693395468213383e+00
1.921671510933150362e+00
1.921630472628485631e+00
1.921574382873670217e+00
1.921507167761970614e+00
1.921432492672291437e+00
1.921353691270603070e+00
1.921273717223077826e+00
1.921195113949943911e+00
1.921120001148327150e+00
1.921050075893134812e+00
1.920986626070701364e+00
1.920930552608504760e+00
1.920882406213564098e+00
1.920842416375563078e+00
1.920810537817009500e+00
1.920786490683488612e+00
1.920769811588971754e+00
1.920759878847765112e+00
1.920755974236427965e+00
1.920757300879718965e+00
1.920763033507824735e+00
1.920772337496738702e+00
1.920784400551680315e+00
1.920798450032227489e+00
1.920813770907465523e+00
1.920829718237991868e+00
1.920845725703204110e+00
1.920861310517359311e+00
1.920876075132857075e+00
1.920889706164441879e+00
1.920901970984754348e+00
1.920912712442782055e+00
1.920921842144302172e+00
1.920929332709892856e+00
1.920935209393469512e+00
1.920939541405898510e+00
1.920942433244828162e+00
1.920944017509841784e+00
1.920944443234463117e+00
1.920943874725131728e+00
1.920942474145316936e+00
1.920940410672730581e+00
1.920937844962060881e+00
1.920934927906686296e+00
1.920931800066132400e+00
1.920928584838358821e+00
1.920925390814013367e+00
1.920922309324009092e+00
1.920919414609028930e+00
1.920916764514583042e+00
1.920914400341954709e+00
1.920912348983554896e+00
1.920910624023074442e+00
1.920909227338399194e+00
1.920908150488101374e+00
1.920907377443316744e+00
1.920906885309599188e+00
1.920906646332859902e+00
1.920906631823174449e+00
1.920906806330716643e+00
1.920907136216203348e+00
1.920907588309772818e+00
1.920908130821801674e+00
1.920908734075984281e+00
1.920909371068882709e+00
1.920910017866621633e+00
1.920910653850733008e+00
1.920911261828859073e+00
1.920911828027436208e+00
1.920912341984215566e+00
1.920912796359263819e+00
1.920913186681500573e+00
1.920913511049033184e+00
1.920913769798351822e+00
1.920913965157174275e+00
1.920914100893539533e+00
1.920914181972495305e+00
1.920914214228489847e+00
1.920914204061956898e+00
1.920914158164586327e+00
1.920914083277402318e+00
1.920913985983851990e+00
1.920913872538695166e+00
1.920913748732427928e+00
1.920913619789857085e+00
1.920913490300691695e+00
1.920913364179392957e+00
1.920913244651051954e+00
1.920913134259737864e+00
1.920913034896030824e+00
1.920912947839184648e+00
1.920912873811525756e+00
1.920912813041139033e+00
1.920912765329255700e+00
1.920912730120585721e+00
1.920912706573582929e+00
1.920912693628363588e+00
1.920912690070855744e+00
1.920912694592112002e+00
1.920912705841290702e+00
1.920912722471942002e+00
1.920912743181194982e+00
1.920912766741749378e+00
1.920912792026811644e+00
1.920912818028300162e+00
1.920912843868799014e+00
1.920912868807832297e+00
1.920912892243153314e+00
1.920912913707686576e+00
1.920912932863210409e+00
1.920912949490627408e+00
1.920912963478716540e+00
1.920912974811116447e+00
1.920912983552470310e+00
1.920912989834524964e+00
1.920912993841803917e+00
1.920912995798402356e+00
1.920912995955345481e+00
1.920912994579100141e+00
1.920912991941366332e+00
1.920912988310185421e+00
1.920912983942788088e+00
1.920912979079281380e+00
1.920912973938335266e+00
1.920912968713885061e+00
1.920912963573123244e+00
1.920912958655580205e+00
1.920912954073157541e+00
1.920912949910984269e+00
1.920912946228927387e+00
1.920912943063624256e+00
1.920912940430845151e+00
1.920912938328388941e+00
1.920912936738479182e+00
1.920912935631060581e+00
1.920912934966170660e+00
1.920912934696819896e+00
1.920912934771392244e+00
1.920912935135872024e+00
1.920912935735797245e+00
1.920912936517945591e+00
1.920912937431718426e+00
1.920912938430245687e+00
1.920912939471149716e+00
1.920912940517351064e+00
1.920912941537037844e+00
1.920912942504029663e+00
1.920912943397648842e+00
1.920912944202499473e+00
1.920912944908080400e+00
1.920912945508571168e+00
1.920912946001983368e+00
1.920912946389845999e+00
1.920912946676581301e+00
1.920912946868938320e+00
1.920912946975440683e+00
1.920912947005870564e+00
1.920912946970789292e+00
1.920912946881102812e+00
1.920912946747691974e+00
1.920912946581091685e+00
1.920912946391230447e+00
1.920912946187233183e+00
1.920912945977267139e+00
1.920912945768442848e+00
1.920912945566771501e+00
1.920912945377141190e+00
1.920912945203350652e+00
1.920912945048156795e+00
1.920912944913350406e+00
1.920912944799851640e+00
1.920912944707807490e+00
1.920912944636710140e+00
1.920912944585509097e+00
1.920912944552722434e+00
1.920912944536545153e+00
1.920912944534953981e+00
1.920912944545798862e+00
1.920912944566885994e+00
1.920912944596047778e+00
1.920912944631205432e+00
1.920912944670414291e+00
1.920912944711904879e+00
1.920912944754104235e+00
1.920912944795599930e+00
