7.275963955207727374e-02
1.926852411725832603e-01
3.334472785952231066e-01
4.714664278117583485e-01
6.051586242049752373e-01
7.352490721671942620e-01
8.609361587938098026e-01
9.832914916553556761e-01
1.101912494526132713e+00
1.217437138545801822e+00
1.329481495336248376e+00
1.438314844858661790e+00
1.544366801270432354e+00
1.647129746260950656e+00
1.747525860069007786e+00
1.844896381990467127e+00
1.939781995743151910e+00
2.032472246580916853e+00
2.120699368736632451e+00
2.203981322644915863e+00
2.281404374529186097e+00
2.351715735390784268e+00
2.415456559320548813e+00
2.472615865197425489e+00
2.523350870164592585e+00
2.567568274819335805e+00
2.605951605610473898e+00
2.639055708468776018e+00
2.667333731362095506e+00
2.691249074247969553e+00
2.711261457128398611e+00
2.727816430088634725e+00
2.741337760157679604e+00
2.752222189241390282e+00
2.760836123589237801e+00
2.767513870030463785e+00
2.772557091611012936e+00
2.776235202281472247e+00
2.778786472602317037e+00
2.780419618669948356e+00
2.781315771620432198e+00
2.781630632058622599e+00
2.781496744323617154e+00
2.781025796597878408e+00
2.780310881645674748e+00
2.779428674531329690e+00
2.778441492030092608e+00
2.777399211427730386e+00
2.776341035022583448e+00
2.775297093769765411e+00
2.774289889078999760e+00
2.773335576031272343e+00
2.772445094427033130e+00
2.771625156308306970e+00
2.770879100074946422e+00
2.770207622185234531e+00
2.769609397818775687e+00
2.769081601891000943e+00
2.768620341534670626e+00
2.768221010679744687e+00
2.767878576731697571e+00
2.767587808621092549e+00
2.767343454715033069e+00
2.767140378276879087e+00
2.766973657359443894e+00
2.766838655238105016e+00
2.766731066747893486e+00
2.766646945191850282e+00
2.766582713843949826e+00
2.766535165480878966e+00
2.766501452845318454e+00
2.766479072467573186e+00
2.766465843851528827e+00
2.766459885661576301e+00
2.766459590226506560e+00
2.766463597400298902e+00
2.766470768584722517e+00
2.766480161520071590e+00
2.766491006285039411e+00
2.766502682810037417e+00
2.766514700097294277e+00
2.766526677251828659e+00
2.766538326357425248e+00
2.766549437177512338e+00
2.766559863620390303e+00
2.766569511879118703e+00
2.766578330136279629e+00
2.766586299711558450e+00
2.766593427523721171e+00
2.766599739736813390e+00
2.766605276462545948e+00
2.766610087395414919e+00
2.766614228263744923e+00
2.766617757987886339e+00
2.766620736445314588e+00
2.766623222751670497e+00
2.766625273975827692e+00
2.766626944216126649e+00
2.766628283973478819e+00
2.766629339765264373e+00
2.766630153931445513e+00
2.766630764591296199e+00
2.766631205715473829e+00
2.766631507283734859e+00
2.766631695503781074e+00
2.766631793070944312e+00
2.766631819452441743e+00
2.766631791183217004e+00
2.766631722163180651e+00
2.766631623948166308e+00
2.766631506028843113e+00
2.766631376093610317e+00
2.766631240272789949e+00
2.766631103362547695e+00
2.766630969027903841e+00
2.766630839984822288e+00
2.766630718161907421e+00
2.766630604842629459e+00
2.766630500789216462e+00
2.766630406349583904e+00
2.766630321548756655e+00
2.766630246166202678e+00
2.766630179800628309e+00
2.766630121923593144e+00
2.766630071923338985e+00
2.766630029140127789e+00
2.766629992894203749e+00
2.766629962507527463e+00
2.766629937320211230e+00
2.766629916702528114e+00
2.766629900063268810e+00
2.766629886855146658e+00
2.766629876577775260e+00
2.766629868778795576e+00
2.766629863053485128e+00
2.766629859043342243e+00
2.766629856433822088e+00
2.766629854951531353e+00
2.766629854361086771e+00
2.766629854461793769e+00
2.766629855084242084e+00
2.766629856086974204e+00
2.766629857353237298e+00
2.766629858787927887e+00
2.766629860314726130e+00
2.766629861873449503e+00
2.766629863417656932e+00
2.766629864912486525e+00
2.766629866332715348e+00
2.766629867661070108e+00
2.766629868886732790e+00
2.766629870004046143e+00
2.766629871011409225e+00
2.766629871910345262e+00
2.766629872704702287e+00
2.766629873399992334e+00
2.766629874002866085e+00
2.766629874520658561e+00
2.766629874961050728e+00
2.766629875331791055e+00
2.766629875640488123e+00
2.766629875894453860e+00
2.766629876100593410e+00
2.766629876265334964e+00
2.766629876394583576e+00
2.766629876493696738e+00
2.766629876567490154e+00
2.766629876620246176e+00
2.766629876655730680e+00
2.766629876677232591e+00
2.766629876687597633e+00
2.766629876689254086e+00
2.766629876684270517e+00
2.766629876674367772e+00
2.766629876660979814e+00
2.766629876645283481e+00
2.766629876628228235e+00
2.766629876610562366e+00
2.766629876592872961e+00
2.766629876575603220e+00
2.766629876559083989e+00
2.766629876543544420e+00
2.766629876529133281e+00
2.766629876515934949e+00
2.766629876503990726e+00
2.766629876493285956e+00
2.766629876483789552e+00
2.766629876475446892e+00
2.766629876468185589e+00
2.766629876461928372e+00
2.766629876456585979e+00
2.766629876452070036e+00
2.766629876448292613e+00
2.766629876445173775e+00
2.766629876442624703e+00
2.766629876440576563e+00
2.766629876438956970e+00
2.766629876437702418e+00
2.766629876436758728e+00
2.766629876436069058e+00
2.766629876435593438e+00
2.766629876435291902e+00
2.766629876435129365e+00
2.766629876435072521e+00
2.766629876435104496e+00
2.766629876435197755e+00
2.766629876435335422e+00
2.766629876435507285e+00
2.766629876435696467e+00
2.766629876435894531e+00
2.766629876436096147e+00
2.766629876436295543e+00
2.766629876436485169e+00
2.766629876436665025e+00
2.766629876436834667e+00
2.766629876436989210e+00
2.766629876437130875e+00
2.766629876437260105e+00
2.766629876437372904e+00
2.766629876437471935e+00
2.766629876437559421e+00
2.766629876437636248e+00
2.766629876437702418e+00
2.766629876437757041e+00
2.766629876437807223e+00
2.766629876437844970e+00
2.766629876437877389e+00
2.766629876437905811e+00
2.766629876437924906e+00
2.766629876437941782e+00
2.766629876437952884e+00
2.766629876437960878e+00
2.766629876437965319e+00
2.766629876437966651e+00
2.766629876437968427e+00
2.766629876437971536e+00
2.766629876437971980e+00
2.766629876437972868e+00
2.766629876437971092e+00
2.766629876437967539e+00
2.766629876437968427e+00
2.766629876437969315e+00
2.766629876437967095e+00
2.766629876437964430e+00
2.766629876437964430e+00
2.766629876437964430e+00
2.766629876437964430e+00
2.766629876437964430e+00
2.766629876437964430e+00
2.766629876437964430e+00
2.766629876437964430e+00
2.766629876437964430e+00
2.766629876437964430e+00
2.766629876437964430e+00
2.766629876437964430e+00
2.766629876437964430e+00
2.766629876437964430e+00
2.766629876437964430e+00
2.766629876437964430e+00
2.766629876437964430e+00
2.766629876437964430e+00
2.766629876437964430e+00
2.766629876437964430e+00
2.766629876437964430e+00
2.766629876437964430e+00
2.766629876437964430e+00
2.766629876437964430e+00
2.766629876437964430e+00
2.766629876437964430e+00
2.766629876437964430e+00
2.766629876437964430e+00
2.766629876437964430e+00
2.766629876437964430e+00
2.766629876437964430e+00
2.766629876437964430e+00
2.766629876437964430e+00
2.766629876437964430e+00
2.766629876437964430e+00
2.766629876437964430e+00
2.766629876437964430e+00
2.766629876437964430e+00
2.766629876437964430e+00
2.766629876437964430e+00
2.766629876437964430e+00
2.766629876437964430e+00
2.766629876437964430e+00
2.766629876437964430e+00
2.766629876437964430e+00
2.766629876437964430e+00
2.766629876437964430e+00
2.766629876437964430e+00
2.766629876437964430e+00
2.766629876437964430e+00
2.766629876437964430e+00
2.766629876437964430e+00
2.766629876437964430e+00
2.766629876437964430e+00
2.766629876437964430e+00
2.766629876437964430e+00
2.766629876437964430e+00
2.766629876437964430e+00
2.766668590374290915e+00
2.807923981824243853e+00
2.871844334460322834e+00
2.940846608631807690e+00
3.008372283820587523e+00
3.074097498277728047e+00
3.138065349796734793e+00
3.200681202736601172e+00
3.261978643964919655e+00
3.321697840643539568e+00
3.379811262343963119e+00
3.436714454833544430e+00
3.492436535873272963e+00
3.547005537141779463e+00
3.599957919903602921e+00
3.651804064902926861e+00
3.702586373976452183e+00
3.752329532401120993e+00
3.801057538867114172e+00
3.848356073123244681e+00
3.894682887548421402e+00
3.940071285051132577e+00
3.984542586102622241e+00
4.028117645907854261e+00
4.070656750325833073e+00
4.112054862609238803e+00
4.152625201040876846e+00
4.192386248945609850e+00
4.231355924071106500e+00
4.269551605300065056e+00
4.306755946830413961e+00
4.342036724350092136e+00
4.375262104543836017e+00
4.406176619343256107e+00
4.434622016888806861e+00
4.460535019947180935e+00
4.483925954827982174e+00
4.504860829685310541e+00
4.523446430581979705e+00
4.539818066652308914e+00
4.554129606154424970e+00
4.566510668608690260e+00
4.577102462130429927e+00
4.586151711868155623e+00
4.593821450681369711e+00
4.600267154762730293e+00
4.605634998073142583e+00
4.610060747843158779e+00
4.613669141500231774e+00
4.616573696640775992e+00
4.618876803899599537e+00
4.620670038134483626e+00
4.622034682876993372e+00
4.623042322058378062e+00
4.623755535632015246e+00
4.624228627655656787e+00
4.624508372518890020e+00
4.624634744104303863e+00
4.624641639611120070e+00
4.624557555544901888e+00
4.624406238836445304e+00
4.624207274990359551e+00
4.623976643177207357e+00
4.623727214156089893e+00
4.623469202037690629e+00
4.623210565177035214e+00
4.622957370315219805e+00
4.622714104937385216e+00
4.622483950209228531e+00
4.622269026075561449e+00
4.622070595470040288e+00
4.621889243984138140e+00
4.621725018258788786e+00
4.621577569246909434e+00
4.621446244368393685e+00
4.621330182543076148e+00
4.621228376437078289e+00
4.621139735460836562e+00
4.621063129446584483e+00
4.620997424019696709e+00
4.620941507554636729e+00
4.620894311145132605e+00
4.620854822047767207e+00
4.620822095484171221e+00
4.620795258012326379e+00
4.620773510983836374e+00
4.620756130872324619e+00
4.620742467216549798e+00
4.620731941606062598e+00
4.620724042129946696e+00
4.620718319591722967e+00
4.620714382741818227e+00
4.620711893327961839e+00
4.620710561120953130e+00
4.620710139034299502e+00
4.620710418428216393e+00
4.620711224660559502e+00
4.620712412926867074e+00
4.620713864415940897e+00
4.620715482793001705e+00
4.620717191011921798e+00
4.620718928451247542e+00
4.620720648361588800e+00
4.620722315607201480e+00
4.620723904684324701e+00
4.620725397994531747e+00
4.620726784350628336e+00
4.620728057695384194e+00
4.620729216009121565e+00
4.620730260387809096e+00
4.620731194270593534e+00
4.620732022799168170e+00
4.620732752291766054e+00
4.620733389816453318e+00
4.620733942849629017e+00
4.620734419007056282e+00
4.620734825836248838e+00
4.620735170660183577e+00
4.620735460463698985e+00
4.620735701814696839e+00
4.620735900814183061e+00
4.620736063068563659e+00
4.620736193679864989e+00
4.620736297250231495e+00
4.620736377896486502e+00
4.620736439272383755e+00
4.620736484596088545e+00
4.620736516681041905e+00
4.620736537968701541e+00
4.620736550561898248e+00
4.620736556257969418e+00
4.620736556580914645e+00
4.620736552812100939e+00
4.620736546019151625e+00
4.620736537082792417e+00
4.620736526721435311e+00
4.620736515514034082e+00
4.620736503919784965e+00
4.620736492296674491e+00
4.620736480917399192e+00
4.620736469983911299e+00
4.620736459639301685e+00
4.620736449978942950e+00
4.620736441059686506e+00
4.620736432907792235e+00
4.620736425525657332e+00
4.620736418897510411e+00
4.620736412994113529e+00
4.620736407776578680e+00
4.620736403199893871e+00
4.620736399214968593e+00
4.620736395771017690e+00
4.620736392817063276e+00
4.620736390303137320e+00
4.620736388181119203e+00
4.620736386405702056e+00
4.620736384934293284e+00
4.620736383727629182e+00
4.620736382749815796e+00
4.620736381968326256e+00
4.620736381353946598e+00
4.620736380880648753e+00
4.620736380525420017e+00
4.620736380267976173e+00
4.620736380090911588e+00
4.620736379978926500e+00
4.620736379918974457e+00
4.620736379899947899e+00
4.620736379912377956e+00
4.620736379948502837e+00
4.620736380001899235e+00
4.620736380067134164e+00
4.620736380139877753e+00
4.620736380216580841e+00
4.620736380294690804e+00
4.620736380371928576e+00
4.620736380446895275e+00
4.620736380518345676e+00
4.620736380585498182e+00
4.620736380647839425e+00
4.620736380705097623e+00
4.620736380757103134e+00
4.620736380803990961e+00
4.620736380845913871e+00
4.620736380883105454e+00
4.620736380915935193e+00
4.620736380944628685e+00
4.620736380969525214e+00
4.620736380990963177e+00
4.620736381009284521e+00
4.620736381024815209e+00
4.620736381037866991e+00
4.620736381048740959e+00
4.620736381057622744e+00
4.620736381064938669e+00
4.620736381070834398e+00
4.620736381075427168e+00
4.620736381078988764e+00
4.620736381081686162e+00
4.620736381083753841e+00
4.620736381085224664e+00
4.620736381086123501e+00
4.620736381086635980e+00
4.620736381086926414e+00
4.620736381086979705e+00
4.620736381086846478e+00
4.620736381086575584e+00
4.620736381086116396e+00
4.620736381085687405e+00
4.620736381085129629e+00
4.620736381084642908e+00
4.620736381084152633e+00
4.620736381083673905e+00
4.620736381083212052e+00
4.620736381082692468e+00
4.620736381082287458e+00
4.620736381081913535e+00
4.620736381081570698e+00
4.620736381081260724e+00
4.620736381080987165e+00
4.620736381080742916e+00
4.620736381080530641e+00
4.620736381080251753e+00
4.620736381080092769e+00
4.620736381079955990e+00
4.620736381079838750e+00
4.620736381079741939e+00
4.620736381079661115e+00
4.620736381079593613e+00
4.620736381079540323e+00
4.620736381079496802e+00
4.620736381079460386e+00
4.620736381079435517e+00
4.620736381079415089e+00
4.620736381079399990e+00
4.620736381079391109e+00
4.620736381079384891e+00
4.620736381079380450e+00
4.620736381079376898e+00
4.620736381079373345e+00
4.620736381079373345e+00
4.620736381079373345e+00
4.620736381079375121e+00
4.620736381079290744e+00
4.620736381079296073e+00
4.620736381079302291e+00
4.620736381079312949e+00
4.620736381079322719e+00
4.620736381079332489e+00
4.620736381079250776e+00
4.620736381079267652e+00
4.620736381079282751e+00
4.620736381079299626e+00
4.620736381079315613e+00
4.620736381079332489e+00
4.620736381079346700e+00
4.620736381079360022e+00
4.620736381079370680e+00
4.620736381079378674e+00
4.620736381079384891e+00
4.620736381079391109e+00
4.620736381079307620e+00
4.620736381079317390e+00
4.620736381079327160e+00
4.620736381079336930e+00
4.620736381079346700e+00
4.620736381079356470e+00
4.620736381079361799e+00
4.620736381079368016e+00
4.620736381079374233e+00
4.620736381079378674e+00
4.620736381079296073e+00
4.620736381079305843e+00
4.620736381079315613e+00
4.620736381079326272e+00
4.620736381079336041e+00
4.620736381079255217e+00
4.620736381079270316e+00
4.620736381079286303e+00
4.620736381079302291e+00
4.620736381079318278e+00
4.620736381079334265e+00
4.620736381079257882e+00
4.620736381079273869e+00
4.620736381079202815e+00
4.620736381079221466e+00
4.620736381079241006e+00
4.620736381079259658e+00
4.620736381079277422e+00
4.620736381079296073e+00
4.620736381079312949e+00
4.620736381079329824e+00
4.620736381079345811e+00
4.620736381079361799e+00
4.620736381079375121e+00
4.620736381079384003e+00
4.620736381079390220e+00
4.620736381079396438e+00
4.620736381079313837e+00
4.620736381079322719e+00
4.529116226348288698e+00
4.439725669779133632e+00
4.354507258153470062e+00
4.274111145062341244e+00
4.199121630652420833e+00
4.130313764008842981e+00
4.067812508358739976e+00
4.011090454291148966e+00
3.960381868534820882e+00
3.915537756271084913e+00
3.876207847663957651e+00
3.841995657745523651e+00
3.812478990430092196e+00
3.787083133543805324e+00
3.765464706758546942e+00
3.747303551483017525e+00
3.732200570606182932e+00
3.719779795344744677e+00
3.709691786685305193e+00
3.701615587650039618e+00
3.695259522546292530e+00
3.690361108306725146e+00
3.686686287327288092e+00
3.684028168215252030e+00
3.682205420335873836e+00
3.681060441318567467e+00
3.680457410116747319e+00
3.680280277117434551e+00
3.680430772860698418e+00
3.680826470836175535e+00
3.681398938551709410e+00
3.682092000559763711e+00
3.682860127403395634e+00
3.683666957065649061e+00
3.684483956508445957e+00
3.685289216347534147e+00
3.686066380123019570e+00
3.686803696017639353e+00
3.687493189132758697e+00
3.688129943259163657e+00
3.688711481472058296e+00
3.689237238178131761e+00
3.689708115124521015e+00
3.690126097244417647e+00
3.690493958126767726e+00
3.690814996125279634e+00
3.691092833661571593e+00
3.691331243819764296e+00
3.691534036069932245e+00
3.691704951822062153e+00
3.691847589641987337e+00
3.691965356663356790e+00
3.692061432684167421e+00
3.692138748050663111e+00
3.692199975740214413e+00
3.692247528537913048e+00
3.692283564095832027e+00
3.692309995595576932e+00
3.692328504452838001e+00
3.692340556219253944e+00
3.692347417590134295e+00
3.692350174237002403e+00
3.692349748227970796e+00
3.692346915263899465e+00
3.692342322356470863e+00
3.692336502178999780e+00
3.692329888745468747e+00
3.692322830469814576e+00
3.692315602523240869e+00
3.692308417651005925e+00
3.692301437081662918e+00
3.692294777735405376e+00
3.692288520942517582e+00
3.692282718873892478e+00
3.692277400314963209e+00
3.692272575607264962e+00
3.692268240840269389e+00
3.692264381373994819e+00
3.692260974649549610e+00
3.692257993160777740e+00
3.692255405450782124e+00
3.692253178403983149e+00
3.692251278282376870e+00
3.692249671678946576e+00
3.692248326233797950e+00
3.692247210959505477e+00
3.692246297185924231e+00
3.692245558192065680e+00
3.692244969523541087e+00
3.692244509223133075e+00
3.692244157216007405e+00
3.692243895828361655e+00
3.692243709287222231e+00
3.692243584175660231e+00
3.692243508692031551e+00
3.692243472692385176e+00
3.692243467533188106e+00
3.692243485916189449e+00
3.692243521738534096e+00
3.692243569950504067e+00
3.692243626422364144e+00
3.692243687821367359e+00
3.692243751499360016e+00
3.692243815391133666e+00
3.692243877923339301e+00
3.692243937933606723e+00
3.692243994599341939e+00
3.692244047375552896e+00
3.692244095941047632e+00
3.692244140152211251e+00
3.692244180003720455e+00
3.692244215595366530e+00
3.692244247104405463e+00
3.692244274762686462e+00
3.692244298837997540e+00
3.692244319619034876e+00
3.692244337403488341e+00
3.692244352488806225e+00
3.692244365165145314e+00
3.692244375710227899e+00
3.692244384385712230e+00
3.692244391434832185e+00
3.692244397081028584e+00
3.692244401527393638e+00
3.692244404956731785e+00
3.692244407532081940e+00
3.692244409397594573e+00
3.692244410679640598e+00
3.692244411488084577e+00
3.692244411917630753e+00
3.692244412049217939e+00
3.692244411951414840e+00
3.692244411681748328e+00
3.692244411287993522e+00
3.692244410809394584e+00
3.692244410277766509e+00
3.692244409718529852e+00
3.692244409151651308e+00
3.692244408592474159e+00
3.692244408052463456e+00
3.692244407539869488e+00
3.692244407060305100e+00
3.692244406617245733e+00
3.692244406212461527e+00
3.692244405846385469e+00
3.692244405518420702e+00
3.692244405227208315e+00
3.692244404970842275e+00
3.692244404747046183e+00
3.692244404553311377e+00
3.692244404387018619e+00
3.692244404245528244e+00
3.692244404126239665e+00
3.692244404026653548e+00
3.692244403944402453e+00
3.692244403877271708e+00
3.692244403823221610e+00
3.692244403780395423e+00
3.692244403747107384e+00
3.692244403721858248e+00
3.692244403703315303e+00
3.692244403690303045e+00
3.692244403681808507e+00
3.692244403676939069e+00
3.692244403674941111e+00
3.692244403675171149e+00
3.692244403677088282e+00
3.692244403680240428e+00
3.692244403684258103e+00
3.692244403688834442e+00
3.692244403693723864e+00
3.692244403698736743e+00
3.692244403703724753e+00
3.692244403708575984e+00
3.692244403713205170e+00
3.692244403717556356e+00
3.692244403721591794e+00
3.692244403725293722e+00
3.692244403728652369e+00
3.692244403731671287e+00
3.692244403734361136e+00
3.692244403736737013e+00
3.692244403738815794e+00
3.692244403740620129e+00
3.692244403742173553e+00
3.692244403743499159e+00
3.692244403744621817e+00
3.692244403745560177e+00
3.692244403746338222e+00
3.692244403746979042e+00
3.692244403747494186e+00
3.692244403747905857e+00
3.692244403748230042e+00
3.692244403748474291e+00
3.692244403748655923e+00
3.692244403748787818e+00
3.692244403748875303e+00
3.692244403748929038e+00
3.692244403748950354e+00
3.692244403748953463e+00
3.692244403748940584e+00
3.692244403748915271e+00
3.692244403748881076e+00
3.692244403748843329e+00
3.692244403748800696e+00
3.692244403748756731e+00
3.692244403748714543e+00
3.692244403748672799e+00
3.692244403748631498e+00
3.692244403748590642e+00
3.692244403748552894e+00
3.692244403748516479e+00
3.692244403748488057e+00
3.692244403748460524e+00
3.692244403748436543e+00
3.692244403748417447e+00
3.692244403748399684e+00
3.692244403748385917e+00
3.692244403748369486e+00
3.692244403748355275e+00
3.692244403748346837e+00
3.692244403748339732e+00
3.692244403748330406e+00
3.692244403748326853e+00
3.692244403748320636e+00
3.692244403748316639e+00
3.692244403748312642e+00
3.692244403748308645e+00
3.692244403748305981e+00
3.692244403748302872e+00
3.692244403748300652e+00
3.692244403748298875e+00
3.692244403748298431e+00
3.692244403748297987e+00
3.692244403748298431e+00
3.692244403748299764e+00
3.692244403748298875e+00
3.692244403748298431e+00
3.692244403748296655e+00
3.692244403748294435e+00
3.692244403748292658e+00
3.692244403748292214e+00
3.692244403748291770e+00
3.692244403748291326e+00
3.692244403748291326e+00
3.692244403748290438e+00
3.692244403748289994e+00
3.692244403748291770e+00
3.692244403748293546e+00
3.692244403748293546e+00
3.692244403748292658e+00
3.692244403748292214e+00
3.692244403748293990e+00
3.692244403748293546e+00
3.692244403748293546e+00
3.692244403748292658e+00
3.692244403748292214e+00
3.692244403748291770e+00
3.692244403748291326e+00
3.692244403748293546e+00
3.692244403748294435e+00
3.692244403748294435e+00
3.692244403748293990e+00
3.692244403748293546e+00
3.692244403748293546e+00
3.692244403748292658e+00
3.692244403748292214e+00
3.692244403748291770e+00
3.692244403748291326e+00
3.692244403748293546e+00
3.692244403748292658e+00
3.692244403748292214e+00
3.692244403748293990e+00
3.692244403748293546e+00
3.692244403748293546e+00
3.692244403748292658e+00
3.692244403748292214e+00
3.692244403748291770e+00
3.692244403748293546e+00
3.692244403748295323e+00
3.692244403748294435e+00
3.692244403748294435e+00
3.692244403748293990e+00
3.692244403748293546e+00
3.692244403748293546e+00
3.692244403748292658e+00
3.692244403748292214e+00
3.692244403748291770e+00
3.692244403748291326e+00
3.692244403748293546e+00
3.692244403748294435e+00
3.692244403748294435e+00
3.692244403748293990e+00
3.692244403748293546e+00
3.692244403748293546e+00
3.692244403748292658e+00
3.692244403748292214e+00
3.692244403748291770e+00
3.692244403748291326e+00
3.692244403748293546e+00
3.667528538989065279e+00
3.680838634694496569e+00
3.718840389449377337e+00
3.768251540610630723e+00
3.816519944871777703e+00
3.863492968113863668e+00
3.909512907633824419e+00
3.954601399745370394e+00
3.998779613610800698e+00
4.042068254173583952e+00
4.084182021419428210e+00
4.125309465464837011e+00
4.165615197060096975e+00
4.205117512968569393e+00
4.243834153236309525e+00
4.281782327345283079e+00
4.318889034674474381e+00
4.355013680337801674e+00
4.390425366486191194e+00
4.425139463168908271e+00
4.459170958863486689e+00
4.492534471900670567e+00
4.525244261471148555e+00
4.557314238232535786e+00
4.588520172038104583e+00
4.619069007320364406e+00
4.649023005316418100e+00
4.678394630668302412e+00
4.707196112427217471e+00
4.735439444250769903e+00
4.763136385065471323e+00
4.790298460146967585e+00
4.816928672175884607e+00
4.842751257964430955e+00
4.867876255186756929e+00
4.891903897829347869e+00
4.914555047806897115e+00
4.935648547271373587e+00
4.955081800349277366e+00
4.972814246582046849e+00
4.988853402205945642e+00
5.003243167450024842e+00
5.016054115056062912e+00
5.027375511385225870e+00
5.037308824271893748e+00
5.045962517411539672e+00
5.053447915711634764e+00
5.059876030454306672e+00
5.065355120674271738e+00
5.069986387047088705e+00
5.073838007454604337e+00
5.077040019688211281e+00
5.079676308087301528e+00
5.081823330776114034e+00
5.083550192681058455e+00
5.084918845882200777e+00
5.085984432111882114e+00
5.086795672643151356e+00
5.087395315472897472e+00
5.087820608148549084e+00
5.088103784953615261e+00
5.088272533540486364e+00
5.088350483742913433e+00
5.088357630253378616e+00
5.088310767711447191e+00
5.088223881226217493e+00
5.088108503500786917e+00
5.087974040175561541e+00
5.087828067524469589e+00
5.087676616459277490e+00
5.087524387142868143e+00
5.087374969830722904e+00
5.087231044103702082e+00
5.087094510059578134e+00
5.086966657010127513e+00
5.086848271548474187e+00
5.086739736628175024e+00
5.086641118151558949e+00
5.086552252341243197e+00
5.086472793263557612e+00
5.086402267288191226e+00
5.086340114171274962e+00
5.086285724297437305e+00
5.086238449364207881e+00
5.086197646980973985e+00
5.086162680656197921e+00
5.086132935658010723e+00
5.086107827566753059e+00
5.086086809271860076e+00
5.086069369856419442e+00
5.086055043834219802e+00
5.086043409680615746e+00
5.086034080451487860e+00
5.086026710178326304e+00
5.086020996319227550e+00
5.086016672905286029e+00
5.086013500107577912e+00
5.086011274905209767e+00
5.086009820189937081e+00
5.086008983861040278e+00
5.086008638713556351e+00
5.086008673268505476e+00
5.086008995821134526e+00
5.086009530179881999e+00
5.086010213657205625e+00
5.086010995239185206e+00
5.086011835390516822e+00
5.086012700144546095e+00
5.086013560908885900e+00
5.086014401956180819e+00
5.086015209177707774e+00
5.086015972601203750e+00
5.086016685621166822e+00
5.086017344345036939e+00
5.086017947027128727e+00
5.086018493981086408e+00
5.086018986006414444e+00
5.086019425241088854e+00
5.086019814493061730e+00
5.086020158531669999e+00
5.086020457405864725e+00
5.086020716716388002e+00
5.086020940126489087e+00
5.086021131043396259e+00
5.086021293717315039e+00
5.086021430213489403e+00
5.086021544206006162e+00
5.086021638531926570e+00
5.086021715983961577e+00
5.086021778717740638e+00
5.086021828853389160e+00
5.086021870195096994e+00
5.086021902442618980e+00
5.086021927051801228e+00
5.086021945300887026e+00
5.086021958304378643e+00
5.086021967027346768e+00
5.086021972299587190e+00
5.086021974829435521e+00
5.086021975216987734e+00
5.086021973966611931e+00
5.086021971498547067e+00
5.086021968159665896e+00
5.086021964233266246e+00
5.086021959947965243e+00
5.086021955485648505e+00
5.086021950988626195e+00
5.086021946565895568e+00
5.086021942298686760e+00
5.086021938245300689e+00
5.086021934445287940e+00
5.086021930923048551e+00
5.086021927690929090e+00
5.086021924751811696e+00
5.086021922101341630e+00
5.086021919729731167e+00
5.086021917623296140e+00
5.086021915765700285e+00
5.086021914138948219e+00
5.086021912724168814e+00
5.086021911502285775e+00
5.086021910454460837e+00
5.086021909562473020e+00
5.086021908808969982e+00
5.086021908177657203e+00
5.086021907653407226e+00
5.086021907222319172e+00
5.086021906871736498e+00
5.086021906590232788e+00
5.086021906367562906e+00
5.086021906228832101e+00
5.086021906096315881e+00
5.086021905998014958e+00
5.086021905927935904e+00
5.086021905880883764e+00
5.086021905852406988e+00
5.086021905838689072e+00
5.086021905836505930e+00
5.086021905843144175e+00
5.086021905856338066e+00
5.086021905874224203e+00
5.086021905895275808e+00
5.086021905918270747e+00
5.086021905942223142e+00
5.086021906000578241e+00
5.086021906023060701e+00
5.086021906044278396e+00
5.086021906064060794e+00
5.086021906082306643e+00
5.086021906098972423e+00
5.086021906114071456e+00
5.086021906127636605e+00
5.086021906139731819e+00
5.086021906150437033e+00
5.086021906159842842e+00
5.086021906168055828e+00
5.086021906175174578e+00
5.086021906181295016e+00
5.086021906186530828e+00
5.086021906190967279e+00
5.086021906194710063e+00
5.086021906232031320e+00
5.086021906233338719e+00
5.086021906233748169e+00
5.086021906233458623e+00
5.086021906232644163e+00
5.086021906231454892e+00
5.086021906230004497e+00
5.086021906228388900e+00
5.086021906226681821e+00
5.086021906224942768e+00
5.086021906257430558e+00
5.086021906254490688e+00
5.086021906251188440e+00
5.086021906247697011e+00
5.086021906244127422e+00
5.086021906240584478e+00
5.086021906237140122e+00
5.086021906233844092e+00
5.086021906264948100e+00
5.086021906260784320e+00
5.086021906290621786e+00
5.086021906284924121e+00
5.086021906278846316e+00
5.086021906272615745e+00
5.086021906300619122e+00
5.086021906293305861e+00
5.086021906285807859e+00
5.086021906278345384e+00
5.086021906271072091e+00
5.086021906264104331e+00
5.086021906257527370e+00
5.086021906251398939e+00
5.086021906245751900e+00
5.086021906240583590e+00
5.086021906235902001e+00
5.086021906231696477e+00
5.086021906227945699e+00
5.086021906224622136e+00
5.086021906221697364e+00
5.086021906219150068e+00
5.086021906216942945e+00
5.086021906215041355e+00
5.086021906213415100e+00
5.086021906212033095e+00
5.086021906210874910e+00
5.086021906209903243e+00
5.086021906209102106e+00
5.086021906208449295e+00
5.086021906207918164e+00
5.086021906207498944e+00
5.086021906207166765e+00
5.086021906206917187e+00
5.086021906206727117e+00
5.086021906206588561e+00
5.086021906206489085e+00
5.086021906206427801e+00
5.086021906206396714e+00
5.086021906206390497e+00
5.086021906206399379e+00
5.086021906206421583e+00
5.086021906206450005e+00
5.086021906206486420e+00
5.086021906240731916e+00
5.086021906239503565e+00
5.086021906237841783e+00
5.086021906235886014e+00
5.086021906233753498e+00
5.086021906231534828e+00
5.086021906229307277e+00
5.086021906227109923e+00
5.086021906224991618e+00
5.086021906222972788e+00
5.086021906255287384e+00
5.086021906286482874e+00
5.086021906281901650e+00
5.086021906276744886e+00
5.086021906271257720e+00
5.086021906265653314e+00
5.086021906260080883e+00
5.086021906254655001e+00
5.086021906249461821e+00
5.086021906244562629e+00
5.086021906239994728e+00
5.086021906235786538e+00
5.086021906231946055e+00
5.086021906228458178e+00
5.086021906225337119e+00
5.086021906222550903e+00
5.086021906220079991e+00
5.086021906217906619e+00
5.086021906216019239e+00
5.086021906214373445e+00
5.086021906212962129e+00
5.086021906211758647e+00
5.086021906210736354e+00
5.086021906209876597e+00
5.086021906209158061e+00
5.086021906208563870e+00
5.086021906208081589e+00
4.985588810882244815e+00
4.886923306662487754e+00
4.789840908202843472e+00
4.693815106999805309e+00
4.599651474607130197e+00
4.506811895230518061e+00
4.415456248447639176e+00
4.325897852032060342e+00
4.237447383990947891e+00
4.150601256570811692e+00
4.065487734549239285e+00
3.981288636608920406e+00
3.898684247971802908e+00
3.817752691192862535e+00
3.737860958653690169e+00
3.659456940878143438e+00
3.582660999624047715e+00
3.507050189351709868e+00
3.432684784316104132e+00
3.359863275699735308e+00
3.288485304521747921e+00
3.217901898509798020e+00
3.148803074297068516e+00
3.081163703680015242e+00
3.014657818873265338e+00
2.949137055775658212e+00
2.885017665195134917e+00
2.822274602226136242e+00
2.760649680870719713e+00
2.700073641121735424e+00
2.640808965379706219e+00
2.582831454219109979e+00
2.526017884206552822e+00
2.469911218704496925e+00
2.415036834926398868e+00
2.361371765379058907e+00
2.308893062610354541e+00
2.257337533066671398e+00
2.207518727243733991e+00
2.160497118592850097e+00
2.116794806701876475e+00
2.076723059961942397e+00
2.040425283562875336e+00
2.007710139857008524e+00
1.978608183852453850e+00
1.953090188209301470e+00
1.930944757711867465e+00
1.911924850542014998e+00
1.895762788602609605e+00
1.882182143708029276e+00
1.870906981738745367e+00
1.861668855022024172e+00
1.854211908110098728e+00
1.848296417784784706e+00
1.843701063055714018e+00
1.840224170008018190e+00
1.837684144089406280e+00
1.835919282359400606e+00
1.834787120990158060e+00
1.834163429992798466e+00
1.833941006468815083e+00
1.834028306325038660e+00
1.834347992846890429e+00
1.834835501382013234e+00
1.835437595212271011e+00
1.836110993429394211e+00
1.836821070181446469e+00
1.837540652303019773e+00
1.838248906860472154e+00
1.838930342358571890e+00
1.839573915381628622e+00
1.840172234768538306e+00
1.840720864385491318e+00
1.841217722561872217e+00
1.841662567188746547e+00
1.842056554759643694e+00
1.842401868279001764e+00
1.842701416147030979e+00
1.842958579637750338e+00
1.843177010916927427e+00
1.843360476916592106e+00
1.843512728982264592e+00
1.843637413700985883e+00
1.843738002785720420e+00
1.843817747726206546e+00
1.843879648119174597e+00
1.843926435879116088e+00
1.843960569788096082e+00
1.843984238890576721e+00
1.843999370154370654e+00
1.844007643640100724e+00
1.844010508715779650e+00
1.844009202661540892e+00
1.844004770225057710e+00
1.843998083393715515e+00
1.843989860821931392e+00
1.843980686411125447e+00
1.843971027265392637e+00
1.843961249520122303e+00
1.843951633676344404e+00
1.843942387984639497e+00
1.843933660835755939e+00
1.843925551317337819e+00
1.843918118356532521e+00
1.843911389481355911e+00
1.843905367199346390e+00
1.843900035197955756e+00
1.843895363584371561e+00
1.843891312489758239e+00
1.843887835799688180e+00
1.843884883788872386e+00
1.843882405190883311e+00
1.843880349215959003e+00
1.843878666199862515e+00
1.843877309219655425e+00
1.843876234113321244e+00
1.843875400233194961e+00
1.843874770488147519e+00
1.843874311760698381e+00
1.843873994339040978e+00
1.843873792142112222e+00
1.843873682444405304e+00
1.843873645647674753e+00
1.843873665027465192e+00
1.843873726467081697e+00
1.843873818188920932e+00
1.843873930490686153e+00
1.843874055492133124e+00
1.843874186896279355e+00
1.843874319767736747e+00
1.843874450243832008e+00
1.843874575698271290e+00
1.843874694051642393e+00
1.843874803978021504e+00
1.843874904689869032e+00
1.843874995827807561e+00
1.843875077280187069e+00
1.843875149450163065e+00
1.843875212663104612e+00
1.843875267462710799e+00
1.843875314477502858e+00
1.843875354384086673e+00
1.843875387878067151e+00
1.843875415651536009e+00
1.843875438376104237e+00
1.843875456690573955e+00
1.843875471192444104e+00
1.843875482432539403e+00
1.843875490912140203e+00
1.843875497082089199e+00
1.843875501343407608e+00
1.843875504049047986e+00
1.843875505420570438e+00
1.843875505812646587e+00
1.843875505538496773e+00
1.843875504700094980e+00
1.843875503455809195e+00
1.843875501936066419e+00
1.843875500246767940e+00
1.843875498472512753e+00
1.843875496593688323e+00
1.843875494750602861e+00
1.843875493067933524e+00
1.843875491483536910e+00
1.843875490014382557e+00
1.843875488670363216e+00
1.843875487455749473e+00
1.843875486370445849e+00
1.843875485411048842e+00
1.843875484571740442e+00
1.843875483845019980e+00
1.843875483222306766e+00
1.843875482694420143e+00
1.843875482251966291e+00
1.843875481799740035e+00
1.843875481504224645e+00
1.843875481182569942e+00
1.843875481001865158e+00
1.843875480866010941e+00
1.843875480767632746e+00
1.843875480614293183e+00
1.843875480575734693e+00
1.843875480472655370e+00
1.843875480475817508e+00
1.843875480492805030e+00
1.843875480433940783e+00
1.843875480385711363e+00
1.843875480432667135e+00
1.843875480398055267e+00
1.843875480455009708e+00
1.843875480513285092e+00
1.843875480571060210e+00
1.843875480626968599e+00
1.843875480680024603e+00
1.843875480643664355e+00
1.843875480692971136e+00
1.843875480653438093e+00
1.843875480700088554e+00
1.843875480744249007e+00
1.843875480699496139e+00
1.843875480741006934e+00
1.843875480780217790e+00
1.843875480730790217e+00
1.843875480767954489e+00
1.843875480803177869e+00
1.843875480836025149e+00
1.843875480866227434e+00
1.843875480807759759e+00
1.843875480836092651e+00
1.843875480862872784e+00
1.843875480887785745e+00
1.843875480910644793e+00
1.843875480931357114e+00
1.843875480949910939e+00
1.843875480966352676e+00
1.843875480980769366e+00
1.843875480993281579e+00
1.843875481004027206e+00
1.843875481013159012e+00
1.843875481020832652e+00
1.843875480941318479e+00
1.843875480950266876e+00
1.843875480873533368e+00
1.843875480886336904e+00
1.843875480900058594e+00
1.843875480914122011e+00
1.843875480928081068e+00
1.843875480941603806e+00
1.843875480954447088e+00
1.843875480966444158e+00
1.843875480977491543e+00
1.843875480987534843e+00
1.843875480996559180e+00
1.843875481004579209e+00
1.843875481011632012e+00
1.843875481017770213e+00
1.843875481023058205e+00
1.843875481027564822e+00
1.843875481031362895e+00
1.843875481034527253e+00
1.843875481037131836e+00
1.843875481039242814e+00
1.843875480955039947e+00
1.843875480874195283e+00
1.843875480883865769e+00
1.843875480895277974e+00
1.843875480907714470e+00
1.843875480920606824e+00
1.843875480933512723e+00
1.843875480946096657e+00
1.843875480958113267e+00
1.843875480969389136e+00
1.843875480979814796e+00
1.843875480989329407e+00
1.843875480997905436e+00
1.843875480919664245e+00
1.843875480844248571e+00
1.843875480858802929e+00
1.843875480874559214e+00
1.843875480890821761e+00
1.843875480907046782e+00
1.843875480836939529e+00
1.843875480769817221e+00
1.843875480792571242e+00
1.843875480816242973e+00
1.843875480840003078e+00
1.843875480863217842e+00
1.843875480799535005e+00
1.843875480824128443e+00
1.843875480848382820e+00
1.843875480871756789e+00
1.843875480893862884e+00
1.843875480914435538e+00
1.843875480933319100e+00
1.843875480950437185e+00
1.843875480965776026e+00
1.843875480893486740e+00
1.843875480823252921e+00
1.843875480842273928e+00
1.843875480775952092e+00
1.843875480799154642e+00
1.843875480822998236e+00
1.843875480846714154e+00
1.843875480869722860e+00
1.843875480891602914e+00
1.843875480912065434e+00
1.843875480930925903e+00
1.843875480948087286e+00
1.843875480963520941e+00
1.843875480891359997e+00
1.843875480907166242e+00
1.843875480922625876e+00
1.843875480937424260e+00
1.843875480951341350e+00
1.843875480964233482e+00
1.843875480976014725e+00
1.843875480986651771e+00
1.843875480996149729e+00
1.843875481004539019e+00
