7.153475163184923602e-01
8.485734923771618421e-01
9.740413961763280115e-01
1.088426548983512765e+00
1.200271637646938450e+00
1.309633067440332477e+00
1.416565991088381438e+00
1.521124336581137770e+00
1.623360834370769279e+00
1.723327043964373528e+00
1.821073379926263947e+00
1.916649137302844697e+00
2.010102516482894508e+00
2.101480647505794330e+00
2.190829613829965883e+00
2.278194475573497080e+00
2.363619292238684721e+00
2.447147144931946183e+00
2.528820158090316461e+00
2.608679520725475598e+00
2.686765507196029468e+00
2.763117497518514210e+00
2.837773997227372558e+00
2.910772656793912283e+00
2.981272378770714937e+00
3.046557721110832340e+00
3.105366729448195251e+00
3.156815614870629005e+00
3.200380221954598703e+00
3.235844995173540184e+00
3.263257117865475454e+00
3.282888798057644220e+00
3.295195791959836029e+00
3.300776942584033868e+00
3.300335722814205841e+00
3.294644567489868336e+00
3.284512583274338482e+00
3.270757043913847806e+00
3.254178910778235956e+00
3.235542471228131323e+00
3.215559057612354277e+00
3.194874700224657804e+00
3.174061478320636009e+00
3.153612263849537189e+00
3.133938501069502891e+00
3.115370632715380506e+00
3.098160765583301668e+00
3.082487165333150703e+00
3.068460179490636985e+00
3.056129206940425558e+00
3.045490358571537381e+00
3.036494488240337741e+00
3.029055309966160792e+00
3.023057357501251818e+00
3.018363583442781550e+00
3.014822435653619959e+00
3.012274288004484823e+00
3.010557139144106831e+00
3.009511526953743132e+00
3.008984636293388526e+00
3.008833604040599408e+00
3.008928047717036147e+00
3.009151862010891243e+00
3.009404341760803181e+00
3.009600700336172885e+00
3.009672058968943631e+00
3.009564986873748182e+00
3.009240672135471861e+00
3.008673802255737328e+00
3.007851229577001462e+00
3.006770491635124554e+00
3.005438250095655128e+00
3.003868705112678228e+00
3.002082033062426714e+00
3.000102889460447120e+00
2.997959008872467468e+00
2.995679927698988720e+00
2.993295847508926855e+00
2.990836649989121909e+00
2.988331068988459904e+00
2.985806019934208688e+00
2.983286081379607602e+00
2.980793121260433498e+00
2.978346056582831913e+00
2.975960733426589844e+00
2.973649912663184125e+00
2.971423345971196728e+00
2.969287926446982251e+00
2.967247898432343600e+00
2.965305111621088674e+00
2.963459305685131273e+00
2.961708412712548810e+00
2.960048866187777072e+00
2.958475906796069754e+00
2.956983876807838918e+00
2.955566496292487244e+00
2.954217116160473111e+00
2.952928944231040909e+00
2.951695241943226300e+00
2.950509490505613286e+00
2.949365526299015716e+00
2.948257646396358567e+00
2.947180685458842930e+00
2.946130066318984664e+00
2.945101826583865989e+00
2.944092624143655357e+00
2.943099724585849231e+00
2.942120973528246974e+00
2.941154756984396546e+00
2.940199952575262010e+00
2.939255874398068347e+00
2.938322214060493209e+00
2.937398980095687673e+00
2.936486437712667819e+00
2.935585050595322709e+00
2.934695425954607195e+00
2.933818264064309567e+00
2.932954312947855691e+00
2.932104328728178277e+00
2.931269041949982501e+00
2.930449129900384531e+00
2.929645194823949694e+00
2.928857747761887786e+00
2.928087197627859961e+00
2.927333845042194849e+00
2.926597880382807659e+00
2.925879385477659245e+00
2.925178338318507709e+00
2.924494620244342258e+00
2.923828024983967211e+00
2.923178269036430965e+00
2.922545002870648556e+00
2.921927822515529183e+00
2.921326281155154359e+00
2.920739900375527220e+00
2.920168180802572344e+00
2.919610611914486231e+00
2.919066680874526032e+00
2.918535880253994463e+00
2.918017714626620407e+00
2.917511705985521786e+00
2.917017397997232919e+00
2.916534359156577771e+00
2.916062184925176215e+00
2.915600498905612348e+00
2.915148953185674685e+00
2.914707227973343695e+00
2.914275030594930982e+00
2.913852094025832340e+00
2.913438175029110511e+00
2.913033052023289660e+00
2.912636522775772008e+00
2.912248402010785053e+00
2.911868519009944922e+00
2.911496715272106073e+00
2.911132842287575073e+00
2.910776759470331321e+00
2.910428332280924568e+00
2.910087430562486865e+00
2.909753927102928905e+00
2.909427696428053878e+00
2.909108613823129463e+00
2.908796554574355042e+00
2.908491393416774873e+00
2.908193004171357288e+00
2.907901259551235462e+00
2.907616031115330291e+00
2.907337189346689943e+00
2.907064603832782979e+00
2.906798143525516132e+00
2.906537677059864322e+00
2.906283073116578741e+00
2.906034200788185640e+00
2.905790929973802061e+00
2.905553131753786378e+00
2.905320678752751462e+00
2.905093445456745638e+00
2.904871308518982786e+00
2.904654147013856491e+00
2.904441842650997696e+00
2.904234279950977271e+00
2.904031346359843724e+00
2.903832932345096207e+00
2.903638931439998405e+00
2.903449240254107888e+00
2.903263758451587684e+00
2.903082388701471395e+00
2.902905036604261912e+00
2.902731610599284640e+00
2.902562021857126862e+00
2.902396184161300852e+00
2.902234013782972522e+00
2.902075429357301672e+00
2.901920351741436477e+00
2.901768703897965374e+00
2.901620410770509917e+00
2.901475399167878777e+00
2.901333597655903151e+00
2.901194936462968776e+00
2.901059347376778508e+00
2.900926763673753683e+00
2.900797120045508937e+00
2.900670352536756535e+00
2.900546398491941957e+00
2.900425196509970771e+00
2.900306686406284751e+00
2.900190809181462548e+00
2.900077506995470955e+00
2.899966723146683467e+00
2.899858402054803275e+00
2.899752489251891330e+00
2.899648931362732274e+00
2.899547676091904780e+00
2.899448672222532331e+00
2.899351869605248933e+00
2.899257219149320886e+00
2.899164672813308474e+00
2.899074183594975374e+00
2.898985705525273016e+00
2.898899193643217131e+00
2.898814603992714289e+00
2.898731893605785981e+00
2.898651020486847862e+00
2.898571943595897427e+00
2.898494622830697143e+00
2.898419019008100950e+00
2.898345093849701293e+00
2.898272809948919448e+00
2.898202130760823447e+00
2.898133020579308994e+00
2.898065444521463085e+00
2.897999368493973105e+00
2.897934759182855924e+00
2.897871584031078473e+00
2.897809811223847731e+00
2.897749409656378283e+00
2.897690348925332504e+00
2.897632599313501256e+00
2.897576131764379781e+00
2.897520917862530965e+00
2.897466929830372351e+00
2.897414140497445167e+00
2.897362523295682113e+00
2.897312052247925873e+00
2.897262701946303753e+00
2.897214447536285320e+00
2.897167264711983048e+00
2.897121129706804687e+00
2.897076019268764568e+00
2.897031910659325415e+00
2.896988781640196464e+00
2.896946610462682870e+00
2.896905375857325549e+00
2.896865057023796819e+00
2.896825633621032736e+00
2.896787085757578151e+00
2.896749393982121834e+00
2.896712539274208353e+00
2.896676503035117367e+00
2.896641267078894799e+00
2.896606813623528343e+00
2.896573125282271288e+00
2.896540185055097361e+00
2.896507976320296329e+00
2.896476482826205512e+00
2.896445688683076281e+00
2.896415578355082676e+00
2.896386136657512544e+00
2.896357348736101400e+00
2.896329200069647225e+00
2.896301676460371954e+00
2.896274764026658843e+00
2.896248449195945707e+00
2.896222718697757159e+00
2.896197559556893175e+00
2.896172959086768195e+00
2.896148904882893671e+00
2.896125384816520043e+00
2.896102387028418601e+00
2.896079899922813006e+00
2.896057912161456471e+00
2.896036412657846171e+00
2.896015390571582859e+00
2.895994835302861947e+00
2.895974736487096024e+00
2.895955083989671497e+00
2.895935867900825578e+00
2.895917078530645838e+00
2.895898706404191447e+00
2.895880742256720985e+00
2.895863177034084135e+00
2.895846001875215681e+00
2.895829208117864262e+00
2.895812787292031842e+00
2.895796731115730882e+00
2.895781031490838320e+00
2.895765680499037042e+00
2.895750670397844839e+00
2.895735993621774806e+00
2.895721642765573201e+00
2.895707610595724013e+00
2.897693464997033619e+00
2.970783064348974101e+00
3.053950937989515779e+00
3.122688271990456954e+00
3.189360056821857636e+00
3.254551312005007802e+00
3.318294914536449980e+00
3.380623011338253381e+00
3.441567035470224578e+00
3.501157721982103066e+00
3.559425123413741066e+00
3.616398624951080443e+00
3.672106959245575730e+00
3.726578220904529726e+00
3.779839880659654927e+00
3.831918799221007532e+00
3.882841240823270645e+00
3.932632886471231881e+00
3.981318846891125141e+00
4.028923675194374887e+00
4.075471379260123150e+00
4.120985433842785817e+00
4.165488792410752872e+00
4.209003898722189163e+00
4.251552698143781228e+00
4.293156648718136736e+00
4.333836731985423185e+00
4.373613463564693049e+00
4.412506903500241329e+00
4.450536666378206441e+00
4.487721931218521476e+00
4.524081451147202060e+00
4.559633562853848687e+00
4.594396195839133057e+00
4.628386881456935775e+00
4.661622761755685573e+00
4.694120598123371124e+00
4.725896779740579312e+00
4.756967331845823210e+00
4.787347923817319995e+00
4.817053877075321289e+00
4.844940706134177155e+00
4.870450280686926980e+00
4.893196699357763357e+00
4.912925425792910694e+00
4.929500553716659184e+00
4.942890828764626043e+00
4.953159767475810327e+00
4.960445025201087432e+00
4.964941971980440627e+00
4.966891154127599073e+00
4.966565317972114535e+00
4.964257510149922226e+00
4.960270404861747195e+00
4.954906956203847912e+00
4.948462422621540568e+00
4.941217769863059495e+00
4.933434420806500853e+00
4.925350290721531188e+00
4.917177021807887627e+00
4.909098312168959310e+00
4.901269221743043580e+00
4.893816329005820087e+00
4.886838608911662440e+00
4.880408902780286162e+00
4.874575854293068389e+00
4.869367920889886570e+00
4.864793229691201759e+00
4.860842724579324425e+00
4.857493016483525494e+00
4.854709099481241630e+00
4.852446973031463884e+00
4.850656114556687548e+00
4.849281759755380783e+00
4.848266958352704492e+00
4.847554384226442359e+00
4.847087888544860057e+00
4.846813792740860549e+00
4.846681925695725646e+00
4.846646415337426461e+00
4.846666250402630105e+00
4.846705630983984214e+00
4.846734130179630284e+00
4.846726690326539355e+00
4.846663478366292743e+00
4.846529624961374516e+00
4.846314871411584235e+00
4.846013147233047214e+00
4.845622100025250845e+00
4.845142596808168278e+00
4.844578214198159927e+00
4.843934732546822275e+00
4.843219647370733405e+00
4.842441707295597197e+00
4.841610487758186920e+00
4.840736005884772375e+00
4.839828380903880678e+00
4.838897542214689373e+00
4.837952985792957072e+00
4.837003578221049871e+00
4.836057406477198839e+00
4.835121670686858941e+00
4.834202616318276746e+00
4.833305501782830582e+00
4.832434597062814419e+00
4.831593208816808982e+00
4.830783727385909998e+00
4.830007691221852362e+00
4.829265864459757474e+00
4.828558323642951677e+00
4.827884549955389737e+00
4.827243523710141204e+00
4.826633818263077913e+00
4.826053690954202224e+00
4.825501169111684696e+00
4.824974129574215453e+00
4.824470370586571022e+00
4.823987675293754052e+00
4.823523866395311721e+00
4.823076851819588562e+00
4.822644661535491650e+00
4.822225475835966613e+00
4.821817645603209357e+00
4.821419705202035999e+00
4.821030378746995915e+00
4.820648580553687168e+00
4.820273410618602483e+00
4.819904145978425092e+00
4.819540228782861924e+00
4.819181251878703165e+00
4.818826942650770384e+00
4.818477145801337791e+00
4.818131805677025703e+00
4.817790948674259610e+00
4.817454666173871303e+00
4.817123098375038381e+00
4.816796419320321654e+00
4.816474823329133237e+00
4.816158512987736451e+00
4.815847688780943159e+00
4.815542540394816662e+00
4.815243239671334941e+00
4.814949935155159899e+00
4.814662748139535431e+00
4.814381770092579949e+00
4.814107061326310166e+00
4.813838650758341942e+00
4.813576536609549095e+00
4.813320687879460991e+00
4.813071046444014733e+00
4.812827529626868106e+00
4.812590033104966913e+00
4.812358434020842957e+00
4.812132594187546353e+00
4.811912363286519501e+00
4.811697581973694682e+00
4.811488084824035560e+00
4.811283703059355155e+00
4.811084267018123306e+00
4.810889608338946744e+00
4.810699561841128791e+00
4.810513967096220256e+00
4.810332669693536012e+00
4.810155522210301626e+00
4.809982384903295660e+00
4.809813126143797746e+00
4.809647622621182173e+00
4.809485759342913447e+00
4.809327429459975711e+00
4.809172533947144501e+00
4.809020981166974629e+00
4.808872686345251779e+00
4.808727570983884370e+00
4.808585562235061062e+00
4.808446592258006191e+00
4.808310597577028389e+00
4.808177518456759003e+00
4.808047298307680961e+00
4.807919883132364625e+00
4.807795221020218612e+00
4.807673261696125522e+00
4.807553956126192851e+00
4.807437256181803953e+00
4.807323114361532923e+00
4.807211483568972099e+00
4.807102316943413278e+00
4.806995567739333453e+00
4.806891189250022123e+00
4.806789134770170335e+00
4.806689357592029310e+00
4.806591811029662153e+00
4.806496448465881421e+00
4.806403223416685577e+00
4.806312089608338667e+00
4.806223001062615019e+00
4.806135912186193515e+00
4.806050777860688683e+00
4.805967553530298808e+00
4.805886195284628570e+00
4.805806659934650504e+00
4.805728905080358437e+00
4.805652889169051534e+00
4.805578571543597022e+00
4.805505912480461106e+00
4.805434873217506286e+00
4.805365415971925458e+00
4.805297503948840365e+00
4.805231101341304267e+00
4.805166173322541923e+00
4.805102686031402115e+00
4.805040606551970406e+00
4.804979902888394605e+00
4.804920543935891963e+00
4.804862499448891100e+00
4.804805740007222603e+00
4.804750236981182532e+00
4.804695962496183803e+00
4.804642889397691796e+00
4.804590991216965534e+00
4.804540242138068074e+00
4.804490616966519134e+00
4.804442091099865308e+00
4.804394640500339264e+00
4.804348241669755382e+00
4.804302871626649818e+00
4.804258507885682761e+00
4.804215128439201621e+00
4.804172711740901214e+00
4.804131236691405960e+00
4.804090682625612452e+00
4.804051029301634301e+00
4.804012256891141419e+00
4.803974345970891235e+00
4.803937277515283100e+00
4.803901032889731582e+00
4.803865593844694359e+00
4.803830942510191271e+00
4.803797061390669754e+00
4.803763933360092331e+00
4.803731541657121795e+00
4.803699869880342810e+00
4.803668901983400907e+00
4.803638622270045566e+00
4.803609015389008974e+00
4.803580066328705378e+00
4.803551760411724381e+00
4.803524083289126168e+00
4.803497020934546669e+00
4.803470559638124193e+00
4.803444686000256425e+00
4.803419386925241952e+00
4.803394649614803669e+00
4.803370461561548233e+00
4.803346810542385548e+00
4.803323684611934041e+00
4.803301072095950808e+00
4.803278961584819484e+00
4.803257341927092305e+00
4.803236202223157392e+00
4.803215531819015283e+00
4.803195320300189586e+00
4.803175557485791280e+00
4.803156233422749111e+00
4.803137338380198962e+00
4.803118862844061532e+00
4.803100797511775433e+00
4.803083133287226580e+00
4.803065861275838344e+00
4.803048972779828674e+00
4.803032459293637757e+00
4.803016312499511997e+00
4.803000524263227433e+00
4.802985086629963263e+00
4.802969991820301487e+00
4.802955232226356230e+00
4.802940800408014077e+00
4.802926689089277446e+00
4.802912891154717201e+00
4.802899399646014089e+00
4.802886207758573001e+00
4.802873308838231381e+00
4.802860696378044025e+00
4.802848364015114058e+00
4.802836305527513616e+00
4.802824514831253389e+00
4.802812985977310767e+00
4.802801713148718399e+00
4.802790690657706918e+00
4.802779912942883200e+00
4.802769374566485006e+00
4.802759070211676473e+00
4.802748994679880923e+00
4.802739142888185597e+00
4.802729509866768609e+00
4.802720090756411153e+00
4.802710880806016824e+00
4.802701875370217088e+00
4.802693069907003398e+00
4.802684459975415265e+00
4.802676041233278070e+00
4.632265510513744466e+00
4.528366793378237887e+00
4.426775276080311627e+00
4.327439724386886510e+00
4.230310041784551167e+00
4.135337244215090635e+00
4.043120547743678017e+00
3.956941310895486286e+00
3.878283286856017309e+00
3.808227574211376698e+00
3.747463694562377157e+00
3.696319515123467792e+00
3.654810915385092063e+00
3.622698656745140244e+00
3.599521605496011301e+00
3.584637789896916171e+00
3.577271643841422488e+00
3.576555227955999783e+00
3.581565862367133146e+00
3.591359665208661678e+00
3.605000680849737460e+00
3.621585451797157074e+00
3.640263036341153224e+00
3.660250600035993340e+00
3.680844812480874584e+00
3.701429361482944991e+00
3.721478957337851501e+00
3.740560240281570525e+00
3.758330028757134400e+00
3.774532372349759690e+00
3.788995929255319695e+00
3.801619478093161586e+00
3.812366180539291438e+00
3.821255031571796579e+00
3.828352061035402709e+00
3.833761562345447071e+00
3.837617583746721905e+00
3.840075873239839233e+00
3.841306429628328800e+00
3.841486771992538962e+00
3.840796003944234371e+00
3.839409716135732786e+00
3.837495741290430029e+00
3.835210750578633032e+00
3.832697659166300674e+00
3.830083791349494948e+00
3.827479742360898829e+00
3.824978864851428906e+00
3.822657300473734310e+00
3.820574475440534634e+00
3.818773977218661297e+00
3.817284732441755146e+00
3.816122408435132840e+00
3.815290967533790933e+00
3.814784309000514018e+00
3.814587940746615669e+00
3.814680631032182578e+00
3.815035997984782767e+00
3.815624002989209007e+00
3.816412321488193538e+00
3.817367572181395996e+00
3.818456392087398399e+00
3.819646351182317545e+00
3.820906705399126579e+00
3.822208991774976194e+00
3.823527472736463206e+00
3.824839440050576744e+00
3.826125390884590693e+00
3.827369090207750624e+00
3.828557534702638598e+00
3.829680834232028097e+00
3.830732025545169339e+00
3.831706833917529309e+00
3.832603397180135651e+00
3.833421964422763839e+00
3.834164582114196751e+00
3.834834777726431110e+00
3.835437249891919365e+00
3.835977572568076255e+00
3.836461919246799912e+00
3.836896811481431246e+00
3.837288895459628257e+00
3.837644748097668312e+00
3.837970713697321123e+00
3.838272771199584543e+00
3.838556430818911291e+00
3.838826658846738127e+00
3.839087828249912349e+00
3.839343692666884689e+00
3.839597381025161571e+00
3.839851409862090836e+00
3.840107710387763440e+00
3.840367667362617699e+00
3.840632166977060002e+00
3.840901651097967218e+00
3.841176175457587494e+00
3.841455469652043320e+00
3.841738996900950998e+00
3.842026012210847608e+00
3.842315617464902466e+00
3.842606812340152889e+00
3.842898540432587495e+00
3.843189729923584874e+00
3.843479328560630570e+00
3.843766332840007571e+00
3.844049811438332576e+00
3.844328923124611830e+00
3.844602929484558285e+00
3.844871202864767579e+00
3.845133230112959488e+00
3.845388612500103775e+00
3.845637062511399584e+00
3.845878397994814790e+00
3.846112534309123809e+00
3.846339474844731932e+00
3.846559300534657222e+00
3.846772158746045722e+00
3.846978251955269990e+00
3.847177826548385138e+00
3.847371162024511460e+00
3.847558560881531697e+00
3.847740339265316223e+00
3.847916818668336347e+00
3.848088318575661138e+00
3.848255150271876701e+00
3.848417611728449206e+00
3.848575983551832280e+00
3.848730525962914761e+00
3.848881476742285201e+00
3.849029050045125189e+00
3.849173435992129466e+00
3.849314800933231862e+00
3.849453288277925100e+00
3.849589019786295641e+00
3.849722097218045480e+00
3.849852604242299581e+00
3.849980608518288161e+00
3.850106163865703035e+00
3.850229312446872498e+00
3.850350086921534576e+00
3.850468512494574558e+00
3.850584608820758703e+00
3.850698391768419881e+00
3.850809874974015834e+00
3.850919071198529942e+00
3.851025993475151843e+00
3.851130656048690870e+00
3.851233075112761473e+00
3.851333269355372124e+00
3.851431260327182304e+00
3.851527072649373551e+00
3.851620734079928887e+00
3.851712275458149648e+00
3.851801730547608660e+00
3.851889135797482488e+00
3.851974530041451850e+00
3.852057954152192654e+00
3.852139450668015108e+00
3.852219063406468358e+00
3.852296837077890501e+00
3.852372816909940489e+00
3.852447048292188647e+00
3.852519576447946736e+00
3.852590446138704383e+00
3.852659701404816506e+00
3.852727385344588473e+00
3.852793539932483302e+00
3.852858205876040998e+00
3.852921422510057425e+00
3.852983227725779170e+00
3.853043657932258448e+00
3.853102748046505877e+00
3.853160531508841746e+00
3.853217040319636411e+00
3.853272305093643713e+00
3.853326355128185554e+00
3.853379218481623347e+00
3.853430922058793673e+00
3.853481491700389672e+00
3.853530952273585442e+00
3.853579327761577300e+00
3.853626641350081705e+00
3.853672915509185781e+00
3.853718172069314551e+00
3.853762432290421369e+00
3.853805716923798030e+00
3.853848046266209693e+00
3.853889440206286210e+00
3.853929918263335974e+00
3.853969499618905115e+00
3.854008203141555899e+00
3.854046047405455422e+00
3.854083050703426494e+00
3.854119231055173511e+00
3.854154606211403600e+00
3.854189193654576240e+00
3.854223010596982135e+00
3.854256073976821018e+00
3.854288400452896113e+00
3.854320006398487930e+00
3.854350907894893208e+00
3.854381120725063781e+00
3.854410660367689978e+00
3.854439541992028317e+00
3.854467780453678216e+00
3.854495390291468038e+00
3.854522385725553946e+00
3.854548780656774198e+00
3.854574588667261104e+00
3.854599823022276439e+00
3.854624496673196621e+00
3.854648622261564572e+00
3.854672212124089281e+00
3.854695278298466921e+00
3.854717832529901411e+00
3.854739886278180538e+00
3.854761450725175731e+00
3.854782536782647817e+00
3.854803155100225975e+00
3.854823316073454187e+00
3.854843029851807046e+00
3.854862306346596323e+00
3.854881155238676360e+00
3.854899585985910981e+00
3.854917607830337545e+00
3.854935229805004138e+00
3.854952460740453724e+00
3.854969309270838806e+00
3.854985783839672386e+00
3.855001892705215205e+00
3.855017643945505945e+00
3.855033045463061470e+00
3.855048104989262203e+00
3.855062830088450632e+00
3.855077228161766012e+00
3.855091306450745936e+00
3.855105072040724501e+00
3.855118531864045739e+00
3.855131692703131385e+00
3.855144561193415864e+00
3.855157143826178689e+00
3.855169446951288492e+00
3.855181476779881322e+00
3.855193239386986104e+00
3.855204740714109235e+00
3.855215986571788100e+00
3.855226982642128597e+00
3.855237734481315126e+00
3.855248247522117921e+00
3.855258527076383057e+00
3.855268578337514018e+00
3.855278406382943057e+00
3.855288016176583898e+00
3.855297412571276450e+00
3.855306600311204424e+00
3.855315584034295640e+00
3.855324368274591240e+00
3.855332957464591814e+00
3.855341355937562220e+00
3.855349567929803545e+00
3.855357597582883322e+00
3.855365448945822671e+00
3.855373125977238580e+00
3.855380632547438680e+00
3.855387972440469824e+00
3.855395149356111606e+00
3.855402166911825468e+00
3.855409028644652292e+00
3.855415738013056259e+00
3.855422298398725633e+00
3.855428713108320249e+00
3.855434985375176371e+00
3.855441118360957820e+00
3.855447115157272009e+00
3.855452978787237583e+00
3.855458712207010308e+00
3.855464318307273430e+00
3.855469799914687190e+00
3.855475159793300577e+00
3.855480400645933337e+00
3.855485525115521117e+00
3.855490535786429529e+00
3.855495435185740227e+00
3.855500225784505020e+00
3.855504909998973773e+00
3.855509490191796118e+00
3.855513968673195624e+00
3.855518347702120874e+00
3.855522629487371233e+00
3.855526816188699524e+00
3.855530909917890270e+00
3.855534912739820186e+00
3.855538826673488462e+00
3.855542653693037281e+00
3.855546395728739029e+00
3.855550054667970183e+00
3.855553632356164329e+00
3.855557130597742077e+00
3.855560551157022786e+00
3.855563895759117621e+00
3.826697063932511966e+00
3.882054903832828696e+00
3.944993193006887111e+00
3.993404677494664323e+00
4.040741124944191576e+00
4.087026407885836932e+00
4.132283868730833198e+00
4.176536331543229785e+00
4.219806113550431448e+00
4.262115036398141044e+00
4.303484437155359110e+00
4.343935179075014474e+00
4.383487662115637562e+00
4.422161833229385053e+00
4.459977196421607282e+00
4.496952822587034326e+00
4.533107359127532376e+00
4.568459039356289608e+00
4.603025691693166443e+00
4.636824748655853590e+00
4.669873255651373789e+00
4.702187879572352180e+00
4.733784917202397580e+00
4.764680303434833064e+00
4.794889619308914774e+00
4.824428099867608566e+00
4.853310641840856476e+00
4.881551811158245435e+00
4.909165850294833433e+00
4.936166685453859948e+00
4.962567933589957292e+00
4.988382909276395161e+00
5.013624631419834721e+00
5.038305829825971749e+00
5.062438951619386174e+00
5.086036167520820328e+00
5.109109377985072697e+00
5.131670219202589145e+00
5.153730068967777633e+00
5.175300052417013852e+00
5.196391047639226102e+00
5.217013691161892730e+00
5.237178383315208130e+00
5.256895293477141351e+00
5.276174365202014549e+00
5.295025321235194760e+00
5.313457668416436519e+00
5.331480702474328481e+00
5.349103512714279418e+00
5.366334986602403490e+00
5.383183814247608723e+00
5.399658492784160657e+00
5.415767330656922951e+00
5.431518451811440329e+00
5.446919799790971517e+00
5.461979141742550503e+00
5.476704072334078077e+00
5.491102017584441164e+00
5.505180238608566867e+00
5.518945835279324363e+00
5.532405749808100737e+00
5.545566770245875077e+00
5.558435533906533443e+00
5.571018530714180628e+00
5.583322106476107827e+00
5.595352466083088672e+00
5.607115676638604995e+00
5.618617670518579743e+00
5.629864248363174895e+00
5.640861082002145643e+00
5.651613717315234986e+00
5.662127577029049341e+00
5.672407963451827406e+00
5.682460061147479813e+00
5.692288939550245175e+00
5.701899555521292129e+00
5.711296755848539242e+00
5.720485279690969982e+00
5.729469760968667558e+00
5.738254730699772210e+00
5.746844619285551126e+00
5.755243758744715166e+00
5.763456384898129947e+00
5.771486639505007510e+00
5.779338572351660375e+00
5.787016143293874038e+00
5.794523224253927296e+00
5.801863601173264939e+00
5.809040975921805128e+00
5.815899893018228184e+00
5.822187630654619639e+00
5.827774575369798704e+00
5.832569117836987616e+00
5.836514365624824840e+00
5.839584459677778838e+00
5.841780646065464211e+00
5.843127238412466617e+00
5.843667589445335153e+00
5.843460172220837023e+00
5.842574854223172132e+00
5.841089430374219127e+00
5.839086464742231364e+00
5.836650475684477257e+00
5.833865485208264978e+00
5.830812941251346082e+00
5.827570010705734660e+00
5.824208232073103453e+00
5.820792509039122820e+00
5.817380420457853418e+00
5.814021817679037696e+00
5.810758677404165518e+00
5.807625176094635577e+00
5.804647951584140486e+00
5.801846517913100243e+00
5.799233800027720598e+00
5.796816757500038442e+00
5.794597068223692027e+00
5.792571845934923580e+00
5.790734368433864354e+00
5.789074796469815709e+00
5.787580866377464162e+00
5.786238542762883519e+00
5.785032620638240530e+00
5.783947269056391782e+00
5.782966511042736180e+00
5.782074637070652834e+00
5.781256551297741630e+00
5.780498051738536702e+00
5.779786046816145273e+00
5.779108712331710862e+00
5.778455593414136615e+00
5.777817657104733939e+00
5.777187301421484733e+00
5.776558327050996589e+00
5.775925877887458704e+00
5.775286356444426339e+00
5.774637320096601911e+00
5.773977363467097668e+00
5.773305991997577102e+00
5.772623491232256931e+00
5.771930795730812136e+00
5.771229360975879352e+00
5.770521041113839011e+00
5.769807974730597699e+00
5.769092480356185604e+00
5.768376962981891509e+00
5.767663832278421943e+00
5.766955432888838828e+00
5.766253986783605789e+00
5.765561547363089900e+00
5.764879964741709273e+00
5.764210861419648779e+00
5.763555617567893030e+00
5.762915364617950509e+00
5.762290986330363296e+00
5.761683126198861693e+00
5.761092199890016197e+00
5.760518411835616526e+00
5.759961774902439657e+00
5.759422132101221337e+00
5.758899179579078265e+00
5.758392490119915941e+00
5.757901536419954169e+00
5.757425713614400031e+00
5.756964360585118179e+00
5.756516779685411755e+00
5.756082254611667892e+00
5.755660066238375450e+00
5.755249506311613139e+00
5.754849888965890337e+00
5.754460560089593280e+00
5.754080904615192615e+00
5.753710351851825777e+00
5.753348379010290614e+00
5.752994513094312090e+00
5.752648331347881339e+00
5.752309460457250445e+00
5.751977574708612373e+00
5.751652393299489852e+00
5.751333676994291544e+00
5.751021224303169532e+00
5.750714867349151049e+00
5.750414467572224630e+00
5.750119911401416317e+00
5.749831106007460058e+00
5.749547975230191454e+00
5.749270455756501086e+00
5.748998493607311744e+00
5.748732040975595758e+00
5.748471053442463230e+00
5.748215487584792172e+00
5.747965298976043691e+00
5.747720440571695733e+00
5.747480861462288537e+00
5.747246505970288410e+00
5.747017313061768107e+00
5.746793216040231300e+00
5.746574142487568260e+00
5.746360014416064921e+00
5.746150748595303170e+00
5.745946257018788472e+00
5.745746447476702379e+00
5.745551224203490293e+00
5.745360488571720659e+00
5.745174139806708880e+00
5.744992075699585143e+00
5.744814193299919935e+00
5.744640389572246875e+00
5.744470562004131864e+00
5.744304609156451136e+00
5.744142431149438899e+00
5.743983930080628575e+00
5.743829010373151078e+00
5.743677579054864424e+00
5.743529545970469385e+00
5.743384823930211880e+00
5.743243328799825242e+00
5.743104979537226207e+00
5.742969698182008642e+00
5.742837409804143256e+00
5.742708042418349201e+00
5.742581526870594644e+00
5.742457796702947981e+00
5.742336788002607939e+00
5.742218439240568628e+00
5.742102691104803647e+00
5.741989486332323089e+00
5.741878769543817818e+00
5.741770487084089325e+00
5.741664586870759202e+00
5.741561018253279691e+00
5.741459731883663764e+00
5.741360679599906369e+00
5.741263814322571157e+00
5.741169089964658134e+00
5.741076461354540861e+00
5.740985884171410092e+00
5.740897314892528414e+00
5.740810710751334867e+00
5.740726029705361277e+00
5.740643230412833198e+00
5.740562272216758188e+00
5.740483115135340597e+00
5.740405719857553102e+00
5.740330047742756570e+00
5.740256060823335282e+00
5.740183721809385631e+00
5.740112994094607402e+00
5.740043841762662247e+00
5.739976229593339418e+00
5.739910123067994085e+00
5.739845488373848781e+00
5.739782292406808928e+00
5.739720502772571287e+00
5.739660087785884102e+00
5.739601016467863914e+00
5.739543258541394799e+00
5.739486784424649990e+00
5.739431565222836262e+00
5.739377572718295184e+00
5.739324779359153084e+00
5.739273158246678719e+00
5.739222683121558255e+00
5.739173328349304271e+00
5.739125068904974647e+00
5.739077880357426054e+00
5.739031738853276110e+00
5.738986621100730545e+00
5.738942504353479634e+00
5.738899366394751844e+00
5.738857185521659687e+00
5.738815940529964799e+00
5.738775610699299534e+00
5.738736175778949011e+00
5.738697615974195365e+00
5.738659911933300606e+00
5.738623044735103207e+00
5.738586995877255958e+00
5.738551747265068670e+00
5.738517281200967268e+00
5.738483580374514226e+00
5.738450627852975217e+00
5.738418407072384930e+00
5.738386901829078290e+00
5.738356096271639117e+00
5.738325974893224490e+00
5.738296522524235499e+00
5.738267724325273988e+00
5.738239565780359541e+00
5.738212032690380049e+00
5.738185111166719921e+00
5.738158787625071255e+00
5.738133048779364920e+00
5.738107881635838403e+00
5.738083273487190716e+00
5.738059211906828772e+00
5.738035684743192810e+00
5.738012680114147557e+00
5.737990186401431991e+00
5.737968192245170407e+00
5.534696564330819690e+00
5.410758246724790332e+00
5.289572133131808407e+00
5.171077107449318255e+00
5.055213410733595758e+00
4.941922611062363302e+00
4.831147574066621431e+00
4.722832434116878808e+00
4.616922566149210816e+00
4.513364558116971459e+00
4.412106184054231051e+00
4.313096377737390519e+00
4.216285206931663865e+00
4.121623848209446273e+00
4.029064562327881127e+00
3.938560670153189225e+00
3.850066529119636538e+00
3.763537510211251380e+00
3.678929975454697576e+00
3.596201255911944283e+00
3.515309630161633336e+00
3.436214303258298575e+00
3.358875386158819421e+00
3.283253875605736116e+00
3.209311634457280515e+00
3.137011372454203695e+00
3.066316627413699702e+00
2.997191746840941029e+00
2.929601869948952331e+00
2.863512910077758100e+00
2.798891537503930049e+00
2.735705162631875353e+00
2.673921919558377880e+00
2.613510650002113689e+00
2.554440887590029075e+00
2.496682842492657262e+00
2.440207386400632839e+00
2.384986037834814887e+00
2.330990947782621614e+00
2.278194885653324953e+00
2.226571225545227239e+00
2.176093932817791732e+00
2.126737550961954160e+00
2.078477188761998384e+00
2.031288507742515570e+00
1.985147709894119483e+00
1.940031525671730206e+00
1.896054284822212610e+00
1.855140264353613899e+00
1.818121667395931951e+00
1.785602515726572248e+00
1.757959888889655709e+00
1.735365982925760386e+00
1.717815622563076516e+00
1.705153165405882021e+00
1.697099818891658174e+00
1.693280494966503680e+00
1.693249473276205563e+00
1.696514289351290783e+00
1.702557405763499565e+00
1.710855356991513032e+00
1.720895181160763121e+00
1.732188060772817728e+00
1.744280189640859513e+00
1.756760962714571939e+00
1.769268650942624310e+00
1.781493772321602442e+00
1.793180407712857027e+00
1.804125732472404264e+00
1.814178047382732917e+00
1.823233592950052051e+00
1.831232425299057054e+00
1.838153616832119974e+00
1.844010025407325282e+00
1.848842851768753404e+00
1.852716177947599574e+00
1.855711650893141718e+00
1.857923447057650890e+00
1.859453623860060301e+00
1.860407937690539582e+00
1.860892181819904234e+00
1.861009074176808609e+00
1.860855704204484651e+00
1.860521530576269011e+00
1.860086905292417381e+00
1.859622089520442723e+00
1.859186715384462341e+00
1.858829643145838428e+00
1.858589158175764533e+00
1.858493450717485729e+00
1.858561321811839973e+00
1.858803060289010434e+00
1.859221439206369064e+00
1.859812784153488829e+00
1.860568071117233213e+00
1.861474016761534678e+00
1.862514130474866247e+00
1.863669702061819811e+00
1.864920706187099819e+00
1.866246609062869766e+00
1.867627068356435549e+00
1.869042521486648845e+00
1.870474662054457893e+00
1.871906806811080015e+00
1.873324159218978213e+00
1.874713977080333160e+00
1.876065653615314632e+00
1.877370722999813335e+00
1.878622801369714601e+00
1.879817474814022171e+00
1.880952145719899660e+00
1.882025848063938023e+00
1.883039042173086930e+00
1.883993397744823328e+00
1.884891573743115778e+00
1.885737001852185735e+00
1.886533679254306373e+00
1.887285975795913506e+00
1.887998458831388282e+00
1.888675738744368671e+00
1.889322335561544497e+00
1.889942568874930728e+00
1.890540469510019195e+00
1.891119713062703767e+00
1.891683573720235767e+00
1.892234896706113778e+00
1.892776087387791017e+00
1.893309114842092411e+00
1.893835527608019875e+00
1.894356479327623743e+00
1.894872762030965552e+00
1.895384844954325354e+00
1.895892916813641804e+00
1.896396929939698106e+00
1.896896644448990532e+00
1.897391671675600078e+00
1.897881514724994778e+00
1.898365606388355831e+00
1.898843343045424570e+00
1.899314114626882821e+00
1.899777330096233952e+00
1.900232438061403517e+00
1.900678943238854224e+00
1.901116418585145240e+00
1.901544513449794582e+00
1.901962958110465340e+00
1.902371565104115092e+00
1.902770227800184788e+00
1.903158916676267687e+00
1.903537673755259618e+00
1.903906605648197914e+00
1.904265875621281134e+00
1.904615695071347314e+00
1.904956314753629920e+00
1.905288016061115641e+00
1.905611102608138374e+00
1.905925892272302802e+00
1.906232710037584432e+00
1.906531881418559005e+00
1.906823727124519641e+00
1.907108558160928613e+00
1.907386672067769240e+00
1.907658350042708229e+00
1.907923854826577115e+00
1.908183429443452317e+00
1.908437296571437791e+00
1.908685658558617826e+00
1.908928697954724862e+00
1.909166578458549424e+00
1.909399446245200416e+00
1.909627431488236882e+00
1.909850650092168811e+00
1.910069205499113298e+00
1.910283190526457453e+00
1.910492689188352466e+00
1.910697778405837877e+00
1.910898529628677345e+00
1.911095010307041431e+00
1.911287285098236532e+00
1.911475417154033130e+00
1.911659469022765290e+00
1.911839503413810037e+00
1.912015583786073059e+00
1.912187774770822024e+00
1.912356142442524165e+00
1.912520754453762351e+00
1.912681680051878219e+00
1.912838989995804040e+00
1.912992756391694193e+00
1.913143052465539062e+00
1.913289952290051943e+00
1.913433530481835509e+00
1.913573861883288707e+00
1.913711021241961241e+00
1.913845082898190331e+00
1.913976120489988997e+00
1.914104206682229581e+00
1.914229412925397833e+00
1.914351809247486713e+00
1.914471464081066499e+00
1.914588444126198885e+00
1.914702814248685492e+00
1.914814637412149745e+00
1.914923974641657534e+00
1.915030885015984063e+00
1.915135425685196235e+00
1.915237651909960093e+00
1.915337617118862523e+00
1.915435372980051065e+00
1.915530969483602242e+00
1.915624455031251339e+00
1.915715876530377448e+00
1.915805279489470214e+00
1.915892708112671539e+00
1.915978205391343225e+00
1.916061813191019203e+00
1.916143572332437817e+00
1.916223522665754242e+00
1.916301703137308632e+00
1.916378151848662448e+00
1.916452906107859455e+00
1.916526002473097900e+00
1.916597476789173582e+00
1.916667364217229830e+00
1.916735699258423686e+00
1.916802515772208393e+00
1.916867846989990021e+00
1.916931725524893659e+00
1.916994183378412764e+00
1.917055251944639993e+00
1.917114962012754553e+00
1.917173343768389326e+00
1.917230426794407583e+00
1.917286240071567782e+00
1.917340811979467707e+00
1.917394170298083678e+00
1.917446342210151089e+00
1.917497354304557255e+00
1.917547232580855798e+00
1.917596002454956317e+00
1.917643688765986232e+00
1.917690315784287503e+00
1.917735907220470715e+00
1.917780486235416415e+00
1.917824075451109334e+00
1.917866696962172712e+00
1.917908372347941093e+00
1.917949122684950325e+00
1.917988968559680707e+00
1.918027930081440235e+00
1.918066026895248744e+00
1.918103278194616568e+00
1.918139702734119600e+00
1.918175318841686794e+00
1.918210144430534614e+00
1.918244197010694263e+00
1.918277493700091485e+00
1.918310051235161851e+00
1.918341885980972883e+00
1.918373013940876781e+00
1.918403450765678198e+00
1.918433211762349044e+00
1.918462311902305650e+00
1.918490765829268474e+00
1.918518587866756553e+00
1.918545792025229568e+00
1.918572392008917937e+00
1.918598401222375793e+00
1.918623832776789939e+00
1.918648699496069421e+00
1.918673013922753023e+00
1.918696788323755342e+00
1.918720034695974075e+00
1.918742764771779186e+00
1.918764990024405703e+00
1.918786721673249707e+00
1.918807970689093922e+00
1.918828747799261381e+00
1.918849063492703788e+00
1.918868928025035059e+00
1.918888351423499339e+00
1.918907343491884854e+00
1.918925913815365147e+00
1.918944071765290360e+00
1.918961826503903012e+00
1.918979186988986285e+00
1.918996161978436810e+00
1.919012760034760179e+00
1.919028989529486084e+00
1.919044858647496410e+00
1.919060375391267614e+00
1.919075547585023633e+00
1.919090382878796630e+00
1.919104888752395377e+00
1.919119072519281266e+00
1.919132941330350839e+00
1.919146502177623947e+00
1.919159761897844430e+00
1.919172727175990856e+00
