7.484257302124270872e-01
8.912785929332270873e-01
1.007501596403680644e+00
1.121143723977653828e+00
1.232262287204445528e+00
1.340913324959341235e+00
1.447151631704919561e+00
1.551030785124776878e+00
1.652603173143615711e+00
1.751920020347314422e+00
1.849031413816309088e+00
1.943986328385311380e+00
2.036832651342105116e+00
2.127617206577873343e+00
2.216385778201238388e+00
2.303183133627923596e+00
2.388053046157678772e+00
2.471038317049859767e+00
2.552180797108786425e+00
2.631521407789781275e+00
2.706200184820265253e+00
2.774004044846354766e+00
2.834167038833538044e+00
2.886423926226945991e+00
2.930884056347298650e+00
2.967948870685911178e+00
2.998168070423051113e+00
3.022189631028026735e+00
3.040707825065341652e+00
3.054424433209174783e+00
3.064020783994607644e+00
3.070138545718146705e+00
3.073368459217356907e+00
3.074245305285148167e+00
3.073238662682762801e+00
3.070756179206185266e+00
3.067146366734322172e+00
3.062702749407566927e+00
3.057668827247050913e+00
3.052243441469076668e+00
3.046586231812719703e+00
3.040822961024258309e+00
3.035050550721700269e+00
3.029341728384213894e+00
3.023749227351621549e+00
3.018309514971825980e+00
3.013046048165112900e+00
3.007972073076643937e+00
3.003092997297005962e+00
2.998408370530137201e+00
2.993913513569097073e+00
2.989600836834934938e+00
2.985460889230528103e+00
2.981483176220374620e+00
2.977656783305342891e+00
2.973970837849036819e+00
2.970414838603018026e+00
2.966978878755548887e+00
2.963653784745786446e+00
2.960431189943177444e+00
2.957303558999473836e+00
2.954264176136720099e+00
2.951307108031651083e+00
2.948427149934406355e+00
2.945619761676506076e+00
2.942880998814094706e+00
2.940207442829570361e+00
2.937596132964841456e+00
2.935044502005744960e+00
2.932550316806177726e+00
2.930111624842783868e+00
2.927726706523996025e+00
2.925394033553590400e+00
2.923112233073636546e+00
2.920880057219946924e+00
2.918696357632190708e+00
2.916560064411561903e+00
2.914470169108359432e+00
2.912425710830893522e+00
2.910425765502179019e+00
2.908469437544669134e+00
2.906555853586000993e+00
2.904684157841798342e+00
2.902853508845393726e+00
2.901063077243602351e+00
2.899312044439835923e+00
2.897599601808714898e+00
2.895924950427622768e+00
2.894287301112333566e+00
2.892685874652408895e+00
2.891119902209365655e+00
2.889588625784453857e+00
2.888091298672580631e+00
2.886627185946270213e+00
2.885195564874439178e+00
2.883795725290708045e+00
2.882426969897547764e+00
2.881088614502492540e+00
2.879779988186429662e+00
2.878500433415892346e+00
2.877249306060523537e+00
2.876025975410759550e+00
2.874829824086749586e+00
2.873660247955868385e+00
2.872516655988495149e+00
2.871398470088887045e+00
2.870305124901916916e+00
2.869236067600768880e+00
2.868190757660112222e+00
2.867168666618709061e+00
2.866169277834849094e+00
2.865192086237476232e+00
2.864236598075394546e+00
2.863302330666501749e+00
2.862388812148607631e+00
2.861495581233068020e+00
2.860622186962168634e+00
2.859768188470951156e+00
2.858933154753970030e+00
2.858116664437309495e+00
2.857318305556044269e+00
2.856537675337233129e+00
2.855774379997577661e+00
2.855028034512644197e+00
2.854298262437080513e+00
2.853584695704336927e+00
2.852886974436286138e+00
2.852204746757756038e+00
2.851537668615806265e+00
2.850885403603571344e+00
2.850247622797634772e+00
2.849624004565723290e+00
2.849014234424104064e+00
2.848418004873178422e+00
2.847835015241686474e+00
2.847264971534572364e+00
2.846707586293533598e+00
2.846162578427073431e+00
2.845629673098654777e+00
2.845108601558425043e+00
2.844599101028529198e+00
2.844100914565746319e+00
2.843613790931920349e+00
2.843137484467294307e+00
2.842671754975809151e+00
2.842216367579248004e+00
2.841771092619709727e+00
2.841335705538977852e+00
2.840909986765284501e+00
2.840493721602590949e+00
2.840086700122330665e+00
2.839688717057550438e+00
2.839299571699410940e+00
2.838919067795980578e+00
2.838547013453274648e+00
2.838183221038495851e+00
2.837827507085416645e+00
2.837479692211003712e+00
2.837139601009308176e+00
2.836807061959084386e+00
2.836481907362406130e+00
2.836163973230375390e+00
2.835853099221175011e+00
2.835549128563366494e+00
2.835251907951905181e+00
2.834961287491567283e+00
2.834677120616369006e+00
2.834399264015510234e+00
2.834127577560979994e+00
2.833861924236784624e+00
2.833602170069765780e+00
2.833348184061965203e+00
2.833099838124506054e+00
2.832857007012954398e+00
2.832619568264119980e+00
2.832387402134275867e+00
2.832160391538748101e+00
2.831938421992857613e+00
2.831721381554174855e+00
2.831509160766061850e+00
2.831301652602469243e+00
2.831098752413962139e+00
2.830900357874942763e+00
2.830706368941187101e+00
2.830516687774607743e+00
2.830331218714769559e+00
2.830149868225772636e+00
2.829972544858159633e+00
2.829799159177966317e+00
2.829629623742429878e+00
2.829463853050977029e+00
2.829301763502016787e+00
2.829143273350704035e+00
2.828988302667649446e+00
2.828836773298555762e+00
2.828688608824759587e+00
2.828543734524655129e+00
2.828402077335982145e+00
2.828263565818956327e+00
2.828128130120222572e+00
2.827995701937615625e+00
2.827866214494839436e+00
2.827739602482997494e+00
2.827615802048509153e+00
2.827494750756024633e+00
2.827376387556878257e+00
2.827260652758252668e+00
2.827147487993027397e+00
2.827036836190309099e+00
2.826928641546618604e+00
2.826822849497724111e+00
2.826719406691102332e+00
2.826618260959017803e+00
2.826519361301335742e+00
2.826422657835007346e+00
2.826328101789762126e+00
2.826235645478628378e+00
2.826145242282958048e+00
2.826056846604076966e+00
2.825970413861102148e+00
2.825885900463538825e+00
2.825803263789207875e+00
2.825722462162675086e+00
2.825643454843303815e+00
2.825566201979869518e+00
2.825490664611270741e+00
2.825416804641966539e+00
2.825344584822677696e+00
2.825273968731527585e+00
2.825204920755611582e+00
2.825137406072987911e+00
2.825071390635073953e+00
2.825006841149443115e+00
2.824943725063007172e+00
2.824882010545582300e+00
2.824821666473821047e+00
2.824762662415503112e+00
2.824704968614185407e+00
2.824648555974186515e+00
2.824593396045913973e+00
2.824539461011511765e+00
2.824486723670835975e+00
2.824435157427735543e+00
2.824384736276642105e+00
2.824335434789454702e+00
2.824287228102721148e+00
2.824240091905098726e+00
2.824194002425096883e+00
2.824148936419090372e+00
2.824104871159597963e+00
2.824061784423824051e+00
2.824019654482451624e+00
2.823978460088684805e+00
2.823938180467536974e+00
2.823898795305350262e+00
2.823860284739557525e+00
2.823822629348660129e+00
2.823785810142438457e+00
2.823749808552372897e+00
2.823714606422280227e+00
2.823680186008294513e+00
2.823646529945129657e+00
2.823613621258182160e+00
2.823581443350087650e+00
2.823549979992294290e+00
2.823519215316827147e+00
2.823489133808242180e+00
2.823459720295763642e+00
2.823430959945599561e+00
2.823402838253437519e+00
2.823375341037104302e+00
2.823348454429398746e+00
2.823322164871082229e+00
2.823296459104032152e+00
2.823271324164545959e+00
2.823246747376796151e+00
2.823222716346436290e+00
2.823199218954344669e+00
2.823176243350512760e+00
2.823153777948065546e+00
2.823131811417422199e+00
2.823110332680577983e+00
2.823089330905521166e+00
2.823068795500768946e+00
2.823048716110029055e+00
2.823029082616112628e+00
2.823009885111046113e+00
2.822991113911933247e+00
2.822972759551190869e+00
2.822954812771719890e+00
2.822937264531320434e+00
2.822920105973302896e+00
2.822903328442841531e+00
2.822886923477694765e+00
2.822870882803857562e+00
2.822855198331314153e+00
2.822839862149898238e+00
2.822824866525250886e+00
2.822810203894876580e+00
2.822795866864297842e+00
2.822781848203293809e+00
2.864503631774782288e+00
2.961528619866542034e+00
3.032789683391241553e+00
3.101457777847373976e+00
3.168601012124823590e+00
3.234253247634524708e+00
3.298447593852799287e+00
3.361216425018993981e+00
3.422591396462330238e+00
3.482603460566195075e+00
3.541282882377924324e+00
3.598659254871953816e+00
3.654761513874027035e+00
3.709617952654001627e+00
3.763256236194596038e+00
3.815703415143287369e+00
3.866985939454383292e+00
3.917129671728162954e+00
3.966159900253797943e+00
4.014101351762644931e+00
4.060978203898330641e+00
4.106814097409929865e+00
4.151632148074370754e+00
4.195454958354091879e+00
4.238304628795831697e+00
4.280202769176284505e+00
4.321170509400259263e+00
4.361228510156830218e+00
4.400396973338851936e+00
4.438695652231102962e+00
4.476143861472179353e+00
4.512760486795177606e+00
4.548563994552076828e+00
4.583114217146208702e+00
4.615034123250683962e+00
4.643904521754423698e+00
4.669530997496672775e+00
4.691886544017663141e+00
4.711070562781478621e+00
4.727265584117588126e+00
4.740702801106485786e+00
4.751642336571024750e+00
4.760356201434375656e+00
4.767115699759075120e+00
4.772182440205919640e+00
4.775802232343720810e+00
4.778201252346929273e+00
4.779583962269503772e+00
4.780132354397676586e+00
4.780006169157554829e+00
4.779343802447137968e+00
4.778263675672302924e+00
4.776865890920294788e+00
4.775234034027062258e+00
4.773437022925945961e+00
4.771530925780719912e+00
4.769560696357964424e+00
4.767561791762484624e+00
4.765561650879356570e+00
4.763581023846252371e+00
4.761635149677855061e+00
4.759734785525225220e+00
4.757887095147288470e+00
4.756096406444231484e+00
4.754364849850277075e+00
4.752692889793575404e+00
4.751079762127015549e+00
4.749523828584315766e+00
4.748022860722504568e+00
4.746574263452028042e+00
4.745175247817237540e+00
4.743822961630105972e+00
4.742514585553712969e+00
4.741247401079474955e+00
4.740018836270395219e+00
4.738826493860326394e+00
4.737668165902018558e+00
4.736541838140306382e+00
4.735445687251476521e+00
4.734378072365725387e+00
4.733337523507286981e+00
4.732322727790202244e+00
4.731332514559655422e+00
4.730365840288183854e+00
4.729421773874532775e+00
4.728499482438471624e+00
4.727598218287613285e+00
4.726717306978296840e+00
4.725856136586918943e+00
4.725014148203132258e+00
4.724190827612034127e+00
4.723385698101819408e+00
4.722598314313602330e+00
4.721828257038811927e+00
4.721075128864565151e+00
4.720338550567295677e+00
4.719618158158136012e+00
4.718913600489114124e+00
4.718224537336292101e+00
4.717550637883810793e+00
4.716891579541069746e+00
4.716247047033326645e+00
4.715616731713949683e+00
4.715000331053802007e+00
4.714397548270135907e+00
4.713808092063350941e+00
4.713231676435510664e+00
4.712668020569219962e+00
4.712116848749626996e+00
4.711577890315875372e+00
4.711050879631246247e+00
4.710535556063830676e+00
4.710031663971553151e+00
4.709538952687114310e+00
4.709057176499725550e+00
4.708586094631616703e+00
4.708125471208099988e+00
4.707675075220642213e+00
4.707234680482839551e+00
4.706804065579550667e+00
4.706383013809660731e+00
4.705971313123105126e+00
4.705568756052881163e+00
4.705175139642769899e+00
4.704790265371523894e+00
4.704413939074250983e+00
4.704045970861652215e+00
4.703686175037716133e+00
4.703334370016450272e+00
4.702990378238121494e+00
4.702654026085422601e+00
4.702325143799932050e+00
4.702003565399175855e+00
4.701689128594536804e+00
4.701381674710216174e+00
4.701081048603411361e+00
4.700787098585831103e+00
4.700499676346646893e+00
4.700218636876943634e+00
4.699943838395729934e+00
4.699675142277499162e+00
4.699412412981396336e+00
4.699155517981938424e+00
4.698904327701329819e+00
4.698658715443318812e+00
4.698418557328571055e+00
4.698183732231557386e+00
4.697954121718888487e+00
4.697729609989095501e+00
4.697510083813804194e+00
4.697295432480259159e+00
4.697085547735197153e+00
4.696880323729988760e+00
4.696679656967059024e+00
4.696483446247520455e+00
4.696291592620013944e+00
4.696103999330683010e+00
4.695920571774312435e+00
4.695741217446557592e+00
4.695565845897246682e+00
4.695394368684728370e+00
4.695226699331259468e+00
4.695062753279374057e+00
4.694902447849239380e+00
4.694745702196954085e+00
4.694592437273778174e+00
4.694442575786278660e+00
4.694296042157351856e+00
4.694152762488116082e+00
4.694012664520651690e+00
4.693875677601559104e+00
4.693741732646347309e+00
4.693610762104592382e+00
4.693482699925880297e+00
4.693357481526499342e+00
4.693235043756877722e+00
4.693115324869737037e+00
4.692998264488955407e+00
4.692883803579128710e+00
4.692771884415797068e+00
4.692662450556337461e+00
4.692555446811499387e+00
4.692450819217574676e+00
4.692348515009188148e+00
4.692248482592674463e+00
4.692150671520070482e+00
4.692055032463679609e+00
4.691961517191177045e+00
4.691870078541300337e+00
4.691780670400063080e+00
4.691693247677500622e+00
4.691607766284919379e+00
4.691524183112675495e+00
4.691442456008426909e+00
4.691362543755878356e+00
4.691284406053993550e+00
4.691208003496671886e+00
4.691133297552874559e+00
4.691060250547192112e+00
4.690988825640844517e+00
4.690918986813109370e+00
4.690850698843139099e+00
4.690783927292214273e+00
4.690718638486371717e+00
4.690654799499415439e+00
4.690592378136317464e+00
4.690531342916987256e+00
4.690471663060379548e+00
4.690413308468982301e+00
4.690356249713643955e+00
4.690300458018715091e+00
4.690245905247545366e+00
4.690192563888301081e+00
4.690140407040080284e+00
4.690089408399344073e+00
4.690039542246656090e+00
4.689990783433716004e+00
4.689943107370670106e+00
4.689896490013715002e+00
4.689850907852968653e+00
4.689806337900615851e+00
4.689762757679314831e+00
4.689720145210860558e+00
4.689678479005102041e+00
4.689637738049101223e+00
4.689597901796542345e+00
4.689558950157366013e+00
4.689520863487634195e+00
4.689483622579627031e+00
4.689447208652156363e+00
4.689411603341094192e+00
4.689376788690109876e+00
4.689342747141616030e+00
4.689309461527913392e+00
4.689276915062533746e+00
4.689245091331774695e+00
4.689213974286417397e+00
4.689183548233632592e+00
4.689153797829075820e+00
4.689124708069138947e+00
4.689096264283388216e+00
4.689068452127167497e+00
4.689041257574358745e+00
4.689014666910317430e+00
4.688988666724941190e+00
4.688963243905918787e+00
4.688938385632118511e+00
4.688914079367110688e+00
4.688890312852854514e+00
4.688867074103518995e+00
4.688844351399430899e+00
4.688822133281165705e+00
4.688800408543766451e+00
4.688779166231101136e+00
4.688758395630327591e+00
4.688738086266496019e+00
4.688718227897268775e+00
4.688698810507753834e+00
4.688679824305447497e+00
4.688661259715306784e+00
4.688643107374907970e+00
4.688625358129731246e+00
4.688608003028549298e+00
4.688591033318910029e+00
4.688574440442710767e+00
4.688558216031899484e+00
4.688542351904243510e+00
4.688526840059209277e+00
4.688511672673929986e+00
4.688496842099249662e+00
4.688482340855867569e+00
4.688468161630578557e+00
4.688454297272567572e+00
4.688440740789814321e+00
4.688427485345568080e+00
4.688414524254894467e+00
4.688401850981305685e+00
4.688389459133473380e+00
4.688377342461985897e+00
4.688365494856210347e+00
4.688353910341209740e+00
4.688342583074724956e+00
4.688331507344235760e+00
4.688320677564072447e+00
4.688310088272603871e+00
4.688299734129479646e+00
4.688289609912940747e+00
4.688279710517186061e+00
4.688270030949788669e+00
4.688260566329191192e+00
4.688251311882230432e+00
4.688242262941742844e+00
4.688233414944199318e+00
4.688224763427412789e+00
4.688216304028281378e+00
4.688208032480595477e+00
4.688199944612880365e+00
4.688192036346298330e+00
4.688184303692580990e+00
4.688176742752025561e+00
4.521789554881581630e+00
4.420344093319564571e+00
4.321151354013338164e+00
4.226863646073436342e+00
4.140079782562240851e+00
4.061732191416846938e+00
3.992190834182317349e+00
3.931412855709014664e+00
3.879075589385891476e+00
3.834669319398881004e+00
3.797544063757671839e+00
3.766980178710399585e+00
3.742233248951399194e+00
3.722567069776844928e+00
3.707276959036639230e+00
3.695710817519184843e+00
3.687270872128055377e+00
3.681417462058195866e+00
3.677672677100749965e+00
3.675619567717390179e+00
3.674899439616863717e+00
3.675207873683935311e+00
3.676289973798765764e+00
3.677935229033232556e+00
3.679972281002820367e+00
3.682263806939757078e+00
3.684701665215542654e+00
3.687202399128521435e+00
3.689703154635876281e+00
3.692158037555369088e+00
3.694534912865452103e+00
3.696812632560898315e+00
3.698978667141115118e+00
3.701027109462821763e+00
3.702957013952760335e+00
3.704771034772283311e+00
3.706474325199190734e+00
3.708073662521016889e+00
3.709576764895032852e+00
3.710991769570657350e+00
3.712326844411992344e+00
3.713589909001947742e+00
3.714788443474444257e+00
3.715929366871460804e+00
3.717018969526800998e+00
3.718062886321745975e+00
3.719066100698257937e+00
3.720032969526405164e+00
3.720967262841588408e+00
3.721872212506595279e+00
3.722750565594612926e+00
3.723604639281388184e+00
3.724436374890647716e+00
3.725247389429666267e+00
3.726039023624707180e+00
3.726812385600438926e+00
3.727568390057366621e+00
3.728307792806389909e+00
3.729031220784676304e+00
3.729739197792348193e+00
3.730432166271322902e+00
3.731110505494952267e+00
3.731774546557923955e+00
3.732424584557160419e+00
3.733060888341600769e+00
3.733683708182712557e+00
3.734293281709756052e+00
3.734889838298184994e+00
3.735473602479601585e+00
3.736044796270082902e+00
3.736603640642130131e+00
3.737150356492240810e+00
3.737685165130591347e+00
3.738208288435872273e+00
3.738719948797364800e+00
3.739220368839077935e+00
3.739709771064990029e+00
3.740188377438679712e+00
3.740656408938331179e+00
3.741114085113387056e+00
3.741561623661485481e+00
3.741999240038242025e+00
3.742427147107588059e+00
3.742845554836725430e+00
3.743254670036920029e+00
3.743654696149349093e+00
3.744045833073784024e+00
3.744428277036949471e+00
3.744802220496832312e+00
3.745167852078964632e+00
3.745525356540627016e+00
3.745874914759057539e+00
3.746216703739937870e+00
3.746550896642735218e+00
3.746877662819796395e+00
3.747197167866434864e+00
3.747509573679596251e+00
3.747815038523023112e+00
3.748113717097136366e+00
3.748405760612168347e+00
3.748691316863298706e+00
3.748970530306810378e+00
3.749243542136464047e+00
3.749510490359453829e+00
3.749771509871483666e+00
3.750026732530586049e+00
3.750276287229436623e+00
3.750520299965987903e+00
3.750758893912313319e+00
3.750992189481599404e+00
3.751220304393278138e+00
3.751443353736305664e+00
3.751661450030622458e+00
3.751874703286852686e+00
3.752083221064290264e+00
3.752287108527254222e+00
3.752486468499868444e+00
3.752681401519345261e+00
3.752872005887833318e+00
3.753058377722899408e+00
3.753240611006706473e+00
3.753418797633945037e+00
3.753593027458567821e+00
3.753763388339387941e+00
3.753929966184570421e+00
3.754092844995078337e+00
3.754252106907090436e+00
3.754407832233448428e+00
3.754560099504142823e+00
3.754708985505885277e+00
3.754854565320786985e+00
3.754996912364164885e+00
3.755136098421510304e+00
3.755272193684625393e+00
3.755405266786968621e+00
3.755535384838204926e+00
3.755662613458004895e+00
3.755787016809086776e+00
3.755908657629531966e+00
3.756027597264393059e+00
3.756143895696595347e+00
3.756257611577159761e+00
3.756368802254760997e+00
3.756477523804630181e+00
3.756583831056817147e+00
3.756687777623830993e+00
3.756789415927667353e+00
3.756888797226238808e+00
3.756985971639217770e+00
3.757080988173307823e+00
3.757173894746959952e+00
3.757264738214528776e+00
3.757353564389908751e+00
3.757440418069630805e+00
3.757525343055460709e+00
3.757608382176482298e+00
3.757689577310702411e+00
3.757768969406168669e+00
3.757846598501620061e+00
3.757922503746681908e+00
3.757996723421609175e+00
3.758069294956593254e+00
3.758140254950636638e+00
3.758209639190015050e+00
3.758277482666322555e+00
3.758343819594118784e+00
3.758408683428185348e+00
3.758472106880397678e+00
3.758534121936222938e+00
3.758594759870849789e+00
3.758654051264962881e+00
3.758712026020163854e+00
3.758768713374050829e+00
3.758824141914966610e+00
3.758878339596413376e+00
3.758931333751150738e+00
3.758983151104981157e+00
3.759033817790226717e+00
3.759083359358909693e+00
3.759131800795636913e+00
3.759179166530202565e+00
3.759225480449906787e+00
3.759270765911601586e+00
3.759315045753472084e+00
3.759358342306553080e+00
3.759400677405990265e+00
3.759442072402054524e+00
3.759482548170906657e+00
3.759522125125125402e+00
3.759560823224004977e+00
3.759598661983618140e+00
3.759635660486656761e+00
3.759671837392061455e+00
3.759707210944426503e+00
3.759741798983201377e+00
3.759775618951689324e+00
3.759808687905843883e+00
3.759841022522869114e+00
3.759872639109631987e+00
3.759903553610883797e+00
3.759933781617304405e+00
3.759963338373362607e+00
3.759992238785005547e+00
3.760020497427173591e+00
3.760048128551154445e+00
3.760075146091768072e+00
3.760101563674392633e+00
3.760127394621840313e+00
3.760152651961072845e+00
3.760177348429770472e+00
3.760201496482759698e+00
3.760225108298291818e+00
3.760248195784183789e+00
3.760270770583824973e+00
3.760292844082049779e+00
3.760314427410877514e+00
3.760335531455127889e+00
3.760356166857908189e+00
3.760376344025984530e+00
3.760396073135025663e+00
3.760415364134738869e+00
3.760434226753885056e+00
3.760452670505185058e+00
3.760470704690119348e+00
3.760488338403617181e+00
3.760505580538642256e+00
3.760522439790680682e+00
3.760538924662124138e+00
3.760555043466557112e+00
3.760570804332952211e+00
3.760586215209767325e+00
3.760601283868954425e+00
3.760616017909880870e+00
3.760630424763160118e+00
3.760644511694399394e+00
3.760658285807863876e+00
3.760671754050060933e+00
3.760684923213239994e+00
3.760697799938822250e+00
3.760710390720747753e+00
3.760722701908749244e+00
3.760734739711556696e+00
3.760746510200026815e+00
3.760758019310206368e+00
3.760769272846324451e+00
3.760780276483719931e+00
3.760791035771703150e+00
3.760801556136356361e+00
3.760811842883268419e+00
3.760821901200210871e+00
3.760831736159754524e+00
3.760841352721826958e+00
3.760850755736214968e+00
3.760859949945010161e+00
3.760868939984999049e+00
3.760877730390003393e+00
3.760886325593165047e+00
3.760894729929183722e+00
3.760902947636500127e+00
3.760910982859436924e+00
3.760918839650285062e+00
3.760926521971351022e+00
3.760934033696952117e+00
3.760941378615373143e+00
3.760948560430773302e+00
3.760955582765058036e+00
3.760962449159702903e+00
3.760969163077541033e+00
3.760975727904508847e+00
3.760982146951354466e+00
3.760988423455305707e+00
3.760994560581704338e+00
3.761000561425602129e+00
3.761006429013320496e+00
3.761012166303979054e+00
3.761017776190983763e+00
3.761023261503492421e+00
3.761028625007835746e+00
3.761033869408914487e+00
3.761038997351565438e+00
3.761044011421891042e+00
3.761048914148569011e+00
3.761053708004121976e+00
3.761058395406168486e+00
3.761062978718640260e+00
3.761067460252975891e+00
3.761071842269284815e+00
3.761076126977489054e+00
3.761080316538434332e+00
3.761084413064984311e+00
3.761088418623083296e+00
3.761092335232797623e+00
3.761096164869337510e+00
3.761099909464049595e+00
3.761103570905393489e+00
3.761107151039892571e+00
3.761110651673065686e+00
3.761114074570339305e+00
3.761117421457934373e+00
3.761120694023740718e+00
3.778381766207284720e+00
3.854719907728813233e+00
3.905136022445660160e+00
3.954432584824489005e+00
4.002634455913093525e+00
4.049765944688875408e+00
4.095850820318254648e+00
4.140912324143837253e+00
4.184973181405401199e+00
4.228055612700598154e+00
4.270181345191158329e+00
4.311371623560245503e+00
4.351647220726491128e+00
4.391028448320114741e+00
4.429535166926402034e+00
4.467186796101715984e+00
4.504002324167093896e+00
4.540000317784359751e+00
4.575198931319590656e+00
4.609615915998658942e+00
4.643268628859450686e+00
4.676174041505310797e+00
4.708348748664084482e+00
4.739808976557112530e+00
4.770570591082369916e+00
4.800649105815894657e+00
4.830059689835537462e+00
4.858817175370963248e+00
4.886936065283787656e+00
4.914430540381602874e+00
4.941314466569585839e+00
4.967601401843295683e+00
4.993304603126191843e+00
5.018437032955308297e+00
5.043011366018474106e+00
5.067039995546359421e+00
5.090535039562579911e+00
5.113508346995011777e+00
5.135971503651399317e+00
5.157935838062257083e+00
5.179412427194034940e+00
5.200412102035407713e+00
5.220945453059518293e+00
5.241022835564921323e+00
5.260654374897930197e+00
5.279849971558984834e+00
5.298619306195639922e+00
5.316971844484668530e+00
5.334916841905752882e+00
5.352463348409174593e+00
5.369620212979846485e+00
5.386396088100002366e+00
5.402799434112776744e+00
5.418838523488897607e+00
5.434521444998620332e+00
5.449856107791031690e+00
5.464850245382753435e+00
5.479511419558081187e+00
5.493847024182516137e+00
5.507864288931609842e+00
5.521570282937002361e+00
5.534971918351498488e+00
5.548075953834984197e+00
5.560888997962920577e+00
5.573417512559155185e+00
5.585667815954727722e+00
5.597646086174301594e+00
5.609358364051842294e+00
5.620810556277106684e+00
5.632008438374484172e+00
5.642939008549595847e+00
5.653021302680276250e+00
5.662087369533577608e+00
5.670051846678903829e+00
5.676893269798179986e+00
5.682636299835848170e+00
5.687334730196727861e+00
5.691062517013877553e+00
5.693905630428167441e+00
5.695955828805496779e+00
5.697306012173550371e+00
5.698046857279376987e+00
5.698264479588029729e+00
5.698038907281539167e+00
5.697443185178526548e+00
5.696542959912378912e+00
5.695396422859071883e+00
5.694054511387874662e+00
5.692561288413640064e+00
5.690954437630657559e+00
5.689265825350312333e+00
5.687522092021773723e+00
5.685745245769428635e+00
5.683953238173654832e+00
5.682160508634595431e+00
5.680378488695678740e+00
5.678616061235440604e+00
5.676879972494838000e+00
5.675175196955720480e+00
5.673505256616064862e+00
5.671872497245820988e+00
5.670278324867529918e+00
5.668723406094212436e+00
5.667207836007614574e+00
5.665731277420915646e+00
5.664293075077658557e+00
5.662892348194759506e+00
5.661528064474935285e+00
5.660199098481472291e+00
5.658904276823651713e+00
5.657642412519784614e+00
5.656412330418071122e+00
5.655212885404360179e+00
5.654042974840648661e+00
5.652901546459408344e+00
5.651787602738703065e+00
5.650700202606608435e+00
5.649638461169405268e+00
5.648601548025274255e+00
5.647588684611169363e+00
5.646599140938358019e+00
5.645632231985545424e+00
5.644687313958300479e+00
5.643763780566842136e+00
5.642861059431003135e+00
5.641978608686333274e+00
5.641115913837975171e+00
5.640272484887850268e+00
5.639447853744715466e+00
5.638641571914915218e+00
5.637853208463345922e+00
5.637082348228443784e+00
5.636328590271562966e+00
5.635591546539154173e+00
5.634870840715524132e+00
5.634166107244228172e+00
5.633476990496983916e+00
5.632803144070332557e+00
5.632144230191855172e+00
5.631499919219485228e+00
5.630869889219146884e+00
5.630253825607811180e+00
5.629651420850607657e+00
5.629062374202221442e+00
5.628486391484287310e+00
5.627923184891688635e+00
5.627372472821898342e+00
5.626833979722469792e+00
5.626307435952680791e+00
5.625792577656109295e+00
5.625289146641501148e+00
5.624796890269957217e+00
5.624315561346792336e+00
5.623844918016866146e+00
5.623384723662491425e+00
5.622934746803244899e+00
5.622494760997232888e+00
5.622064544743486714e+00
5.621643881385304908e+00
5.621232559014456065e+00
5.620830370376198815e+00
5.620437112775120703e+00
5.620052587981877679e+00
5.619676602140861732e+00
5.619308965678889933e+00
5.618949493215005475e+00
5.618598003471456437e+00
5.618254319185926882e+00
5.617918267025100221e+00
5.617589677499597478e+00
5.617268384880359733e+00
5.616954227116487175e+00
5.616647045754610268e+00
5.616346685859770815e+00
5.616052995937858228e+00
5.615765827859598325e+00
5.615485036786076023e+00
5.615210481095837203e+00
5.614942022313509362e+00
5.614679525039956154e+00
5.614422856883927615e+00
5.614171888395221188e+00
5.613926492999278040e+00
5.613686546933240429e+00
5.613451929183428391e+00
5.613222521424173550e+00
5.612998207958050934e+00
5.612778875657423505e+00
5.612564413907289662e+00
5.612354714549417700e+00
5.612149671827718400e+00
5.611949182334844188e+00
5.611753144959979345e+00
5.611561460837797277e+00
5.611374033298555553e+00
5.611190767819310032e+00
5.611011571976214363e+00
5.610836355397886166e+00
5.610665029719802632e+00
5.610497508539722844e+00
5.610333707374109302e+00
5.610173543615498915e+00
5.610016936490843875e+00
5.609863807020765591e+00
5.609714077979722546e+00
5.609567673857058345e+00
5.609424520818921955e+00
5.609284546671026384e+00
5.609147680822242243e+00
5.609013854248998676e+00
5.608882999460472085e+00
5.608755050464545810e+00
5.608629942734532747e+00
5.608507613176637818e+00
5.608388000098134540e+00
5.608271043176254800e+00
5.608156683427769629e+00
5.608044863179240558e+00
5.607935526037937102e+00
5.607828616863396398e+00
5.607724081739617894e+00
5.607621867947871763e+00
5.607521923940102404e+00
5.607424199312945667e+00
5.607328644782309190e+00
5.607235212158508730e+00
5.607143854321971155e+00
5.607054525199473005e+00
5.606967179740904861e+00
5.606881773896548182e+00
5.606798264594864634e+00
5.606716609720773015e+00
5.606636768094407586e+00
5.606558699450355121e+00
5.606482364417344044e+00
5.606407724498390088e+00
5.606334742051385156e+00
5.606263380270113394e+00
5.606193603165682937e+00
5.606125375548375978e+00
5.606058663009913623e+00
5.605993431906086677e+00
5.605929649339801202e+00
5.605867283144483793e+00
5.605806301867859887e+00
5.605746674756093562e+00
5.605688371738273723e+00
5.605631363411252899e+00
5.605575621024820876e+00
5.605521116467194531e+00
5.605467822250849608e+00
5.605415711498656250e+00
5.605364757930330732e+00
5.605314935849172286e+00
5.605266220129100141e+00
5.605218586201999642e+00
5.605172010045310849e+00
5.605126468169930654e+00
5.605081937608359155e+00
5.605038395903124027e+00
5.604995821095440256e+00
5.604954191714146994e+00
5.604913486764880659e+00
5.604873685719479859e+00
5.604834768505638998e+00
5.604796715496783044e+00
5.604759507502167004e+00
5.604723125757203661e+00
5.604687551913999144e+00
5.604652768032090115e+00
5.604618756569405669e+00
5.604585500373420182e+00
5.604552982672499795e+00
5.604521187067445176e+00
5.604490097523222580e+00
5.604459698360880537e+00
5.604429974249629964e+00
5.604400910199124120e+00
5.604372491551901092e+00
5.604344703975979947e+00
5.604317533457638056e+00
5.604290966294347420e+00
5.604264989087861082e+00
5.604239588737452316e+00
5.604214752433317237e+00
5.604190467650107976e+00
5.604166722140618617e+00
5.604143503929611470e+00
5.604120801307766797e+00
5.604098602825792419e+00
5.604076897288638115e+00
5.604055673749849475e+00
5.604034921506054090e+00
5.604014630091561422e+00
5.603994789273085253e+00
5.603975389044580702e+00
5.603956419622206475e+00
5.603937871439375940e+00
5.603919735141941416e+00
5.603902001583476178e+00
5.405339414484505056e+00
5.284273632780205787e+00
5.165896266867610720e+00
5.050147617140708256e+00
4.936969309697261110e+00
4.826304266899909656e+00
4.718096678591000348e+00
4.612291973946628154e+00
4.508836793955699029e+00
4.407678964510115982e+00
4.308767470092544016e+00
4.212052428048465025e+00
4.117485063429553449e+00
4.025017684395686857e+00
3.934603658163187134e+00
3.846197387487154895e+00
3.759754287666051908e+00
3.675230764056916843e+00
3.592584190089887830e+00
3.511772885770940711e+00
3.432756096661996104e+00
3.355493973327804191e+00
3.279947551239233317e+00
3.206078731122834036e+00
3.133850259746761679e+00
3.063225711133377160e+00
2.994169468189037175e+00
2.926646704741824756e+00
2.860623367978151865e+00
2.796066161269376682e+00
2.732942527379782494e+00
2.671220632047437427e+00
2.610869347929669182e+00
2.551858238905042153e+00
2.494157544723936137e+00
2.437738165999972395e+00
2.382571649534726888e+00
2.328630173968327277e+00
2.275886535748690598e+00
2.224314135412339244e+00
2.173886964169861269e+00
2.124579590789262173e+00
2.076367148770586812e+00
2.029225323805342818e+00
1.983930901804678903e+00
1.942416069513343002e+00
1.905265350787817225e+00
1.872729614739953696e+00
1.844812235365205888e+00
1.821349924654445118e+00
1.802057748433975704e+00
1.786569560580630878e+00
1.774477822007733518e+00
1.765360947121547897e+00
1.758803350029646939e+00
1.754409520698583913e+00
1.751813306949903559e+00
1.750683423367729086e+00
1.750726059206788143e+00
1.751685317145013743e+00
1.753342088532057197e+00
1.755511854632565205e+00
1.758041806563413800e+00
1.760807586904914013e+00
1.763709886237126767e+00
1.766671064554595993e+00
1.769631918896818146e+00
1.772548677763652325e+00
1.775390271231358064e+00
1.778135901380230255e+00
1.780772918986748721e+00
1.783294999279702697e+00
1.785700600195265997e+00
1.787991680427421848e+00
1.790172651819167626e+00
1.792249538305342949e+00
1.794229314124104357e+00
1.796119395151212661e+00
1.797927258632052494e+00
1.799660169111802377e+00
1.801324990194717035e+00
1.802928065175306793e+00
1.804475150845713305e+00
1.805971391998414832e+00
1.807421326013989527e+00
1.808828908338294017e+00
1.810197552427464718e+00
1.811530178207671815e+00
1.812829264890785774e+00
1.814096904844204605e+00
1.815334856136145758e+00
1.816544592217976817e+00
1.817727348124248410e+00
1.818884161374667130e+00
1.820015908570029595e+00
1.821123337067072523e+00
1.822207091991801420e+00
1.823267739251094754e+00
1.824305784457641133e+00
1.825321688048661128e+00
1.826315877643878149e+00
1.827288757714986556e+00
1.828240716912005626e+00
1.829172133533482736e+00
1.830083379664406484e+00
1.830974823769970339e+00
1.831846832479385290e+00
1.832699771578797154e+00
1.833534006432486763e+00
1.834349901987366804e+00
1.835147822486990821e+00
1.835928130995967633e+00
1.836691188813786457e+00
1.837437354838459491e+00
1.838166984924821001e+00
1.838880431269541260e+00
1.839578041844566192e+00
1.840260159892495029e+00
1.840927123491068462e+00
1.841579265189119852e+00
1.842216911712841076e+00
1.842840383738753474e+00
1.843449995728158930e+00
1.844046055816897178e+00
1.844628865753789260e+00
1.845198720881094934e+00
1.845755910150512324e+00
1.846300716168656209e+00
1.846833415266462053e+00
1.847354277587546223e+00
1.847863567191160739e+00
1.848361542165975813e+00
1.848848454751502057e+00
1.849324551464486044e+00
1.849790073228108955e+00
1.850245255502232622e+00
1.850690328413320263e+00
1.851125516882976330e+00
1.851551040754323418e+00
1.851967114915655355e+00
1.852373949420989652e+00
1.852771749607294183e+00
1.853160716208269720e+00
1.853541045464667469e+00
1.853912929231175122e+00
1.854276555079966249e+00
1.854632106401024050e+00
1.854979762499380014e+00
1.855319698689419816e+00
1.855652086386400779e+00
1.855977093195337435e+00
1.856294882997395979e+00
1.856605616033932815e+00
1.856909448988305344e+00
1.857206535065569541e+00
1.857497024070172031e+00
1.857781062481729473e+00
1.858058793528983177e+00
1.858330357262005128e+00
1.858595890622721791e+00
1.858855527513822548e+00
1.859109398866102714e+00
1.859357632704293550e+00
1.859600354211425000e+00
1.859837685791759343e+00
1.860069747132336415e+00
1.860296655263162346e+00
1.860518524616075808e+00
1.860735467082323957e+00
1.860947592068872503e+00
1.861155006553483870e+00
1.861357815138581895e+00
1.861556120103936562e+00
1.861750021458190352e+00
1.861939616989249036e+00
1.862125002313562705e+00
1.862306270924322549e+00
1.862483514238589377e+00
1.862656821643384975e+00
1.862826280540761159e+00
1.862991976391873861e+00
1.863153992760079092e+00
1.863312411353075237e+00
1.863467312064110315e+00
1.863618773012275298e+00
1.863766870581903934e+00
1.863911679461097259e+00
1.864053272679393025e+00
1.864191721644599786e+00
1.864327096178809651e+00
1.864459464553617218e+00
1.864588893524549817e+00
1.864715448364735684e+00
1.864839192897825626e+00
1.864960189530181722e+00
1.865078499282350144e+00
1.865194181819838315e+00
1.865307295483203287e+00
1.865417897317476870e+00
1.865526043100934173e+00
1.865631787373223993e+00
1.865735183462873925e+00
1.865836283514185290e+00
1.865935138513531877e+00
1.866031798315071821e+00
1.866126311665889714e+00
1.866218726230581604e+00
1.866309088615292655e+00
1.866397444391220795e+00
1.866483838117599880e+00
1.866568313364170395e+00
1.866650912733154311e+00
1.866731677880737683e+00
1.866810649538080069e+00
1.866887867531854983e+00
1.866963370804336053e+00
1.867037197433034867e+00
1.867109384649905612e+00
1.867179968860120054e+00
1.867248985660429073e+00
1.867316469857112526e+00
1.867382455483534764e+00
1.867446975817306454e+00
1.867510063397067377e+00
1.867571750038896417e+00
1.867632066852358275e+00
1.867691044256190258e+00
1.867748711993643562e+00
1.867805099147484160e+00
1.867860234154659294e+00
1.867914144820638223e+00
1.867966858333435010e+00
1.868018401277321106e+00
1.868068799646229960e+00
1.868118078856868536e+00
1.868166263761533497e+00
1.868213378660646740e+00
1.868259447315007593e+00
1.868304492957777896e+00
1.868348538306198625e+00
1.868391605573046066e+00
1.868433716477834183e+00
1.868474892257768527e+00
1.868515153678455443e+00
1.868554521044376138e+00
1.868593014209125380e+00
1.868630652585423935e+00
1.868667455154909174e+00
1.868703440477707645e+00
1.868738626701795136e+00
1.868773031572149579e+00
1.868806672439699446e+00
1.868839566270074082e+00
1.868871729652160418e+00
1.868903178806468279e+00
1.868933929593310950e+00
1.868963997520804110e+00
1.868993397752686469e+00
1.869022145115966316e+00
1.869050254108400866e+00
1.869077738905806196e+00
1.869104613369206858e+00
1.869130891051826282e+00
1.869156585205921317e+00
1.869181708789466878e+00
1.869206274472688944e+00
1.869230294644456114e+00
1.869253781418526605e+00
1.869276746639658038e+00
1.869299201889579765e+00
1.869321158492834645e+00
1.869342627522490252e+00
1.869363619805723298e+00
1.869384145929278818e+00
1.869404216244810346e+00
1.869423840874100406e+00
1.869443029714164650e+00
1.869461792442243198e+00
1.869480138520680956e+00
1.869498077201699582e+00
1.869515617532064189e+00
1.869532768357644814e+00
1.869549538327878180e+00
1.869565935900129539e+00
1.869581969343957706e+00
1.869597646745285946e+00
1.869612976010479377e+00
1.869627964870332448e+00
1.869642620883967599e+00
1.869656951442648207e+00
1.869670963773504946e+00
1.869684664943181307e+00
1.869698061861396976e+00
1.869711161284432821e+00
1.869723969818538389e+00
1.869736493923262799e+00
1.869748739914713243e+00
1.869760713968739774e+00
1.869772422124050149e+00
