8.121493939708528398e-01
9.301295594162307667e-01
1.045489829004777604e+00
1.158288380772391823e+00
1.268582100839550586e+00
1.376426612099893143e+00
1.481876302271738277e+00
1.584984351326685026e+00
1.685802758309124627e+00
1.784382367560195526e+00
1.880772894359398650e+00
1.975022949996811716e+00
2.067180066288544005e+00
2.157290719547792612e+00
2.245400354023595391e+00
2.331553404819092901e+00
2.415793320300867020e+00
2.498162584010647613e+00
2.578702736090444425e+00
2.657454394231909323e+00
2.734457274160489781e+00
2.809750209664705345e+00
2.883371172180651865e+00
2.955357289941606069e+00
3.025744866702389846e+00
3.094569400047937346e+00
3.161865599295293539e+00
3.227667402998085411e+00
3.264917523449050396e+00
3.270146651293815765e+00
3.259546563447943246e+00
3.244961538348867247e+00
3.232226502684169223e+00
3.222812670800954127e+00
3.216057430513535653e+00
3.210771513251395426e+00
3.206018791571589865e+00
3.201304258673918657e+00
3.196477106568713200e+00
3.191566796712118848e+00
3.186656187216821312e+00
3.181815573868909564e+00
3.177083499048201976e+00
3.172471697520153899e+00
3.167976941157671700e+00
3.163590951967624854e+00
3.159305904192112102e+00
3.155116268119664280e+00
3.151018636777420223e+00
3.147010886019141473e+00
3.143091406852672520e+00
3.139258650877081447e+00
3.135510958983568575e+00
3.131846556498748768e+00
3.128263610136116313e+00
3.124760285698355844e+00
3.121334784121436279e+00
3.117985355849248297e+00
3.114710301651605118e+00
3.111507967907444883e+00
3.108376741339768046e+00
3.105315045222124315e+00
3.102321337244859922e+00
3.099394108494727185e+00
3.096531882939455027e+00
3.093733217013983960e+00
3.090996699130180048e+00
3.088320949080024302e+00
3.085704617367111435e+00
3.083146384511581406e+00
3.080644960360370721e+00
3.078199083417795912e+00
3.075807520199622225e+00
3.073469064608176371e+00
3.071182537324841366e+00
3.068946785217055329e+00
3.066760680758245261e+00
3.064623121460005706e+00
3.062533029316369060e+00
3.060489350260125807e+00
3.058491053631111178e+00
3.056537131656315687e+00
3.054626598941584170e+00
3.052758491974639110e+00
3.050931868639164879e+00
3.049145807739689129e+00
3.047399408537023735e+00
3.045691790294009937e+00
3.044022091831350973e+00
3.042389471093307929e+00
3.040793104723031437e+00
3.039232187647334715e+00
3.037705932670678788e+00
3.036213570078177160e+00
3.034754347247415662e+00
3.033327528268895623e+00
3.031932393574900075e+00
3.030568239576607592e+00
3.029234378309255238e+00
3.027930137085192985e+00
3.026654858154635086e+00
3.025407898373943194e+00
3.024188628881281815e+00
3.022996434779471997e+00
3.021830714825889164e+00
3.020690881129246996e+00
3.019576358853114595e+00
3.018486585926015042e+00
3.017421012757966370e+00
3.016379101963313492e+00
3.015360328089716990e+00
3.014364177353157981e+00
3.013390147378827155e+00
3.012437746947771444e+00
3.011506495749164625e+00
3.010595924138077528e+00
3.009705572898629278e+00
3.008834993012395653e+00
3.007983745431963118e+00
3.007151400859513046e+00
3.006337539530314462e+00
3.005541751001035156e+00
3.004763633942743706e+00
3.004002795938513604e+00
3.003258853285528662e+00
3.002531430801564039e+00
3.001820161635784689e+00
3.001124687083731146e+00
3.000444656406421107e+00
2.999779726653468259e+00
2.999129562490123746e+00
2.998493836028162107e+00
2.997872226660522887e+00
2.997264420899622639e+00
2.996670112219258719e+00
2.996089000900023613e+00
2.995520793878150290e+00
2.994965204597714870e+00
2.994421952866123338e+00
2.993890764712808128e+00
2.993371372251055096e+00
2.992863513542908915e+00
2.992366932467067642e+00
2.991881378589723806e+00
2.991406607038263665e+00
2.990942378377771327e+00
2.990488458490280443e+00
2.990044618456703773e+00
2.989610634441388637e+00
2.989186287579228551e+00
2.988771363865288855e+00
2.988365654046878817e+00
2.987968953518024051e+00
2.987581062216280614e+00
2.987201784521837489e+00
2.986830929158864389e+00
2.986468309099047591e+00
2.986113741467269378e+00
2.985767047449382705e+00
2.985428052202027782e+00
2.985096584764459049e+00
2.984772477972326143e+00
2.984455568373371115e+00
2.984145696144995696e+00
2.983842705013661778e+00
2.983546442176076230e+00
2.983256758222132987e+00
2.982973507059565765e+00
2.982696545840264779e+00
2.982425734888241475e+00
2.982160937629185327e+00
2.981902020521587371e+00
2.981648852989394083e+00
2.981401307356154717e+00
2.981159258780631482e+00
2.980922585193843233e+00
2.980691167237500494e+00
2.980464888203811835e+00
2.980243633976629170e+00
2.980027292973892905e+00
2.979815756091363177e+00
2.979608916647594086e+00
2.979406670330132734e+00
2.979208915142915082e+00
2.979015551354824876e+00
2.978826481449400543e+00
2.978641610075652757e+00
2.978460843999981122e+00
2.978284092059150456e+00
2.978111265114320005e+00
2.977942276006086963e+00
2.977777039510530965e+00
2.977615472296234689e+00
2.977457492882258805e+00
2.977303021597047739e+00
2.977151980538253806e+00
2.977004293533445090e+00
2.976859886101694830e+00
2.976718685416016807e+00
2.976580620266638721e+00
2.976445621025088695e+00
2.976313619609082473e+00
2.976184549448186001e+00
2.976058345450246279e+00
2.975934943968560731e+00
2.975814282769780661e+00
2.975696301002527022e+00
2.975580939166700301e+00
2.975468139083474295e+00
2.975357843865957364e+00
2.975249997890499376e+00
2.975144546768644815e+00
2.975041437319698723e+00
2.974940617543911703e+00
2.974842036596252459e+00
2.974745644760766083e+00
2.974651393425502111e+00
2.974559235057999462e+00
2.974469123181314067e+00
2.974381012350579834e+00
2.974294858130090535e+00
2.974210617070888851e+00
2.974128246688857669e+00
2.974047705443289669e+00
2.973968952715942304e+00
2.973891948790550632e+00
2.973816654832799333e+00
2.973743032870737046e+00
2.973671045775625910e+00
2.973600657243218759e+00
2.973531831775447554e+00
2.973464534662525693e+00
2.973398731965438024e+00
2.973334390498826529e+00
2.973271477814257935e+00
2.973209962183855914e+00
2.973149812584299223e+00
2.973090998681179986e+00
2.973033490813702606e+00
2.972977259979727283e+00
2.972922277821140380e+00
2.972868516609556533e+00
2.972815949232333832e+00
2.972764549178901206e+00
2.972714290527385561e+00
2.972665147931543128e+00
2.972617096607971909e+00
2.972570112323619007e+00
2.972524171383557068e+00
2.972479250619029845e+00
2.972435327375776204e+00
2.972392379502599713e+00
2.972350385340198908e+00
2.972309323710241813e+00
2.972269173904689143e+00
2.972229915675350664e+00
2.972191529223671136e+00
2.972153995190746745e+00
2.972117294647561803e+00
2.972081409085442605e+00
2.972046320406724007e+00
2.972012010915623392e+00
2.971978463309313145e+00
2.971945660669196076e+00
2.971913586452374467e+00
2.971882224483306523e+00
2.971851558945647565e+00
2.971821574374274633e+00
2.971792255647486058e+00
2.971763587979378229e+00
2.971735556912386222e+00
2.971708148309990971e+00
2.971681348349596075e+00
2.971655143515551600e+00
2.971629520592338647e+00
2.971604466657904453e+00
2.971579969077148498e+00
2.971556015495548042e+00
2.971532593832927560e+00
2.971509692277365833e+00
2.971487299279239824e+00
2.971465403545402673e+00
2.971443994033484248e+00
2.971423059946324052e+00
2.971402590726524906e+00
2.971382576051130542e+00
2.971363005826419545e+00
2.971343870182812985e+00
2.971325159469900168e+00
2.971306864251566537e+00
2.971288975301239255e+00
2.971271483597234919e+00
2.971254380318206323e+00
2.971237656838694896e+00
2.971221304724780854e+00
2.971205315729830598e+00
2.971189681790338710e+00
2.971174395021858317e+00
2.971159447715025603e+00
2.971144832331673591e+00
2.971130541501030287e+00
3.081977376322150519e+00
3.149553197069136168e+00
3.215628412929455671e+00
3.280236346695211136e+00
3.343409581184590085e+00
3.405179975673901183e+00
3.465578681964721852e+00
3.524636160094249071e+00
3.582382193696789230e+00
3.638845905024117755e+00
3.694055769632301978e+00
3.748039630742379558e+00
3.800824713282142664e+00
3.852437637616106691e+00
3.902904432970584203e+00
3.952250550560645337e+00
4.000500876425572727e+00
4.047679743979291977e+00
4.093810946282098406e+00
4.138917748039885325e+00
4.183022897336903689e+00
4.226148637107991490e+00
4.268316716356036267e+00
4.309548401120351535e+00
4.349864485201480946e+00
4.389285300647844501e+00
4.427830728009515937e+00
4.465520206364305800e+00
4.502372743121200394e+00
4.538406923606101095e+00
4.573640920434703716e+00
4.608092502677241242e+00
4.641779044819710265e+00
4.674717535526101031e+00
4.706924586206058692e+00
4.738416439392279855e+00
4.769208976931882837e+00
4.799317727995880745e+00
4.828757876910786173e+00
4.857544270816317677e+00
4.885691427153047606e+00
4.913213540983777605e+00
4.940124492152341951e+00
4.966437852283431376e+00
4.992166891626983904e+00
5.017324585750585264e+00
5.038873962812668417e+00
5.046425086561132645e+00
5.045390029611310112e+00
5.040714671120490209e+00
5.035470512225161066e+00
5.030988820279577389e+00
5.027509172045242281e+00
5.024791442160458921e+00
5.022503554250714153e+00
5.020394084112327349e+00
5.018327188820526530e+00
5.016255471148199696e+00
5.014179640638765534e+00
5.012117282184350486e+00
5.010085698424084022e+00
5.008095779995852759e+00
5.006151996219235123e+00
5.004254612178596240e+00
5.002401950848781809e+00
5.000591891711070325e+00
4.998822575306604676e+00
4.997092575888117949e+00
4.995400821756831533e+00
4.993746450565573980e+00
4.992128691046270994e+00
4.990546794905792005e+00
4.989000010287099940e+00
4.987487579345867950e+00
4.986008745292484612e+00
4.984562760316321395e+00
4.983148890972010747e+00
4.981766420662557593e+00
4.980414650089961093e+00
4.979092896693026127e+00
4.977800493794627634e+00
4.976536789823595264e+00
4.975301147720759154e+00
4.974092944507898295e+00
4.972911570958188143e+00
4.971756431313183455e+00
4.970626943012612209e+00
4.969522536422621428e+00
4.968442654559936500e+00
4.967386752814608286e+00
4.966354298674935386e+00
4.965344771457123940e+00
4.964357662041055441e+00
4.963392472612506268e+00
4.962448716411622662e+00
4.961525917487357162e+00
4.960623610457519206e+00
4.959741340274179677e+00
4.958878661994273074e+00
4.958035140555240083e+00
4.957210350555650180e+00
4.956403876040649692e+00
4.955615310292188269e+00
4.954844255623903848e+00
4.954090323180553312e+00
4.953353132741904474e+00
4.952632312530985459e+00
4.951927499026591128e+00
4.951238336779958615e+00
4.950564478235501831e+00
4.949905583555539224e+00
4.949261320448906432e+00
4.948631364003374777e+00
4.948015396521794784e+00
4.947413107361879447e+00
4.946824192779535778e+00
4.946248355775686889e+00
4.945685305946485144e+00
4.945134759336865748e+00
4.944596438297332419e+00
4.944070071343944051e+00
4.943555393021395794e+00
4.943052143769147477e+00
4.942560069790522093e+00
4.942078922924712181e+00
4.941608460521631052e+00
4.941148445319533344e+00
4.940698645325370286e+00
4.940258833697781959e+00
4.939828788632705248e+00
4.939408293251509541e+00
4.938997135491622892e+00
4.938595107999586453e+00
4.938202008026483902e+00
4.937817637325687237e+00
4.937441802052880746e+00
4.937074312668303655e+00
4.936714983841159921e+00
4.936363634356152552e+00
4.936020087022098046e+00
4.935684168582557874e+00
4.935355709628471921e+00
4.935034544512716614e+00
4.934720511266568188e+00
4.934413451518018690e+00
4.934113210411907424e+00
4.933819636531825203e+00
4.933532581823752317e+00
4.933251901521390259e+00
4.932977454073156132e+00
4.932709101070797075e+00
4.932446707179585665e+00
4.932190140070068729e+00
4.931939270351334947e+00
4.931693971505757723e+00
4.931454119825191995e+00
4.931219594348584145e+00
4.930990276800970129e+00
4.930766051533831629e+00
4.930546805466764937e+00
4.930332428030460790e+00
4.930122811110934755e+00
4.929917848995009955e+00
4.929717438317001488e+00
4.929521478006585689e+00
4.929329869237832895e+00
4.929142515379365541e+00
4.928959321945625582e+00
4.928780196549222836e+00
4.928605048854343806e+00
4.928433790531195235e+00
4.928266335211453963e+00
4.928102598444715987e+00
4.927942497655899423e+00
4.927785952103606704e+00
4.927632882839402484e+00
4.927483212668000156e+00
4.927336866108329438e+00
4.927193769355469932e+00
4.927053850243432898e+00
4.926917038208764588e+00
4.926783264254957828e+00
4.926652460917662069e+00
4.926524562230652826e+00
4.926399503692568516e+00
4.926277222234381803e+00
4.926157656187592160e+00
4.926040745253119191e+00
4.925926430470903838e+00
4.925814654190165953e+00
4.925705360040332437e+00
4.925598492902610204e+00
4.925493998882186197e+00
4.925391825281045577e+00
4.925291920571402748e+00
4.925194234369709712e+00
4.925098717411246163e+00
4.925005321525276258e+00
4.924913999610754267e+00
4.924824705612575571e+00
4.924737394498341025e+00
4.924652022235655124e+00
4.924568545769915318e+00
4.924486923002598715e+00
4.924407112770033734e+00
4.924329074822638930e+00
4.924252769804625451e+00
4.924178159234147145e+00
4.924105205483895631e+00
4.924033871762124370e+00
4.923964122094091067e+00
4.923895921303919287e+00
4.923829234996854431e+00
4.923764029541922049e+00
4.923700272054964522e+00
4.923637930382056993e+00
4.923576973083294561e+00
4.923517369416932077e+00
4.923459089323881877e+00
4.923402103412560571e+00
4.923346382944055577e+00
4.923291899817642481e+00
4.923238626556603492e+00
4.923186536294380744e+00
4.923135602761016472e+00
4.923085800269912937e+00
4.923037103704873907e+00
4.922989488507440115e+00
4.922942930664502725e+00
4.922897406696194800e+00
4.922852893644049210e+00
4.922809369059416795e+00
4.922766810992151854e+00
4.922725197979540113e+00
4.922684509035467393e+00
4.922644723639850284e+00
4.922605821728271991e+00
4.922567783681874864e+00
4.922530590317460764e+00
4.922494222877818792e+00
4.922458663022265313e+00
4.922423892817394453e+00
4.922389894728034676e+00
4.922356651608403411e+00
4.922324146693462410e+00
4.922292363590458741e+00
4.922261286270666503e+00
4.922230899061291964e+00
4.922201186637578552e+00
4.922172134015075251e+00
4.922143726542075548e+00
4.922115949892237552e+00
4.922088790057349783e+00
4.922062233340270154e+00
4.922036266348021272e+00
4.922010875985031397e+00
4.921986049446533507e+00
4.921961774212105567e+00
4.921938038039356478e+00
4.921914828957752341e+00
4.921892135262581291e+00
4.921869945509049771e+00
4.921848248506509371e+00
4.921827033312812461e+00
4.921806289228795706e+00
4.921786005792886165e+00
4.921766172775819292e+00
4.921746780175488389e+00
4.921727818211892647e+00
4.921709277322209530e+00
4.921691148155970197e+00
4.921673421570344154e+00
4.921656088625530501e+00
4.921639140580245098e+00
4.921622568887321414e+00
4.921606365189384213e+00
4.921590521314650246e+00
4.921575029272800883e+00
4.921559881250950674e+00
4.921545069609708278e+00
4.921530586879324431e+00
4.921516425755926072e+00
4.921502579097831287e+00
4.921489039921948638e+00
4.921475801400252870e+00
4.921462856856346768e+00
4.921450199762087863e+00
4.921437823734300387e+00
4.921425722531554747e+00
4.921413890051020701e+00
4.921402320325387159e+00
4.921391007519857475e+00
4.921379945929198918e+00
4.921369129974877410e+00
4.921358554202231339e+00
4.921348213277730643e+00
4.921338101986279412e+00
4.921328215228592207e+00
4.921318548018618344e+00
4.921309095481028351e+00
4.746730050215073327e+00
4.640289506051390234e+00
4.536212606146050597e+00
4.434446862847624793e+00
4.334940954058063234e+00
4.237644697350136269e+00
4.142509024659632111e+00
4.049485957539546988e+00
3.958528582963776632e+00
3.869591029970187002e+00
3.826461393807536915e+00
3.818811171005016103e+00
3.827620854428221975e+00
3.840057797722074895e+00
3.850143959955303785e+00
3.856536019363620227e+00
3.860055553586327459e+00
3.862015312338325845e+00
3.863435321762838992e+00
3.864863438688491915e+00
3.866479757202183620e+00
3.868266561513349799e+00
3.870141041640297708e+00
3.872026833886328845e+00
3.873877664466112147e+00
3.875675123638131048e+00
3.877417837196991179e+00
3.879111419650343784e+00
3.880762304238403182e+00
3.882375205905456372e+00
3.883952810411833045e+00
3.885496384024413441e+00
3.887006497533559202e+00
3.888483533587614893e+00
3.889927930543843893e+00
3.891340248650274170e+00
3.892721142049364591e+00
3.894071309857183305e+00
3.895391456798170449e+00
3.896682271565603539e+00
3.897944419505309455e+00
3.899178543241538009e+00
3.900385266074195112e+00
3.901565195272890474e+00
3.902718924258766098e+00
3.903847033705430292e+00
3.904950091955449398e+00
3.906028655140259875e+00
3.907083267248367520e+00
3.908114460247113620e+00
3.909122754274842571e+00
3.910108657882227501e+00
3.911072668295073829e+00
3.912015271679465833e+00
3.912936943398733103e+00
3.913838148259952021e+00
3.914719340750840715e+00
3.915580965269045866e+00
3.916423456345216270e+00
3.917247238861527148e+00
3.918052728265136953e+00
3.918840330777696668e+00
3.919610443599970129e+00
3.920363455112204409e+00
3.921099745070196985e+00
3.921819684796774119e+00
3.922523637369084604e+00
3.923211957801700400e+00
3.923884993225662754e+00
3.924543083063540827e+00
3.925186559200604552e+00
3.925815746152200081e+00
3.926430961227462380e+00
3.927032514689154485e+00
3.927620709910345731e+00
3.928195843527337416e+00
3.928758205589254704e+00
3.929308079704316725e+00
3.929845743182869278e+00
3.930371467177234734e+00
3.930885516818463543e+00
3.931388151350094340e+00
3.931879624258713957e+00
3.932360183402057174e+00
3.932830071133746941e+00
3.933289524425718664e+00
3.933738774987654896e+00
3.934178049383888265e+00
3.934607569147480000e+00
3.935027550892143289e+00
3.935438206421422613e+00
3.935839742835501198e+00
3.936232362635641913e+00
3.936616263826314022e+00
3.936991640015051530e+00
3.937358680510091524e+00
3.937717570415900425e+00
3.938068490726343462e+00
3.938411618416223448e+00
3.938747126530274922e+00
3.939075184270635077e+00
3.939395957082098665e+00
3.939709606735608105e+00
3.940016291409650151e+00
3.940316165770229695e+00
3.940609381048809645e+00
3.940896085118569037e+00
3.941176422568976712e+00
3.941450534778709880e+00
3.941718559986957082e+00
3.941980633363133535e+00
3.942236887075047047e+00
3.942487450355559364e+00
3.942732449567754927e+00
3.942972008268671225e+00
3.943206247271658693e+00
3.943435284707133004e+00
3.943659236082350805e+00
3.943878214339591182e+00
3.944092329913168271e+00
3.944301690784931314e+00
3.944506402538933365e+00
3.944706568414606540e+00
3.944902289358823033e+00
3.945093664076854356e+00
3.945280789081966333e+00
3.945463758744360838e+00
3.945642665338506827e+00
3.945817599089880279e+00
3.945988648220391415e+00
3.946155898992873556e+00
3.946319435754633176e+00
3.946479340979810235e+00
3.946635695311178083e+00
3.946788577600744308e+00
3.946938064949509162e+00
3.947084232746346011e+00
3.947227154706022478e+00
3.947366902906376485e+00
3.947503547824668946e+00
3.947637158373177968e+00
3.947767801933774301e+00
3.947895544392104217e+00
3.948020450170746098e+00
3.948142582261751521e+00
3.948262002258223102e+00
3.948378770385586822e+00
3.948492945531891785e+00
3.948604585277506018e+00
3.948713745924201213e+00
3.948820482523368369e+00
3.948924848904044715e+00
3.949026897699803751e+00
3.949126680375499632e+00
3.949224247253147801e+00
3.949319647537302025e+00
3.949412929339860767e+00
3.949504139704390404e+00
3.949593324629664171e+00
3.949680529093073655e+00
3.949765797073233831e+00
3.949849171572169748e+00
3.949930694636980988e+00
3.950010407381059352e+00
3.950088350004821169e+00
3.950164561815982189e+00
3.950239081249381279e+00
3.950311945886418208e+00
3.950383192473825300e+00
3.950452856942402668e+00
3.950520974425063780e+00
3.950587579274611905e+00
3.950652705080871296e+00
3.950716384687835703e+00
3.950778650210160947e+00
3.950839533049358199e+00
3.950899063909677267e+00
3.950957272813410803e+00
3.951014189116299313e+00
3.951069841522081738e+00
3.951124258097165942e+00
3.951177466284715667e+00
3.951229492918485686e+00
3.951280364236399834e+00
3.951330105893604561e+00
3.951378742975618419e+00
3.951426300010909998e+00
3.951472800983264921e+00
3.951518269343870404e+00
3.951562728023154225e+00
3.951606199442341705e+00
3.951648705524767990e+00
3.951690267706929660e+00
3.951730906949357358e+00
3.951770643746998157e+00
3.951809498139758237e+00
3.951847489722538409e+00
3.951884637655165733e+00
3.951920960671867267e+00
3.951956477090929010e+00
3.951991204823858350e+00
3.952025161384416840e+00
3.952058363897445581e+00
3.952090829107506309e+00
3.952122573387325755e+00
3.952153612746053035e+00
3.952183962837388709e+00
3.952213638967292386e+00
3.952242656101971896e+00
3.952271028875165459e+00
3.952298771595726734e+00
3.952325898254766212e+00
3.952352422532755760e+00
3.952378357806246800e+00
3.952403717154814977e+00
3.952428513367595375e+00
3.952452758949723588e+00
3.952476466128638233e+00
3.952499646860252014e+00
3.952522312834980234e+00
3.952544475483638298e+00
3.952566145983202439e+00
3.952587335262454982e+00
3.952608054007488381e+00
3.952628312667098687e+00
3.952648121458053776e+00
3.952667490370299408e+00
3.952686429171811788e+00
3.952704947413736125e+00
3.952723054435123728e+00
3.952740759367699308e+00
3.952758071140273000e+00
3.952774998483453484e+00
3.952791549933980519e+00
3.952807733839024618e+00
3.952823558360444522e+00
3.952839031478725396e+00
3.952854160997211430e+00
3.952868954545968982e+00
3.952883419585631941e+00
3.952897563411152060e+00
3.952911393155491560e+00
3.952924915793211369e+00
3.952938138143995861e+00
3.952951066876086550e+00
3.952963708509650509e+00
3.952976069420066629e+00
3.952988155841139939e+00
3.952999973868300820e+00
3.953011529461496476e+00
3.953022828448397696e+00
3.953033876527273449e+00
3.953044679269854811e+00
3.953055242124142499e+00
3.953065570417155783e+00
3.953075669357617450e+00
3.953085544038585031e+00
3.953095199440017637e+00
3.953104640431289063e+00
3.953113871773643595e+00
3.953122898122648721e+00
3.953131724030362726e+00
3.953140353947833141e+00
3.953148792227272335e+00
3.953157043124302827e+00
3.953165110799912174e+00
3.953172999322764003e+00
3.953180712671174213e+00
3.953188254735117813e+00
3.953195629318233983e+00
3.953202840139568686e+00
3.953209890835655216e+00
3.953216784962282127e+00
3.953223525996277132e+00
3.953230117337252381e+00
3.953236562309330626e+00
3.953242864162813675e+00
3.953249026075829065e+00
3.953255051155925237e+00
3.953260942441646719e+00
3.953266702904064012e+00
3.953272335448271502e+00
3.953277842914850293e+00
3.953283228081304390e+00
3.953288493663460468e+00
3.953293642316836110e+00
3.953298676638033360e+00
3.953303599165866267e+00
3.953308412382846360e+00
3.953313118716360819e+00
3.953317720539953228e+00
3.953322220174325885e+00
3.953326619888719584e+00
3.953330921901989647e+00
3.953335128383718811e+00
3.953339241455359421e+00
3.953343263191125612e+00
3.953347195619297150e+00
3.953351040722994814e+00
3.953354800441373662e+00
4.029673195005480935e+00
4.076204255054495462e+00
4.121702035221455063e+00
4.166189480767298114e+00
4.209689027424997398e+00
4.252222612714254169e+00
4.293811687004948752e+00
4.334477224334897016e+00
4.374239732987403428e+00
4.413119265833912230e+00
4.451135430446992558e+00
4.488307398988754748e+00
4.524653917879677856e+00
4.560193317252730694e+00
4.594943520197550590e+00
4.628922051799349013e+00
4.662146047977089758e+00
4.694632264125409016e+00
4.726397083564630286e+00
4.757456525803135605e+00
4.787826254616262212e+00
4.817521585945791607e+00
4.846557495624032263e+00
4.874948626926363104e+00
4.902709297956080015e+00
4.929853508865241096e+00
4.956394948915170851e+00
4.982347003380169781e+00
5.007722760297929732e+00
5.032535017070034478e+00
5.056796286915901106e+00
5.080518805183392494e+00
5.103714535519302764e+00
5.126395175902813683e+00
5.148572164544977348e+00
5.170256685657186324e+00
5.191459675091550707e+00
5.212191825856026917e+00
5.232463593507069355e+00
5.252285201422540517e+00
5.271666645957519215e+00
5.290617701485627045e+00
5.309147925328397299e+00
5.327266662575191880e+00
5.344983050796074053e+00
5.362306024650035141e+00
5.379244320390886180e+00
5.395806480273088290e+00
5.412000856859753739e+00
5.427835617234972432e+00
5.443318747122604329e+00
5.458458054913614355e+00
5.473261175603959749e+00
5.487735574645047798e+00
5.501888551708681518e+00
5.515727244368400228e+00
5.529258631699072168e+00
5.542489537796555510e+00
5.555426635219198772e+00
5.568076448352918817e+00
5.580445356701553727e+00
5.592539598104148801e+00
5.604365271880800137e+00
5.615928341908637655e+00
5.627234639629503654e+00
5.638289866990846555e+00
5.649099599321300680e+00
5.659669288142414878e+00
5.670004263917943987e+00
5.680109738742082470e+00
5.689990808968014235e+00
5.699652457778082493e+00
5.709099557696885263e+00
5.718336873048570190e+00
5.727369062359562335e+00
5.736200680707930211e+00
5.744836182020585547e+00
5.753279921319470525e+00
5.761536156917866691e+00
5.769609052567928664e+00
5.777502679560531540e+00
5.785221018778488045e+00
5.792767962704172824e+00
5.800147317382563728e+00
5.807362804340689522e+00
5.814418062464458359e+00
5.821316649833803147e+00
5.828062045517081735e+00
5.834657651325625416e+00
5.841106793529325714e+00
5.847412724534128081e+00
5.853578624522271845e+00
5.859607603056105063e+00
5.865502700646288758e+00
5.871266890285174789e+00
5.876903078946135395e+00
5.882414109049592277e+00
5.887802759896498372e+00
5.893071749069983767e+00
5.898223733805873614e+00
5.903261312332778843e+00
5.908187025182421337e+00
5.913003356470866834e+00
5.917712735151302361e+00
5.922317536239000368e+00
5.926820082009073509e+00
5.931222643167632924e+00
5.935527439996949539e+00
5.939736643475171718e+00
5.943852376371185464e+00
5.947876714244634933e+00
5.951811685535111529e+00
5.955406552248995844e+00
5.956089729247105780e+00
5.954907931723131043e+00
5.952873547193986425e+00
5.950650271973853656e+00
5.948554484659114294e+00
5.946670986255319313e+00
5.944971942451862112e+00
5.943397524869705073e+00
5.941895862616183521e+00
5.940434938347108229e+00
5.939000339544708851e+00
5.937588597012007696e+00
5.936201140266412324e+00
5.934840476308517410e+00
5.933508451864640598e+00
5.932205841902292498e+00
5.930932561084890864e+00
5.929688033125558810e+00
5.928471485197100321e+00
5.927282133859648638e+00
5.926119255950715647e+00
5.924982199521778625e+00
5.923870368422155863e+00
5.922783202318115947e+00
5.921720161589123066e+00
5.920680718919615337e+00
5.919664356027419139e+00
5.918670563261107631e+00
5.917698840289561169e+00
5.916748696878368463e+00
5.915819653359155161e+00
5.914911240754059385e+00
5.914023000655751261e+00
5.913154484983593306e+00
5.912305255702186457e+00
5.911474884547800457e+00
5.910662952778225510e+00
5.909869050945501634e+00
5.909092778685232972e+00
5.908333744516225394e+00
5.907591565646152176e+00
5.906865867781159629e+00
5.906156284938703926e+00
5.905462459263678632e+00
5.904784040848054083e+00
5.904120687554318181e+00
5.903472064842744338e+00
5.902837845602554978e+00
5.902217709986889105e+00
5.901611345251447815e+00
5.901018445596788453e+00
5.900438712014106635e+00
5.899871852134450201e+00
5.899317580081275381e+00
5.898775616326285665e+00
5.898245687548454796e+00
5.897727526496191253e+00
5.897220871852556279e+00
5.896725468103483081e+00
5.896241065408903914e+00
5.895767419476769966e+00
5.895304291439974698e+00
5.894851447735417693e+00
5.894408659986751786e+00
5.893975704889023781e+00
5.893552364096041885e+00
5.893138424110259344e+00
5.892733676175105906e+00
5.892337916169845258e+00
5.891950944506155530e+00
5.891572566028015601e+00
5.891202589913099530e+00
5.890840829576528215e+00
5.890487102576773104e+00
5.890141230523632920e+00
5.889803038988279837e+00
5.889472357415294290e+00
5.889149019036648447e+00
5.888832860787606371e+00
5.888523723224488471e+00
5.888221450444259375e+00
5.887925890005901053e+00
5.887636892853541859e+00
5.887354313241279336e+00
5.887078008659674566e+00
5.886807839763893213e+00
5.886543670303423070e+00
5.886285367053366357e+00
5.886032799747245470e+00
5.885785841011458075e+00
5.885544366300552888e+00
5.885308253834959480e+00
5.885077384539387779e+00
5.884851641982758785e+00
5.884630912319490648e+00
5.884415084232077930e+00
5.884204048874952520e+00
5.883997699819597749e+00
5.883795933000868672e+00
5.883598646664521148e+00
5.883405741315887560e+00
5.883217119669703621e+00
5.883032686601047168e+00
5.882852349097356104e+00
5.882676016211533465e+00
5.882503599016073892e+00
5.882335010558219501e+00
5.882170165816105190e+00
5.882008981655878266e+00
5.881851376789780872e+00
5.881697271735291999e+00
5.881546588774565265e+00
5.881399251915763848e+00
5.881255186854562389e+00
5.881114320936652540e+00
5.880976583121103829e+00
5.880841903944530991e+00
5.880710215486062431e+00
5.880581451333239507e+00
5.880455546548039258e+00
5.880332437634655740e+00
5.880212062507302662e+00
5.880094360458886449e+00
5.879979272130390733e+00
5.879866739480928750e+00
5.879756705758477864e+00
5.879649115471266896e+00
5.879543914359785184e+00
5.879441049369422245e+00
5.879340468623712290e+00
5.879242121398170262e+00
5.879145958094710522e+00
5.879051930216639299e+00
5.878959990344186259e+00
5.878870092110595635e+00
5.878782190178747591e+00
5.878696240218431512e+00
5.878612198883502948e+00
5.878530023790569992e+00
5.878449673497433636e+00
5.878371107482164071e+00
5.878294286122815571e+00
5.878219170676952210e+00
5.878145723262796274e+00
5.878073906839460072e+00
5.878003685188929239e+00
5.877935022897132100e+00
5.877867885336591769e+00
5.877802238648793143e+00
5.877738049727079250e+00
5.877675286200103599e+00
5.877613916415018736e+00
5.877553909422059242e+00
5.877495234958752590e+00
5.877437863434637144e+00
5.877381765916346090e+00
5.877326914113004008e+00
5.877273280361965391e+00
5.877220837614871130e+00
5.877169559424001655e+00
5.877119419928940935e+00
5.877070393843535356e+00
5.877022456443145693e+00
5.876975583552169979e+00
5.876929751531998924e+00
5.876884937268615161e+00
5.876841118161466149e+00
5.876798272111891208e+00
5.876756377511953566e+00
5.876715413233690732e+00
5.876675358617967859e+00
5.876636193464747748e+00
5.876597898022236421e+00
5.876560452977590110e+00
5.876523839446503139e+00
5.876488038964205352e+00
5.876453033475970145e+00
5.876418805327991990e+00
5.876385337258478003e+00
5.876352612388947350e+00
5.876320614215724270e+00
5.876289326601614071e+00
5.876258733767771858e+00
5.876228820285737342e+00
5.876199571069659733e+00
5.876170971368690488e+00
5.876143006759543042e+00
5.668018923225880634e+00
5.541120017334748127e+00
5.417039058990354761e+00
5.295713472173463110e+00
5.177082070442931006e+00
5.061085026078407267e+00
4.947663839908250871e+00
4.836761311807460828e+00
4.728321511850732684e+00
4.622289752106100380e+00
4.518612559054936639e+00
4.417237646624394110e+00
4.318113889818704365e+00
4.221191298936019187e+00
4.126420994357801852e+00
4.033755181898050601e+00
3.943147128699923787e+00
3.854551139667609760e+00
3.767922534421556779e+00
3.683217624765440235e+00
3.600393692653502953e+00
3.519408968647160574e+00
3.440222610850002027e+00
3.362794684310565163e+00
3.287086140882501173e+00
3.213058799531964826e+00
3.140675327082310453e+00
3.069899219386367673e+00
3.000694782916814685e+00
2.933027116765361431e+00
2.866862095041659675e+00
2.802166349663067546e+00
2.738907253526593255e+00
2.677052904054519455e+00
2.616572107105423761e+00
2.557434361242471699e+00
2.499609842351051991e+00
2.443069388597996827e+00
2.387784485724802064e+00
2.333727252667427976e+00
2.280870427495431230e+00
2.229187353663336424e+00
2.178651966567311860e+00
2.129238780400370956e+00
2.080922875299471286e+00
2.033679884778027080e+00
1.987485983437498938e+00
1.942317874951863477e+00
1.898152780318901556e+00
1.854968426444829399e+00
1.812743042418019090e+00
1.796527007298274858e+00
1.798376310459775418e+00
1.807384139431224446e+00
1.816783024686334791e+00
1.823941329090180696e+00
1.828750641736877514e+00
1.832059010273178190e+00
1.834731057748419714e+00
1.837301186174830736e+00
1.839976632914529731e+00
1.842766014321051582e+00
1.845603236412401760e+00
1.848421453092594868e+00
1.851180126148090688e+00
1.853864561802035293e+00
1.856475667043412159e+00
1.859020146507785798e+00
1.861504683869896537e+00
1.863933834402422773e+00
1.866310079094892771e+00
1.868634642002105606e+00
1.870908265654794844e+00
1.873131669409896949e+00
1.875305714659819767e+00
1.877431399755951080e+00
1.879509795464137323e+00
1.881541984292018244e+00
1.883529024829170950e+00
1.885471939627443305e+00
1.887371716192520088e+00
1.889229312657564330e+00
1.891045663107883801e+00
1.892821680886389579e+00
1.894558260057654264e+00
1.896256275860430440e+00
1.897916584558774211e+00
1.899540023744159312e+00
1.901127412341018896e+00
1.902679550956826837e+00
1.904197222472963746e+00
1.905681192218947828e+00
1.907132208580588406e+00
1.908551003325780648e+00
1.909938291974054625e+00
1.911294774157016318e+00
1.912621133970608067e+00
1.913918040319689817e+00
1.915186147255186100e+00
1.916426094303895322e+00
1.917638506791044861e+00
1.918823996155699874e+00
1.919983160259153276e+00
1.921116583686452328e+00
1.922224838041218353e+00
1.923308482233912375e+00
1.924368062763697873e+00
1.925404113994047650e+00
1.926417158422231157e+00
1.927407706942817045e+00
1.928376259105327284e+00
1.929323303366164977e+00
1.930249317334955084e+00
1.931154768015407530e+00
1.932040112040835478e+00
1.932905795904444446e+00
1.933752256184503970e+00
1.934579919764522371e+00
1.935389204048530098e+00
1.936180517171582904e+00
1.936954258205592305e+00
1.937710817360583704e+00
1.938450576181483642e+00
1.939173907740541658e+00
1.939881176825475118e+00
1.940572740123437612e+00
1.941248946400902398e+00
1.941910136679550591e+00
1.942556644408254263e+00
1.943188795631239918e+00
1.943806909152517637e+00
1.944411296696659130e+00
1.945002263066005099e+00
1.945580106294382938e+00
1.946145117797409174e+00
1.946697582519455461e+00
1.947237779077350073e+00
1.947765979900888844e+00
1.948282451370227042e+00
1.948787453950217907e+00
1.949281242321769581e+00
1.949764065510284583e+00
1.950236167011248245e+00
1.950697784913026034e+00
1.951149152016937061e+00
1.951590495954657500e+00
1.952022039303020318e+00
1.952443999696263921e+00
1.952856589935788811e+00
1.953260018097475958e+00
1.953654487636623971e+00
1.954040197490554132e+00
1.954417342178937478e+00
1.954786111901895218e+00
1.955146692635918892e+00
1.955499266227660682e+00
1.955844010485643603e+00
1.956181099269930890e+00
1.956510702579808081e+00
1.956832986639515770e+00
1.957148113982078774e+00
1.957456243531275231e+00
1.957757530681783154e+00
1.958052127377549523e+00
1.958340182188417211e+00
1.958621840385051271e+00
1.958897244012202554e+00
1.959166531960341073e+00
1.959429840035702197e+00
1.959687301028775197e+00
1.959939044781272122e+00
1.960185198251608973e+00
1.960425885578932492e+00
1.960661228145725632e+00
1.960891344639022593e+00
1.961116351110265610e+00
1.961336361033829911e+00
1.961551485364252390e+00
1.961761832592185728e+00
1.961967508799114190e+00
1.962168617710850604e+00
1.962365260749848073e+00
1.962557537086347725e+00
1.962745543688392491e+00
1.962929375370730423e+00
1.963109124842629782e+00
1.963284882754635197e+00
1.963456737744282643e+00
1.963624776480803025e+00
1.963789083708828320e+00
1.963949742291131617e+00
1.964106833250415018e+00
1.964260435810170735e+00
1.964410627434636236e+00
1.964557483867858334e+00
1.964701079171894404e+00
1.964841485764160733e+00
1.964978774453956412e+00
1.965113014478171438e+00
1.965244273536205011e+00
1.965372617824107326e+00
1.965498112067963543e+00
1.965620819556535004e+00
1.965740802173178148e+00
1.965858120427052658e+00
1.965972833483637494e+00
1.966084999194568805e+00
1.966194674126815256e+00
1.966301913591205430e+00
1.966406771670323073e+00
1.966509301245780827e+00
1.966609554024889794e+00
1.966707580566735336e+00
1.966803430307676459e+00
1.966897151586276093e+00
1.966988791667680037e+00
1.967078396767452331e+00
1.967166012074883064e+00
1.967251681775778582e+00
1.967335449074744336e+00
1.967417356216973667e+00
1.967497444509553439e+00
1.967575754342295369e+00
1.967652325208105069e+00
1.967727195722899891e+00
1.967800403645081797e+00
1.967871985894581677e+00
1.967941978571476680e+00
1.968010416974197652e+00
1.968077335617329560e+00
1.968142768249018904e+00
1.968206747867991879e+00
1.968269306740197511e+00
1.968330476415079078e+00
1.968390287741486055e+00
1.968448770883230337e+00
1.968505955334299173e+00
1.968561869933729280e+00
1.968616542880150533e+00
1.968670001746007703e+00
1.968722273491465558e+00
1.968773384478003541e+00
1.968823360481713580e+00
1.968872226706296136e+00
1.968920007795772475e+00
1.968966727846913622e+00
1.969012410421391301e+00
1.969057078557660878e+00
1.969100754782580731e+00
1.969143461122772498e+00
1.969185219115728858e+00
1.969226049820675950e+00
1.969265973829193772e+00
1.969305011275601203e+00
1.969343181847108326e+00
1.969380504793747821e+00
1.969416998938080754e+00
1.969452682684689648e+00
1.969487574029460841e+00
1.969521690568659888e+00
1.969555049507805133e+00
1.969587667670344988e+00
1.969619561506142702e+00
1.969650747099771282e+00
1.969681240178626780e+00
1.969711056120857506e+00
1.969740209963122712e+00
1.969768716408172748e+00
1.969796589832265132e+00
1.969823844292415638e+00
1.969850493533485514e+00
1.969876550995115494e+00
1.969902029818501266e+00
1.969926942853022611e+00
1.969951302662723114e+00
1.969975121532645312e+00
1.969998411475028188e+00
1.970021184235363210e+00
1.970043451298319148e+00
1.970065223893533224e+00
1.970086513001275241e+00
1.970107329357983161e+00
1.970127683461680324e+00
1.970147585577267879e+00
1.970167045741702205e+00
1.970186073769056856e+00
1.970204679255471270e+00
1.970222871583991120e+00
1.970240659929299643e+00
1.970258053262344600e+00
1.970275060354863550e+00
1.970291689783805866e+00
1.970307949935660163e+00
1.970323849010681139e+00
1.970339395027028484e+00
1.970354595824807209e+00
1.970369459070024032e+00
1.970383992258451622e+00
1.970398202719410907e+00
