-6.437193509956143922e-01
-6.412806150121155291e-01
-6.173723222462965676e-01
-5.945824201508452811e-01
-5.736840284587908512e-01
-5.538760913388985907e-01
-5.359789584595207046e-01
-5.188751381504208560e-01
-5.032631992127927223e-01
-4.881798946828683761e-01
-4.748747032263271883e-01
-4.620397040832948665e-01
-4.502864481200388180e-01
-4.392812524239428917e-01
-4.287357117625221203e-01
-4.193455606096236910e-01
-4.102130444125520192e-01
-4.017425438751045519e-01
-3.939786132853204670e-01
-3.864008140428487614e-01
-3.785051710632862942e-01
-3.697378889270970248e-01
-3.601947280395663142e-01
-3.502594741401225953e-01
-3.407618037893858087e-01
-3.312438874983585357e-01
-3.218540330572223773e-01
-3.126982328744647432e-01
-3.038481694934680455e-01
-2.953482193742940076e-01
-2.872214833641546505e-01
-2.795095398886973115e-01
-2.722272123483113759e-01
-2.652854176376009399e-01
-2.586684224869388871e-01
-2.523569011356334713e-01
-2.463295946331691688e-01
-2.405645614749856165e-01
-2.350401044865799705e-01
-2.297354208761177574e-01
-2.246310314219455151e-01
-2.197090457822183929e-01
-2.149532887681884219e-01
-2.103493321156051366e-01
-2.058844528452845601e-01
-2.015475423659198739e-01
-1.973289835948048854e-01
-1.932205098159891499e-01
-1.892150557266205624e-01
-1.853066084041326000e-01
-1.814900637031113817e-01
-1.777610918026608644e-01
-1.741160142139466238e-01
-1.705516929685422234e-01
-1.670654349954667772e-01
-1.636549060734675543e-01
-1.603180588882100466e-01
-1.570530735260091681e-01
-1.538583056452367259e-01
-1.507322461063700381e-01
-1.476734877046768091e-01
-1.446806980403358978e-01
-1.417526000722593160e-01
-1.388879546962664691e-01
-1.360855544464394384e-01
-1.333442098451671498e-01
-1.306627457424376360e-01
-1.280399978001796057e-01
-1.254748105409295711e-01
-1.229660365612437189e-01
-1.205125365826309469e-01
-1.181131800766475060e-01
-1.157668462559087175e-01
-1.134724252695979985e-01
-1.112288194815125308e-01
-1.090349447411504968e-01
-1.068897315847703311e-01
-1.047921263245932266e-01
-1.027410920008238193e-01
-1.007356091830571287e-01
-9.877467662324868058e-02
-9.685731175121503611e-02
-9.498255103840325120e-02
-9.314945022879905778e-02
-9.135708445546075751e-02
-8.960454825511821042e-02
-8.789095550013437119e-02
-8.621543924853325436e-02
-8.457715154193623519e-02
-8.297526314929859481e-02
-8.140896327711644176e-02
-7.987745924144284970e-02
-7.837997612673941461e-02
-7.691575642540726676e-02
-7.548405966782878451e-02
-7.408416205184176206e-02
-7.271535606244272643e-02
-7.137695010100220117e-02
-7.006826811855315640e-02
-6.878864924708683048e-02
-6.753744744648715326e-02
-6.631403115504275192e-02
-6.511778294925063548e-02
-6.394809921235822259e-02
-6.280438981174762958e-02
-6.168607778515911022e-02
-6.059259903555824778e-02
-5.952340203448791556e-02
-5.847794753359902842e-02
-5.745570828321699963e-02
-5.645616876279424545e-02
-5.547882491002287253e-02
-5.452318386463517186e-02
-5.358876371886722723e-02
-5.267509326569097539e-02
-5.178171176604795534e-02
-5.090816870903402958e-02
-5.005402358715427269e-02
-4.921884567270984334e-02
-4.840221380024933850e-02
-4.760371615405034618e-02
-4.682295006047754171e-02
-4.605952178505834382e-02
-4.531304633414867666e-02
-4.458314726103695946e-02
-4.386945647638151868e-02
-4.317161406287572945e-02
-4.248926809401565308e-02
-4.182207445688890246e-02
-4.116969667887993012e-02
-4.053180575820647391e-02
-3.990807999819301344e-02
-3.929820484520440971e-02
-3.870187273016201246e-02
-3.811878291355652593e-02
-3.754864133388302605e-02
-3.699116045941686082e-02
-3.644605914329490659e-02
-3.591306248176229232e-02
-3.539190167558192712e-02
-3.488231389451801334e-02
-3.438404214479762189e-02
-3.389683513952146399e-02
-3.342044717195413739e-02
-3.295463799160947005e-02
-3.249917268309410190e-02
-3.205382154764002678e-02
-3.161835998725814889e-02
-3.119256839147244165e-02
-3.077623202655788148e-02
-3.036914092724796177e-02
-2.997108979084472935e-02
-2.958187787366428623e-02
-2.920130888981553596e-02
-2.882919091218871799e-02
-2.846533627566794067e-02
-2.810956148248511255e-02
-2.776168710882265245e-02
-2.742153771775379667e-02
-2.708894176561305045e-02
-2.676373151892130764e-02
-2.644574296893109633e-02
-2.613481574891141079e-02
-2.583079305327995456e-02
-2.553352155851262850e-02
-2.524285134496917493e-02
-2.495863582472113151e-02
-2.468073166246886885e-02
-2.440899870668555849e-02
-2.414329991808372711e-02
-2.388350129964544877e-02
-2.362947183161789866e-02
-2.338108340373112881e-02
-2.313821074886091012e-02
-2.290073138242698647e-02
-2.266852553977516394e-02
-2.244147611576918777e-02
-2.221946860574064431e-02
-2.200239104774004417e-02
-2.179013396606555020e-02
-2.158259031606890588e-02
-2.137965543015285519e-02
-2.118122696499691315e-02
-2.098720484994043289e-02
-2.079749123651764009e-02
-2.061199044910555500e-02
-2.043060893582060444e-02
-2.025325522477494644e-02
-2.007983987278860738e-02
-1.991027542371215375e-02
-1.974447636347376189e-02
-1.958235907694350075e-02
-1.942384180577239050e-02
-1.926884460715294622e-02
-1.911728931351053262e-02
-1.896909949307845622e-02
-1.882420041134791333e-02
-1.868251899252904025e-02
-1.854398378612565068e-02
-1.840852492575395516e-02
-1.827607409733600363e-02
-1.814656450379148467e-02
-1.801993083135133844e-02
-1.789610921576478830e-02
-1.777503721351969546e-02
-1.765665376520653140e-02
-1.754089916815049222e-02
-1.742771504544915473e-02
-1.731704431567138158e-02
-1.720883116751270592e-02
-1.710302102648819655e-02
-1.699956053084417107e-02
-1.689839750378796523e-02
-1.679948092718319685e-02
-1.670276091580946698e-02
-1.660818869221181160e-02
-1.651571656209993577e-02
-1.642529789029367748e-02
-1.633688707720404309e-02
-1.625043953584048850e-02
-1.616591166931824475e-02
-1.608326084887945484e-02
-1.600244539238548924e-02
-1.592342454330619717e-02
-1.584615845015768798e-02
-1.577060814640729447e-02
-1.569673553082484574e-02
-1.562450334826825937e-02
-1.555387517002682074e-02
-1.548481537889445647e-02
-1.541728914605533518e-02
-1.535126241694451110e-02
-1.528670189322367534e-02
-1.522357501598214924e-02
-1.516184994932245900e-02
-1.510149556430295803e-02
-1.504248142323660886e-02
-1.498477776348483559e-02
-1.492835548588722361e-02
-1.487318613492494279e-02
-1.481924188780858742e-02
-1.476649553958830907e-02
-1.471492048943323638e-02
-1.466449072721554003e-02
-1.461518082039603428e-02
-1.456696590119799239e-02
-1.451982165406429104e-02
-1.447372430339211036e-02
-1.442865060154741030e-02
-1.438457781713919914e-02
-1.434148372355403822e-02
-1.429934658774856260e-02
-1.425814515928935933e-02
-1.421785865963576256e-02
-1.417846677079781514e-02
-1.413994962853415416e-02
-1.410228780717748265e-02
-1.406546231326188945e-02
-1.402945457510362814e-02
-1.399424643341751207e-02
-1.395982013217311746e-02
-1.392615830963617185e-02
-1.389324398960578577e-02
-1.386106057286173865e-02
-1.382959182793275232e-02
-1.379882188634429241e-02
-1.376873522946464590e-02
-1.373931668410977025e-02
-1.371055141403321187e-02
-1.368242491244631154e-02
-1.365492299470316695e-02
-1.362803179114502328e-02
-1.360173774010364767e-02
-1.357602758106946084e-02
-1.355088834799378361e-02
-1.352630736275806100e-02
-1.350227222877942168e-02
-1.347877082474990829e-02
-1.345579129853735623e-02
-1.343332206119640659e-02
-1.341135178112962123e-02
-1.338986937837205460e-02
-1.336886401900372334e-02
-1.334832510968375630e-02
-1.332824229231022173e-02
-1.330860543879852642e-02
-1.328940464596639615e-02
-1.327063023054719793e-02
-1.325227272430051784e-02
-1.323432286923997836e-02
-1.321677161296763714e-02
-1.319961010410208857e-02
-1.318282968781980813e-02
-1.316642190148620273e-02
-1.315037847039235430e-02
-1.313469130357747261e-02
-1.311935248889239958e-02
-1.310435429244716232e-02
-1.308968914955688234e-02
-1.307534966435008883e-02
-1.306132860519326755e-02
-2.964564909624023414e-02
-5.849130417366854573e-02
-6.130282010479870536e-02
-6.309724349981804536e-02
-6.549562098467109905e-02
-6.779182397201743981e-02
-6.996680474023087015e-02
-7.201983592317562355e-02
-7.455294068619533476e-02
-7.699838245856538421e-02
-7.930813687823912161e-02
-8.148318976907331646e-02
-8.375234696495326148e-02
-8.616490607463500595e-02
-8.843703021221305249e-02
-9.057070079012241592e-02
-9.256799824084360750e-02
-9.463584149492554332e-02
-9.681183194109754808e-02
-9.884941962854876252e-02
-1.007512034741901985e-01
-1.025197125841410539e-01
-1.041574151013993088e-01
-1.060411638828604453e-01
-1.078654341717477649e-01
-1.095576027663778262e-01
-1.111205777067025835e-01
-1.125573506684327540e-01
-1.138709814842373547e-01
-1.152066637079665057e-01
-1.166185641623487257e-01
-1.179099472042395291e-01
-1.190839575909867776e-01
-1.200441147197448544e-01
-1.201635718262705765e-01
-1.195959098578596169e-01
-1.184762229171045789e-01
-1.170527935177965162e-01
-1.153611179078408711e-01
-1.133985699829445082e-01
-1.112363341597903954e-01
-1.089337014665545667e-01
-1.065394100298284741e-01
-1.040929578775298125e-01
-1.016258610463074419e-01
-9.916282137389664797e-02
-9.672279283083629053e-02
-9.431995026362383072e-02
-9.196453023576012242e-02
-8.966357994051143976e-02
-8.742159731981402615e-02
-8.524107501250544061e-02
-8.312296336776014982e-02
-8.106704910016837573e-02
-7.907226575455705841e-02
-7.713695044927249000e-02
-7.525904434532471043e-02
-7.343625020633481881e-02
-7.166615494264494401e-02
-6.994632109959209032e-02
-6.827435272896043017e-02
-6.664794248123140363e-02
-6.506489971218254453e-02
-6.352317365438509000e-02
-6.202085813588986696e-02
-6.055619557700797628e-02
-5.912757294400172725e-02
-5.773351509762125744e-02
-5.637267634854836729e-02
-5.504382829788845299e-02
-5.374584925104386457e-02
-5.247771237467269145e-02
-5.123847959453975420e-02
-5.002728495236219430e-02
-4.884333063950574427e-02
-4.768587197583951109e-02
-4.655421368432399731e-02
-4.544770543562393073e-02
-4.436573183680980748e-02
-4.330770837585884436e-02
-4.227307815166003735e-02
-4.126130726982601971e-02
-4.027188153314043007e-02
-3.930430392024852893e-02
-3.835809344735796600e-02
-3.743278217901124805e-02
-3.652791562469737130e-02
-3.564304908458471033e-02
-3.477774863730953570e-02
-3.393158993615941199e-02
-3.310415766609509092e-02
-3.229504512092251645e-02
-3.150385387460197251e-02
-3.073019352501393797e-02
-2.997368149239054702e-02
-2.923394285800107184e-02
-2.851061023145717854e-02
-2.780332372436244981e-02
-2.711173058975724359e-02
-2.643548478777724142e-02
-2.577424860834209852e-02
-2.512769078647547616e-02
-2.449548700689874181e-02
-2.387731981006258053e-02
-2.327287849482573279e-02
-2.268185901758457135e-02
-2.210396388780200283e-02
-2.153890239615563473e-02
-2.098638949716136182e-02
-2.044614670046751570e-02
-1.991790162241180440e-02
-1.940138786955447614e-02
-1.889634458660793825e-02
-1.840251734187248189e-02
-1.791965700859687871e-02
-1.744751997992910475e-02
-1.698586805234914010e-02
-1.653446831019422802e-02
-1.609309301151373717e-02
-1.566151947546146062e-02
-1.523952997142785648e-02
-1.482691160998150792e-02
-1.442345623579299740e-02
-1.402896032258560410e-02
-1.364322487015190433e-02
-1.326605530350111195e-02
-1.289726137413715890e-02
-1.253665706343998210e-02
-1.218406048821574217e-02
-1.183929380826587163e-02
-1.150218313611794940e-02
-1.117255844872389048e-02
-1.085025350118407061e-02
-1.053510574243077258e-02
-1.022695623282832145e-02
-9.925649563649052709e-03
-9.631033778400244216e-03
-9.342960295890101463e-03
-9.061283835089639638e-03
-8.785862341670558351e-03
-8.516556916217332684e-03
-8.253231744030031791e-03
-7.995754026572043927e-03
-7.743993914390401301e-03
-7.497824441569989062e-03
-7.257121461675453133e-03
-7.021763585104423555e-03
-6.791632117827184345e-03
-6.566611001534106151e-03
-6.346586755094030252e-03
-6.131448417298734910e-03
-5.921087490934340281e-03
-5.715397888041984231e-03
-5.514275876419283406e-03
-5.317620027333269661e-03
-5.125331164337332268e-03
-4.937312313301411848e-03
-4.753468653481363049e-03
-4.573707469712751106e-03
-4.397938105676679754e-03
-4.226071918132845440e-03
-4.058022232285019015e-03
-3.893704298028488608e-03
-3.733035247232230347e-03
-3.575934051943896463e-03
-3.422321483526502561e-03
-3.272120072704609584e-03
-3.125254070504013271e-03
-2.981649410043196724e-03
-2.841233669178322430e-03
-2.703936034002651922e-03
-2.569687263114239784e-03
-2.438419652686540928e-03
-2.310067002357030219e-03
-2.184564581810377604e-03
-2.061849098154766580e-03
-1.941858664001649970e-03
-1.824532766238284864e-03
-1.709812235533014757e-03
-1.597639216467605650e-03
-1.487957138394335743e-03
-1.380710686865960213e-03
-1.275845775780659608e-03
-1.173309520076770696e-03
-1.073050209078552086e-03
-9.750172803917322994e-04
-8.791612944358817572e-04
-7.854339095079154731e-04
-6.937878573793909709e-04
-6.041769194684576405e-04
-5.165559035429367896e-04
-4.308806209190052527e-04
-3.471078641714697710e-04
-2.651953853591848542e-04
-1.851018746936716752e-04
-1.067869397433085510e-04
-3.021108503364899889e-05
4.466430788152564446e-05
1.178769998650963657e-04
1.894639132506981127e-04
2.594611504642685418e-04
3.279040122334819785e-04
3.948270154001676246e-04
4.602639102966321616e-04
5.242476978066790139e-04
5.868106459896438309e-04
6.479843063340595677e-04
7.077995297022354748e-04
7.662864818689385515e-04
8.234746587501007298e-04
8.793929012531620515e-04
9.340694098529667144e-04
9.875317587821896836e-04
1.039806909964191561e-03
1.090921226598595695e-03
1.140900486456430940e-03
1.189769894877734657e-03
1.237554097492932215e-03
1.284277192643124010e-03
1.329962743533030789e-03
1.374633790116597254e-03
1.418312860723247582e-03
1.461021983412358338e-03
1.502782697079929619e-03
1.543616062319230764e-03
1.583542672055848755e-03
1.622582661918059443e-03
1.660755720400253210e-03
1.698081098782111553e-03
1.734577620863930747e-03
1.770263692418616586e-03
1.805157310509564184e-03
1.839276072545636964e-03
1.872637185166503571e-03
1.905257472913035599e-03
1.937153386729839610e-03
1.968341012231533682e-03
1.998836077840238090e-03
2.028653962706350455e-03
2.057809704464119704e-03
2.086318006829124272e-03
2.114193246994133801e-03
2.141449482888191369e-03
2.168100460269606344e-03
2.194159619653746063e-03
2.219640103093389882e-03
2.244554760799211124e-03
2.268916157645683995e-03
2.292736579467380409e-03
2.316028039288653417e-03
2.338802283365915002e-03
2.361070797116227027e-03
2.382844810902007282e-03
2.404135305720700444e-03
2.424953018701714313e-03
2.445308448555394421e-03
2.465211860850580194e-03
2.484673293197126043e-03
2.503702560303189273e-03
2.522309258945476529e-03
2.540502772771624507e-03
2.558292277066165354e-03
2.575686743361060849e-03
2.592694943964524157e-03
2.609325456380595654e-03
2.625586667653223572e-03
2.641486778566459748e-03
2.657033807802910985e-03
2.672235595978733613e-03
2.687099809594251099e-03
2.701633944920622810e-03
2.715845331753286018e-03
2.729741137119212624e-03
2.743328368898012570e-03
2.756613879348002172e-03
2.769604368566547237e-03
2.782306387858923813e-03
2.794726343070763619e-03
2.806870497775726392e-03
2.818744976469389485e-03
2.830355767639680664e-03
2.841708726795566520e-03
2.852809579412252106e-03
2.863663923839077086e-03
2.874277234087507793e-03
2.884654862623570182e-03
2.894802043050148654e-03
2.904723892754645931e-03
2.914425415479371395e-03
2.923911503868836803e-03
2.933186941901588796e-03
2.942256407333587731e-03
2.951124474040334178e-03
2.959795614326132807e-03
2.968274201193388251e-03
2.976564510529300378e-03
2.984670723265914205e-03
2.992596927498425430e-03
3.000347120537760759e-03
3.007925210931183813e-03
7.532081531658363360e-02
8.398085975177949081e-02
9.187268416083060885e-02
9.832739276224611302e-02
1.020111600875281965e-01
1.038138173238225548e-01
1.042584831300712445e-01
1.034380998904333993e-01
1.014555327238153559e-01
9.896070141341484216e-02
9.612549567683181806e-02
9.308556288111136112e-02
8.994596866911130917e-02
8.678629196436604687e-02
8.356814367861975512e-02
8.038784138947718816e-02
7.734395606840660520e-02
7.445007167543638005e-02
7.171172091795874337e-02
6.912848717460029491e-02
6.669570998904950088e-02
6.440585111071328583e-02
6.224956837245931851e-02
6.021654400087772530e-02
5.829611034765047606e-02
5.647770990789613421e-02
5.475120782614917303e-02
5.310712230836811543e-02
5.153674460005275293e-02
5.003220858039858499e-02
4.858650594091917796e-02
4.719346963287840424e-02
4.584773269260722373e-02
4.454466856212313530e-02
4.328032416614346900e-02
4.205134868066595644e-02
4.085492039626226202e-02
3.968867710123813453e-02
3.855065197114626585e-02
3.743921096834412765e-02
3.635299840926764503e-02
3.529088954270998002e-02
3.425194751794036208e-02
3.323538602423159460e-02
3.224054196132852823e-02
3.126683818469899734e-02
3.031378050469024643e-02
2.938091922652352750e-02
2.846785176212263124e-02
2.757420299191215562e-02
2.669961842179535694e-02
2.584375698942897870e-02
2.500628654637271353e-02
2.418688028215454366e-02
2.338521415854621921e-02
2.260096548942236439e-02
2.183381201396805693e-02
2.108343152003655518e-02
2.034950183515871203e-02
1.963170107407075093e-02
1.892970805456517525e-02
1.824320281295221946e-02
1.757186716664183024e-02
1.691538528495062366e-02
1.627344443204314928e-02
1.564573490381038212e-02
1.503195082653263626e-02
1.443179108112602194e-02
1.384495917424954925e-02
1.327116288110374853e-02
1.271011560397061757e-02
1.216153627192273490e-02
1.162514869872977030e-02
1.110068221069848704e-02
1.058787216550127752e-02
1.008645925157880541e-02
9.596189708414915032e-03
9.116815289112789600e-03
8.648093199671968989e-03
8.189786022331002613e-03
7.741661635444430090e-03
7.303493118057335920e-03
6.875058649711274228e-03
6.456141405876358874e-03
6.046529450725923738e-03
5.646015628557599086e-03
5.254397455010550999e-03
4.871477008934643749e-03
4.497060825485732494e-03
4.130959791070143439e-03
3.772989040364382873e-03
3.422967855723602071e-03
3.080719569096501687e-03
2.746071466534605321e-03
2.418854695309224923e-03
2.098904173637450299e-03
1.786058502940779391e-03
1.480159882585763143e-03
1.181054027018291208e-03
8.885900851987038607e-04
6.026205622533531425e-04
3.230012432280382484e-04
4.959111887314904266e-05
-2.177476866487282336e-04
-4.791499862051296077e-04
-7.347475983765505703e-04
-9.846694144290957240e-04
-1.229041463682190027e-03
-1.467986977299329254e-03
-1.701626450588911155e-03
-1.930077703840016312e-03
-2.153455941761528436e-03
-2.371873811569003010e-03
-2.585441459741044667e-03
-2.794266587510918498e-03
-2.998454505108938406e-03
-3.198108184788495123e-03
-3.393328312679688707e-03
-3.584213339502095863e-03
-3.770859530120684866e-03
-3.953361012044798173e-03
-4.131809822834231483e-03
-4.306295956464811781e-03
-4.476907408649921649e-03
-4.643730221209008135e-03
-4.806848525398255134e-03
-4.966344584324211553e-03
-5.122298834409289015e-03
-5.274789925926448575e-03
-5.423894762653258539e-03
-5.569688540656425602e-03
-5.712244786179265787e-03
-5.851635392740917041e-03
-5.987930657374018750e-03
-6.121199316076353369e-03
-6.251508578470676980e-03
-6.378924161694943251e-03
-6.503510323562888829e-03
-6.625329894942577624e-03
-6.744444311460817687e-03
-6.860913644488597640e-03
-6.974796631422197635e-03
-7.086150705314597786e-03
-7.195032023847858227e-03
-7.301495497644694410e-03
-7.405594817961880238e-03
-7.507382483769475812e-03
-7.606909828240748794e-03
-7.704227044617262266e-03
-7.799383211543720051e-03
-7.892426317805067981e-03
-7.983403286535573073e-03
-8.072359998882561172e-03
-8.159341317144352956e-03
-8.244391107401494168e-03
-8.327552261621296026e-03
-8.408866719312513283e-03
-8.488375488660437895e-03
-8.566118667208577619e-03
-8.642135462093136766e-03
-8.716464209802765595e-03
-8.789142395513316330e-03
-8.860206672002934880e-03
-8.929692878125727873e-03
-8.997636056885305322e-03
-9.064070473125518390e-03
-9.129029630783325189e-03
-9.192546289804592874e-03
-9.254652482659331270e-03
-9.315379530497658322e-03
-9.374758058944721029e-03
-9.432818013546118152e-03
-9.489588674866933360e-03
-9.545098673264806877e-03
-9.599376003320170270e-03
-9.652448037963612393e-03
-9.704341542275507493e-03
-9.755082686980998119e-03
-9.804697061653211421e-03
-9.853209687618491586e-03
-9.900645030574750649e-03
-9.947027012924714029e-03
-9.992379025851150232e-03
-1.003672394109411670e-02
-1.008008412251015784e-02
-1.012248143733884831e-02
-1.016393726722286672e-02
-1.020447251900380436e-02
-1.024410763525640533e-02
-1.028286260460831159e-02
-1.032075697181333851e-02
-1.035780984761203172e-02
-1.039403991836262975e-02
-1.042946545547041026e-02
-1.046410432460342932e-02
-1.049797399469820647e-02
-1.053109154677400738e-02
-1.056347368254373364e-02
-1.059513673283829505e-02
-1.062609666584179990e-02
-1.065636909514600106e-02
-1.068596928762133302e-02
-1.071491217112097161e-02
-1.074321234200681374e-02
-1.077088407251025615e-02
-1.079794131792821688e-02
-1.082439772366372566e-02
-1.085026663210619802e-02
-1.087556108936249544e-02
-1.090029385183255428e-02
-1.092447739264379436e-02
-1.094812390794608348e-02
-1.097124532305926436e-02
-1.099385329848123760e-02
-1.101595923577791680e-02
-1.103757428332574619e-02
-1.105870934194363997e-02
-1.107937507038059266e-02
-1.109958189069226719e-02
-1.111933999350434021e-02
-1.113865934314750561e-02
-1.115754968267790304e-02
-1.117602053879673818e-02
-1.119408122665399574e-02
-1.121174085454379465e-02
-1.122900832849760278e-02
-1.124589235678241650e-02
-1.126240145428702988e-02
-1.127854394681193639e-02
-1.129432797527618604e-02
-1.130976149981499645e-02
-1.132485230380497754e-02
-1.133960799778410689e-02
-1.135403602328333150e-02
-1.136814365658667114e-02
-1.138193801240072744e-02
-1.139542604744026022e-02
-1.140861456393515994e-02
-1.142151021306947456e-02
-1.143411949832806584e-02
-1.144644877877221134e-02
-1.145850427225791890e-02
-1.147029205856098244e-02
-1.148181808245318791e-02
-1.149308815669636274e-02
-1.150410796496714738e-02
-1.151488306473158474e-02
-1.152541889004643494e-02
-1.153572075429432076e-02
-1.154579385287490823e-02
-1.155564326581215440e-02
-1.156527396032069888e-02
-1.157469079331896467e-02
-1.158389851386276703e-02
-1.159290176555716201e-02
-1.160170508888480612e-02
-1.161031292350234168e-02
-1.161872961047727415e-02
-1.162695939448399329e-02
-1.163500642593318091e-02
-1.164287476306968827e-02
-1.165056837402334011e-02
-1.165809113880911241e-02
-1.166544685127579584e-02
-1.167263922102623752e-02
-1.167967187528917705e-02
-1.168654836074400905e-02
-1.169327214531090675e-02
-1.169984661990497443e-02
-1.170627510014154993e-02
-1.171256082800331555e-02
-1.171870697348431634e-02
-1.172471663618290805e-02
-1.173059284686894799e-02
-1.173633856901323824e-02
-1.174195670027300409e-02
-1.174745007396182928e-02
-1.175282146047784693e-02
-1.175807356869595921e-02
-1.176320904733652029e-02
-1.176823048630692981e-02
-1.177314041799837341e-02
-1.177794131857146098e-02
-1.178263560919434738e-02
-1.178722565727374771e-02
-1.179171377764376416e-02
-1.179610223373694922e-02
-1.180039323872117407e-02
-1.180458895661651297e-02
-1.180869150339436402e-02
-1.181270294803660192e-02
-1.181662531357607904e-02
-1.182046057812646822e-02
-1.182421067586947316e-02
-1.182787749804425914e-02
-1.183146289388625760e-02
-1.183496867156641486e-02
-1.183839659910557174e-02
-1.184174840526575068e-02
-1.184502578041435328e-02
-1.985212798556235114e-02
-4.685041457293603884e-02
-5.011164851443661306e-02
-5.321050482017630756e-02
-5.615011941266345730e-02
-5.893354435831232863e-02
-6.156375727803009568e-02
-6.429820602130842389e-02
-6.707399798230095911e-02
-6.969659247383930278e-02
-7.216932373495588138e-02
-7.449560402273913695e-02
-7.667890796296283895e-02
-7.877368379085769590e-02
-8.101863888552962578e-02
-8.312445892987607721e-02
-8.509469090409105263e-02
-8.693284363148645610e-02
-8.864238565483173460e-02
-9.022674332533675567e-02
-9.168929909051026783e-02
-9.323869986222987905e-02
-9.475013031352652604e-02
-9.614437233436934349e-02
-9.742477773785207518e-02
-9.859458209813620755e-02
-9.965691242210006351e-02
-1.006147941765496157e-01
-1.014711577227913608e-01
-1.022288442066985326e-01
-1.031679998167520651e-01
-1.040348222452260885e-01
-1.048054795685509077e-01
-1.054828169038906083e-01
-1.060696635913069841e-01
-1.065688284073846859e-01
-1.069830952705617122e-01
-1.073152193994566517e-01
-1.075679238885003386e-01
-1.077438966677854992e-01
-1.078745603969304412e-01
-1.080929137955566333e-01
-1.082394827839188167e-01
-1.083167326946501419e-01
-1.083270679507926104e-01
-1.082728413192723949e-01
-1.081563458868401995e-01
-1.079798209070732540e-01
-1.077454521115646102e-01
-1.074553701968294916e-01
-1.071116563841503222e-01
-1.067163398602426483e-01
-1.062713978142406646e-01
-1.057787597237300758e-01
-1.053030285929583698e-01
-1.048616194671891932e-01
-1.043753963338467372e-01
-1.038461664884211544e-01
-1.032756840340045557e-01
-1.026656540466257539e-01
-1.020177288716839215e-01
-1.013335155228700657e-01
-1.006145767536228419e-01
-9.986242515615284532e-02
-9.907853356365503572e-02
-9.826433238559495464e-02
-9.742120432543721620e-02
-9.655050301153522696e-02
-9.565353238191676155e-02
-9.473156127543980176e-02
-9.378582010270086755e-02
-9.261771794543527392e-02
-9.118708481429482759e-02
-8.958891508112287738e-02
-8.785049734078853589e-02
-8.596135916088787354e-02
-8.395344214662703308e-02
-8.185509955928615966e-02
-7.969115190637143797e-02
-7.748304485999391034e-02
-7.524907101308730972e-02
-7.300463742445373327e-02
-7.076254793482394945e-02
-6.853329281891085145e-02
-6.632533351020697410e-02
-6.414537322013380560e-02
-6.199860762356923516e-02
-5.988895574322405935e-02
-5.781926521111380168e-02
-5.579149903753943818e-02
-5.380689374620040155e-02
-5.186610118204271203e-02
-4.996930627297047067e-02
-4.811632985075053881e-02
-4.630671109198214452e-02
-4.453978231932076426e-02
-4.281472306874078981e-02
-4.113060797281953285e-02
-3.948644522684041647e-02
-3.788120280996842837e-02
-3.631383432767254504e-02
-3.478329532841595295e-02
-3.328855612657388718e-02
-3.182861074963838632e-02
-3.040248321400884635e-02
-2.900923144494349515e-02
-2.764794848897622614e-02
-2.631776559795451220e-02
-2.501784685443908529e-02
-2.374739835856320980e-02
-2.250565383910885231e-02
-2.129188080003618921e-02
-2.010537798854716840e-02
-1.894547182033523569e-02
-1.781151545196646424e-02
-1.670288509248774034e-02
-1.561898025321983852e-02
-1.455922104040041631e-02
-1.352304673286575110e-02
-1.250991438051052285e-02
-1.151929751581537431e-02
-1.055068501024347682e-02
-9.603580057659932834e-03
-8.677499275727917905e-03
-7.771971914435127360e-03
-6.886539160801063986e-03
-6.020753528689581913e-03
-5.174178323397171653e-03
-4.346387171149324047e-03
-3.536963604477527667e-03
-2.745500695421121407e-03
-1.971600729209654901e-03
-1.214874912176533428e-03
-4.749431081014776623e-04
2.485664015177135866e-04
9.560171375824211282e-04
1.647764627238146318e-03
2.324156594399440223e-03
2.985533139245433176e-03
3.632226908803382059e-03
4.264563260061748906e-03
4.882860416972611972e-03
5.487429622347939073e-03
6.078575285398457595e-03
6.656595125604347629e-03
7.221780313319214883e-03
7.774415607483042834e-03
8.314779490694590436e-03
8.843144301826200149e-03
9.359776366264505043e-03
9.864936123986645100e-03
1.035887825530945605e-02
1.084185180451591179e-02
1.131410030137480760e-02
1.177586188039114745e-02
1.222736939795510125e-02
1.266885054733535299e-02
1.310052797143690384e-02
1.352261937349297227e-02
1.393533762548937460e-02
1.433889087448214639e-02
1.473348264676488384e-02
1.511931194986182447e-02
1.549657337243903754e-02
1.586545718207155176e-02
1.622614942096856083e-02
1.657883199968246402e-02
1.692368278870315379e-02
1.726087570813028549e-02
1.759058081537290263e-02
1.791296439093414961e-02
1.822818902230416427e-02
1.853641368599134864e-02
1.883779382775330191e-02
1.913248144104606752e-02
1.942062514374409687e-02
1.970237025313625878e-02
1.997785885924230342e-02
2.024722989655280969e-02
2.051061921413754874e-02
2.076815964416844906e-02
2.101998106897084995e-02
2.126621048653110080e-02
2.150697207459906224e-02
2.174238725331445465e-02
2.197257474646363562e-02
2.219765064138101707e-02
2.241772844748979310e-02
2.263291915355747363e-02
2.284333128369731014e-02
2.304907095209696166e-02
2.325024191653923822e-02
2.344694563070959248e-02
2.363928129539960565e-02
2.382734590852297885e-02
2.401123431403817676e-02
2.419103924976973019e-02
2.436685139419481061e-02
2.453875941215510892e-02
2.470684999959082973e-02
2.487120792725505680e-02
2.503191608346355679e-02
2.518905551589067926e-02
2.534270547245931482e-02
2.549294344129116041e-02
2.563984518978923433e-02
2.578348480286063449e-02
2.592393472025023016e-02
2.606126577309453296e-02
2.619554721964600930e-02
2.632684678019625579e-02
2.645523067120514327e-02
2.658076363873806969e-02
2.670350899107987175e-02
2.682352863067993809e-02
2.694088308537345711e-02
2.705563153888679295e-02
2.716783186071047851e-02
2.727754063526877104e-02
2.738481319045682483e-02
2.748970362555169800e-02
2.759226483847321276e-02
2.769254855250036229e-02
2.779060534231003743e-02
2.788648465952014988e-02
2.798023485760925411e-02
2.807190321631036767e-02
2.816153596545145632e-02
2.824917830825501852e-02
2.833487444416959988e-02
2.841866759112399166e-02
2.850060000735510357e-02
2.858071301269848874e-02
2.865904700943122663e-02
2.873564150263696604e-02
2.881053512014819518e-02
2.888376563202665892e-02
2.895536996958725240e-02
2.902538424404976780e-02
2.909384376473767020e-02
2.916078305688696304e-02
2.922623587905448517e-02
2.929023524014873203e-02
2.935281341607876016e-02
2.941400196602206307e-02
2.947383174835227493e-02
2.953233293617696376e-02
2.958953503259298401e-02
2.964546688553060250e-02
2.970015670232672989e-02
2.975363206393399906e-02
2.980591993883408009e-02
2.985704669664013267e-02
2.990703812139283713e-02
2.995591942457487278e-02
3.000371525781542204e-02
3.005044972531134562e-02
3.009614639601654318e-02
3.014082831548492436e-02
3.018451801752863872e-02
3.022723753557432502e-02
3.026900841374935425e-02
3.030985171778688425e-02
3.034978804561205834e-02
3.038883753776655539e-02
3.042701988752583020e-02
3.046435435087069266e-02
3.050085975615957068e-02
3.053655451366932283e-02
3.057145662482430026e-02
3.060558369133214995e-02
3.063895292400964365e-02
3.067158115149926090e-02
3.070348482874507567e-02
3.073468004527768471e-02
3.076518253335258635e-02
3.079500767585852117e-02
3.082417051409169773e-02
3.085268575534527713e-02
3.088056778031145200e-02
3.090783065034230503e-02
3.093448811454013736e-02
3.096055361669414197e-02
3.098604030205365234e-02
3.101096102396461163e-02
3.103532835034616966e-02
3.105915457003227687e-02
3.108245169896850513e-02
3.110523148627031276e-02
3.112750542015074728e-02
3.114928473371225692e-02
3.117058041061238072e-02
3.119140319060154098e-02
3.121176357494359621e-02
3.123167183170671990e-02
3.125113800094414529e-02
3.127017189975767053e-02
3.128878312724747701e-02
3.130698106935536629e-02
3.132477490359519834e-02
1.214797720640738987e-01
1.355017374443976408e-01
1.487811079119119029e-01
1.605318966772824041e-01
1.716740579350188867e-01
1.817071127001312902e-01
1.908290648909938270e-01
1.994175023708466554e-01
2.064311032961221315e-01
2.130148082337344206e-01
2.188925659915783584e-01
2.238487260050536776e-01
2.284601249274533785e-01
2.322872462532545867e-01
2.354649373728157080e-01
2.383730320026109517e-01
2.404595246779086537e-01
2.420003576988212224e-01
2.433427634760083613e-01
2.440816949046324957e-01
2.443295236987386154e-01
2.444364882075462653e-01
2.441968951292143863e-01
2.433488365716653945e-01
2.424099720224437426e-01
2.413910180793981120e-01
2.396453563406302223e-01
2.377358136032468039e-01
2.357917868358736513e-01
2.337039022836009394e-01
2.309856142664989953e-01
2.282724090404046891e-01
2.255705160244878549e-01
2.227808725368185527e-01
2.196040230322222619e-01
2.164627428478382853e-01
2.133610825193272831e-01
2.103033027038483382e-01
2.067165838543880696e-01
2.031357273544260877e-01
1.996241006533057138e-01
1.961841915133404335e-01
1.927057217891974261e-01
1.889051734735032184e-01
1.849559865914809365e-01
1.802088025845445252e-01
1.749654274470768822e-01
1.694620714794841110e-01
1.636857840479806203e-01
1.578565997808911714e-01
1.522163080682163994e-01
1.468282231898823120e-01
1.417297507896755349e-01
1.369383999796169871e-01
1.324568287118417231e-01
1.282770039345448865e-01
1.243835719322601285e-01
1.207565298756119176e-01
1.173733104894323365e-01
1.142103553099125257e-01
1.112442709376610939e-01
1.084526454962637665e-01
1.058145906645202583e-01
1.033110707892634927e-01
1.009250544353514911e-01
9.864156485728359236e-02
9.644762309054200067e-02
9.433213236260096224e-02
9.228572870816531548e-02
9.030060763742420171e-02
8.837033794451309987e-02
8.648968267921852693e-02
8.465441998470901730e-02
8.286118667832353957e-02
8.110732205844795040e-02
7.939074735795403903e-02
7.770983509901285835e-02
7.606331977593661087e-02
7.445021775231142058e-02
7.286974902086296169e-02
7.132129059786751490e-02
6.980431609753789957e-02
6.831837184556932563e-02
6.686304570880419185e-02
6.543794403764358059e-02
6.404268390133704969e-02
6.267687522848830461e-02
6.134011611315504098e-02
6.003199265416725439e-02
5.875207047125385884e-02
5.749990256928039223e-02
5.627502254828020689e-02
5.507695328054684758e-02
5.390520534991005697e-02
5.275928051283163001e-02
5.163867521371567904e-02
5.054287921739430978e-02
4.947138378846727136e-02
4.842367987975859656e-02
4.739926199713195842e-02
4.639762684255588354e-02
4.541827767579209585e-02
4.446072681098311996e-02
4.352448947002307555e-02
4.260909155081571420e-02
4.171406782083786347e-02
4.083896229298078495e-02
3.998332847193575290e-02
3.914672948659281282e-02
3.832873471394138143e-02
3.752893064413953539e-02
3.674690865393515082e-02
3.598227015024746400e-02
3.523462858046344515e-02
3.450360083966885760e-02
3.378881546090362065e-02
3.308990961262980868e-02
3.240652887815320682e-02
3.173832703447199144e-02
3.108496583347974962e-02
3.044611478763359358e-02
2.982145096151600505e-02
2.921065877020923018e-02
2.861342978523451208e-02
2.802946254759386413e-02
2.745845959145798432e-02
2.690013567485549650e-02
2.635420921855891052e-02
2.582040493490933564e-02
2.529845367639182996e-02
2.478809228991241120e-02
2.428906335301039832e-02
2.380111553205299657e-02
2.332400271040624418e-02
2.285748435444467930e-02
2.240132526742888430e-02
2.195529546970864665e-02
2.151916995886038464e-02
2.109272908998960361e-02
2.067575760106810101e-02
2.026804549185645676e-02
1.986938705494645241e-02
1.947958126585436212e-02
1.909843155949397797e-02
1.872574573174401458e-02
1.836133584320154277e-02
1.800501800166953714e-02
1.765661276387286982e-02
1.731594430465110968e-02
1.698284082187062616e-02
1.665713432729476473e-02
1.633866056218402640e-02
1.602725879136879250e-02
1.572277209294270506e-02
1.542504703236580177e-02
1.513393321421863114e-02
1.484928394728290968e-02
1.457095567751509613e-02
1.429880816191864135e-02
1.403270402733292066e-02
1.377250907145399772e-02
1.351809207230125764e-02
1.326932472203390390e-02
1.302608156222029301e-02
1.278823992055788672e-02
1.255567984898209311e-02
1.232828406315200631e-02
1.210593788328750975e-02
1.188852917630955908e-02
1.167594829927565137e-02
1.146808804406695970e-02
1.126484358330692714e-02
1.106611241748467478e-02
1.087179419991168849e-02
1.068179105665123529e-02
1.049600729022248657e-02
1.031434908367967473e-02
1.013672482357974580e-02
9.963044930920039732e-03
9.793221692619535901e-03
9.627169711147853803e-03
9.464805120655173098e-03
9.306046037815818295e-03
9.150812397668239839e-03
8.999025913233982266e-03
8.850610036028605521e-03
8.705489917448350212e-03
8.563592371020556371e-03
8.424845835488303791e-03
8.289180338719281949e-03
8.156527339070906990e-03
8.026820184699801075e-03
7.899993339148592142e-03
7.775982718096319246e-03
7.654726028058389531e-03
7.536161994166956646e-03
7.420230822408946381e-03
7.306874046614009188e-03
7.196034498962111670e-03
7.087656281151266668e-03
6.981684736193871643e-03
6.878066420856088214e-03
6.776749078699184636e-03
6.677681613715735764e-03
6.580813941228225161e-03
6.486097456498640668e-03
6.393484146079320141e-03
6.302927550615011754e-03
6.214381877753583083e-03
6.127802472197130257e-03
6.043145670319161056e-03
5.960368778135327616e-03
5.879430049771983136e-03
5.800288666406139271e-03
5.722904715673049481e-03
5.647239171536755364e-03
5.573253874598504964e-03
5.500911512852368901e-03
5.430175602864295570e-03
5.361010471368388153e-03
5.293381237276184592e-03
5.227253670744058667e-03
5.162594669786635393e-03
5.099371379444495034e-03
5.037552162233005504e-03
4.977105595193487275e-03
4.918001441062136436e-03
4.860209769364631782e-03
4.803701434458629294e-03
4.748447937975130984e-03
4.694421414436877882e-03
4.641594617203814721e-03
4.589940904718758929e-03
4.539434227068150918e-03
4.490049112836569378e-03
4.441760532921001925e-03
4.394544381775666864e-03
4.348376724455205178e-03
4.303234277680312303e-03
4.259094275238073379e-03
4.215934456495151750e-03
4.173732931830542725e-03
4.132468665469124502e-03
4.092120724069392423e-03
4.052668759301658596e-03
4.014092874734087601e-03
3.976373615787398563e-03
3.939491959925822684e-03
3.903429307054340214e-03
3.868167346797957151e-03
3.833688419804470726e-03
3.799975261909782631e-03
3.767010747772969737e-03
3.734778252523218711e-03
3.703261520514811167e-03
3.672444657129680934e-03
3.642312120748947279e-03
3.612848714908523107e-03
3.584039457294574405e-03
3.555870066058508527e-03
3.528326211808874291e-03
3.501394003522229070e-03
3.475059858681239788e-03
3.449310496417057337e-03
3.424132930805567909e-03
3.399514464317077156e-03
3.375442681404994261e-03
3.351905442242397726e-03
3.328890876595380632e-03
3.306387377830066754e-03
3.284383597068396554e-03
3.262868437445609615e-03
3.241831048527599179e-03
3.221260820827298588e-03
3.201147257120062761e-03
3.181480337687503379e-03
3.162250268339272807e-03
3.143447227817564027e-03
3.125061609790868999e-03
3.107084389035286165e-03
3.089506376072082006e-03
3.072318705670484817e-03
3.055512586183972701e-03
3.039079788983878316e-03
3.023011780163509243e-03
3.007300703249171647e-03
2.991938511574199211e-03
2.976917334021722539e-03
2.962229842065511320e-03
2.947868505261741490e-03
2.933826080593560093e-03
2.920095485947404867e-03
2.906669796535421568e-03
2.893542241391600101e-03
2.880706199948290802e-03
2.868155198687993845e-03
2.855882907877971277e-03
2.843883015027026673e-03
2.832149715576548488e-03
