5.536786452023347849e+00
8.960846872936460983e+00
1.000000000000000000e+01
1.000000000000000000e+01
1.000000000000000000e+01
1.000000000000000000e+01
1.000000000000000000e+01
1.000000000000000000e+01
1.000000000000000000e+01
1.000000000000000000e+01
1.000000000000000000e+01
1.000000000000000000e+01
1.000000000000000000e+01
1.000000000000000000e+01
1.000000000000000000e+01
1.000000000000000000e+01
1.000000000000000000e+01
1.000000000000000000e+01
1.000000000000000000e+01
1.000000000000000000e+01
1.000000000000000000e+01
1.000000000000000000e+01
1.000000000000000000e+01
1.000000000000000000e+01
9.959522396382219256e+00
9.776385801268828502e+00
9.477210991369782178e+00
9.087941368291925670e+00
8.633803721268355602e+00
8.137776267060051083e+00
7.620210951017690526e+00
7.099023079912709200e+00
6.589549046113408082e+00
6.104498291859428605e+00
5.653986618510765005e+00
5.245637665994822285e+00
4.884739488546614439e+00
4.574443663953351447e+00
4.315994996279127527e+00
4.108980868755627291e+00
3.951590331258284294e+00
3.840874186698711945e+00
3.772998596413091210e+00
3.743486007620122624e+00
3.747438435278202640e+00
3.779739405886914039e+00
3.835231984436944686e+00
3.908871377140716419e+00
3.995851558359089672e+00
4.091706198402143002e+00
4.192384819060226420e+00
4.294305745108532690e+00
4.394387794999843777e+00
4.490062989925340808e+00
4.579272762144368514e+00
4.660450240051464910e+00
4.732491202180533207e+00
4.794716220292907671e+00
4.846826396208376408e+00
4.888854904919905486e+00
4.921116352454293796e+00
4.944155719831411666e+00
4.958698402628383128e+00
4.965602604548797316e+00
4.965815086289943281e+00
4.960331014112050241e+00
4.950158456914508953e+00
4.936287822137204628e+00
4.919666369102720260e+00
4.901177762256715198e+00
4.881626489229257793e+00
4.861726856108843364e+00
4.842096204949761784e+00
4.823251871299120808e+00
4.805611470078972935e+00
4.789495940084161241e+00
4.775134896517656991e+00
4.762673773904930741e+00
4.752182282229615140e+00
4.743663754325196713e+00
4.737064994993062328e+00
4.732286234296865679e+00
4.729190932749133935e+00
4.727615160161124486e+00
4.727376349438634051e+00
4.728281270283635429e+00
4.730133113122532151e+00
4.732737613974881796e+00
4.735908193612555550e+00
4.739470105747090045e+00
4.743263631362685473e+00
4.747146367264746480e+00
4.750994679817951649e+00
4.754704410017732030e+00
4.758190919593452861e+00
4.761388571605016828e+00
4.764249753672842758e+00
4.766743533795199994e+00
4.768854043454680891e+00
4.770578674740884040e+00
4.771926169152446384e+00
4.772914674892250630e+00
4.773569820021458021e+00
4.773922868678060816e+00
4.774008988514956364e+00
4.773865667547340763e+00
4.773531302743672100e+00
4.773043972231502785e+00
4.772440403217937721e+00
4.771755129435361731e+00
4.771019838585790040e+00
4.770262898875794910e+00
4.769509049699975911e+00
4.768779241209418984e+00
4.768090608022232502e+00
4.767456549950367162e+00
4.766886912180496871e+00
4.766388237430023267e+00
4.765964073480979835e+00
4.765615321158796824e+00
4.765340604512675604e+00
4.765136650515855443e+00
4.764998665845733505e+00
4.764920700478592508e+00
4.764895989743943794e+00
4.764917268345273627e+00
4.764977051859328405e+00
4.765067881395014027e+00
4.765182532350999089e+00
4.765314184336516767e+00
4.765456554663746402e+00
4.765603995886565691e+00
4.765751561177965279e+00
4.765895040495650825e+00
4.766030969702305775e+00
4.766156617370286952e+00
4.766269952748334759e+00
4.766369598851388112e+00
4.766454773066743478e+00
4.766525221161062476e+00
4.766581145452254198e+00
4.766623130295705835e+00
4.766652068331703518e+00
4.766669089704780760e+00
4.766675493735524682e+00
4.766672686704850115e+00
4.766662126602526861e+00
4.766645273051757670e+00
4.766623546300114533e+00
4.766598292537711501e+00
4.766570756739109349e+00
4.766542062443189565e+00
4.766513198007326757e+00
4.766485008757793906e+00
4.766458194377167779e+00
4.766433310819473412e+00
4.766410776021346329e+00
4.766390878679033882e+00
4.766373789383274051e+00
4.766359573443053499e+00
4.766348204781277964e+00
4.766339580347360716e+00
4.766333534559936247e+00
4.766329853365052216e+00
4.766328287567970001e+00
4.766328565168609366e+00
4.766330402499304064e+00
4.766333514027712326e+00
4.766337620746103454e+00
4.766342457120257059e+00
4.766347776616036924e+00
4.766353356092221993e+00
4.766358997940772113e+00
4.766364532577999746e+00
4.766369818836147410e+00
4.766374743954599147e+00
4.766379221834990965e+00
4.766383192195838170e+00
4.766386618189826230e+00
4.766389483944525551e+00
4.766391792107867786e+00
4.766393560304441834e+00
4.766394819092012902e+00
4.766395608926117688e+00
4.766395977530186734e+00
4.766395977452682509e+00
4.766395663852634357e+00
4.766395092542342837e+00
4.766394318304337574e+00
4.766393393489391173e+00
4.766392366893317245e+00
4.766391282902834980e+00
4.766390181126960002e+00
4.766389095289030209e+00
4.766388053847042450e+00
4.766387079740483479e+00
4.766386190564350755e+00
4.766385398868954404e+00
4.766384712790726397e+00
4.766384135783691356e+00
4.766383667919635414e+00
4.766383306159480249e+00
4.766383044905005306e+00
4.766382876540740554e+00
4.766382791952054276e+00
4.766382781008320357e+00
4.766382833002682062e+00
4.766382937042392243e+00
4.766383082386004055e+00
4.766383258725852556e+00
4.766383456648518369e+00
4.766383667303242255e+00
4.766383882569159347e+00
4.766384095641944540e+00
4.766384300797532170e+00
4.766384493393090338e+00
4.766384669837138155e+00
4.766384827534270840e+00
4.766384965042455235e+00
4.766385081243668331e+00
4.766385176024952486e+00
4.766385249898653420e+00
4.766385303894337788e+00
4.766385339452155812e+00
4.766385358320523125e+00
4.766385362460336061e+00
4.766385354190068924e+00
4.766385335368663156e+00
4.766385308109228447e+00
4.766385274448422749e+00
4.766385236532636682e+00
4.766385195842819833e+00
4.766385153949745046e+00
4.766385112223368026e+00
4.766385072056540828e+00
4.766385034124263953e+00
4.766384999169676284e+00
4.766384967972746800e+00
4.766384940857432362e+00
4.766384917750703387e+00
4.766384898941768533e+00
4.766384884089324814e+00
4.766384873023329583e+00
4.766384865724220710e+00
4.766384861835773812e+00
4.766384860725594308e+00
4.766384862009564571e+00
4.766384865525628456e+00
4.766384870607394575e+00
4.766384876876285759e+00
4.766384883976635400e+00
4.766384891582372774e+00
4.766384899401859165e+00
4.766384907181008046e+00
4.766384914704887343e+00
4.766384921797976126e+00
4.766384928323248005e+00
4.766384934180306843e+00
4.766384939302757751e+00
4.766384943655005202e+00
4.766384947228648805e+00
4.766384950038673907e+00
4.766384952119501861e+00
4.766384953521121126e+00
4.766384954305331156e+00
4.766384954542226104e+00
4.766384954306958299e+00
4.766384953909439837e+00
4.766384953152646986e+00
4.766384952111827111e+00
4.766384950859029246e+00
4.766384949461555998e+00
4.766384947980743192e+00
4.766384946471125872e+00
4.766384944979890292e+00
4.766384943546641217e+00
4.766384942203412578e+00
4.766384940974892181e+00
4.766384939878811622e+00
4.766384938926491621e+00
4.766384938123476189e+00
4.766384937470236061e+00
4.766384936962917429e+00
4.766384936594099564e+00
4.766384936353535551e+00
4.766384936228872604e+00
4.766384936206316425e+00
4.766384936271227168e+00
4.766384936408677220e+00
4.766384936603912159e+00
4.766384937075328843e+00
4.766384937535627309e+00
4.766384937973393576e+00
4.766384938379571778e+00
4.766384938747352251e+00
4.766384939072024984e+00
4.766384939350820638e+00
4.766384939582686719e+00
4.766384940000643944e+00
4.766384940332392794e+00
4.766384940813994220e+00
4.858578711506773118e+00
8.172907720903502593e+00
9.932470865844390318e+00
1.000000000000000000e+01
1.000000000000000000e+01
1.000000000000000000e+01
1.000000000000000000e+01
1.000000000000000000e+01
1.000000000000000000e+01
1.000000000000000000e+01
1.000000000000000000e+01
1.000000000000000000e+01
1.000000000000000000e+01
1.000000000000000000e+01
1.000000000000000000e+01
1.000000000000000000e+01
1.000000000000000000e+01
1.000000000000000000e+01
1.000000000000000000e+01
1.000000000000000000e+01
1.000000000000000000e+01
1.000000000000000000e+01
1.000000000000000000e+01
1.000000000000000000e+01
1.000000000000000000e+01
1.000000000000000000e+01
1.000000000000000000e+01
1.000000000000000000e+01
1.000000000000000000e+01
1.000000000000000000e+01
1.000000000000000000e+01
1.000000000000000000e+01
1.000000000000000000e+01
1.000000000000000000e+01
1.000000000000000000e+01
1.000000000000000000e+01
1.000000000000000000e+01
1.000000000000000000e+01
1.000000000000000000e+01
1.000000000000000000e+01
1.000000000000000000e+01
9.946540836843952960e+00
9.845806496810020292e+00
9.707442857530429237e+00
9.540662408962917951e+00
9.354065437420118201e+00
9.155503841105350205e+00
8.952205593346819867e+00
8.750314745838348784e+00
8.554894988138789458e+00
8.370093299121650787e+00
8.199167164521155016e+00
8.044530946378506187e+00
7.907817340157211383e+00
7.789950165367007351e+00
7.691224854244417486e+00
7.611393473108212682e+00
7.549751365418022608e+00
7.505222938093170093e+00
7.476444476094954439e+00
7.461842257051167770e+00
7.459704639806406412e+00
7.468247116908897532e+00
7.485669675776533083e+00
7.510206105722350145e+00
7.540165144331785640e+00
7.574043296077028309e+00
7.610378874470617561e+00
7.647849869717352256e+00
7.685299513134171256e+00
7.721742419302291438e+00
7.756365300048197575e+00
7.788523012128914402e+00
7.817730768985760470e+00
7.843653254688680576e+00
7.866091396464209851e+00
7.884967499906410993e+00
7.900309371929195024e+00
7.912234006359267546e+00
7.920931317155985418e+00
7.926648363859105650e+00
7.929674381492910484e+00
7.930326919310115130e+00
7.928939276970972116e+00
7.925849380819677492e+00
7.921390181112817785e+00
7.915881598957203558e+00
7.909624003432817574e+00
7.902893178084687165e+00
7.895936671245281424e+00
7.888971427367811984e+00
7.882182575815890324e+00
7.875723264296188297e+00
7.869715319807788489e+00
7.864250667542237672e+00
7.859393315245343459e+00
7.855181788818436317e+00
7.851631878454102598e+00
7.848739579317808968e+00
7.846484120440592847e+00
7.844830988860793219e+00
7.843734869902293738e+00
7.843142438368874814e+00
7.842994948999652216e+00
7.843230587454256941e+00
7.843786555134535377e+00
7.844600872118822288e+00
7.845613892242255361e+00
7.846769532841062045e+00
7.848016228834279850e+00
7.849307626667123117e+00
7.850603038213981755e+00
7.851867678107333326e+00
7.853072710210915908e+00
7.854195130195593677e+00
7.855217511520585560e+00
7.856127641699223396e+00
7.856918074651335182e+00
7.857585623351736714e+00
7.858130814983756984e+00
7.858557328516773133e+00
7.858871432149020286e+00
7.859081435484614353e+00
7.859197168728948135e+00
7.859229498659194846e+00
7.859189888715175876e+00
7.859090008306297115e+00
7.858941394378903489e+00
7.858755166459060248e+00
7.858541794795145918e+00
7.858310919878428003e+00
7.858071220517871325e+00
7.857830326780965713e+00
7.857594773472865057e+00
7.857369989395006193e+00
7.857160317383034887e+00
7.856969060049902254e+00
7.856798546229666336e+00
7.856650213313177922e+00
7.856524700953751328e+00
7.856421951990539831e+00
7.856341316861339408e+00
7.856281658231996978e+00
7.856241453048725454e+00
7.856218889701833241e+00
7.856211958456323252e+00
7.856218533757717282e+00
7.856236447440251069e+00
7.856263552248677229e+00
7.856297775427344199e+00
7.856337162429032794e+00
7.856379911048820830e+00
7.856424396496059614e+00
7.856469188080946964e+00
7.856513058313499442e+00
7.856554985295340465e+00
7.856594149331680654e+00
7.856629924706557411e+00
7.856661867551936851e+00
7.856689700709361901e+00
7.856713296426197424e+00
7.856732657663846986e+00
7.856747898716068157e+00
7.856759225751111408e+00
7.856766917801552452e+00
7.856771308639304507e+00
7.856772769881744445e+00
7.856771695593862681e+00
7.856768488571904463e+00
7.856763548422245336e+00
7.856757261484279553e+00
7.856749992592686915e+00
7.856742078623168979e+00
7.856733823729615374e+00
7.856725496147689114e+00
7.856717326419542680e+00
7.856709506874911320e+00
7.856702192197651868e+00
7.856695500902260321e+00
7.856689517547275514e+00
7.856684295517315952e+00
7.856679860218204858e+00
7.856676212538025617e+00
7.856673332444402469e+00
7.856671182602723569e+00
7.856669711916740795e+00
7.856668858909554132e+00
7.856668554879293609e+00
7.856668726779451717e+00
7.856669299788581640e+00
7.856670199547340694e+00
7.856671354053140099e+00
7.856672695212271407e+00
7.856674160060032719e+00
7.856675691665551575e+00
7.856677239743445007e+00
7.856678760999381339e+00
7.856680219240401719e+00
7.856681585282073499e+00
7.856682836683119397e+00
7.856683957342431412e+00
7.856684936987804235e+00
7.856685770585735362e+00
7.856686457701190562e+00
7.856687001829786077e+00
7.856687409725070736e+00
7.856687690739174279e+00
7.856687856192320574e+00
7.856687918782912838e+00
7.856687892049495581e+00
7.856687789888655793e+00
7.856687626135864022e+00
7.856687414209125642e+00
7.856687166816477941e+00
7.856686895725399467e+00
7.856686611591258362e+00
7.856686323839811692e+00
7.856686040600505905e+00
7.856685768683126625e+00
7.856685513592987391e+00
7.856685279578227821e+00
7.856685069703348567e+00
7.856684885943105989e+00
7.856684729291342428e+00
7.856684599879590891e+00
7.856684497101137588e+00
7.856684419735539215e+00
7.856684366071962522e+00
7.856684334026791561e+00
7.856684321253140091e+00
7.856684325242212275e+00
7.856684343413237848e+00
7.856684373192233117e+00
7.856684412078940305e+00
7.856684457701940794e+00
7.856684507862206956e+00
7.856684560565697417e+00
7.856684614045732040e+00
7.856684666776017067e+00
7.856684717475437729e+00
7.856684765105868884e+00
7.856684808863151126e+00
7.856684848164279700e+00
7.856684882629959787e+00
7.856684912064563875e+00
7.856684936434294997e+00
7.856684955843697971e+00
7.856684970512995747e+00
7.856684980755007430e+00
7.856684986953196947e+00
7.856684989541141917e+00
7.856684988983677620e+00
7.856684985760029605e+00
7.856684980349020186e+00
7.856684973216499834e+00
7.856684964804960813e+00
7.856684955525478742e+00
7.856684945750987303e+00
7.856684935812590531e+00
7.856684925996821889e+00
7.856684916544659281e+00
7.856684907651898975e+00
7.856684899470652184e+00
7.856684892111789331e+00
7.856684885648106409e+00
7.856684880118018910e+00
7.856684875529621692e+00
7.856684871864956676e+00
7.856684869084338274e+00
7.856684867130607763e+00
7.856684865933218020e+00
7.856684865412087326e+00
7.856684865481090796e+00
7.856684866051264038e+00
7.856684867033546738e+00
7.856684868341147876e+00
7.856684869891522816e+00
7.856684871607884979e+00
7.856684873420592297e+00
7.856684875267396784e+00
7.856684877094522790e+00
7.856684878856814436e+00
7.856684880517160074e+00
7.856684882046797824e+00
7.856684883424650323e+00
7.856684884636759847e+00
7.856684885675610630e+00
7.856684886539549773e+00
7.856684887231425662e+00
7.856684887758387248e+00
7.856684888131047373e+00
7.856684888362187813e+00
7.856684888466781480e+00
7.856684888460579330e+00
7.856684888360277341e+00
7.856684888182249971e+00
7.856684887942671836e+00
7.856684887657129579e+00
7.856684887339780765e+00
7.856684887003694939e+00
0.000000000000000000e+00
0.000000000000000000e+00
0.000000000000000000e+00
0.000000000000000000e+00
0.000000000000000000e+00
0.000000000000000000e+00
2.983620539410069411e-02
2.247699747846741425e-01
5.550710567560009912e-01
9.927493823110595805e-01
1.510553961334812678e+00
2.082484583035577153e+00
2.684921150256697864e+00
3.297422360869494806e+00
3.901987672312733135e+00
4.483180838941343005e+00
5.028502667895994094e+00
5.528298926149692427e+00
5.975603198123811133e+00
6.365928797021771501e+00
6.697023159525293146e+00
6.968597180855388373e+00
7.182040755383577668e+00
7.340134482263817262e+00
7.446766099700867336e+00
7.506658754190334903e+00
7.525116836739714543e+00
7.507793736682625507e+00
7.460484671276012669e+00
7.388993516875466128e+00
7.299095733284235443e+00
7.195974944524447636e+00
7.084404173275268946e+00
6.968677011870725302e+00
6.852562065745917863e+00
6.739278426364818664e+00
6.631489767427170001e+00
6.531314376972748192e+00
6.440348549329731220e+00
6.359700693662554194e+00
6.290033643450927414e+00
6.231612803030271763e+00
6.184357958890585039e+00
6.147896797594984974e+00
6.121618429984862608e+00
6.104725459873662885e+00
6.096283393913148885e+00
6.095266466454831722e+00
6.100599115438852138e+00
6.111192674967549365e+00
6.125976962674283932e+00
6.143926693308801923e+00
6.164082718001757222e+00
6.185568322500495597e+00
6.207600857141621908e+00
6.229499073206625326e+00
6.250686612066805203e+00
6.270692113708484783e+00
6.289146451933625315e+00
6.305777593438326889e+00
6.320403580079244854e+00
6.332924097318202605e+00
6.343311074558950935e+00
6.351598708797275172e+00
6.357873285107906725e+00
6.362263083009676912e+00
6.364928645381337624e+00
6.366053610873790625e+00
6.365836279040591350e+00
6.364482028164549554e+00
6.362196685953927400e+00
6.359180843620189982e+00
6.355625171451482203e+00
6.351706716267602637e+00
6.347586088198831966e+00
6.343405536455088978e+00
6.339287804535544524e+00
6.335335686107526065e+00
6.331632190112855163e+00
6.328241222862240889e+00
6.325208677951088987e+00
6.322563873105761623e+00
6.320321211486104040e+00
6.318482003843033823e+00
6.317036382761918034e+00
6.315965226048308345e+00
6.315242057716471180e+00
6.314834860098241798e+00
6.314707769121107539e+00
6.314822622518916795e+00
6.315140340482464865e+00
6.315622126222581123e+00
6.316230480360367494e+00
6.316930029198035257e+00
6.317688172194920959e+00
6.318475557625133021e+00
6.319266400685692453e+00
6.320038651012793274e+00
6.320774041937093912e+00
6.321458026447388967e+00
6.322079617643108662e+00
6.322631161183701387e+00
6.323108047069719184e+00
6.323508383031607671e+00
6.323832642786888059e+00
6.324083301270494673e+00
6.324264469863226878e+00
6.324381541263839779e+00
6.324440851392372664e+00
6.324449369236249119e+00
6.324414410466465242e+00
6.324343387569272501e+00
6.324243592745689035e+00
6.324122019766689640e+00
6.323985215329946286e+00
6.323839168077022066e+00
6.323689228437539889e+00
6.323540057771076306e+00
6.323395603830426204e+00
6.323259098839907999e+00
6.323133079193228312e+00
6.323019417552646182e+00
6.322919373475032856e+00
6.322833647229488818e+00
6.322762445605206949e+00
6.322705549611198350e+00
6.322662383070313474e+00
6.322632081273042992e+00
6.322613557687718711e+00
6.322605566509762909e+00
6.322606760253409952e+00
6.322615741554279190e+00
6.322631108632404739e+00
6.322651494119861049e+00
6.322675597181583562e+00
6.322702209051406008e+00
6.322730232266407846e+00
6.322758694012181380e+00
6.322786753802408732e+00
6.322813707276770501e+00
6.322838984869951773e+00
6.322862146825132257e+00
6.322882876804940544e+00
6.322900971703381501e+00
6.322916330350670577e+00
6.322928941120660618e+00
6.322938868941458956e+00
6.322946242151579632e+00
6.322951239582576655e+00
6.322954078186185711e+00
6.322955001461975755e+00
6.322954268881802342e+00
6.322952146450696809e+00
6.322948898492597891e+00
6.322944780702389522e+00
6.322940034465413639e+00
6.322934882410771174e+00
6.322929525136068207e+00
6.322924139018887502e+00
6.322918875012904394e+00
6.322913858315251545e+00
6.322909188784683110e+00
6.322904941987552263e+00
6.322901170749909205e+00
6.322897907098157688e+00
6.322895164477738916e+00
6.322892940148077123e+00
6.322891217662435004e+00
6.322889969352439188e+00
6.322889158749052996e+00
6.322888742883388424e+00
6.322888674422640243e+00
6.322888903607483790e+00
6.322889379967597812e+00
6.322890053801699217e+00
6.322890877416632804e+00
6.322891806127702630e+00
6.322892799028410948e+00
6.322893819542941607e+00
6.322894835778628320e+00
6.322895820698470004e+00
6.322896752135878096e+00
6.322897612674525547e+00
6.322898389416728548e+00
6.322899073663209357e+00
6.322899660526123178e+00
6.322900148495745221e+00
6.322900538979632223e+00
6.322900835830802535e+00
6.322901044879383647e+00
6.322901173480093284e+00
6.322901230085416380e+00
6.322901223852289476e+00
6.322901164288096787e+00
6.322901060939689621e+00
6.322900923127554584e+00
6.322900759725631481e+00
6.322900578986059728e+00
6.322900388406841543e+00
6.322900194639737848e+00
6.322900003434872573e+00
6.322899819618147177e+00
6.322899647097137255e+00
6.322899488891207120e+00
6.322899347181221152e+00
6.322899223374779609e+00
6.322899118182801814e+00
6.322899031703685502e+00
6.322898963511621950e+00
6.322898912746114597e+00
6.322898878199996631e+00
6.322898858403820377e+00
6.322898851704831458e+00
6.322898856339252305e+00
6.322898870496759471e+00
6.322898892376723978e+00
6.322898920235802578e+00
6.322898952426888819e+00
6.322898987429673490e+00
6.322899023873190139e+00
6.322899060550962957e+00
6.322899096429423160e+00
6.322899130650358579e+00
6.322899162528202943e+00
6.322899191543080555e+00
6.322899217330337329e+00
6.322899239667372662e+00
6.322899258458621219e+00
6.322899273719288615e+00
6.322899285558452931e+00
6.322899294162154682e+00
6.322899299776893578e+00
6.322899302693928192e+00
6.322899303234693846e+00
6.322899301737581190e+00
6.322899298546170499e+00
6.322899293999136638e+00
6.322899288421745645e+00
6.322899282118973119e+00
6.322899275370239103e+00
6.322899268425590691e+00
6.322899261503255985e+00
6.322899254788406864e+00
6.322899248433060393e+00
6.322899242556863975e+00
6.322899237248626569e+00
6.322899232568499173e+00
6.322899228550586948e+00
6.322899225205899754e+00
6.322899222525465213e+00
6.322899220483575888e+00
6.322899219040947649e+00
6.322899218147819411e+00
6.322899217746855705e+00
6.322899217775837855e+00
6.322899218170086932e+00
6.322899218864592719e+00
6.322899219795825587e+00
6.322899220903241080e+00
6.322899222130516250e+00
6.322899223426411197e+00
6.322899224745448521e+00
6.322899226048267707e+00
6.322899227301798319e+00
6.322899228479239575e+00
6.322899229559837408e+00
6.322899230528550518e+00
6.322899231375623152e+00
6.322899232096069078e+00
6.322899232689083604e+00
6.322899233157453835e+00
6.322899233506955596e+00
6.322899233745724601e+00
6.322899233883706671e+00
6.322899233932134599e+00
6.322899233902996130e+00
6.322899233808606745e+00
6.322899233661233964e+00
6.322899233472771385e+00
6.322899233254457130e+00
6.322899233016668674e+00
6.322899232768775413e+00
6.322899232519026747e+00
6.322899232274495240e+00
6.322899232041064188e+00
6.322899231823446264e+00
6.322899231625209282e+00
6.322899231448876556e+00
6.322899231295992628e+00
6.322899231167234291e+00
6.322899231062524272e+00
6.322899230981133378e+00
6.322899230921827041e+00
6.322899230882936372e+00
6.322899230862482511e+00
6.322899230858284092e+00
6.322899230868040732e+00
6.322899230889412969e+00
6.322899230920098645e+00
6.322899230957873762e+00
4.991794564342253437e+00
8.355559827574859710e+00
1.000000000000000000e+01
1.000000000000000000e+01
1.000000000000000000e+01
1.000000000000000000e+01
1.000000000000000000e+01
1.000000000000000000e+01
1.000000000000000000e+01
1.000000000000000000e+01
1.000000000000000000e+01
1.000000000000000000e+01
1.000000000000000000e+01
1.000000000000000000e+01
1.000000000000000000e+01
1.000000000000000000e+01
1.000000000000000000e+01
1.000000000000000000e+01
1.000000000000000000e+01
1.000000000000000000e+01
1.000000000000000000e+01
1.000000000000000000e+01
1.000000000000000000e+01
1.000000000000000000e+01
1.000000000000000000e+01
1.000000000000000000e+01
1.000000000000000000e+01
1.000000000000000000e+01
1.000000000000000000e+01
1.000000000000000000e+01
1.000000000000000000e+01
1.000000000000000000e+01
1.000000000000000000e+01
1.000000000000000000e+01
1.000000000000000000e+01
1.000000000000000000e+01
1.000000000000000000e+01
1.000000000000000000e+01
1.000000000000000000e+01
1.000000000000000000e+01
1.000000000000000000e+01
1.000000000000000000e+01
1.000000000000000000e+01
1.000000000000000000e+01
1.000000000000000000e+01
1.000000000000000000e+01
1.000000000000000000e+01
1.000000000000000000e+01
1.000000000000000000e+01
1.000000000000000000e+01
1.000000000000000000e+01
1.000000000000000000e+01
1.000000000000000000e+01
1.000000000000000000e+01
1.000000000000000000e+01
1.000000000000000000e+01
1.000000000000000000e+01
1.000000000000000000e+01
1.000000000000000000e+01
1.000000000000000000e+01
1.000000000000000000e+01
1.000000000000000000e+01
1.000000000000000000e+01
1.000000000000000000e+01
1.000000000000000000e+01
1.000000000000000000e+01
1.000000000000000000e+01
1.000000000000000000e+01
1.000000000000000000e+01
1.000000000000000000e+01
1.000000000000000000e+01
1.000000000000000000e+01
1.000000000000000000e+01
1.000000000000000000e+01
1.000000000000000000e+01
1.000000000000000000e+01
1.000000000000000000e+01
1.000000000000000000e+01
1.000000000000000000e+01
1.000000000000000000e+01
1.000000000000000000e+01
1.000000000000000000e+01
1.000000000000000000e+01
1.000000000000000000e+01
1.000000000000000000e+01
1.000000000000000000e+01
1.000000000000000000e+01
1.000000000000000000e+01
1.000000000000000000e+01
9.992665572540536445e+00
9.970653013319857649e+00
9.936676361715774064e+00
9.893354235313013945e+00
9.843157472582094059e+00
9.788368222522242590e+00
9.731049829813157359e+00
9.673026686766430515e+00
9.615873102998856226e+00
9.560910140675582980e+00
9.509209329805955235e+00
9.461602158732032919e+00
9.418694251083364222e+00
9.380883185489897969e+00
9.348378966178758631e+00
9.321226243480857931e+00
9.299327459996073131e+00
9.282466204763618833e+00
9.270330149437706169e+00
9.262533049619113612e+00
9.258635385826815778e+00
9.258163331053783196e+00
9.260625797386270008e+00
9.265529418668787542e+00
9.272391398260918294e+00
9.280750189780391679e+00
9.290174080761763875e+00
9.300267756310466538e+00
9.310676974858260735e+00
9.321091517370790669e+00
9.331246588137224407e+00
9.340922856199204816e+00
9.349945337789593580e+00
9.358181322445187078e+00
9.365537528831461955e+00
9.371956677239818845e+00
9.377413655169126727e+00
9.381911428981783985e+00
9.385476847449099935e+00
9.388156450473220005e+00
9.390012400796313941e+00
9.391118610337986894e+00
9.391557142564277427e+00
9.391414935404096553e+00
9.390780881073322206e+00
9.389743285769361236e+00
9.388387715136319756e+00
9.386795230677748236e+00
9.385040995533774577e+00
9.383193234300197361e+00
9.381312523056823949e+00
9.379451377071971407e+00
9.377654102886374687e+00
9.375956881668864540e+00
9.374388045191258456e+00
9.372968509033855256e+00
9.371712332817741853e+00
9.370627370217141205e+00
9.369715981234151059e+00
9.368975779171105245e+00
9.368400388218855568e+00
9.367980190892035708e+00
9.367703046563875091e+00
9.367554974298819559e+00
9.367520772049376276e+00
9.367584582850545516e+00
9.367730396453833208e+00
9.367942473737395304e+00
9.368205707142447380e+00
9.368505912231833932e+00
9.368830049176834152e+00
9.369166385692654586e+00
9.369504603979391888e+00
9.369835853781459889e+00
9.370152761223067728e+00
9.370449398920653650e+00
9.370721223814966194e+00
9.370964989039528348e+00
9.371178635874013452e+00
9.371361171444617000e+00
9.371512537365923379e+00
9.371633473983630225e+00
9.371725384307218576e+00
9.371790201125856257e+00
9.371830260209508268e+00
9.371848181915865439e+00
9.371846762969809674e+00
9.371828879664990453e+00
9.371797403263935067e+00
9.371755127949871422e+00
9.371704711313329383e+00
9.371648627041381019e+00
9.371589129216880920e+00
9.371528227427576851e+00
9.371467671728677118e+00
9.371408946392975281e+00
9.371353271316561262e+00
9.371301609919491682e+00
9.371254682388865831e+00
9.371212983142379827e+00
9.371176801450710414e+00
9.371146244231843170e+00
9.371121260120554908e+00
9.371101664015636601e+00
9.371087161412377853e+00
9.371077371935070843e+00
9.371071851590405899e+00
9.371070113365517429e+00
9.371071645891612789e+00
9.371075929984298725e+00
9.371082452952265385e+00
9.371090720641063854e+00
9.371100267237752135e+00
9.371110662916851908e+00
9.371121519451444115e+00
9.371132493946255693e+00
9.371143290872145926e+00
9.371153662602431211e+00
9.371163408654766158e+00
9.371172373850390258e+00
9.371180445594580632e+00
9.371187550477198869e+00
9.371193650379078477e+00
9.371198738255589689e+00
9.371202833751885564e+00
9.371205978784765023e+00
9.371208233209836536e+00
9.371209670669529146e+00
9.371210374701563595e+00
9.371210435168045194e+00
9.371209945048814660e+00
9.371208997626204962e+00
9.371207684075899991e+00
9.371206091465293042e+00
9.371204301149511195e+00
9.371202387547915791e+00
9.371200417276160266e+00
9.371198448603635711e+00
9.371196531201549718e+00
9.371194706147129239e+00
9.371193006143764492e+00
9.371191455922318170e+00
9.371190072784429503e+00
9.371188867255412447e+00
9.371187843812629481e+00
9.371187001659624372e+00
9.371186335521532129e+00
9.371185836435774519e+00
9.371185492521375338e+00
9.371185289708529709e+00
9.371185212416742516e+00
9.371185244171652329e+00
9.371185368153922113e+00
9.371185567676288741e+00
9.371185826587174361e+00
9.371186129601490222e+00
9.371186462561002628e+00
9.371186812627438911e+00
9.371187168414255808e+00
9.371187520061932119e+00
9.371187859264162867e+00
9.371188179249653416e+00
9.371188474728823437e+00
9.371188741810163592e+00
9.371188977893547545e+00
9.371189181546492719e+00
9.371189352369025727e+00
9.371189490852160020e+00
9.371189598234593632e+00
9.371189676361726839e+00
9.371189727549204207e+00
9.371189754455709675e+00
9.371189759965007582e+00
9.371189747079775145e+00
9.371189718828031090e+00
9.371189678182654248e+00
9.371189627994274574e+00
9.371189570936637736e+00
9.371189509464812772e+00
9.371189445785377714e+00
9.371189381836986243e+00
9.371189319280068375e+00
9.371189259496114587e+00
9.371189203593420558e+00
9.371189152419308499e+00
9.371189106576462535e+00
9.371189066444072679e+00
9.371189032200874180e+00
9.371189003850078691e+00
9.371188981245039074e+00
9.371188964114974596e+00
9.371188952090097501e+00
9.371188944725506786e+00
9.371188941523485028e+00
9.371188941953910501e+00
9.371188945472415099e+00
9.371188951536309375e+00
9.371188959618049097e+00
9.371188969216593279e+00
9.371188979865692659e+00
9.371188991141270463e+00
9.371189002665321510e+00
9.371189014109223336e+00
9.371189025194633260e+00
9.371189035693349823e+00
9.371189045425213138e+00
9.371189054256142015e+00
9.371189062094584799e+00
9.371189068887598950e+00
9.371189074616504300e+00
9.371189079292349788e+00
0.000000000000000000e+00
0.000000000000000000e+00
0.000000000000000000e+00
0.000000000000000000e+00
0.000000000000000000e+00
0.000000000000000000e+00
0.000000000000000000e+00
0.000000000000000000e+00
0.000000000000000000e+00
0.000000000000000000e+00
0.000000000000000000e+00
0.000000000000000000e+00
0.000000000000000000e+00
0.000000000000000000e+00
0.000000000000000000e+00
0.000000000000000000e+00
0.000000000000000000e+00
0.000000000000000000e+00
0.000000000000000000e+00
0.000000000000000000e+00
0.000000000000000000e+00
0.000000000000000000e+00
0.000000000000000000e+00
0.000000000000000000e+00
0.000000000000000000e+00
0.000000000000000000e+00
0.000000000000000000e+00
0.000000000000000000e+00
0.000000000000000000e+00
0.000000000000000000e+00
0.000000000000000000e+00
0.000000000000000000e+00
0.000000000000000000e+00
0.000000000000000000e+00
0.000000000000000000e+00
0.000000000000000000e+00
0.000000000000000000e+00
0.000000000000000000e+00
0.000000000000000000e+00
0.000000000000000000e+00
0.000000000000000000e+00
0.000000000000000000e+00
0.000000000000000000e+00
0.000000000000000000e+00
0.000000000000000000e+00
0.000000000000000000e+00
0.000000000000000000e+00
6.320422356626596329e-03
1.048556320996474056e-01
2.788429083930837327e-01
5.124430136256673540e-01
7.899801649991567976e-01
1.096623448566984349e+00
1.418911683924436007e+00
1.744946770293115401e+00
2.064511437518211867e+00
2.369119246329189910e+00
2.652005554115119956e+00
2.908068625064471835e+00
3.133770190154419044e+00
3.327004551051811809e+00
3.486944903648889760e+00
3.613874906958898681e+00
3.709012756811461475e+00
3.774334118233652724e+00
3.812399372835741485e+00
3.826189615028302349e+00
3.818954971308678115e+00
3.794077848584306079e+00
3.754952922078074629e+00
3.704884846053114078e+00
3.647004071272145875e+00
3.584200500781254739e+00
3.519074259611603139e+00
3.453902453774336134e+00
3.390620483969403853e+00
3.330816271057659872e+00
3.275735641028430400e+00
3.226296989442906771e+00
3.183113430857020809e+00
3.146520641681640029e+00
3.116608712682548799e+00
3.093256465197727678e+00
3.076166867671211502e+00
3.064902292653621796e+00
3.058918656982309692e+00
3.057597542884585184e+00
3.060275701367684675e+00
3.066271433311361871e+00
3.074907540906610670e+00
3.085530695272010071e+00
3.097527176024913675e+00
3.110335070429620874e+00
3.123453097852253002e+00
3.136446314882174846e+00
3.148948989795075093e+00
3.160665014210437551e+00
3.171366164537231302e+00
3.180888634970034712e+00
3.189128180018654835e+00
3.196034229076238908e+00
3.201603290482455844e+00
3.205871968027777630e+00
3.208909831073338381e+00
3.210812397894921233e+00
3.211694399465982563e+00
3.211683480839845117e+00
3.210914482623028476e+00
3.209524366146180530e+00
3.207647840772013925e+00
3.205413719307984355e+00
3.202941987272204916e+00
3.200341588345352761e+00
3.197708857699595342e+00
3.195126579080579621e+00
3.192663576388714564e+00
3.190374771522209940e+00
3.188301656901809000e+00
3.186473087038730334e+00
3.184906343960236974e+00
3.183608343749308567e+00
3.182577018798238733e+00
3.181802716563510991e+00
3.181269632325881780e+00
3.180957203791567434e+00
3.180841435872983958e+00
3.180896128415119151e+00
3.181093983584901697e+00
3.181407579088378235e+00
3.181810198460999217e+00
3.182276515406184725e+00
3.182783134909133338e+00
3.183308991482614481e+00
3.183835624887835447e+00
3.184347328464934623e+00
3.184831214887370088e+00
3.185277152137038215e+00
3.185677659759349911e+00
3.186027724536117489e+00
3.186324585661616471e+00
3.186567479759110810e+00
3.186757348554690505e+00
3.186896561144251905e+00
3.186988628852976291e+00
3.187037929247143797e+00
3.187049446087171667e+00
3.187028530516251124e+00
3.186980687352877428e+00
3.186911389029957853e+00
3.186825918521860590e+00
3.186729241540901203e+00
3.186625907376128275e+00
3.186519976994081738e+00
3.186414976422403456e+00
3.186313872987115214e+00
3.186219071663843661e+00
3.186132426249612681e+00
3.186055272266980598e+00
3.185988458542771795e+00
3.185932409267364651e+00
3.185887161540207124e+00
3.185852426594438569e+00
3.185827649278754059e+00
3.185812062156145874e+00
3.185804742656147770e+00
3.185804661903157253e+00
3.185810731793172312e+00
3.185821846117831146e+00
3.185836915415503956e+00
3.185854898284197656e+00
3.185874823252176302e+00
3.185895808086564251e+00
3.185917072094220703e+00
3.185937943929014526e+00
3.185957865602107475e+00
3.185976390687942583e+00
3.185993181344298097e+00
3.186008001952719937e+00
3.186020706068044106e+00
3.186031236566158942e+00
3.186039609254694316e+00
3.186045901418276038e+00
3.186050240270260847e+00
3.186052791666260653e+00
3.186053749374456068e+00
3.186053325136262160e+00
3.186051739692411289e+00
3.186049214894612458e+00
3.186045966972681942e+00
3.186042200982329042e+00
3.186038106420060689e+00
3.186033853959134632e+00
3.186029593234308788e+00
3.186025451583018864e+00
3.186021533635627900e+00
3.186017921640065254e+00
3.186014676399496093e+00
3.186011838703499244e+00
3.186009431135907288e+00
3.186007460149103299e+00
3.186005918303211004e+00
3.186004786579106796e+00
3.186004036685639029e+00
3.186003633293688520e+00
3.186003536141947645e+00
3.186003701971435120e+00
3.186004086257297807e+00
3.186004644717185474e+00
3.186005334585210846e+00
3.186006115649124393e+00
3.186006951055662562e+00
3.186007807895164134e+00
3.186008657581412162e+00
3.186009476046304911e+00
3.186010243771492778e+00
3.186010945680711970e+00
3.186011570916429392e+00
3.186012112525959061e+00
3.186012567078864155e+00
3.186012934237853589e+00
3.186013216302788109e+00
3.186013417745464871e+00
3.186013544749738635e+00
3.186013604770933316e+00
3.186013606123671238e+00
3.186013557606024005e+00
3.186013468166750684e+00
3.186013346617329933e+00
3.186013201392199345e+00
3.186013040355947457e+00
3.186012870656083518e+00
3.186012698619867578e+00
3.186012529690527284e+00
3.186012368399339767e+00
3.186012218368908133e+00
3.186012082342855933e+00
3.186011962237038642e+00
3.186011859207551478e+00
3.186011773730967001e+00
3.186011705692596507e+00
3.186011654478970279e+00
3.186011619071114076e+00
3.186011598135916056e+00
3.186011590112675318e+00
3.186011593293574862e+00
3.186011605896724053e+00
3.186011626129601204e+00
3.186011652244149506e+00
3.186011682581367133e+00
3.186011715607316663e+00
3.186011749939575033e+00
3.186011784365319954e+00
3.186011817851667427e+00
3.186011849549136077e+00
3.186011878789155816e+00
3.186011905076600481e+00
3.186011928078315236e+00
3.186011947608681005e+00
3.186011963612549458e+00
3.186011976147556268e+00
3.186011985365307719e+00
3.186011991492747608e+00
3.186011994814198722e+00
3.186011995653964757e+00
3.186011994361051869e+00
3.186011991295004009e+00
3.186011986813677144e+00
3.186011981262899972e+00
3.186011974968048222e+00
3.186011968227506763e+00
3.186011961307898765e+00
3.186011954440978844e+00
3.186011947822032564e+00
3.186011941609581566e+00
3.186011935926355676e+00
3.186011930860816133e+00
3.186011926469821898e+00
3.186011922781700978e+00
3.186011919799604630e+00
3.186011917505425561e+00
3.186011915863425248e+00
3.186011914824058433e+00
3.186011914327188776e+00
3.186011914305793447e+00
3.186011914688877233e+00
3.186011915404172168e+00
3.186011916380461440e+00
3.186011917549535166e+00
3.186011918847753144e+00
3.186011920217240334e+00
3.186011921606730635e+00
3.186011922972090904e+00
3.186011924276549667e+00
3.186011925490677132e+00
3.186011926592151600e+00
3.186011927565345125e+00
3.186011928400780402e+00
3.186011929094486828e+00
3.186011929647399654e+00
