1.046934479319737571e-01
2.499663264360456327e-01
3.900991711517703409e-01
5.265325750519723735e-01
6.585503075755944069e-01
7.870107117221484261e-01
9.111468480114859325e-01
1.032130969634532658e+00
1.149315930242594375e+00
1.263716690963191169e+00
1.374134441590074251e+00
1.481924903748928601e+00
1.586525485552533032e+00
1.688315734718842220e+00
1.787630771027766130e+00
1.883818730758044291e+00
1.977821596753350564e+00
2.069278196222604560e+00
2.158185005572497150e+00
2.245103800775456460e+00
2.328028072483292910e+00
2.404987484951948584e+00
2.475064019556226125e+00
2.537575374922889981e+00
2.591785806607030285e+00
2.638550683957967102e+00
2.678274878052207431e+00
2.711508407904698714e+00
2.738884224776378495e+00
2.761070826964048042e+00
2.778737197973237816e+00
2.792492613670431556e+00
2.802923233767697919e+00
2.810658670520896241e+00
2.816189338109820195e+00
2.819945877626163888e+00
2.822300459936048611e+00
2.823569878139493561e+00
2.824019786796848397e+00
2.823869612736035872e+00
2.823297764811409927e+00
2.822446847643704793e+00
2.821428707415873482e+00
2.820329155130665288e+00
2.819212293774291833e+00
2.818124401300628357e+00
2.817097354139130871e+00
2.816151597021353314e+00
2.815298680013158972e+00
2.814543393618343270e+00
2.813885538786230267e+00
2.813321371544180494e+00
2.812844762564865153e+00
2.812448111406513185e+00
2.812123049929912355e+00
2.811860973807257302e+00
2.811653429270620119e+00
2.811492380836282390e+00
2.811370389181700791e+00
2.811280713684690014e+00
2.811217360636441676e+00
2.811175090170246360e+00
2.811149391965752642e+00
2.811136444061471895e+00
2.811133050880026740e+00
2.811136585504110386e+00
2.811144921599573188e+00
2.811156367831008751e+00
2.811169605086891732e+00
2.811183628025885728e+00
2.811197691860740200e+00
2.811211264838534341e+00
2.811223986533297747e+00
2.811235631818653768e+00
2.811246080216333709e+00
2.811255290205188828e+00
2.811263278012476885e+00
2.811270100375474090e+00
2.811275840778756141e+00
2.811280598659910979e+00
2.811284481138245805e+00
2.811287596841513192e+00
2.811290051455175742e+00
2.811291944662527520e+00
2.811293368188194641e+00
2.811294404699462568e+00
2.811295127358975243e+00
2.811295599857678962e+00
2.811295876788492354e+00
2.811296004249535851e+00
2.811296020583625044e+00
2.811295957199126949e+00
2.811295839403549657e+00
2.811295687225928486e+00
2.811295516196839372e+00
2.811295338070046945e+00
2.811295161475895199e+00
2.811294992501976786e+00
2.811294835200528919e+00
2.811294692024931763e+00
2.811294564199562807e+00
2.811294452028580082e+00
2.811294355149739133e+00
2.811294272739755407e+00
2.811294203677564330e+00
2.811294146671536875e+00
2.811294100356371395e+00
2.811294063364796703e+00
2.811294034378685414e+00
2.811294012163638723e+00
2.811293995590499861e+00
2.811293983646780514e+00
2.811293975440503079e+00
2.811293970198453174e+00
2.811293967260550808e+00
2.811293966071676476e+00
2.811293966171955372e+00
2.811293967186320408e+00
2.811293968813952660e+00
2.811293970818015353e+00
2.811293973016835590e+00
2.811293975271533796e+00
2.811293977483275697e+00
2.811293979583523228e+00
2.811293981525256225e+00
2.811293983283830844e+00
2.811293984845505189e+00
2.811293986209889795e+00
2.811293987383365778e+00
2.811293988377546960e+00
2.811293989207321431e+00
2.811293989889371847e+00
2.811293990441034119e+00
2.811293990879470961e+00
2.811293991221092359e+00
2.811293991481153665e+00
2.811293991673534887e+00
2.811293991810620785e+00
2.811293991903268008e+00
2.811293991960856165e+00
2.811293991991350882e+00
2.811293992001432596e+00
2.811293991996608455e+00
2.811293991981349993e+00
2.811293991959229910e+00
2.811293991933039749e+00
2.811293991904917799e+00
2.811293991877322984e+00
2.811293991849640683e+00
2.811293991823543337e+00
2.811293991799538539e+00
2.811293991777912282e+00
2.811293991758778255e+00
2.811293991742122689e+00
2.811293991727854102e+00
2.811293991716665275e+00
2.811293991706600881e+00
2.811293991698334604e+00
2.811293991691655503e+00
2.811293991686351301e+00
2.811293991682222160e+00
2.811293991679081117e+00
2.811293991676761639e+00
2.811293991675112736e+00
2.811293991674001180e+00
2.811293991674174375e+00
2.811293991673770254e+00
2.811293991674452375e+00
2.811293991675260173e+00
2.811293991675269499e+00
2.811293991675331672e+00
2.811293991675429371e+00
2.811293991675549275e+00
2.811293991675683834e+00
2.811293991675820614e+00
2.811293991675954729e+00
2.811293991676081294e+00
2.811293991676197646e+00
2.811293991676302895e+00
2.811293991677255466e+00
2.811293991677292770e+00
2.811293991677301651e+00
2.811293991677290105e+00
2.811293991677263460e+00
2.811293991677229709e+00
2.811293991677189741e+00
2.811293991677146220e+00
2.811293991677102699e+00
2.811293991677061843e+00
2.811293991677022319e+00
2.811293991676988568e+00
2.811293991676958370e+00
2.811293991676929949e+00
2.811293991676904636e+00
2.811293991676883763e+00
2.811293991676866444e+00
2.811293991676854009e+00
2.811293991676842907e+00
2.811293991676834469e+00
2.811293991676827808e+00
2.811293991676821591e+00
2.811293991676815374e+00
2.811293991676811377e+00
2.811293991676807824e+00
2.811293991677666693e+00
2.811293991677620063e+00
2.811293991677557003e+00
2.811293991677486392e+00
2.811293991677411785e+00
2.811293991677337178e+00
2.811293991677263904e+00
2.811293991677194626e+00
2.811293991677129789e+00
2.811293991677072945e+00
2.811293991677881188e+00
2.811293991677792814e+00
2.811293991677693338e+00
2.811293991677588977e+00
2.811293991677487281e+00
2.811293991677390913e+00
2.811293991677301651e+00
2.811293991677217718e+00
2.811293991677144888e+00
2.811293991677079163e+00
2.811293991677024096e+00
2.811293991676976134e+00
2.811293991676937054e+00
2.811293991676904191e+00
2.811293991676877102e+00
2.811293991676855342e+00
2.811293991676837134e+00
2.811293991676825588e+00
2.811293991676816262e+00
2.811293991676809600e+00
2.811293991676803827e+00
2.811293991676800719e+00
2.811293991676797610e+00
2.811293991676796278e+00
2.811293991676796278e+00
2.811293991676797166e+00
2.811293991677658255e+00
2.811293991677613846e+00
2.811293991678413207e+00
2.811293991678298188e+00
2.811293991678163184e+00
2.811293991678015303e+00
2.811293991678724957e+00
2.811293991678533999e+00
2.811293991678335935e+00
2.811293991678139648e+00
2.811293991677949577e+00
2.811293991677773274e+00
2.811293991677611182e+00
2.811293991677466408e+00
2.811293991677338067e+00
2.811293991677228377e+00
2.811293991677136006e+00
2.811293991677056514e+00
2.811293991676991233e+00
2.811293991676939719e+00
2.811293991676896198e+00
2.811293991676863779e+00
2.811293991676837578e+00
2.811293991676818482e+00
2.811293991676806048e+00
2.811293991676796722e+00
2.811293991676790949e+00
2.811293991676786508e+00
2.811293991677645376e+00
2.811293991677598747e+00
2.811293991678396775e+00
2.811293991678282200e+00
2.811293991678145865e+00
2.811293991677998871e+00
2.811293991677849657e+00
2.811293991677705773e+00
2.811293991677571658e+00
2.811293991677446868e+00
2.811293991677335402e+00
2.811293991677236370e+00
2.811293991677148441e+00
2.811293991677075166e+00
2.811293991677012105e+00
2.811293991676961035e+00
2.811293991676918402e+00
2.811293991676885540e+00
2.811293991676858450e+00
2.811293991676837134e+00
2.811293991676821591e+00
2.811293991677668469e+00
2.811293991677616955e+00
2.811293991677548565e+00
2.811293991677473958e+00
2.811293991677396242e+00
2.811293991677319415e+00
2.811293991677246584e+00
2.811293991677177750e+00
2.811293991677115134e+00
2.811293991677061843e+00
2.811293991677012993e+00
2.811293991676969917e+00
2.836702711735170190e+00
2.904870246168152814e+00
2.973165049603830656e+00
3.040001271145885031e+00
3.104711667727393820e+00
3.168031823647404543e+00
3.230016098365108057e+00
3.290697576936914892e+00
3.349507826399087840e+00
3.407041576553177187e+00
3.463379094914738499e+00
3.518548973909686683e+00
3.572352867184287017e+00
3.624766647092431349e+00
3.676103371464895186e+00
3.726388095222503249e+00
3.775645173863578563e+00
3.823694898470152648e+00
3.870522193174676051e+00
3.916399710521419664e+00
3.961349015933490314e+00
4.005391208069188025e+00
4.048546921886876149e+00
4.090463243691073281e+00
4.131465062283012912e+00
4.171647975848839174e+00
4.211030195102733131e+00
4.249629378112089739e+00
4.287462656194524158e+00
4.324405604155384886e+00
4.360421287598512663e+00
4.395726363903029288e+00
4.430336144587895042e+00
4.464139494861873558e+00
4.496198276782865655e+00
4.525903813713082258e+00
4.552903398085320852e+00
4.576908352492010224e+00
4.597975874291709175e+00
4.616289128254575935e+00
4.632009170940229126e+00
4.645339864712909161e+00
4.656508609536434307e+00
4.665751800922434356e+00
4.673304125961307953e+00
4.679391025308721197e+00
4.684223601917445912e+00
4.687995485906394144e+00
4.690881209860976675e+00
4.693035691326429060e+00
4.694594540900912882e+00
4.695674945178391901e+00
4.696376922339589477e+00
4.696784815776098299e+00
4.696968890908088667e+00
4.696986958105881627e+00
4.696885958767065716e+00
4.696703469907298256e+00
4.696469097445480578e+00
4.696205744207654575e+00
4.695930745354953473e+00
4.695656868470017287e+00
4.695393186777113037e+00
4.695145822163007132e+00
4.694918584242799398e+00
4.694713500408752793e+00
4.694531257490624832e+00
4.694371562116270269e+00
4.694233430882118085e+00
4.694115423238481632e+00
4.694015821597846028e+00
4.693932770401788801e+00
4.693864374510484438e+00
4.693808782230716403e+00
4.693764229850729386e+00
4.693729083678054970e+00
4.693701855575152848e+00
4.693681209867555104e+00
4.693665968828666379e+00
4.693655107135482396e+00
4.693647742105945930e+00
4.693643124971885960e+00
4.693640626244736325e+00
4.693639724625469078e+00
4.693639994078269595e+00
4.693641089673800337e+00
4.693642737080290672e+00
4.693644721699648414e+00
4.693646878850824322e+00
4.693649085116740061e+00
4.693651250755048743e+00
4.693653313128232973e+00
4.693655231086377277e+00
4.693656980222273845e+00
4.693658548911721518e+00
4.693659935049886656e+00
4.693661143396117730e+00
4.693662183444140545e+00
4.693663067740039274e+00
4.693663810577422879e+00
4.693664427006523532e+00
4.693664932101191845e+00
4.693665340435186906e+00
4.693665665725550440e+00
4.693665920607615227e+00
4.693666116511522546e+00
4.693666263615503986e+00
4.693666370766905516e+00
4.693666446031503625e+00
4.693666495568081132e+00
4.693666525214733376e+00
4.693666539653146508e+00
4.693666542745300596e+00
4.693666537635871272e+00
4.693666526849868958e+00
4.693666512383592782e+00
4.693666495787613080e+00
4.693666478241302009e+00
4.693666460618741709e+00
4.693666443546200107e+00
4.693666427451652190e+00
4.693666412606908978e+00
4.693666399163054059e+00
4.693666387179819210e+00
4.693666376649743732e+00
4.693666367517655758e+00
4.693666359696244683e+00
4.693666353078249642e+00
4.693666347545883966e+00
4.693666342977863337e+00
4.693666339254562558e+00
4.693666336261678396e+00
4.693666333892597464e+00
4.693666332049851064e+00
4.693666330645850593e+00
4.693666329603042087e+00
4.693666328853709047e+00
4.693666328339475946e+00
4.693666328010619004e+00
4.693666327825306794e+00
4.693666327748776013e+00
4.693666327752475276e+00
4.693666327813297734e+00
4.693666327912792369e+00
4.693666328036467661e+00
4.693666328173145885e+00
4.693666328314423097e+00
4.693666328454128234e+00
4.693666328587928760e+00
4.693666328712919444e+00
4.693666328827346135e+00
4.693666328930303777e+00
4.693666329021544570e+00
4.693666329101299439e+00
4.693666329170124385e+00
4.693666329228790346e+00
4.693666329278197935e+00
4.693666329319304609e+00
4.693666329353075817e+00
4.693666329380456581e+00
4.693666329402336856e+00
4.693666329419540872e+00
4.693666329432825357e+00
4.693666329442848451e+00
4.693666329450204344e+00
4.693666329455406405e+00
4.693666329458896058e+00
4.693666329461033015e+00
4.693666329462145903e+00
4.693666329462482523e+00
4.693666329462255149e+00
4.693666329461632536e+00
4.693666329460748798e+00
4.693666329459708741e+00
4.693666329458591413e+00
4.693666329457458986e+00
4.693666329456355868e+00
4.693666329455310482e+00
4.693666329454344144e+00
4.693666329453465735e+00
4.693666329452678809e+00
4.693666329451984254e+00
4.693666329451381181e+00
4.693666329450860708e+00
4.693666329450424612e+00
4.693666329450056018e+00
4.693666329449753150e+00
4.693666329449500019e+00
4.693666329449300179e+00
4.693666329449141195e+00
4.693666329449018626e+00
4.693666329448921815e+00
4.693666329448851648e+00
4.693666329448799246e+00
4.693666329448765495e+00
4.693666329448738850e+00
4.693666329448724639e+00
4.693666329448719310e+00
4.693666329448724639e+00
4.693666329448732633e+00
4.693666329448741514e+00
4.693666329448751284e+00
4.693666329448762831e+00
4.693666329448770824e+00
4.693666329448779706e+00
4.693666329448789476e+00
4.693666329448797470e+00
4.693666329448806351e+00
4.693666329448813457e+00
4.693666329448818786e+00
4.693666329448825891e+00
4.693666329448831220e+00
4.693666329448837438e+00
4.693666329448840990e+00
4.693666329448844543e+00
4.693666329448846319e+00
4.693666329448848096e+00
4.693666329448848096e+00
4.693666329448850760e+00
4.693666329448854313e+00
4.693666329448852537e+00
4.693666329448852537e+00
4.693666329448852537e+00
4.693666329448852537e+00
4.693666329448852537e+00
4.693666329448851648e+00
4.693666329448850760e+00
4.693666329448849872e+00
4.693666329448848984e+00
4.693666329448848984e+00
4.693666329448848984e+00
4.693666329448848984e+00
4.693666329448848984e+00
4.693666329448848984e+00
4.693666329448848984e+00
4.693666329448848984e+00
4.693666329448848984e+00
4.693666329448848984e+00
4.693666329448848984e+00
4.693666329448848984e+00
4.693666329448848984e+00
4.693666329448848984e+00
4.693666329448848984e+00
4.693666329448848984e+00
4.693666329448848984e+00
4.693666329448848984e+00
4.693666329448848984e+00
4.693666329448848984e+00
4.693666329448848984e+00
4.693666329448848984e+00
4.693666329448848984e+00
4.693666329448848984e+00
4.693666329448848984e+00
4.693666329448848984e+00
4.693666329448848984e+00
4.693666329448848984e+00
4.693666329448848984e+00
4.693666329448848984e+00
4.693666329448848984e+00
4.693666329448848984e+00
4.693666329448848984e+00
4.693666329448848984e+00
4.693666329448848984e+00
4.693666329448848984e+00
4.693666329448848984e+00
4.693666329448848984e+00
4.693666329448848984e+00
4.693666329448848984e+00
4.693666329448848984e+00
4.693666329448848984e+00
4.693666329448848984e+00
4.693666329448848984e+00
4.693666329448848984e+00
4.693666329448848984e+00
4.693666329448848984e+00
4.693666329448848984e+00
4.693666329448848984e+00
4.693666329448848984e+00
4.693666329448848984e+00
4.693666329448848984e+00
4.693666329448848984e+00
4.693666329448848984e+00
4.693666329448848984e+00
4.693666329448848984e+00
4.693666329448848984e+00
4.693666329448848984e+00
4.693666329448848984e+00
4.693666329448848984e+00
4.693666329448848984e+00
4.693666329448848984e+00
4.693666329448848984e+00
4.693666329448848984e+00
4.693666329448848984e+00
4.693666329448848984e+00
4.693666329448848984e+00
4.693666329448848984e+00
4.693666329448848984e+00
4.693666329448848984e+00
4.693666329448848984e+00
4.693666329448848984e+00
4.599505589889094637e+00
4.506667540889296220e+00
4.415314727271910655e+00
4.327126903110445788e+00
4.243656154179792139e+00
4.166775613702084158e+00
4.097408567402522905e+00
4.035617787005149282e+00
3.981184021563885178e+00
3.934242469867279102e+00
3.894304797601471080e+00
3.860774636539042515e+00
3.832999766673415909e+00
3.810311283919350256e+00
3.791954967931095322e+00
3.777365465924657162e+00
3.766036229565490778e+00
3.757435385342093426e+00
3.751086376602056571e+00
3.746569104235650816e+00
3.743518719481805590e+00
3.741622787805857886e+00
3.740617393562398973e+00
3.740282629426170402e+00
3.740437809875326369e+00
3.740936658946732329e+00
3.741662640660333050e+00
3.742524589479061525e+00
3.743452671428419531e+00
3.744394752861298858e+00
3.745313171283298992e+00
3.746181931278773636e+00
3.746984277057066492e+00
3.747710637157416258e+00
3.748356902632112408e+00
3.748923005180753609e+00
3.749411757523380739e+00
3.749827926150829605e+00
3.750177501121076062e+00
3.750467129136955791e+00
3.750703687671993247e+00
3.750893974124779096e+00
3.751044485565766085e+00
3.751161272841855077e+00
3.751249855540670808e+00
3.751315167700180808e+00
3.751361566188034846e+00
3.751392822992267728e+00
3.751412172504709375e+00
3.751422344320559432e+00
3.751425611578819375e+00
3.751423840837246892e+00
3.751418542433571091e+00
3.751410918880995204e+00
3.751401910225640624e+00
3.751392235983491474e+00
3.751382432761877883e+00
3.751372887638313003e+00
3.751363867290612220e+00
3.751355543058620068e+00
3.751348012211320970e+00
3.751341315749903149e+00
3.751335453061165559e+00
3.751330394252308853e+00
3.751326088634227229e+00
3.751322473768561316e+00
3.751319480313751953e+00
3.751317036731130372e+00
3.751315072197729528e+00
3.751313519549427600e+00
3.751312315502751904e+00
3.751311403087833174e+00
3.751310731117382780e+00
3.751310254517986387e+00
3.751309934188477246e+00
3.751309736679420137e+00
3.751309633762443863e+00
3.751309601942759198e+00
3.751309621936075978e+00
3.751309678144607584e+00
3.751309758158931640e+00
3.751309852284104629e+00
3.751309953106141126e+00
3.751310055101519048e+00
3.751310154291410903e+00
3.751310247940027764e+00
3.751310334295271165e+00
3.751310412368729086e+00
3.751310481751610304e+00
3.751310542462839681e+00
3.751310594825537859e+00
3.751310639368094169e+00
3.751310676746353323e+00
3.751310707683571888e+00
3.751310732925253522e+00
3.751310753206112292e+00
3.751310769226956054e+00
3.751310781639401792e+00
3.751310791036728265e+00
3.751310797949464870e+00
3.751310802844460390e+00
3.751310806126517683e+00
3.751310808141747444e+00
3.751310809182077044e+00
3.751310809490392195e+00
3.751310809265947732e+00
3.751310808669788166e+00
3.751310807829969285e+00
3.751310806846472445e+00
3.751310805795679215e+00
3.751310804734436122e+00
3.751310803703642005e+00
3.751310802731353533e+00
3.751310801835481268e+00
3.751310801026067843e+00
3.751310800307172233e+00
3.751310799678467589e+00
3.751310799136494012e+00
3.751310798675687952e+00
3.751310798289191339e+00
3.751310797969462207e+00
3.751310797708736100e+00
3.751310797499372907e+00
3.751310797334091784e+00
3.751310797206136805e+00
3.751310797109351558e+00
3.751310797038239997e+00
3.751310796987968210e+00
3.751310796954347548e+00
3.751310796933791103e+00
3.751310796923281732e+00
3.751310796920309443e+00
3.751310796922813218e+00
3.751310796929135272e+00
3.751310796937947334e+00
3.751310796948224890e+00
3.751310796959173910e+00
3.751310796970214856e+00
3.751310796980925399e+00
3.751310796991018659e+00
3.751310797000311226e+00
3.751310797008704956e+00
3.751310797016151888e+00
3.751310797022661792e+00
3.751310797028269306e+00
3.751310797033035715e+00
3.751310797037033407e+00
3.751310797040337874e+00
3.751310797043031720e+00
3.751310797045196654e+00
3.751310797046900625e+00
3.751310797048219126e+00
3.751310797049215218e+00
3.751310797049946633e+00
3.751310797050461776e+00
3.751310797050807277e+00
3.751310797051015111e+00
3.751310797051119916e+00
3.751310797051149670e+00
3.751310797051123469e+00
3.751310797051059520e+00
3.751310797050965373e+00
3.751310797050856127e+00
3.751310797050741996e+00
3.751310797050627421e+00
3.751310797050515067e+00
3.751310797050409374e+00
3.751310797050313006e+00
3.751310797050225521e+00
3.751310797050149137e+00
3.751310797050080748e+00
3.751310797050023460e+00
3.751310797049974166e+00
3.751310797049933310e+00
3.751310797049898671e+00
3.751310797049869805e+00
3.751310797049847601e+00
3.751310797049830725e+00
3.751310797049816514e+00
3.751310797049806744e+00
3.751310797049798751e+00
3.751310797049792534e+00
3.751310797049788537e+00
3.751310797049786316e+00
3.751310797049788537e+00
3.751310797049788537e+00
3.751310797049788537e+00
3.751310797049789869e+00
3.751310797049790757e+00
3.751310797049794754e+00
3.751310797049798751e+00
3.751310797049798751e+00
3.751310797049798751e+00
3.751310797049798751e+00
3.751310797049798751e+00
3.751310797049798751e+00
3.751310797049798751e+00
3.751310797049798751e+00
3.751310797049798751e+00
3.751310797049798751e+00
3.751310797049798751e+00
3.751310797049798751e+00
3.751310797049798751e+00
3.751310797049798751e+00
3.751310797049798751e+00
3.751310797049798751e+00
3.751310797049798751e+00
3.751310797049798751e+00
3.751310797049798751e+00
3.751310797049798751e+00
3.751310797049798751e+00
3.751310797049798751e+00
3.751310797049798751e+00
3.751310797049798751e+00
3.751310797049798751e+00
3.751310797049798751e+00
3.751310797049798751e+00
3.751310797049798751e+00
3.751310797049798751e+00
3.751310797049798751e+00
3.751310797049798751e+00
3.751310797049798751e+00
3.751310797049798751e+00
3.751310797049798751e+00
3.751310797049798751e+00
3.751310797049798751e+00
3.751310797049798751e+00
3.751310797049798751e+00
3.751310797049798751e+00
3.751310797049798751e+00
3.751310797049798751e+00
3.751310797049798751e+00
3.751310797049798751e+00
3.751310797049798751e+00
3.751310797049798751e+00
3.751310797049798751e+00
3.751310797049798751e+00
3.751310797049798751e+00
3.751310797049798751e+00
3.751310797049798751e+00
3.751310797049798751e+00
3.751310797049798751e+00
3.751310797049798751e+00
3.751310797049798751e+00
3.751310797049798751e+00
3.751310797049798751e+00
3.751310797049798751e+00
3.751310797049798751e+00
3.751310797049798751e+00
3.751310797049798751e+00
3.751310797049798751e+00
3.751310797049798751e+00
3.751310797049798751e+00
3.751310797049798751e+00
3.751310797049798751e+00
3.751310797049798751e+00
3.751310797049798751e+00
3.751310797049798751e+00
3.751310797049798751e+00
3.751310797049798751e+00
3.751310797049798751e+00
3.751310797049798751e+00
3.751310797049798751e+00
3.751310797049798751e+00
3.751310797049798751e+00
3.751310797049798751e+00
3.751310797049798751e+00
3.751310797049798751e+00
3.751310797049798751e+00
3.751310797049798751e+00
3.751310797049798751e+00
3.751310797049798751e+00
3.751310797049798751e+00
3.751310797049798751e+00
3.751310797049798751e+00
3.751310797049798751e+00
3.751310797049798751e+00
3.751310797049798751e+00
3.751310797049798751e+00
3.751310797049798751e+00
3.751310797049798751e+00
3.751310797049798751e+00
3.751310797049798751e+00
3.751310797049798751e+00
3.751310797049798751e+00
3.751310797049798751e+00
3.751310797049798751e+00
3.751310797049798751e+00
3.751310797049798751e+00
3.751310797049798751e+00
3.751310797049798751e+00
3.751310797049798751e+00
3.751310797049798751e+00
3.751310797049798751e+00
3.751310797049798751e+00
3.751310797049798751e+00
3.751310797049798751e+00
3.751310797049798751e+00
3.751310797049798751e+00
3.751310797049798751e+00
3.762556123354952931e+00
3.810993018515935304e+00
3.858078333464964427e+00
3.904208017461029190e+00
3.949403761306865768e+00
3.993686788371352048e+00
4.037077857418846172e+00
4.079343748278962956e+00
4.120567990727765029e+00
4.160968354987978124e+00
4.200563204359569092e+00
4.239370342270786018e+00
4.277407038630173020e+00
4.314639903261435983e+00
4.350848498263643727e+00
4.386342320549302620e+00
4.421136785314828899e+00
4.455246924827902077e+00
4.488687399902277164e+00
4.521472510952209589e+00
4.553616208645026475e+00
4.584927442955111232e+00
4.615546291503418885e+00
4.645568837555202890e+00
4.675007573146796602e+00
4.703874754733267771e+00
4.732182403328296871e+00
4.759942305115048455e+00
4.787166012480159161e+00
4.813864845426493844e+00
4.839773189382021279e+00
4.865157003132708269e+00
4.890054055619943441e+00
4.914474446443308331e+00
4.938428003513876341e+00
4.961924294224988152e+00
4.984972635989564083e+00
5.007582106185648918e+00
5.029761551549128740e+00
5.051519597049593635e+00
5.072836312372283274e+00
5.093588646996972891e+00
5.113947086946327047e+00
5.133919509733489761e+00
5.153513619857401196e+00
5.172736954370249052e+00
5.191596887338747912e+00
5.210100630455651860e+00
5.228255240736837450e+00
5.246067622932722330e+00
5.263544534924617047e+00
5.280692586120343535e+00
5.297518251056020588e+00
5.314027859570018997e+00
5.330165208657751563e+00
5.345920130767288114e+00
5.361379813186984755e+00
5.376549999773914124e+00
5.391436318938716887e+00
5.406044287882081356e+00
5.420379312890179158e+00
5.434446690101332855e+00
5.448251604361164624e+00
5.461799141156584270e+00
5.475094281934219431e+00
5.488141905724403635e+00
5.500946800047472607e+00
5.513513647099435921e+00
5.525847037834629383e+00
5.537951467019838425e+00
5.549831346476119087e+00
5.561250925723342675e+00
5.571962526069477839e+00
5.581761279221498562e+00
5.590581364707535528e+00
5.598445952858654984e+00
5.605369233893953584e+00
5.611392339224281933e+00
5.616574276522534603e+00
5.620984880625270463e+00
5.624699417310456084e+00
5.627794553660598886e+00
5.630345433882880002e+00
5.632423641161272698e+00
5.634095859473774226e+00
5.635423076740448955e+00
5.636460206898624925e+00
5.637256018220423215e+00
5.637853285818839488e+00
5.638289093481909653e+00
5.638595241634142496e+00
5.638798710098235745e+00
5.638922148406945389e+00
5.638984364849470410e+00
5.639000811161443139e+00
5.638984026718522280e+00
5.638944061764189719e+00
5.638888857178073089e+00
5.638824585930570343e+00
5.638755954089438305e+00
5.638686468051809619e+00
5.638618659530825639e+00
5.638554282427064024e+00
5.638494473540721863e+00
5.638439896919062555e+00
5.638390854176190459e+00
5.638347377505335878e+00
5.638309307882940935e+00
5.638276352562730409e+00
5.638248134609860962e+00
5.638224229359135364e+00
5.638204190908608027e+00
5.638187574196335206e+00
5.638173948367706245e+00
5.638162906938784857e+00
5.638154074535260740e+00
5.638147110867057776e+00
5.638141710939551743e+00
5.638137605581177603e+00
5.638134559557001602e+00
5.638132370646160574e+00
5.638130865793036683e+00
5.638129899264110456e+00
5.638129348784493899e+00
5.638129113662199821e+00
5.638129111504801116e+00
5.638129275799413698e+00
5.638129553563742569e+00
5.638129903223004113e+00
5.638130292723706916e+00
5.638130697852579587e+00
5.638131100800594098e+00
5.638131488930219426e+00
5.638131853699611007e+00
5.638132189912377967e+00
5.638132494563603991e+00
5.638132766644834426e+00
5.638133006516396151e+00
5.638133215481540006e+00
5.638133395498030609e+00
5.638133548911060444e+00
5.638133678253183234e+00
5.638133786161248828e+00
5.638133875209021539e+00
5.638133947863298800e+00
5.638134006279079458e+00
5.638134052699725451e+00
5.638134089025426121e+00
5.638134116945591856e+00
5.638134137943490387e+00
5.638134153312618579e+00
5.638134164144950944e+00
5.638134171385124738e+00
5.638134175821475580e+00
5.638134178109321937e+00
5.638134178787415074e+00
5.638134178293515042e+00
5.638134176978851109e+00
5.638134175121285452e+00
5.638134172937132149e+00
5.638134170591637684e+00
5.638134168208128294e+00
5.638134165875938741e+00
5.638134163657173126e+00
5.638134161592446070e+00
5.638134159705715298e+00
5.638134158008210051e+00
5.638134156501729777e+00
5.638134155181274032e+00
5.638134154037132362e+00
5.638134153056591380e+00
5.638134152225156903e+00
5.638134151527597560e+00
5.638134150948600265e+00
5.638134150479637619e+00
5.638134150093831565e+00
5.638134149790977823e+00
5.638134149546472962e+00
5.638134149356266001e+00
5.638134149217391311e+00
5.638134149108879889e+00
5.638134149030208597e+00
5.638134148975431970e+00
5.638134148939528245e+00
5.638134148918283017e+00
5.638134148908208410e+00
5.638134148906440046e+00
5.638134148910664223e+00
5.638134148919029975e+00
5.638134148930076250e+00
5.638134148942670620e+00
5.638134148955958658e+00
5.638134148969307091e+00
5.638134148982255844e+00
5.638134148994497608e+00
5.638134149005829876e+00
5.638134149016138075e+00
5.638134149025371578e+00
5.638134149033538378e+00
5.638134149040670451e+00
5.638134149046837074e+00
5.638134149052101307e+00
5.638134149056559075e+00
5.638134149060281430e+00
5.638134149063363409e+00
5.638134149065882283e+00
5.638134149067917988e+00
5.638134149069538026e+00
5.638134149070812562e+00
5.638134149071801993e+00
5.638134149072549839e+00
5.638134149073102286e+00
5.638134149073497525e+00
5.638134149073768420e+00
5.638134149073932733e+00
5.638134149080314295e+00
5.638134149080061164e+00
5.638134149079649937e+00
5.638134149079139235e+00
5.638134149078579682e+00
5.638134149077997925e+00
5.638134149077422386e+00
5.638134149076869939e+00
5.638134149076349466e+00
5.638134149075873403e+00
5.638134149075441748e+00
5.638134149075052726e+00
5.638134149074714330e+00
5.638134149074415902e+00
5.638134149074160995e+00
5.638134149073947832e+00
5.638134149073762202e+00
5.638134149073609436e+00
5.638134149073481538e+00
5.638134149073381174e+00
5.638134149073300350e+00
5.638134149079518487e+00
5.638134149079177426e+00
5.638134149078735113e+00
5.638134149078234181e+00
5.638134149077704826e+00
5.638134149077177248e+00
5.638134149076667434e+00
5.638134149076185153e+00
5.638134149075739288e+00
5.638134149075336943e+00
5.638134149074975454e+00
5.638134149074653045e+00
5.638134149074369716e+00
5.638134149074127244e+00
5.638134149073920298e+00
5.638134149073746215e+00
5.638134149079883528e+00
5.638134149079470525e+00
5.638134149078966928e+00
5.638134149078414481e+00
5.638134149077843382e+00
5.638134149077282942e+00
5.638134149076745594e+00
5.638134149076243773e+00
5.638134149075775703e+00
5.638134149075355595e+00
5.638134149074976342e+00
5.638134149074643275e+00
5.638134149074358170e+00
5.638134149074115697e+00
5.638134149073904311e+00
5.638134149073728452e+00
5.638134149079863988e+00
5.638134149079449209e+00
5.638134149078948276e+00
5.638134149078397606e+00
5.638134149077826507e+00
5.638134149077268731e+00
5.638134149076731383e+00
5.638134149076227786e+00
5.638134149075766821e+00
5.638134149075347601e+00
5.638134149074976342e+00
5.638134149074645052e+00
5.638134149074360835e+00
5.638134149074117474e+00
5.638134149073911416e+00
5.638134149073733781e+00
5.638134149073585455e+00
5.638134149073465551e+00
5.638134149073368739e+00
5.638134149073289692e+00
5.638134149073228407e+00
5.638134149073178669e+00
5.638134149073139589e+00
5.638134149073107615e+00
5.638134149073085410e+00
5.638134149073070311e+00
5.638134149073059653e+00
5.638134149073055212e+00
5.638134149073048995e+00
5.638134149073048995e+00
5.638134149073048995e+00
5.638134149073050772e+00
5.529625945790169084e+00
5.422520006120848279e+00
5.317361747627466606e+00
5.213304464170102293e+00
5.111210205722989564e+00
5.010521861125745602e+00
4.911380641987269868e+00
4.814110612377519693e+00
4.717615861714447689e+00
4.622989737839938051e+00
4.529905595069297242e+00
4.438096974609785583e+00
4.348092368008638076e+00
4.259404970631093690e+00
4.172122109503781928e+00
4.086578434058049325e+00
4.002177800650854600e+00
3.919151586612160010e+00
3.837804855663969672e+00
3.757691254033556749e+00
3.678881581869839046e+00
3.601686610200184990e+00
3.525862038926620201e+00
3.451107078932052818e+00
3.377902502778697080e+00
3.306222582359863438e+00
3.235385468774020001e+00
3.165918326991285170e+00
3.097916897357844590e+00
3.031238880750532161e+00
2.965364372884604638e+00
2.900897406350672725e+00
2.837813067809901391e+00
2.775982115549492146e+00
2.715074768406365191e+00
2.655484965406955666e+00
2.597188289071927780e+00
2.540161164243833092e+00
2.483803885504392905e+00
2.428623970730003467e+00
2.374659104575304713e+00
2.321886330727282566e+00
2.270170763117104418e+00
2.219204008590882182e+00
2.169764763559273835e+00
2.123299872414594613e+00
2.080725419701360934e+00
2.042544667664423663e+00
2.008754616705169749e+00
1.979411685648717167e+00
1.954468982366472929e+00
1.933617097592744027e+00
1.916478249939671086e+00
1.902640590956334199e+00
1.891683935282869156e+00
1.883198380077120149e+00
1.876797150844487838e+00
1.872124837669780106e+00
1.868862049718190477e+00
1.866727325840878304e+00
1.865477031328683255e+00
1.864903825151221106e+00
1.864834169104249595e+00
1.865125256010719434e+00
1.865661626475578760e+00
1.866351731333695030e+00
1.867124544684426901e+00
1.867926375635781122e+00
1.868717926972928156e+00
1.869471652276591289e+00
1.870169423287148636e+00
1.870800507052047923e+00
1.871359840720560053e+00
1.871846593618667010e+00
1.872262969485058104e+00
1.872613252639164338e+00
1.872903034160022351e+00
1.873138623324468899e+00
1.873326595678795448e+00
1.873473461076724078e+00
1.873585439155258880e+00
1.873668290349976395e+00
1.873727236216420788e+00
1.873766911244763245e+00
1.873791351446520759e+00
1.873804018229136448e+00
1.873807824854483384e+00
1.873805183427429411e+00
1.873798060573901969e+00
1.873788025000456159e+00
1.873776304168323303e+00
1.873763837618274586e+00
1.873751321385516366e+00
1.873739252345787420e+00
1.873727967526288118e+00
1.873717673703706010e+00
1.873708482117276475e+00
1.873700429643809562e+00
1.873693496873366504e+00
1.873687627560048030e+00
1.873682740712652395e+00
1.873678740864326508e+00
1.873675528286996350e+00
1.873672997654167283e+00
1.873671049492955598e+00
1.873669590615235192e+00
1.873668535895518072e+00
1.873667805801349617e+00
1.873667337796938837e+00
1.873667076543346743e+00
1.873666966920886967e+00
1.873666971833366057e+00
1.873667057998937624e+00
1.873667198619412666e+00
1.873667372640643203e+00
1.873667563630191601e+00
1.873667759322460880e+00
1.873667950814445371e+00
1.873668131937400005e+00
1.873668298704652457e+00
1.873668448834832079e+00
1.873668581347106121e+00
1.873668696223231844e+00
1.873668794029547335e+00
1.873668876000612826e+00
1.873668943551573651e+00
1.873668998244613748e+00
1.873669041686252479e+00
1.873669075452604860e+00
1.873669101037389817e+00
1.873669119818155426e+00
1.873669133036756085e+00
1.873669141790662795e+00
1.873669147032375859e+00
1.873669149574594517e+00
1.873669150099273706e+00
1.873669149169112425e+00
1.873669147240315302e+00
1.873669144675774501e+00
1.873669141758042889e+00
1.873669138701648862e+00
1.873669135664487007e+00
1.873669132758088329e+00
1.873669130056714982e+00
1.873669127605273932e+00
1.873669125426058679e+00
1.873669123524434710e+00
1.873669121893496214e+00
1.873669120517922337e+00
1.873669119376949688e+00
1.873669118446786852e+00
1.873669117702383424e+00
1.873669117118766936e+00
1.873669116671986767e+00
1.873669116339719665e+00
1.873669116101693399e+00
1.873669115939855079e+00
1.873669115838431543e+00
1.873669115783877848e+00
1.873669115764753590e+00
1.873669115771560811e+00
1.873669115796544604e+00
1.873669115833495047e+00
1.873669115877519387e+00
1.873669115924881723e+00
1.873669115972791843e+00
1.873669116019245129e+00
1.873669116062870454e+00
1.873669116102809840e+00
1.873669116138576562e+00
1.873669116170002757e+00
1.873669116197131945e+00
1.873669116220166408e+00
1.873669116239388144e+00
1.873669116255163969e+00
1.873669116267881352e+00
1.873669116277933311e+00
1.873669116285702652e+00
1.873669116291547976e+00
1.873669116295808568e+00
1.873669116298764203e+00
1.873669116300691773e+00
1.873669116301801996e+00
1.873669116302291604e+00
1.873669116302322468e+00
1.873669116302025595e+00
1.873669116301506232e+00
1.873669116300850090e+00
1.873669116300122450e+00
1.873669116299369719e+00
1.873669116298630755e+00
1.873669116297933090e+00
1.873669116297283166e+00
1.873669116296697412e+00
1.873669116296184933e+00
1.873669116295733961e+00
1.873669116295348935e+00
1.873669116295025416e+00
1.873669116294763848e+00
1.873669116294546022e+00
1.873669116294378600e+00
1.873669116294247594e+00
1.873669116294142567e+00
1.873669116294065518e+00
1.873669116294010450e+00
1.873669116293972925e+00
1.873669116293949166e+00
1.873669116293936732e+00
1.873669116293931847e+00
1.873669116293932513e+00
1.873669116293938730e+00
1.873669116293947612e+00
1.873669116293963377e+00
1.873669116293980252e+00
1.873669116293997128e+00
1.873669116294007564e+00
1.873669116294016224e+00
1.873669116294023773e+00
1.873669116294030434e+00
1.873669116294037096e+00
1.873669116294041315e+00
1.873669116294044867e+00
1.873669116294047754e+00
1.873669116294049086e+00
1.873669116294050863e+00
1.873669116294051307e+00
1.873669116294051751e+00
1.873669116294051751e+00
1.873669116294051751e+00
1.873669116294057524e+00
1.873669116294057524e+00
1.873669116294057524e+00
1.873669116294063075e+00
1.873669116294063519e+00
1.873669116294061965e+00
1.873669116294060855e+00
1.873669116294059522e+00
1.873669116294058412e+00
1.873669116294057524e+00
1.873669116294057080e+00
1.873669116294056192e+00
1.873669116294056414e+00
1.873669116294056192e+00
1.873669116294055970e+00
1.873669116294055970e+00
1.873669116294055303e+00
1.873669116294055081e+00
1.873669116294054415e+00
1.873669116294054415e+00
1.873669116294054415e+00
1.873669116294054415e+00
1.873669116294054415e+00
1.873669116294054415e+00
1.873669116294054415e+00
1.873669116294054415e+00
1.873669116294054415e+00
1.873669116294054415e+00
1.873669116294054415e+00
1.873669116294054415e+00
1.873669116294054415e+00
1.873669116294054415e+00
1.873669116294054415e+00
1.873669116294054415e+00
1.873669116294054415e+00
1.873669116294054415e+00
1.873669116294054415e+00
1.873669116294054415e+00
1.873669116294054415e+00
1.873669116294054415e+00
1.873669116294054415e+00
1.873669116294054415e+00
1.873669116294054415e+00
1.873669116294054415e+00
1.873669116294054415e+00
1.873669116294054415e+00
1.873669116294054415e+00
1.873669116294054415e+00
1.873669116294054415e+00
1.873669116294054415e+00
1.873669116294054415e+00
1.873669116294054415e+00
1.873669116294054415e+00
1.873669116294054415e+00
1.873669116294054415e+00
1.873669116294054415e+00
1.873669116294054415e+00
1.873669116294054415e+00
1.873669116294054415e+00
1.873669116294054415e+00
1.873669116294054415e+00
1.873669116294054415e+00
1.873669116294054415e+00
1.873669116294054415e+00
1.873669116294054415e+00
1.873669116294054415e+00
1.873669116294054415e+00
1.873669116294054415e+00
1.873669116294054415e+00
1.873669116294054415e+00
