1.047585359942886096e-01
2.500297768023130307e-01
3.901603669050013323e-01
5.265917061214134831e-01
6.586079859196120045e-01
7.870663006656436478e-01
9.112010948208211225e-01
1.032183437413456639e+00
1.149367147248765875e+00
1.263766695565172071e+00
1.374182690473118473e+00
1.481972027269635728e+00
1.586571042085292538e+00
1.688360241439400777e+00
1.787673814394899141e+00
1.883860793621670693e+00
1.977862706706209117e+00
2.069317973944024391e+00
2.158223891597127242e+00
2.245141819472564304e+00
2.328058958546941781e+00
2.405007853282026709e+00
2.475071832024569041e+00
2.537570008466680349e+00
2.591767672022716962e+00
2.638520804386982554e+00
2.678234728414091936e+00
2.711459712502751085e+00
2.738828796554325873e+00
2.761010449443929815e+00
2.778673537435838448e+00
2.792427714408802331e+00
2.802857820666891708e+00
2.810593793898824799e+00
2.816125834722414290e+00
2.819884381957125985e+00
2.822241421338588019e+00
2.823513582312406900e+00
2.823966379420314698e+00
2.823819124058657870e+00
2.823250131496752857e+00
2.822401936185396476e+00
2.821386332994887614e+00
2.820289098770332625e+00
2.819174316827260718e+00
2.818088257374540717e+00
2.817062798597795403e+00
2.816118394267795200e+00
2.815266608802472703e+00
2.814512250667646764e+00
2.813855140951687428e+00
2.813291556825340045e+00
2.812815390178372343e+00
2.812419061147612087e+00
2.812094220901205865e+00
2.811832283247257980e+00
2.811624810473562164e+00
2.811463781427086417e+00
2.811341769257359680e+00
2.811252044078342394e+00
2.811188620978182229e+00
2.811146267450703728e+00
2.811120479286301599e+00
2.811107439107420891e+00
2.811103954902737012e+00
2.811107402377454711e+00
2.811115657027939196e+00
2.811127028697203656e+00
2.811140198926542322e+00
2.811154162613890950e+00
2.811168174895219973e+00
2.811181703708083734e+00
2.811194388154065749e+00
2.811206002528909398e+00
2.811216425717296463e+00
2.811225615538245126e+00
2.811233587563356728e+00
2.811240397902356136e+00
2.811246129449407771e+00
2.811250881102526300e+00
2.811254759493148736e+00
2.811257872820166259e+00
2.811260326395288001e+00
2.811262219581876831e+00
2.811263643835030024e+00
2.811264681599566995e+00
2.811265405854570965e+00
2.811265880146757823e+00
2.811266158955802563e+00
2.811266288293852167e+00
2.811266306440683760e+00
2.811266244760594724e+00
2.811266128532455610e+00
2.811265977768947710e+00
2.811265807994729027e+00
2.811265630962263007e+00
2.811265455308549654e+00
2.811265287131496926e+00
2.811265130493405540e+00
2.811264987861712417e+00
2.811264860474504523e+00
2.811264748649549450e+00
2.811264652037697154e+00
2.811264569827928828e+00
2.811264500910414021e+00
2.811264444003620522e+00
2.811264397751174648e+00
2.811264360793565231e+00
2.811264331819312901e+00
2.811264309600479905e+00
2.811264293010793835e+00
2.811264281042455071e+00
2.811264272807388664e+00
2.811264267533006400e+00
2.811264264562818749e+00
2.811264263341304304e+00
2.811264263410450770e+00
2.811264264395858525e+00
2.811264265997117651e+00
2.811264267977595654e+00
2.811264270154814504e+00
2.811264272391597263e+00
2.811264274588087364e+00
2.811264276674684037e+00
2.811264278605900557e+00
2.811264280355103562e+00
2.811264281910058838e+00
2.811264283269240494e+00
2.811264284438800498e+00
2.811264285430129739e+00
2.811264286257923573e+00
2.811264286938691903e+00
2.811264287489625424e+00
2.811264287927760286e+00
2.811264288269395895e+00
2.811264288529700117e+00
2.811264288722485460e+00
2.811264288860071847e+00
2.811264288953275958e+00
2.811264289011444095e+00
2.811264289042515685e+00
2.811264289053148069e+00
2.811264289048839515e+00
2.811264289034050456e+00
2.811264289012348705e+00
2.811264288986528914e+00
2.811264288958731150e+00
2.811264288930554134e+00
2.811264288903147612e+00
2.811264288877303841e+00
2.811264288853528193e+00
2.811264288832101332e+00
2.811264288813142720e+00
2.811264288796638589e+00
2.811264288782493015e+00
2.811264288770549680e+00
2.811264288760617625e+00
2.811264288753340779e+00
2.811264288746739837e+00
2.811264288741491590e+00
2.811264288737398864e+00
2.811264288734277805e+00
2.811264288731966321e+00
2.811264288730314753e+00
2.811264288729195204e+00
2.811264288729355965e+00
2.811264288728936300e+00
2.811264288728744898e+00
2.811264288728723137e+00
2.811264288728823502e+00
2.811264288729864003e+00
2.811264288730913385e+00
2.811264288731069705e+00
2.811264288731208705e+00
2.811264288731331273e+00
2.811264288731435634e+00
2.811264288731525784e+00
2.811264288731601724e+00
2.811264288731663008e+00
2.811264288731715411e+00
2.811264288731755823e+00
2.811264288731787797e+00
2.811264288731812666e+00
2.811264288731831318e+00
2.811264288731844196e+00
2.811264288731853522e+00
2.811264288732719052e+00
2.811264288732676420e+00
2.811264288732613803e+00
2.811264288732542305e+00
2.811264288732465033e+00
2.811264288732386873e+00
2.811264288732309602e+00
2.811264288732238104e+00
2.811264288732171934e+00
2.811264288732111094e+00
2.811264288732059136e+00
2.811264288732871819e+00
2.811264288732787886e+00
2.811264288732693295e+00
2.811264288732593819e+00
2.811264288732494787e+00
2.811264288732400640e+00
2.811264288733170247e+00
2.811264288733044570e+00
2.811264288732910011e+00
2.811264288732775007e+00
2.811264288732644001e+00
2.811264288733381189e+00
2.811264288733222649e+00
2.811264288733057892e+00
2.811264288732894912e+00
2.811264288732740813e+00
2.811264288732596484e+00
2.811264288732465921e+00
2.811264288732350014e+00
2.811264288732248318e+00
2.811264288732160388e+00
2.811264288732087113e+00
2.811264288732024497e+00
2.811264288731972982e+00
2.811264288731929906e+00
2.811264288731896599e+00
2.811264288731869510e+00
2.811264288731849081e+00
2.811264288731835315e+00
2.811264288731826877e+00
2.811264288731818439e+00
2.811264288732671979e+00
2.811264288732624461e+00
2.811264288732561401e+00
2.811264288732490346e+00
2.811264288732415295e+00
2.811264288732340688e+00
2.811264288732268746e+00
2.811264288732200800e+00
2.811264288732138628e+00
2.811264288732942873e+00
2.811264288732848726e+00
2.811264288732744809e+00
2.811264288732637340e+00
2.811264288732531202e+00
2.811264288732429062e+00
2.811264288732334915e+00
2.811264288732250538e+00
2.811264288732174599e+00
2.811264288732107097e+00
2.811264288732048922e+00
2.811264288731999628e+00
2.811264288731957883e+00
2.811264288731924132e+00
2.811264288731897043e+00
2.811264288731875283e+00
2.811264288731856631e+00
2.811264288732702621e+00
2.811264288732647998e+00
2.811264288732577388e+00
2.811264288732501004e+00
2.811264288732420180e+00
2.811264288732342465e+00
2.811264288732268746e+00
2.811264288732198580e+00
2.811264288732135519e+00
2.811264288732080008e+00
2.811264288732890027e+00
2.811264288732802541e+00
2.811264288732704841e+00
2.811264288732601813e+00
2.811264288732500560e+00
2.811264288732404193e+00
2.811264288732314487e+00
2.811264288732231886e+00
2.811264288732159500e+00
2.811264288732094663e+00
2.811264288732040040e+00
2.811264288731993854e+00
2.811264288731953442e+00
2.811264288731921468e+00
2.811264288731894823e+00
2.811264288731873062e+00
2.811264288731856187e+00
2.811264288731844196e+00
2.811264288731834426e+00
2.811264288731828209e+00
2.811264288731825101e+00
2.811264288731821548e+00
2.811264288731819772e+00
2.811264288731817551e+00
2.811264288731816663e+00
2.811264288731817107e+00
2.811264288731817551e+00
2.811264288731818883e+00
2.811264288731819772e+00
2.811264288731821548e+00
2.811264288731822880e+00
2.811264288731824657e+00
2.811264288732686634e+00
2.811264288732643557e+00
2.811264288732581385e+00
2.811264288732509886e+00
2.811264288732435723e+00
2.836800623485002060e+00
2.905079358392126831e+00
2.973369686510399124e+00
3.040201547147319161e+00
3.104905521968032378e+00
3.168221580353379085e+00
3.230201859341708115e+00
3.290879440826572466e+00
3.349683937697646385e+00
3.407214020062847570e+00
3.463547958903868018e+00
3.518714343352801865e+00
3.572513285783150749e+00
3.624923764628893874e+00
3.676257264914084111e+00
3.726538839403243486e+00
3.775792841513432752e+00
3.823838199167238106e+00
3.870662583867644280e+00
3.916537257241279324e+00
3.961483783293650696e+00
4.005523259273401138e+00
4.048676318739797608e+00
4.090588697536264640e+00
4.131588007509801486e+00
4.171768468481087844e+00
4.211148289449469395e+00
4.249745126848490706e+00
4.287576110437870014e+00
4.324515787921212606e+00
4.360529295354147905e+00
4.395832242613828100e+00
4.430439940051147829e+00
4.464235074085855182e+00
4.496281592986462350e+00
4.525972483679773894e+00
4.552956331115182387e+00
4.576945090240549519e+00
4.597997491476230714e+00
4.616296684233426539e+00
4.632004018868689066e+00
4.645323513923007575e+00
4.656482620134982930e+00
4.665717702217741625e+00
4.673263373437664292e+00
4.679344952487685561e+00
4.684173402984560752e+00
4.687942205897996040e+00
4.690825743526887415e+00
4.692978788282280433e+00
4.694536815106950201e+00
4.695616887162309183e+00
4.696318913666166495e+00
4.696727141037443154e+00
4.696911754125542515e+00
4.696930495400710726e+00
4.696830250787446204e+00
4.696648553045108088e+00
4.696414973742307097e+00
4.696152389927791937e+00
4.695878118260751855e+00
4.695604913874894315e+00
4.695341842477509964e+00
4.695095022365510573e+00
4.694868262608834719e+00
4.694663592339260560e+00
4.694481701768294712e+00
4.694322302015072168e+00
4.694184414844042585e+00
4.694066605206422160e+00
4.693967161082293060e+00
4.693884232348108476e+00
4.693815929362044947e+00
4.693760404522063112e+00
4.693715898819096566e+00
4.693680782454761946e+00
4.693653570716437073e+00
4.693632930895176969e+00
4.693617687797958737e+00
4.693606818226632171e+00
4.693599441504521685e+00
4.693594809543239599e+00
4.693592294757313432e+00
4.693591377106153040e+00
4.693591630223250988e+00
4.693592710288660541e+00
4.693594342544839648e+00
4.693596313156499278e+00
4.693598457582678130e+00
4.693600652468890466e+00
4.693602808076261290e+00
4.693604861727075139e+00
4.693606772200322297e+00
4.693608514997237080e+00
4.693610078389935936e+00
4.693611460164247795e+00
4.693612664969597503e+00
4.693613702106073760e+00
4.693614584109411680e+00
4.693615325781207659e+00
4.693615941457883523e+00
4.693616446125964181e+00
4.693616854285055595e+00
4.693617179590066968e+00
4.693617434624925977e+00
4.693617630777841221e+00
4.693617778193345913e+00
4.693617885444830939e+00
4.693617960606873751e+00
4.693618010296563448e+00
4.693618040108547440e+00
4.693618054716135468e+00
4.693618058309745322e+00
4.693618053678564550e+00
4.693618043338187107e+00
4.693618029279184256e+00
4.693618013049293047e+00
4.693617995827212397e+00
4.693617978487928610e+00
4.693617961659733773e+00
4.693617945773346456e+00
4.693617931103769791e+00
4.693617917805473105e+00
4.693617905941624535e+00
4.693617895508101157e+00
4.693617886452903676e+00
4.693617878691653367e+00
4.693617872119782319e+00
4.693617866621874413e+00
4.693617862078771630e+00
4.693617858372695295e+00
4.693617855390909810e+00
4.693617853028142939e+00
4.693617851188057521e+00
4.693617849783997542e+00
4.693617848739183529e+00
4.693617847986504721e+00
4.693617847468069648e+00
4.693617847134537335e+00
4.693617846944365013e+00
4.693617846862991883e+00
4.693617846862044196e+00
4.693617846918502146e+00
4.693617847013979549e+00
4.693617847134026633e+00
4.693617847267485210e+00
4.693617847405927357e+00
4.693617847543183785e+00
4.693617847674884658e+00
4.693617847798101650e+00
4.693617847911046859e+00
4.693617848012782368e+00
4.693617848103031065e+00
4.693617848181992791e+00
4.693617848250188018e+00
4.693617848308372587e+00
4.693617848357413358e+00
4.693617848398248249e+00
4.693617848431831163e+00
4.693617848459075148e+00
4.693617848480879928e+00
4.693617848498047529e+00
4.693617848511322244e+00
4.693617848521363101e+00
4.693617848528750081e+00
4.693617848533991221e+00
4.693617848537524395e+00
4.693617848539714643e+00
4.693617848540871940e+00
4.693617848541259185e+00
4.693617848541076221e+00
4.693617848540488247e+00
4.693617848539639148e+00
4.693617848538626625e+00
4.693617848537537718e+00
4.693617848536434600e+00
4.693617848535353687e+00
4.693617848534329617e+00
4.693617848533375714e+00
4.693617848532513293e+00
4.693617848531735248e+00
4.693617848531054904e+00
4.693617848530458936e+00
4.693617848529946457e+00
4.693617848529504144e+00
4.693617848529137326e+00
4.693617848528838010e+00
4.693617848528588432e+00
4.693617848528382375e+00
4.693617848528220726e+00
4.693617848528093717e+00
4.693617848527993353e+00
4.693617848527921410e+00
4.693617848527867231e+00
4.693617848527836145e+00
4.693617848527813941e+00
4.693617848527792624e+00
4.693617848527784631e+00
4.693617848527787295e+00
4.693617848527797065e+00
4.693617848527808611e+00
4.693617848527818381e+00
4.693617848527832592e+00
4.693617848527839698e+00
4.693617848527846803e+00
4.693617848527860126e+00
4.693617848527869896e+00
4.693617848527879666e+00
4.693617848527885883e+00
4.693617848527896541e+00
4.693617848527902758e+00
4.693617848527912528e+00
4.693617848527917857e+00
4.693617848527919634e+00
4.693617848527921410e+00
4.693617848527922298e+00
4.693617848527921410e+00
4.693617848527921410e+00
4.693617848527921410e+00
4.693617848527922298e+00
4.693617848527918746e+00
4.693617848527915193e+00
4.693617848527915193e+00
4.693617848527916969e+00
4.693617848527916969e+00
4.693617848527917857e+00
4.693617848527918746e+00
4.693617848527919634e+00
4.693617848527915193e+00
4.693617848527916969e+00
4.693617848527916969e+00
4.693617848527917857e+00
4.693617848527918746e+00
4.693617848527919634e+00
4.693617848527915193e+00
4.693617848527916969e+00
4.693617848527916969e+00
4.693617848527917857e+00
4.693617848527918746e+00
4.693617848527915193e+00
4.693617848527915193e+00
4.693617848527916969e+00
4.693617848527916969e+00
4.693617848527917857e+00
4.693617848527918746e+00
4.693617848527919634e+00
4.693617848527915193e+00
4.693617848527916969e+00
4.693617848527916969e+00
4.693617848527917857e+00
4.693617848527918746e+00
4.693617848527919634e+00
4.693617848527915193e+00
4.693617848527916969e+00
4.693617848527916969e+00
4.693617848527917857e+00
4.693617848527918746e+00
4.693617848527919634e+00
4.693617848527915193e+00
4.693617848527916969e+00
4.693617848527916969e+00
4.693617848527917857e+00
4.693617848527918746e+00
4.693617848527919634e+00
4.693617848527915193e+00
4.693617848527916969e+00
4.693617848527916969e+00
4.693617848527917857e+00
4.693617848527918746e+00
4.693617848527915193e+00
4.693617848527915193e+00
4.693617848527916969e+00
4.693617848527916969e+00
4.693617848527917857e+00
4.693617848527918746e+00
4.693617848527919634e+00
4.693617848527915193e+00
4.693617848527916969e+00
4.693617848527916969e+00
4.693617848527917857e+00
4.693617848527918746e+00
4.693617848527919634e+00
4.693617848527915193e+00
4.693617848527916969e+00
4.693617848527916969e+00
4.693617848527917857e+00
4.693617848527918746e+00
4.693617848527919634e+00
4.693617848527915193e+00
4.693617848527916969e+00
4.693617848527916969e+00
4.693617848527917857e+00
4.693617848527918746e+00
4.693617848527915193e+00
4.693617848527915193e+00
4.693617848527916969e+00
4.693617848527916969e+00
4.693617848527917857e+00
4.693617848527918746e+00
4.693617848527919634e+00
4.599458051636707623e+00
4.506620501332662343e+00
4.415268610940104921e+00
4.327085529000284758e+00
4.243621610563448776e+00
4.166749536325909276e+00
4.097391261130823636e+00
4.035608741045566994e+00
3.981182497666369891e+00
3.934247215144237142e+00
3.894314381563459548e+00
3.860787577157674733e+00
3.833014622869750365e+00
3.810326722680798639e+00
3.791969949754705027e+00
3.777378827782256199e+00
3.766047147391395011e+00
3.757443225433560130e+00
3.751090685745595898e+00
3.746569593886776239e+00
3.743515245551149562e+00
3.741615329602966167e+00
3.740606032246377222e+00
3.740267526575820067e+00
3.740419187159461423e+00
3.740914780509592141e+00
3.741637797060948234e+00
3.742497085486526931e+00
3.743422813720566289e+00
3.744362840538413728e+00
3.745279492908366148e+00
3.746146755413056084e+00
3.746947851026470211e+00
3.747673184755396125e+00
3.748318623250480375e+00
3.748884073715332832e+00
3.749372325491322488e+00
3.749788122553859182e+00
3.750137434186706198e+00
3.750426888164616557e+00
3.750663344999551452e+00
3.750853587128492705e+00
3.751004098774552986e+00
3.751120919359287154e+00
3.751209559260990645e+00
3.751274944763496766e+00
3.751321426427574490e+00
3.751352771215842541e+00
3.751372209734872953e+00
3.751382468376306623e+00
3.751385818268893058e+00
3.751384124494305361e+00
3.751378896473894997e+00
3.751371336238667364e+00
3.751362383694647917e+00
3.751352758477287885e+00
3.751342997503152255e+00
3.751333488290638396e+00
3.751324498042643452e+00
3.751316198670243462e+00
3.751308688029983518e+00
3.751302007704285568e+00
3.751296157683158938e+00
3.751291108313239420e+00
3.751286810064365262e+00
3.751283200484985425e+00
3.751280210377982538e+00
3.751277768716344774e+00
3.751275805360136939e+00
3.751274252666410458e+00
3.751273048146513300e+00
3.751272135075292002e+00
3.751271462153919600e+00
3.751270984181805268e+00
3.751270662392798272e+00
3.751270463407244904e+00
3.751270359049958980e+00
3.751270325863369504e+00
3.751270344588113481e+00
3.751270399641341236e+00
3.751270478620909898e+00
3.751270571833268175e+00
3.751270671861446804e+00
3.751270773175857443e+00
3.751270871789538663e+00
3.751270964957326814e+00
3.751271050917132310e+00
3.751271128670454313e+00
3.751271197798640600e+00
3.751271258311283052e+00
3.751271310522835023e+00
3.751271354953807702e+00
3.751271392252987891e+00
3.751271423137420236e+00
3.751271448347194504e+00
3.751271468612405791e+00
3.751271484629954411e+00
3.751271497048199066e+00
3.751271506457751759e+00
3.751271513386977396e+00
3.751271518301016350e+00
3.751271521603332992e+00
3.751271523639033489e+00
3.751271524699306692e+00
3.751271525026518727e+00
3.751271524819576708e+00
3.751271524239322641e+00
3.751271523413719056e+00
3.751271522442731321e+00
3.751271521402792519e+00
3.751271520350841548e+00
3.751271519327889603e+00
3.751271518362130131e+00
3.751271517471616246e+00
3.751271516666528250e+00
3.751271515951069446e+00
3.751271515325037331e+00
3.751271514785097239e+00
3.751271514325789536e+00
3.751271513940352964e+00
3.751271513621328602e+00
3.751271513361027488e+00
3.751271513151869907e+00
3.751271512986638523e+00
3.751271512858608492e+00
3.751271512761666482e+00
3.751271512690343535e+00
3.751271512639822614e+00
3.751271512605932834e+00
3.751271512585110823e+00
3.751271512574339884e+00
3.751271512571123345e+00
3.751271512573404188e+00
3.751271512579519296e+00
3.751271512588148394e+00
3.751271512598260749e+00
3.751271512609074321e+00
3.751271512619994475e+00
3.751271512630605542e+00
3.751271512640617978e+00
3.751271512649841267e+00
3.751271512658175045e+00
3.751271512665581120e+00
3.751271512672057273e+00
3.751271512677639031e+00
3.751271512682385456e+00
3.751271512686371157e+00
3.751271512689665411e+00
3.751271512692353927e+00
3.751271512694511756e+00
3.751271512696215282e+00
3.751271512697535115e+00
3.751271512698534760e+00
3.751271512699271504e+00
3.751271512699789756e+00
3.751271512700138810e+00
3.751271512700351529e+00
3.751271512700458999e+00
3.751271512700491861e+00
3.751271512700466548e+00
3.751271512700401267e+00
3.751271512700312449e+00
3.751271512700207200e+00
3.751271512700093957e+00
3.751271512699984267e+00
3.751271512699873245e+00
3.751271512699768440e+00
3.751271512699672517e+00
3.751271512699586363e+00
3.751271512699509092e+00
3.751271512699442034e+00
3.751271512699382527e+00
3.751271512699333677e+00
3.751271512699290600e+00
3.751271512699256849e+00
3.751271512699229316e+00
3.751271512699205779e+00
3.751271512699187571e+00
3.751271512699174693e+00
3.751271512699165367e+00
3.751271512699157817e+00
3.751271512699153377e+00
3.751271512699147603e+00
3.751271512699147603e+00
3.751271512699149380e+00
3.751271512699148492e+00
3.751271512699148492e+00
3.751271512699148492e+00
3.751271512699152044e+00
3.751271512699156041e+00
3.751271512699160482e+00
3.751271512699162258e+00
3.751271512699162258e+00
3.751271512699162258e+00
3.751271512699162258e+00
3.751271512699162258e+00
3.751271512699162258e+00
3.751271512699162258e+00
3.751271512699162258e+00
3.751271512699162258e+00
3.751271512699162258e+00
3.751271512699164035e+00
3.751271512699165367e+00
3.751271512699166699e+00
3.751271512699166255e+00
3.751271512699165367e+00
3.751271512699164479e+00
3.751271512699164035e+00
3.751271512699163146e+00
3.751271512699162258e+00
3.751271512699164035e+00
3.751271512699165367e+00
3.751271512699164479e+00
3.751271512699164035e+00
3.751271512699163146e+00
3.751271512699164479e+00
3.751271512699164035e+00
3.751271512699163146e+00
3.751271512699164479e+00
3.751271512699166255e+00
3.751271512699165367e+00
3.751271512699164479e+00
3.751271512699164035e+00
3.751271512699163146e+00
3.751271512699162258e+00
3.751271512699164035e+00
3.751271512699165367e+00
3.751271512699164479e+00
3.751271512699164035e+00
3.751271512699163146e+00
3.751271512699164479e+00
3.751271512699166255e+00
3.751271512699165367e+00
3.751271512699164479e+00
3.751271512699164035e+00
3.751271512699163146e+00
3.751271512699162258e+00
3.751271512699164035e+00
3.751271512699165367e+00
3.751271512699164479e+00
3.751271512699164035e+00
3.751271512699163146e+00
3.751271512699164479e+00
3.751271512699166255e+00
3.751271512699165367e+00
3.751271512699164479e+00
3.751271512699164035e+00
3.751271512699163146e+00
3.751271512699164479e+00
3.751271512699164035e+00
3.751271512699163146e+00
3.751271512699164479e+00
3.751271512699164035e+00
3.751271512699165367e+00
3.751271512699164479e+00
3.751271512699164035e+00
3.751271512699163146e+00
3.751271512699164479e+00
3.751271512699164035e+00
3.751271512699163146e+00
3.751271512699164479e+00
3.751271512699166255e+00
3.751271512699165367e+00
3.751271512699164479e+00
3.751271512699164035e+00
3.751271512699163146e+00
3.751271512699162258e+00
3.751271512699164035e+00
3.751271512699165367e+00
3.751271512699164479e+00
3.751271512699164035e+00
3.751271512699163146e+00
3.751271512699164479e+00
3.751271512699166255e+00
3.751271512699165367e+00
3.751271512699164479e+00
3.751271512699164035e+00
3.751271512699163146e+00
3.751271512699162258e+00
3.751271512699164035e+00
3.751271512699165367e+00
3.751271512699166699e+00
3.751271512699166255e+00
3.751271512699165367e+00
3.751271512699164479e+00
3.751271512699164035e+00
3.751271512699163146e+00
3.751271512699162258e+00
3.751271512699164035e+00
3.751271512699165367e+00
3.751271512699164479e+00
3.751271512699164035e+00
3.751271512699163146e+00
3.751271512699164479e+00
3.751271512699164035e+00
3.751271512699163146e+00
3.751271512699164479e+00
3.751271512699166255e+00
3.751271512699165367e+00
3.751271512699164479e+00
3.762667609695255155e+00
3.811101206361505511e+00
3.858184322938134070e+00
3.904311858425517201e+00
3.949505502560787917e+00
3.993786477652619293e+00
4.037175541412596047e+00
4.079438454251229196e+00
4.120660801666180539e+00
4.161059313312633456e+00
4.200652351186022315e+00
4.239457717471941223e+00
4.277492680894292576e+00
4.314723075935725127e+00
4.350930027532110778e+00
4.386422241914387676e+00
4.421215133394706065e+00
4.455323733383091955e+00
4.488762701861245041e+00
4.521546338436060353e+00
4.553688592991256279e+00
4.584997766060278757e+00
4.615615244076380463e+00
4.645636448273917196e+00
4.675073870153653388e+00
4.703939765634858716e+00
4.732246155196264681e+00
4.760004824487976016e+00
4.787227325366383290e+00
4.813924977307708630e+00
4.839831480291395316e+00
4.865214175321766810e+00
4.890110132375445673e+00
4.914529450420940471e+00
4.938481956764388059e+00
4.961977218218882157e+00
4.985024551640350410e+00
5.007633033871838890e+00
5.029811511134983704e+00
5.051568607904750152e+00
5.072883962720599271e+00
5.093635392434346265e+00
5.113992946523999272e+00
5.133964500215359550e+00
5.153557760018895983e+00
5.172780259575378459e+00
5.191639372665812324e+00
5.210142312239590900e+00
5.228296134870206835e+00
5.246107746929383531e+00
5.263583903584774681e+00
5.280731215815627877e+00
5.297556154733171319e+00
5.314065051555202146e+00
5.330201380533867273e+00
5.345955624514806992e+00
5.361414642019041388e+00
5.376584176771647350e+00
5.391469858010327521e+00
5.406077200043609920e+00
5.420411609595266356e+00
5.434478381965394789e+00
5.448282703439909724e+00
5.461829660595165059e+00
5.475124233223811032e+00
5.488171300253670282e+00
5.500975648211908542e+00
5.513541955705386854e+00
5.525874817078031853e+00
5.537978730794272053e+00
5.549858105676680253e+00
5.561274026245222046e+00
5.571979859671809088e+00
5.581771460202500812e+00
5.590583932570627468e+00
5.598440741484844274e+00
5.605356425772531459e+00
5.611372352478028347e+00
5.616547684628615755e+00
5.620952344514255294e+00
5.624661637646235057e+00
5.627752231900002400e+00
5.630299246040348038e+00
5.632374220001509890e+00
5.634043782289309021e+00
5.635368860305178806e+00
5.636404305299918427e+00
5.637198823001221548e+00
5.637795128735532124e+00
5.638230251071250976e+00
5.638535940981846295e+00
5.638739133341491794e+00
5.638862438478997596e+00
5.638924632757002620e+00
5.638941138730002578e+00
5.638924472253956210e+00
5.638884664353083664e+00
5.638829640480688354e+00
5.638765560410536004e+00
5.638697123099473352e+00
5.638627827071229781e+00
5.638560199079379665e+00
5.638495988623466459e+00
5.638436332646336702e+00
5.638381893104647880e+00
5.638332970877839578e+00
5.638289599916165962e+00
5.638251620276398590e+00
5.638218743498183194e+00
5.638190589614282544e+00
5.638166736972078041e+00
5.638146741789783256e+00
5.638130159251297790e+00
5.638116559739144940e+00
5.638105537708497650e+00
5.638096719773141530e+00
5.638089766054672047e+00
5.638084372571719349e+00
5.638080270885097001e+00
5.638077226758269944e+00
5.638075038097648317e+00
5.638073532416758127e+00
5.638072564051197055e+00
5.638072011286715757e+00
5.638071773519849117e+00
5.638071768535164452e+00
5.638071929955552619e+00
5.638072204899915008e+00
5.638072551866122772e+00
5.638072938844572057e+00
5.638073341658465409e+00
5.638073742520705700e+00
5.638074128792882611e+00
5.638074491929634391e+00
5.638074826589904553e+00
5.638075129896828130e+00
5.638075400828034489e+00
5.638075639719213328e+00
5.638075847864821633e+00
5.638076027201444518e+00
5.638076180060468623e+00
5.638076308978486217e+00
5.638076416555138692e+00
5.638076505349499890e+00
5.638076577807434653e+00
5.638076636213447124e+00
5.638076682661594674e+00
5.638076719040994611e+00
5.638076747032222613e+00
5.638076768111573323e+00
5.638076783560909355e+00
5.638076794480995524e+00
5.638076801807021532e+00
5.638076806325196699e+00
5.638076808689413078e+00
5.638076809437551518e+00
5.638076809006951962e+00
5.638076807748720221e+00
5.638076805940864134e+00
5.638076803800006864e+00
5.638076801491810564e+00
5.638076799140098849e+00
5.638076796834728732e+00
5.638076794638354983e+00
5.638076792592118025e+00
5.638076790720445430e+00
5.638076789035066483e+00
5.638076787538212287e+00
5.638076786225267867e+00
5.638076785086881593e+00
5.638076784110629625e+00
5.638076783282306437e+00
5.638076782586896485e+00
5.638076782009296295e+00
5.638076781534841153e+00
5.638076781149671035e+00
5.638076780840950875e+00
5.638076780596978921e+00
5.638076780407277333e+00
5.638076780262585075e+00
5.638076780154796630e+00
5.638076780076913153e+00
5.638076780022942991e+00
5.638076779987830633e+00
5.638076779967340357e+00
5.638076779957966522e+00
5.638076779956845641e+00
5.638076779961656015e+00
5.638076779970536023e+00
5.638076779982029940e+00
5.638076779995017773e+00
5.638076780008651312e+00
5.638076780022287515e+00
5.638076780035476077e+00
5.638076780047911463e+00
5.638076780059403603e+00
5.638076780069839700e+00
5.638076780079183337e+00
5.638076780087432738e+00
5.638076780094631424e+00
5.638076780100844232e+00
5.638076780106149322e+00
5.638076780110628405e+00
5.638076780114372966e+00
5.638076780117468267e+00
5.638076780119996911e+00
5.638076780122044163e+00
5.638076780123674858e+00
5.638076780124950282e+00
5.638076780125931720e+00
5.638076780126677789e+00
5.638076780127219578e+00
5.638076780127607712e+00
5.638076780127869725e+00
5.638076780128033150e+00
5.638076780128124632e+00
5.638076780128154830e+00
5.638076780128143284e+00
5.638076780128103316e+00
5.638076780128042920e+00
5.638076780127974530e+00
5.638076780127893706e+00
5.638076780127817322e+00
5.638076780127738274e+00
5.638076780127662779e+00
5.638076780127593501e+00
5.638076780127530441e+00
5.638076780127480703e+00
5.638076780127430077e+00
5.638076780127387444e+00
5.638076780127343035e+00
5.638076780127303955e+00
5.638076780127273757e+00
5.638076780127254217e+00
5.638076780127234677e+00
5.638076780127216026e+00
5.638076780127204479e+00
5.638076780127192045e+00
5.638076780127182275e+00
5.638076780127174281e+00
5.638076780127168952e+00
5.638076780127162735e+00
5.638076780127156518e+00
5.638076780127152077e+00
5.638076780127148524e+00
5.638076780127152077e+00
5.638076780127149412e+00
5.638076780127149412e+00
5.638076780127147636e+00
5.638076780127148524e+00
5.638076780127152965e+00
5.638076780127157406e+00
5.638076780127160959e+00
5.638076780127160959e+00
5.638076780127160070e+00
5.638076780127162735e+00
5.638076780127160070e+00
5.638076780127162735e+00
5.638076780127160959e+00
5.638076780127156518e+00
5.638076780127160070e+00
5.638076780127157406e+00
5.638076780127160070e+00
5.638076780127157406e+00
5.638076780127160070e+00
5.638076780127158294e+00
5.638076780127160959e+00
5.638076780127156518e+00
5.638076780127160070e+00
5.638076780127158294e+00
5.638076780127160959e+00
5.638076780127160070e+00
5.638076780127156518e+00
5.638076780127157406e+00
5.638076780127154741e+00
5.638076780127156518e+00
5.638076780127157406e+00
5.638076780127154741e+00
5.638076780127154741e+00
5.638076780127154741e+00
5.638076780127154741e+00
5.638076780127154741e+00
5.638076780127154741e+00
5.638076780127154741e+00
5.638076780127154741e+00
5.638076780127154741e+00
5.638076780127154741e+00
5.638076780127154741e+00
5.638076780127154741e+00
5.638076780127154741e+00
5.638076780127154741e+00
5.638076780127154741e+00
5.638076780127154741e+00
5.638076780127154741e+00
5.638076780127154741e+00
5.638076780127154741e+00
5.638076780127154741e+00
5.638076780127154741e+00
5.638076780127154741e+00
5.638076780127154741e+00
5.529569067277964045e+00
5.422464186442827128e+00
5.317306482499768450e+00
5.213250238941489201e+00
5.111157006616981135e+00
5.010469200114435750e+00
4.911328985044424833e+00
4.814059350921243485e+00
4.717565589976413065e+00
4.622940442352593493e+00
4.529856815608567011e+00
4.438049151364845457e+00
4.348045486724742226e+00
4.259358589287271180e+00
4.172076650137944931e+00
4.086533882749493252e+00
4.002133674467515334e+00
3.919108350960409659e+00
3.837762496568509984e+00
3.757649363169931256e+00
3.678840547484461876e+00
3.601646418326368337e+00
3.525822298211313655e+00
3.451068160756832981e+00
3.377864393428425593e+00
3.306185268473359251e+00
3.235348532431144619e+00
3.165882168360958371e+00
3.097881503241899370e+00
3.031203849895891533e+00
2.965330088985705270e+00
2.900863856448325784e+00
2.837780238659892706e+00
2.775949721465330811e+00
2.715043074059037220e+00
2.655453957714299484e+00
2.597157955416812936e+00
2.540131492431014326e+00
2.483774531936577823e+00
2.428595262436969549e+00
2.374631029473518229e+00
2.321858876749253398e+00
2.270143647076444005e+00
2.219177495875301886e+00
2.169741065168978356e+00
2.123280378627488307e+00
2.080710823914655450e+00
2.042535116742464130e+00
2.008749780049817968e+00
1.979411083788481962e+00
1.954471846429152393e+00
1.933622570320144174e+00
1.916485449667692853e+00
1.902648671262711533e+00
1.891692124850139267e+00
1.883206008333686121e+00
1.876803661768381426e+00
1.872129794357355159e+00
1.868865130877207292e+00
1.866728318422567146e+00
1.865475818836396682e+00
1.864900374183662501e+00
1.864828515313268875e+00
1.865117489184859201e+00
1.865651877799599401e+00
1.866340159804748877e+00
1.867111329523732710e+00
1.867911703203966045e+00
1.868701985047129588e+00
1.869454625220628996e+00
1.870151484850426149e+00
1.870781818629822180e+00
1.871340548690132888e+00
1.871826828343785110e+00
1.872242844930411154e+00
1.872592868848220515e+00
1.872882473475256715e+00
1.873117951171068274e+00
1.873305866810388576e+00
1.873452718561493757e+00
1.873564715821450122e+00
1.873647610221849336e+00
1.873706615894411565e+00
1.873746361196019228e+00
1.873770877183498440e+00
1.873783621363733776e+00
1.873787503937656140e+00
1.873784935000667007e+00
1.873777879578487404e+00
1.873767904422571906e+00
1.873756239516391808e+00
1.873743821166007795e+00
1.873731346530613573e+00
1.873719312788677982e+00
1.873708056452676018e+00
1.873697787776656964e+00
1.873688615541542202e+00
1.873680577235458333e+00
1.873673655075916544e+00
1.873667794383742757e+00
1.873662913642111905e+00
1.873658917835542281e+00
1.873655707640106138e+00
1.873653178085669113e+00
1.873651230005331625e+00
1.873649770472861853e+00
1.873648714580139041e+00
1.873647986394516796e+00
1.873647519291027796e+00
1.873647252412263597e+00
1.873647141299525698e+00
1.873647144771602768e+00
1.873647229583212059e+00
1.873647371757509283e+00
1.873647547202202057e+00
1.873647739539554324e+00
1.873647936473249231e+00
1.873648129083029135e+00
1.873648311193004456e+00
1.873648478816703378e+00
1.873648629678088540e+00
1.873648762805032453e+00
1.873648878189967171e+00
1.873648976511614217e+00
1.873649058910262788e+00
1.873649124013242240e+00
1.873649176343911371e+00
1.873649217575649395e+00
1.873649249326161614e+00
1.873649273111201996e+00
1.873649290315596794e+00
1.873649302054358090e+00
1.873649309667410945e+00
1.873649313963728913e+00
1.873649315736112486e+00
1.873649315645574465e+00
1.873649314233928997e+00
1.873649311814020502e+00
1.873649308983567741e+00
1.873649305757250749e+00
1.873649302586914533e+00
1.873649299488864939e+00
1.873649296561648470e+00
1.873649293868749899e+00
1.873649291446269904e+00
1.873649289309459842e+00
1.873649287334805624e+00
1.873649285764650507e+00
1.873649284452902020e+00
1.873649283375459662e+00
1.873649282506151259e+00
1.873649281818347667e+00
1.873649281162776958e+00
1.873649280645134363e+00
1.873649280368856251e+00
1.873649280061772782e+00
1.873649279834361137e+00
1.873649279672364942e+00
1.873649279686464331e+00
1.873649279735493556e+00
1.873649279807468204e+00
1.873649279892982022e+00
1.873649279984828553e+00
1.873649280077634316e+00
1.873649280167545728e+00
1.873649280251934002e+00
1.873649280329139799e+00
1.873649280398263617e+00
1.873649280458974831e+00
1.873649280511364701e+00
1.873649280555818253e+00
1.873649280592915023e+00
1.873649280623351565e+00
1.873649280524540384e+00
1.873649280427376551e+00
1.873649280458466571e+00
1.873649280489814162e+00
1.873649280520136351e+00
1.873649280548560281e+00
1.873649280451202825e+00
1.873649280481236801e+00
1.873649280510955695e+00
1.873649280539305462e+00
1.873649280565588215e+00
1.873649280589388066e+00
1.873649280610506063e+00
1.873649280628902014e+00
1.873649280644653414e+00
1.873649280657916583e+00
1.873649280668901129e+00
1.873649280554503971e+00
1.873649280568438602e+00
1.873649280583348231e+00
1.873649280475039536e+00
1.873649280496368474e+00
1.873649280519315230e+00
1.873649280542527329e+00
1.873649280565032660e+00
1.873649280586167754e+00
1.873649280605515610e+00
1.873649280622844637e+00
1.873649280638070014e+00
1.873649280651214832e+00
1.873649280662371686e+00
1.873649280548348672e+00
1.873649280562787123e+00
1.873649280454936283e+00
1.873649280477365453e+00
1.873649280501825221e+00
1.873649280526787475e+00
1.873649280551145768e+00
1.873649280574134268e+00
1.873649280595262256e+00
1.873649280614253287e+00
1.873649280630991676e+00
1.873649280645484749e+00
1.873649280657821992e+00
1.873649280668150174e+00
1.873649280676652706e+00
1.873649280683528540e+00
1.873649280688983509e+00
1.873649280569879672e+00
1.873649280579876120e+00
1.873649280468207667e+00
1.873649280487411195e+00
1.873649280385854654e+00
1.873649280415421892e+00
1.873649280447347021e+00
1.873649280479717349e+00
1.873649280511156645e+00
1.873649280540720552e+00
1.873649280567812436e+00
1.873649280592101896e+00
1.873649280613462809e+00
1.873649280631917380e+00
1.873649280524257277e+00
1.873649280544148921e+00
1.873649280564231079e+00
1.873649280583674859e+00
1.873649280601915157e+00
1.873649280618596258e+00
1.873649280510188531e+00
1.873649280530090833e+00
1.873649280550723883e+00
1.873649280571079601e+00
1.873649280590454547e+00
1.873649280608383538e+00
1.873649280624593683e+00
1.873649280638957082e+00
1.873649280528115968e+00
1.873649280422259977e+00
1.873649280447367227e+00
1.873649280474889434e+00
1.873649280503068004e+00
1.873649280530625072e+00
1.873649280556678676e+00
1.873649280580660159e+00
1.873649280602243339e+00
1.873649280497950986e+00
1.873649280521252125e+00
1.873649280544641416e+00
1.873649280567191155e+00
1.873649280588275179e+00
1.873649280607505130e+00
1.873649280624673619e+00
1.873649280639716030e+00
1.873649280652666116e+00
1.873649280663630012e+00
1.873649280672758932e+00
1.873649280680228957e+00
1.873649280686234597e+00
1.873649280690964591e+00
1.873649280694607233e+00
1.873649280697335495e+00
1.873649280575971243e+00
1.873649280460788935e+00
1.873649280477779566e+00
1.873649280498358216e+00
1.873649280397355898e+00
1.873649280426874064e+00
1.873649280458323796e+00
1.873649280489932512e+00
1.873649280397098993e+00
1.873649280432435615e+00
1.873649280344469314e+00
1.873649280385295546e+00
1.873649280426386232e+00
1.873649280342744916e+00
1.873649280386713967e+00
1.873649280429984465e+00
1.873649280471091139e+00
1.873649280509074311e+00
1.873649280543372431e+00
1.873649280573728593e+00
1.873649280600111489e+00
1.873649280622651014e+00
1.873649280641590087e+00
1.873649280533901340e+00
1.873649280553401075e+00
