7.061913195168486368e+00
1.000000000000000000e+01
1.000000000000000000e+01
1.000000000000000000e+01
1.000000000000000000e+01
1.000000000000000000e+01
1.000000000000000000e+01
1.000000000000000000e+01
1.000000000000000000e+01
1.000000000000000000e+01
1.000000000000000000e+01
1.000000000000000000e+01
1.000000000000000000e+01
1.000000000000000000e+01
1.000000000000000000e+01
1.000000000000000000e+01
1.000000000000000000e+01
1.000000000000000000e+01
1.000000000000000000e+01
1.000000000000000000e+01
9.866291677169613195e+00
9.576552338874895653e+00
9.187021353273747692e+00
8.740703059346419224e+00
8.270427526601611845e+00
7.801859354224531806e+00
7.351692846153629723e+00
6.931167341962049200e+00
6.547218249897040820e+00
6.203455606751171914e+00
5.900983863196582746e+00
5.639078564343397382e+00
5.415781907252100957e+00
5.228397896882174933e+00
5.073475386229932660e+00
4.947369306080171114e+00
4.846428663556408445e+00
4.767130997282518656e+00
4.706173716743379032e+00
4.660531328534962547e+00
4.627486237935403146e+00
4.604639549984150371e+00
4.589907189719863112e+00
4.581505700241687684e+00
4.577931163387583879e+00
4.577933984781688004e+00
4.580491639678705873e+00
4.584780952948960930e+00
4.590151053897988831e+00
4.596097796150292680e+00
4.602240153785771781e+00
4.608298887024777635e+00
4.614077604459418502e+00
4.619446225426787400e+00
4.624326757263920840e+00
4.628681244980034748e+00
4.632501708227167114e+00
4.635801865057654680e+00
4.638610429909532762e+00
4.640965785470678284e+00
4.642911822427715052e+00
4.644494770155289665e+00
4.645760846778878239e+00
4.646754583116553761e+00
4.647517684357581835e+00
4.648088321213972307e+00
4.648500755068668333e+00
4.648785203752357376e+00
4.648967904516036143e+00
4.649071289996967060e+00
4.649114270148607453e+00
4.649112546617323538e+00
4.649078958793642968e+00
4.649023835038253338e+00
4.648955334813322793e+00
4.648879771898476676e+00
4.648801912335528641e+00
4.648725248367771457e+00
4.648652225777131441e+00
4.648584458481612280e+00
4.648522908481400151e+00
4.648468036767972045e+00
4.648419929755378099e+00
4.648378403195928321e+00
4.648343086237033184e+00
4.648313489175023072e+00
4.648289053356932321e+00
4.648269192580441356e+00
4.648253322078808480e+00
4.648240878437846391e+00
4.648231334673486259e+00
4.648224209399219653e+00
4.648219070040878087e+00
4.648215535869785420e+00
4.648213276609268085e+00
4.648212010023686780e+00
4.648211498449821732e+00
4.648211544698949815e+00
4.648211987658561917e+00
4.648212698263950671e+00
4.648213573757722372e+00
4.648214535604852315e+00
4.648215523728469911e+00
4.648216494690860401e+00
4.648217418093201658e+00
4.648218273954186408e+00
4.648219050459101886e+00
4.648219742055340831e+00
4.648220347864518764e+00
4.648220870378477976e+00
4.648221314405430959e+00
4.648221686233097394e+00
4.648221992977248362e+00
4.648222242086293754e+00
4.648222440975412262e+00
4.648222596766414583e+00
4.648222716112653252e+00
4.648222805091020149e+00
4.648222869145721248e+00
4.648222913071184514e+00
4.648222941023414378e+00
4.648222956551388840e+00
4.648222963062677238e+00
4.648222962476387110e+00
4.648222956842388065e+00
4.648222947808206662e+00
4.648222936674125449e+00
4.648222924445145843e+00
4.648222911878839625e+00
4.648222899528515306e+00
4.648222888202720782e+00
4.648222877599209824e+00
4.648222867897098709e+00
4.648222859191511347e+00
4.648222851514165477e+00
4.648222844850325330e+00
4.648222839573853626e+00
4.648222835058833269e+00
4.648222831673041178e+00
4.648222828795605999e+00
4.648222826385850937e+00
4.648222824397726605e+00
4.648222822783007580e+00
4.648222821493686929e+00
4.648222820904881480e+00
4.648222820416544998e+00
4.648222820017720025e+00
4.648222819697327424e+00
4.648222819444594478e+00
4.648222819249372861e+00
4.648222819102327819e+00
4.648222818995036754e+00
4.648222818920038080e+00
4.648222818870826778e+00
4.648222818841820647e+00
4.648222818828300795e+00
4.648222818826330816e+00
4.648222819253929217e+00
4.648222819972772868e+00
4.648222820452247994e+00
4.648222821164572416e+00
4.648222821596051269e+00
4.648222821811264005e+00
4.648222822285441147e+00
4.648222822506081542e+00
4.648222822537629639e+00
4.648222822432983570e+00
4.648222822234868268e+00
4.648222821977203267e+00
4.648222821686377237e+00
4.648222821382445247e+00
4.648222821080196354e+00
4.648222820790149257e+00
4.648222820519360532e+00
4.648222820272164491e+00
4.648222820050817994e+00
4.648222819855973853e+00
4.648222819687136464e+00
4.648222819543017970e+00
4.648222819421794050e+00
4.648222819321327748e+00
4.648222819239336445e+00
4.648222819173520648e+00
4.648222819542890072e+00
4.648222819788395910e+00
4.648222819936518313e+00
4.648222820009705103e+00
4.648222820447955428e+00
4.648222820709754899e+00
4.648222820836013902e+00
4.648222820860877569e+00
4.648222820812420331e+00
4.648222820713365344e+00
4.648222820581773718e+00
4.648222820431733737e+00
4.648222820273964828e+00
4.648222820116417964e+00
4.648222819964756169e+00
4.648222819822811935e+00
4.648222819692960250e+00
4.648222819576475651e+00
4.648222819895012847e+00
4.648222820091415741e+00
4.648222820193449678e+00
4.648222820224382268e+00
4.648222820203407935e+00
4.648222820146123091e+00
4.648222820064991545e+00
4.648222819969776154e+00
4.648222819867961597e+00
4.648222819765138958e+00
4.648222819665335237e+00
4.648222819571306452e+00
4.648222819906066228e+00
4.648222820113653064e+00
4.648222820222864371e+00
4.648222820257851495e+00
4.648222820659796639e+00
4.648222820887960793e+00
4.648222820983717085e+00
4.648222820981430026e+00
4.648222820909206021e+00
4.648222820789654541e+00
4.648222821061890109e+00
4.648222821182796061e+00
4.648222821191225762e+00
4.648222821119024850e+00
4.648222820991859017e+00
4.648222820830056001e+00
4.648222820649407616e+00
4.648222820461864302e+00
4.648222820276219025e+00
4.648222820098679264e+00
4.648222819933380379e+00
4.648222819782840354e+00
4.648222819648306192e+00
4.648222819530087868e+00
4.648222819427827446e+00
4.648222819340689149e+00
4.648222819267516570e+00
4.648222819206980105e+00
4.648222819157663999e+00
4.648222819118156046e+00
4.648222819087089341e+00
4.648222819063182243e+00
4.648222819045256138e+00
4.648222819032253206e+00
4.648222819023237307e+00
4.648222819017394869e+00
4.648222819014037555e+00
4.648222819012581830e+00
4.648222819012531204e+00
4.648222819013485108e+00
4.648222819015122909e+00
4.648222819017188812e+00
4.648222819019488306e+00
4.648222819021867736e+00
4.648222819024218744e+00
4.648222819026466723e+00
4.648222819028551278e+00
4.648222819451688359e+00
4.648222819738912825e+00
4.648222819918629511e+00
4.648222820015031509e+00
4.648222820048423465e+00
4.648222820035598168e+00
4.648222819990233567e+00
4.648222819923281790e+00
4.648222819843337739e+00
4.648222819757030777e+00
4.648222819669312500e+00
0.000000000000000000e+00
0.000000000000000000e+00
0.000000000000000000e+00
0.000000000000000000e+00
0.000000000000000000e+00
0.000000000000000000e+00
0.000000000000000000e+00
0.000000000000000000e+00
0.000000000000000000e+00
0.000000000000000000e+00
0.000000000000000000e+00
0.000000000000000000e+00
0.000000000000000000e+00
0.000000000000000000e+00
0.000000000000000000e+00
0.000000000000000000e+00
0.000000000000000000e+00
0.000000000000000000e+00
0.000000000000000000e+00
0.000000000000000000e+00
0.000000000000000000e+00
0.000000000000000000e+00
0.000000000000000000e+00
0.000000000000000000e+00
0.000000000000000000e+00
0.000000000000000000e+00
0.000000000000000000e+00
0.000000000000000000e+00
0.000000000000000000e+00
0.000000000000000000e+00
0.000000000000000000e+00
0.000000000000000000e+00
0.000000000000000000e+00
0.000000000000000000e+00
0.000000000000000000e+00
0.000000000000000000e+00
0.000000000000000000e+00
0.000000000000000000e+00
0.000000000000000000e+00
0.000000000000000000e+00
0.000000000000000000e+00
0.000000000000000000e+00
0.000000000000000000e+00
0.000000000000000000e+00
0.000000000000000000e+00
0.000000000000000000e+00
0.000000000000000000e+00
0.000000000000000000e+00
0.000000000000000000e+00
0.000000000000000000e+00
0.000000000000000000e+00
0.000000000000000000e+00
0.000000000000000000e+00
0.000000000000000000e+00
0.000000000000000000e+00
0.000000000000000000e+00
0.000000000000000000e+00
0.000000000000000000e+00
0.000000000000000000e+00
0.000000000000000000e+00
0.000000000000000000e+00
0.000000000000000000e+00
0.000000000000000000e+00
0.000000000000000000e+00
0.000000000000000000e+00
0.000000000000000000e+00
0.000000000000000000e+00
0.000000000000000000e+00
0.000000000000000000e+00
0.000000000000000000e+00
0.000000000000000000e+00
0.000000000000000000e+00
0.000000000000000000e+00
0.000000000000000000e+00
0.000000000000000000e+00
0.000000000000000000e+00
0.000000000000000000e+00
0.000000000000000000e+00
0.000000000000000000e+00
0.000000000000000000e+00
0.000000000000000000e+00
0.000000000000000000e+00
0.000000000000000000e+00
0.000000000000000000e+00
0.000000000000000000e+00
0.000000000000000000e+00
0.000000000000000000e+00
0.000000000000000000e+00
0.000000000000000000e+00
0.000000000000000000e+00
0.000000000000000000e+00
0.000000000000000000e+00
0.000000000000000000e+00
0.000000000000000000e+00
0.000000000000000000e+00
0.000000000000000000e+00
0.000000000000000000e+00
0.000000000000000000e+00
0.000000000000000000e+00
0.000000000000000000e+00
0.000000000000000000e+00
0.000000000000000000e+00
0.000000000000000000e+00
0.000000000000000000e+00
0.000000000000000000e+00
0.000000000000000000e+00
0.000000000000000000e+00
0.000000000000000000e+00
0.000000000000000000e+00
0.000000000000000000e+00
0.000000000000000000e+00
0.000000000000000000e+00
0.000000000000000000e+00
0.000000000000000000e+00
0.000000000000000000e+00
0.000000000000000000e+00
0.000000000000000000e+00
0.000000000000000000e+00
0.000000000000000000e+00
0.000000000000000000e+00
0.000000000000000000e+00
0.000000000000000000e+00
0.000000000000000000e+00
0.000000000000000000e+00
0.000000000000000000e+00
0.000000000000000000e+00
0.000000000000000000e+00
0.000000000000000000e+00
0.000000000000000000e+00
0.000000000000000000e+00
0.000000000000000000e+00
0.000000000000000000e+00
0.000000000000000000e+00
0.000000000000000000e+00
0.000000000000000000e+00
0.000000000000000000e+00
0.000000000000000000e+00
0.000000000000000000e+00
0.000000000000000000e+00
0.000000000000000000e+00
0.000000000000000000e+00
0.000000000000000000e+00
0.000000000000000000e+00
0.000000000000000000e+00
0.000000000000000000e+00
0.000000000000000000e+00
0.000000000000000000e+00
0.000000000000000000e+00
0.000000000000000000e+00
0.000000000000000000e+00
0.000000000000000000e+00
0.000000000000000000e+00
0.000000000000000000e+00
0.000000000000000000e+00
0.000000000000000000e+00
0.000000000000000000e+00
0.000000000000000000e+00
0.000000000000000000e+00
0.000000000000000000e+00
0.000000000000000000e+00
0.000000000000000000e+00
0.000000000000000000e+00
0.000000000000000000e+00
0.000000000000000000e+00
0.000000000000000000e+00
0.000000000000000000e+00
0.000000000000000000e+00
0.000000000000000000e+00
0.000000000000000000e+00
0.000000000000000000e+00
0.000000000000000000e+00
0.000000000000000000e+00
0.000000000000000000e+00
0.000000000000000000e+00
0.000000000000000000e+00
0.000000000000000000e+00
0.000000000000000000e+00
0.000000000000000000e+00
0.000000000000000000e+00
0.000000000000000000e+00
0.000000000000000000e+00
0.000000000000000000e+00
0.000000000000000000e+00
0.000000000000000000e+00
0.000000000000000000e+00
0.000000000000000000e+00
0.000000000000000000e+00
0.000000000000000000e+00
0.000000000000000000e+00
0.000000000000000000e+00
0.000000000000000000e+00
0.000000000000000000e+00
0.000000000000000000e+00
0.000000000000000000e+00
0.000000000000000000e+00
0.000000000000000000e+00
0.000000000000000000e+00
0.000000000000000000e+00
0.000000000000000000e+00
0.000000000000000000e+00
0.000000000000000000e+00
0.000000000000000000e+00
0.000000000000000000e+00
0.000000000000000000e+00
0.000000000000000000e+00
0.000000000000000000e+00
0.000000000000000000e+00
0.000000000000000000e+00
0.000000000000000000e+00
0.000000000000000000e+00
0.000000000000000000e+00
0.000000000000000000e+00
0.000000000000000000e+00
0.000000000000000000e+00
0.000000000000000000e+00
0.000000000000000000e+00
0.000000000000000000e+00
0.000000000000000000e+00
0.000000000000000000e+00
0.000000000000000000e+00
0.000000000000000000e+00
0.000000000000000000e+00
0.000000000000000000e+00
0.000000000000000000e+00
0.000000000000000000e+00
0.000000000000000000e+00
0.000000000000000000e+00
0.000000000000000000e+00
0.000000000000000000e+00
0.000000000000000000e+00
0.000000000000000000e+00
0.000000000000000000e+00
0.000000000000000000e+00
0.000000000000000000e+00
0.000000000000000000e+00
0.000000000000000000e+00
0.000000000000000000e+00
0.000000000000000000e+00
0.000000000000000000e+00
0.000000000000000000e+00
0.000000000000000000e+00
0.000000000000000000e+00
0.000000000000000000e+00
0.000000000000000000e+00
0.000000000000000000e+00
0.000000000000000000e+00
0.000000000000000000e+00
0.000000000000000000e+00
0.000000000000000000e+00
0.000000000000000000e+00
0.000000000000000000e+00
0.000000000000000000e+00
0.000000000000000000e+00
0.000000000000000000e+00
0.000000000000000000e+00
0.000000000000000000e+00
0.000000000000000000e+00
0.000000000000000000e+00
0.000000000000000000e+00
0.000000000000000000e+00
0.000000000000000000e+00
0.000000000000000000e+00
0.000000000000000000e+00
0.000000000000000000e+00
0.000000000000000000e+00
0.000000000000000000e+00
0.000000000000000000e+00
0.000000000000000000e+00
0.000000000000000000e+00
0.000000000000000000e+00
0.000000000000000000e+00
0.000000000000000000e+00
0.000000000000000000e+00
0.000000000000000000e+00
0.000000000000000000e+00
0.000000000000000000e+00
0.000000000000000000e+00
0.000000000000000000e+00
0.000000000000000000e+00
0.000000000000000000e+00
0.000000000000000000e+00
0.000000000000000000e+00
0.000000000000000000e+00
0.000000000000000000e+00
0.000000000000000000e+00
0.000000000000000000e+00
0.000000000000000000e+00
0.000000000000000000e+00
0.000000000000000000e+00
0.000000000000000000e+00
0.000000000000000000e+00
0.000000000000000000e+00
0.000000000000000000e+00
0.000000000000000000e+00
0.000000000000000000e+00
0.000000000000000000e+00
0.000000000000000000e+00
0.000000000000000000e+00
0.000000000000000000e+00
0.000000000000000000e+00
0.000000000000000000e+00
0.000000000000000000e+00
0.000000000000000000e+00
0.000000000000000000e+00
0.000000000000000000e+00
0.000000000000000000e+00
0.000000000000000000e+00
0.000000000000000000e+00
0.000000000000000000e+00
0.000000000000000000e+00
0.000000000000000000e+00
0.000000000000000000e+00
0.000000000000000000e+00
0.000000000000000000e+00
0.000000000000000000e+00
0.000000000000000000e+00
0.000000000000000000e+00
0.000000000000000000e+00
0.000000000000000000e+00
0.000000000000000000e+00
0.000000000000000000e+00
0.000000000000000000e+00
0.000000000000000000e+00
0.000000000000000000e+00
0.000000000000000000e+00
0.000000000000000000e+00
0.000000000000000000e+00
0.000000000000000000e+00
0.000000000000000000e+00
