6.534552773693684813e-01
1.310301143048430372e+00
1.310301143023792303e+00
1.310301143023790527e+00
1.310301143023790527e+00
1.310301143023790527e+00
1.310301143023790527e+00
1.310301143023790527e+00
1.310301143023790527e+00
1.310301143023790527e+00
1.310301143023790527e+00
1.310301143023790527e+00
1.310301143023790527e+00
1.310301143023790527e+00
1.310301143023790527e+00
1.310301143023790527e+00
1.310301143023790527e+00
1.310301143023790527e+00
1.310301143023790527e+00
1.310301143023790527e+00
1.275495763910606373e+00
1.201681825887066735e+00
1.105912002435983865e+00
1.001068631565350975e+00
8.962456080361987931e-01
7.975673256942309441e-01
7.081835388619562854e-01
6.294828298252281851e-01
5.616745634043658342e-01
5.042413736438728922e-01
4.562679611045101224e-01
4.166653734291287936e-01
3.843204143744402557e-01
3.581858147347597998e-01
3.372735123516079070e-01
3.207153751256953678e-01
3.077618394451638872e-01
2.977729834549637800e-01
2.902064281672209201e-01
2.846046445896222021e-01
2.805830240074770887e-01
2.778192910152697537e-01
2.760443914825152500e-01
2.750347582092846910e-01
2.746057558608187010e-01
2.746060943405508881e-01
2.749130204888921569e-01
2.754281355749094162e-01
2.760737250257926378e-01
2.767895196670049907e-01
2.775298330247245593e-01
2.782610360705883856e-01
2.789593415180782743e-01
2.796088746912983591e-01
2.802000108892520047e-01
2.807279588454297814e-01
2.811915697151158300e-01
2.815923496303147089e-01
2.819336540992414264e-01
2.822200427081154595e-01
2.824567717871211414e-01
2.826494054374524834e-01
2.828035253568272900e-01
2.829245226316794981e-01
2.830174553544324567e-01
2.830869591698220167e-01
2.831371991047261227e-01
2.831718513380035995e-01
2.831941095095673044e-01
2.832067052090718740e-01
2.832119416559591984e-01
2.832117316693951170e-01
2.832076395205919139e-01
2.832009236168306354e-01
2.831925781184663760e-01
2.831833723300857808e-01
2.831738868844029255e-01
2.831645472482947623e-01
2.831556513721832369e-01
2.831473958383816658e-01
2.831398978148818024e-01
2.831332134157239500e-01
2.831273531534827526e-01
2.831222945524136114e-01
2.831179924338821929e-01
2.831143870725745804e-01
2.831114104602560078e-01
2.831089911614972920e-01
2.831070579369571183e-01
2.831055421512669312e-01
2.831043796083297370e-01
2.831035116690756026e-01
2.831028856350926159e-01
2.831024551331745576e-01
2.831021799299113240e-01
2.831020256453283812e-01
2.831019633302456762e-01
2.831019689638008541e-01
2.831020229207161787e-01
2.831021094809855199e-01
2.831022161258823222e-01
2.831023332895626354e-01
2.831024536546002945e-01
2.831025719283526421e-01
2.831026844168096357e-01
2.831027886627127121e-01
2.831028832498090342e-01
2.831029674940968577e-01
2.831030412885391923e-01
2.831031049366802277e-01
2.831031590235089102e-01
2.831032043167415191e-01
2.831032416820048470e-01
2.831032720263300106e-01
2.831032962533041042e-01
2.831033152304204270e-01
2.831033297690275785e-01
2.831033406160345933e-01
2.831033484093344321e-01
2.831033537171752656e-01
2.831033571648585712e-01
2.831033590563433733e-01
2.831033598494926973e-01
2.831033597780852618e-01
2.831033590917942377e-01
2.831033579913236342e-01
2.831033566350653063e-01
2.831033551454356090e-01
2.831033536147157803e-01
2.831033521103050177e-01
2.831033507306938146e-01
2.831033494390649552e-01
2.831033482572367643e-01
2.831033471967966952e-01
2.831033462616082130e-01
2.831033454498763091e-01
2.831033448071416658e-01
2.831033442571606606e-01
2.831033438447321249e-01
2.831033434942276661e-01
2.831033432008773776e-01
2.831033429585153582e-01
2.831033427631500232e-01
2.831033426041727474e-01
2.831033425330555797e-01
2.831033424735625581e-01
2.831033424249811969e-01
2.831033423859640186e-01
2.831033423551678752e-01
2.831033423313876751e-01
2.831033423134833305e-01
2.831033423004066796e-01
2.831033422912708764e-01
2.831033422852763937e-01
2.831033422817432199e-01
2.831033422800962596e-01
2.831033422798563404e-01
2.831033423319426201e-01
2.831033424195060211e-01
2.831033424779115237e-01
2.831033425646808932e-01
2.831033426172398504e-01
2.831033426434551581e-01
2.831033427012154546e-01
2.831033427280918446e-01
2.831033427319348261e-01
2.831033427191879115e-01
2.831033426950551601e-01
2.831033426636686556e-01
2.831033426282386078e-01
2.831033425912194423e-01
2.831033425544015047e-01
2.831033425190677133e-01
2.831033424860866510e-01
2.831033424559753486e-01
2.831033424290129719e-01
2.831033424052787351e-01
2.831033423847123531e-01
2.831033423671560634e-01
2.831033423523905412e-01
2.831033423401526639e-01
2.831033423301652086e-01
2.831033423221539502e-01
2.831033423671413529e-01
2.831033423970467644e-01
2.831033424150873334e-01
2.831033424240047003e-01
2.831033424773885532e-01
2.831033425092788769e-01
2.831033425246585744e-01
2.831033425276872073e-01
2.831033425217847066e-01
2.831033425097188028e-01
2.831033424936894027e-01
2.831033424754172967e-01
2.831033424561947287e-01
2.831033424370036911e-01
2.831033424185295244e-01
2.831033424012406319e-01
2.831033423854174558e-01
2.831033423712325248e-01
2.831033424100254936e-01
2.831033424339580717e-01
2.831033424463869630e-01
2.831033424501548934e-01
2.831033424476000482e-01
2.831033424406180776e-01
2.831033424307394242e-01
2.831033424191410908e-01
2.831033424067388449e-01
2.831033423942138083e-01
2.831033423820566997e-01
2.831033423706029173e-01
2.831033424113803543e-01
2.831033424366667939e-01
2.831033424499699858e-01
2.831033424542316879e-01
2.831033425031933004e-01
2.831033425309862905e-01
2.831033425426504602e-01
2.831033425423703509e-01
2.831033425335743314e-01
2.831033425190116470e-01
2.831033425521729541e-01
2.831033425669006731e-01
2.831033425679274074e-01
2.831033425591326091e-01
2.831033425436423889e-01
2.831033425239328771e-01
2.831033425019279237e-01
2.831033424790830311e-01
2.831033424564692313e-01
2.831033424348429750e-01
2.831033424147076372e-01
2.831033423963832951e-01
2.831033423799823034e-01
2.831033423655819337e-01
2.831033423531255089e-01
2.831033423425111106e-01
2.831033423335977961e-01
2.831033423262215298e-01
2.831033423202164445e-01
2.831033423154039608e-01
2.831033423116197656e-01
2.831033423087075396e-01
2.831033423065239529e-01
2.831033423049399977e-01
2.831033423038417651e-01
2.831033423031301122e-01
2.831033423027211615e-01
2.831033423025438034e-01
2.831033423025376417e-01
2.831033423026537710e-01
2.831033423028533891e-01
2.831033423031083518e-01
2.831033423033879615e-01
2.831033423036760643e-01
2.831033423039632790e-01
2.831033423042377262e-01
2.831033423044923558e-01
2.831033423560318507e-01
2.831033423910235824e-01
2.831033424129108522e-01
2.831033424246535146e-01
2.831033424287210942e-01
2.831033424271588994e-01
2.831033424216329863e-01
2.831033424134775101e-01
2.831033424037393553e-01
2.831033423932263204e-01
2.831033423825411455e-01
0.000000000000000000e+00
0.000000000000000000e+00
0.000000000000000000e+00
0.000000000000000000e+00
0.000000000000000000e+00
0.000000000000000000e+00
0.000000000000000000e+00
0.000000000000000000e+00
0.000000000000000000e+00
0.000000000000000000e+00
0.000000000000000000e+00
0.000000000000000000e+00
0.000000000000000000e+00
0.000000000000000000e+00
0.000000000000000000e+00
0.000000000000000000e+00
0.000000000000000000e+00
0.000000000000000000e+00
0.000000000000000000e+00
0.000000000000000000e+00
0.000000000000000000e+00
0.000000000000000000e+00
0.000000000000000000e+00
0.000000000000000000e+00
0.000000000000000000e+00
0.000000000000000000e+00
0.000000000000000000e+00
0.000000000000000000e+00
0.000000000000000000e+00
0.000000000000000000e+00
0.000000000000000000e+00
0.000000000000000000e+00
0.000000000000000000e+00
0.000000000000000000e+00
0.000000000000000000e+00
0.000000000000000000e+00
0.000000000000000000e+00
0.000000000000000000e+00
0.000000000000000000e+00
0.000000000000000000e+00
0.000000000000000000e+00
0.000000000000000000e+00
0.000000000000000000e+00
0.000000000000000000e+00
0.000000000000000000e+00
0.000000000000000000e+00
0.000000000000000000e+00
0.000000000000000000e+00
0.000000000000000000e+00
0.000000000000000000e+00
0.000000000000000000e+00
0.000000000000000000e+00
0.000000000000000000e+00
0.000000000000000000e+00
0.000000000000000000e+00
0.000000000000000000e+00
0.000000000000000000e+00
0.000000000000000000e+00
0.000000000000000000e+00
0.000000000000000000e+00
0.000000000000000000e+00
0.000000000000000000e+00
0.000000000000000000e+00
0.000000000000000000e+00
0.000000000000000000e+00
0.000000000000000000e+00
0.000000000000000000e+00
0.000000000000000000e+00
0.000000000000000000e+00
0.000000000000000000e+00
0.000000000000000000e+00
0.000000000000000000e+00
0.000000000000000000e+00
0.000000000000000000e+00
0.000000000000000000e+00
0.000000000000000000e+00
0.000000000000000000e+00
0.000000000000000000e+00
0.000000000000000000e+00
0.000000000000000000e+00
0.000000000000000000e+00
0.000000000000000000e+00
0.000000000000000000e+00
0.000000000000000000e+00
0.000000000000000000e+00
0.000000000000000000e+00
0.000000000000000000e+00
0.000000000000000000e+00
0.000000000000000000e+00
0.000000000000000000e+00
0.000000000000000000e+00
0.000000000000000000e+00
0.000000000000000000e+00
0.000000000000000000e+00
0.000000000000000000e+00
0.000000000000000000e+00
0.000000000000000000e+00
0.000000000000000000e+00
0.000000000000000000e+00
0.000000000000000000e+00
0.000000000000000000e+00
0.000000000000000000e+00
0.000000000000000000e+00
0.000000000000000000e+00
0.000000000000000000e+00
0.000000000000000000e+00
0.000000000000000000e+00
0.000000000000000000e+00
0.000000000000000000e+00
0.000000000000000000e+00
0.000000000000000000e+00
0.000000000000000000e+00
0.000000000000000000e+00
0.000000000000000000e+00
0.000000000000000000e+00
0.000000000000000000e+00
0.000000000000000000e+00
0.000000000000000000e+00
0.000000000000000000e+00
0.000000000000000000e+00
0.000000000000000000e+00
0.000000000000000000e+00
0.000000000000000000e+00
0.000000000000000000e+00
0.000000000000000000e+00
0.000000000000000000e+00
0.000000000000000000e+00
0.000000000000000000e+00
0.000000000000000000e+00
0.000000000000000000e+00
0.000000000000000000e+00
0.000000000000000000e+00
0.000000000000000000e+00
0.000000000000000000e+00
0.000000000000000000e+00
0.000000000000000000e+00
0.000000000000000000e+00
0.000000000000000000e+00
0.000000000000000000e+00
0.000000000000000000e+00
0.000000000000000000e+00
0.000000000000000000e+00
0.000000000000000000e+00
0.000000000000000000e+00
0.000000000000000000e+00
0.000000000000000000e+00
0.000000000000000000e+00
0.000000000000000000e+00
0.000000000000000000e+00
0.000000000000000000e+00
0.000000000000000000e+00
0.000000000000000000e+00
0.000000000000000000e+00
0.000000000000000000e+00
0.000000000000000000e+00
0.000000000000000000e+00
0.000000000000000000e+00
0.000000000000000000e+00
0.000000000000000000e+00
0.000000000000000000e+00
0.000000000000000000e+00
0.000000000000000000e+00
0.000000000000000000e+00
0.000000000000000000e+00
0.000000000000000000e+00
0.000000000000000000e+00
0.000000000000000000e+00
0.000000000000000000e+00
0.000000000000000000e+00
0.000000000000000000e+00
0.000000000000000000e+00
0.000000000000000000e+00
0.000000000000000000e+00
0.000000000000000000e+00
0.000000000000000000e+00
0.000000000000000000e+00
0.000000000000000000e+00
0.000000000000000000e+00
0.000000000000000000e+00
0.000000000000000000e+00
0.000000000000000000e+00
0.000000000000000000e+00
0.000000000000000000e+00
0.000000000000000000e+00
0.000000000000000000e+00
0.000000000000000000e+00
0.000000000000000000e+00
0.000000000000000000e+00
0.000000000000000000e+00
0.000000000000000000e+00
0.000000000000000000e+00
0.000000000000000000e+00
0.000000000000000000e+00
0.000000000000000000e+00
0.000000000000000000e+00
0.000000000000000000e+00
0.000000000000000000e+00
0.000000000000000000e+00
0.000000000000000000e+00
0.000000000000000000e+00
0.000000000000000000e+00
0.000000000000000000e+00
0.000000000000000000e+00
0.000000000000000000e+00
0.000000000000000000e+00
0.000000000000000000e+00
0.000000000000000000e+00
0.000000000000000000e+00
0.000000000000000000e+00
0.000000000000000000e+00
0.000000000000000000e+00
0.000000000000000000e+00
0.000000000000000000e+00
0.000000000000000000e+00
0.000000000000000000e+00
0.000000000000000000e+00
0.000000000000000000e+00
0.000000000000000000e+00
0.000000000000000000e+00
0.000000000000000000e+00
0.000000000000000000e+00
0.000000000000000000e+00
0.000000000000000000e+00
0.000000000000000000e+00
0.000000000000000000e+00
0.000000000000000000e+00
0.000000000000000000e+00
0.000000000000000000e+00
0.000000000000000000e+00
0.000000000000000000e+00
0.000000000000000000e+00
0.000000000000000000e+00
0.000000000000000000e+00
0.000000000000000000e+00
0.000000000000000000e+00
0.000000000000000000e+00
0.000000000000000000e+00
0.000000000000000000e+00
0.000000000000000000e+00
0.000000000000000000e+00
0.000000000000000000e+00
0.000000000000000000e+00
0.000000000000000000e+00
0.000000000000000000e+00
0.000000000000000000e+00
0.000000000000000000e+00
0.000000000000000000e+00
0.000000000000000000e+00
0.000000000000000000e+00
0.000000000000000000e+00
0.000000000000000000e+00
0.000000000000000000e+00
0.000000000000000000e+00
0.000000000000000000e+00
0.000000000000000000e+00
0.000000000000000000e+00
0.000000000000000000e+00
0.000000000000000000e+00
0.000000000000000000e+00
0.000000000000000000e+00
0.000000000000000000e+00
0.000000000000000000e+00
0.000000000000000000e+00
0.000000000000000000e+00
0.000000000000000000e+00
0.000000000000000000e+00
0.000000000000000000e+00
0.000000000000000000e+00
0.000000000000000000e+00
0.000000000000000000e+00
0.000000000000000000e+00
0.000000000000000000e+00
0.000000000000000000e+00
0.000000000000000000e+00
0.000000000000000000e+00
0.000000000000000000e+00
0.000000000000000000e+00
0.000000000000000000e+00
0.000000000000000000e+00
0.000000000000000000e+00
0.000000000000000000e+00
0.000000000000000000e+00
0.000000000000000000e+00
0.000000000000000000e+00
0.000000000000000000e+00
0.000000000000000000e+00
0.000000000000000000e+00
0.000000000000000000e+00
0.000000000000000000e+00
0.000000000000000000e+00
0.000000000000000000e+00
0.000000000000000000e+00
0.000000000000000000e+00
0.000000000000000000e+00
0.000000000000000000e+00
0.000000000000000000e+00
0.000000000000000000e+00
0.000000000000000000e+00
0.000000000000000000e+00
0.000000000000000000e+00
0.000000000000000000e+00
0.000000000000000000e+00
0.000000000000000000e+00
0.000000000000000000e+00
0.000000000000000000e+00
0.000000000000000000e+00
0.000000000000000000e+00
0.000000000000000000e+00
0.000000000000000000e+00
0.000000000000000000e+00
0.000000000000000000e+00
0.000000000000000000e+00
0.000000000000000000e+00
0.000000000000000000e+00
0.000000000000000000e+00
0.000000000000000000e+00
0.000000000000000000e+00
0.000000000000000000e+00
0.000000000000000000e+00
0.000000000000000000e+00
0.000000000000000000e+00
0.000000000000000000e+00
0.000000000000000000e+00
0.000000000000000000e+00
0.000000000000000000e+00
0.000000000000000000e+00
0.000000000000000000e+00
0.000000000000000000e+00
0.000000000000000000e+00
