-2.394354265775613388e-01
-3.460713202150256240e-01
-4.142963914799212000e-01
-4.815939938095497030e-01
-5.487829093392648794e-01
-6.151058281753069013e-01
-6.814272895396890073e-01
-7.466716316380048735e-01
-8.115794775665945426e-01
-8.752279219987224579e-01
-9.389058336251088210e-01
-1.001344753563285117e+00
-1.063193612493271711e+00
-1.124156367516281785e+00
-1.183980402680413713e+00
-1.243397428320046405e+00
-1.301544143402414422e+00
-1.358858637838346706e+00
-1.415419088085695609e+00
-1.470737269529850177e+00
-1.522416995975087950e+00
-1.568739659347893500e+00
-1.609313787103134885e+00
-1.644336794040783367e+00
-1.674724372671630324e+00
-1.700254828954618436e+00
-1.721416521981419034e+00
-1.738717976626435124e+00
-1.752663355527993350e+00
-1.763735116652020540e+00
-1.772382479512648601e+00
-1.779034095975249752e+00
-1.784105841136931492e+00
-1.787829803158145214e+00
-1.790486234026800627e+00
-1.792313438077151044e+00
-1.793511105874067368e+00
-1.794244101314632633e+00
-1.794646430830963091e+00
-1.794825206106168025e+00
-1.794864448841529736e+00
-1.794828645140685630e+00
-1.794766002237345504e+00
-1.794711358694297321e+00
-1.794688751896424961e+00
-1.794713643579096463e+00
-1.794794820774745059e+00
-1.794935995834858744e+00
-1.795137133370321436e+00
-1.795395533926279708e+00
-1.795706704530392717e+00
-1.796065045387284620e+00
-1.796464380308674613e+00
-1.796898356013755471e+00
-1.797360734291631346e+00
-1.797845595432159715e+00
-1.798347472266776048e+00
-1.798861428111413474e+00
-1.799383095146872780e+00
-1.799908678421803021e+00
-1.800434939613542173e+00
-1.800959163753293790e+00
-1.801479117443227196e+00
-1.801992999654548289e+00
-1.802499392048389826e+00
-1.802997210226909619e+00
-1.803485652071231016e+00
-1.803964157970156634e+00
-1.804432364095590380e+00
-1.804890073430418518e+00
-1.805337217202191979e+00
-1.805773829041687595e+00
-1.806200021188730354e+00
-1.806615964484366010e+00
-1.807021871812271030e+00
-1.807417984598769234e+00
-1.807804564093204558e+00
-1.808181876629203266e+00
-1.808550193072309131e+00
-1.808909782426703750e+00
-1.809260907737763269e+00
-1.809603823830784997e+00
-1.809938775742011785e+00
-1.810265997835264873e+00
-1.810585713845998423e+00
-1.810898135715387269e+00
-1.811203465279858538e+00
-1.811501894106164912e+00
-1.811793603798109942e+00
-1.812078767375063126e+00
-1.812357549873405027e+00
-1.812630108338577628e+00
-1.812896593570537895e+00
-1.813157150053584132e+00
-1.813411916717995176e+00
-1.813661027469235965e+00
-1.813904611659922228e+00
-1.814142794505745115e+00
-1.814375697630884243e+00
-1.814603438655771672e+00
-1.814826132729224106e+00
-1.815043891315447411e+00
-1.815256823646212769e+00
-1.815465036167989599e+00
-1.815668632857784015e+00
-1.815867715338443933e+00
-1.816062382975778711e+00
-1.816252732960686789e+00
-1.816438860379188558e+00
-1.816620858272734118e+00
-1.816798817690868706e+00
-1.816972827737961982e+00
-1.817142975615376965e+00
-1.817309346660276770e+00
-1.817472024381884044e+00
-1.817631090496013346e+00
-1.817786624958328989e+00
-1.817938705996741344e+00
-1.818087410143301330e+00
-1.818232812265694331e+00
-1.818374985598552040e+00
-1.818514001955886972e+00
-1.818649931042272350e+00
-1.818782841556243035e+00
-1.818912800509879357e+00
-1.819039873436903765e+00
-1.819164124423059636e+00
-1.819285616136264938e+00
-1.819404409856467453e+00
-1.819520565686491231e+00
-1.819634141861281584e+00
-1.819745195849206354e+00
-1.819853783669105773e+00
-1.819959960095625107e+00
-1.820063778686527023e+00
-1.820165291990825995e+00
-1.820264550855176910e+00
-1.820361605703569197e+00
-1.820456505131390568e+00
-1.820549297180218407e+00
-1.820640028650741815e+00
-1.820728745303892282e+00
-1.820815491883957193e+00
-1.820900312322502490e+00
-1.820983249040557972e+00
-1.821064344042827798e+00
-1.821143638227566086e+00
-1.821221171584725962e+00
-1.821296983216144305e+00
-1.821371111355266859e+00
-1.821443593386443460e+00
-1.821514465863790733e+00
-1.821583764529643990e+00
-1.821651524332589034e+00
-1.821717779445096941e+00
-1.821782563280760492e+00
-1.821845908692483196e+00
-1.821907847450329854e+00
-1.821968410610314670e+00
-1.822027629072780375e+00
-1.822085532344087877e+00
-1.822142149801702971e+00
-1.822197510178913404e+00
-1.822251641036704228e+00
-1.822304569850365485e+00
-1.822356323311896453e+00
-1.822406927520902720e+00
-1.822456407997672390e+00
-1.822504789695977845e+00
-1.822552097015600836e+00
-1.822598353814592897e+00
-1.822643583421283964e+00
-1.822687808645994334e+00
-1.822731051792540580e+00
-1.822773334669463452e+00
-1.822814678600999549e+00
-1.822855104437844265e+00
-1.822894632567664264e+00
-1.822933282925362164e+00
-1.822971075003142705e+00
-1.823008027860332447e+00
-1.823044160133008074e+00
-1.823079490224698063e+00
-1.823114035595656102e+00
-1.823147813844431919e+00
-1.823180842005383440e+00
-1.823213136916070010e+00
-1.823244714505687813e+00
-1.823275590875843122e+00
-1.823305781597284625e+00
-1.823335301895218752e+00
-1.823364166656931573e+00
-1.823392390439255717e+00
-1.823419987475874304e+00
-1.823446971684466344e+00
-1.823473356673711798e+00
-1.823499155750124778e+00
-1.823524381924753968e+00
-1.823549047919729382e+00
-1.823573166174681681e+00
-1.823596749034312126e+00
-1.823619808034596890e+00
-1.823642354981375391e+00
-1.823664401244937228e+00
-1.823685957943228519e+00
-1.823707035947433663e+00
-1.823727645887423865e+00
-1.823747798157088429e+00
-1.823767502919566130e+00
-1.823786770112348243e+00
-1.823805609452275434e+00
-1.823824030440427624e+00
-1.823842042548237341e+00
-1.823859654502219652e+00
-1.823876875361149175e+00
-1.823893713809259243e+00
-1.823910178519413172e+00
-1.823926277437420751e+00
-1.823942018858790703e+00
-1.823957410721516403e+00
-1.823972460787538274e+00
-1.823987176646606923e+00
-1.824001565901384847e+00
-1.824015635451224249e+00
-1.824029392568380370e+00
-1.824042844190291834e+00
-1.824055997100543891e+00
-1.824068857932233279e+00
-1.824081433171284683e+00
-1.824093729159666832e+00
-1.824105752098584610e+00
-1.824117508051569470e+00
-1.824129002947530775e+00
-1.824140242583732086e+00
-1.824151232628695496e+00
-1.824161978625066904e+00
-1.824172485992404003e+00
-1.824182760029902983e+00
-1.824192805919064853e+00
-1.824202628726318665e+00
-1.824212233405570593e+00
-1.824221624800709929e+00
-1.824230807648044461e+00
-1.824239786578696343e+00
-1.824248566120936221e+00
-1.824257150702470742e+00
-1.824265544652673654e+00
-1.824273752204774279e+00
-1.824281777497994028e+00
-1.824289624579631397e+00
-1.824297297407101226e+00
-1.824304799849941094e+00
-1.824312135691756875e+00
-1.824319308632133652e+00
-1.824326322288501778e+00
-1.824333180197956761e+00
-1.824339885819052043e+00
-1.824346442533538948e+00
-1.824352853648067097e+00
-1.824359122577184245e+00
-1.824365252125021097e+00
-1.824371245559481824e+00
-1.824377105902523777e+00
-1.824382836109166739e+00
-1.824388439068942436e+00
-1.824393917607325832e+00
-1.824399274487132683e+00
-1.824404512409883772e+00
-1.824409634017170045e+00
-1.824414641891946687e+00
-1.824419538559832521e+00
0.000000000000000000e+00
0.000000000000000000e+00
0.000000000000000000e+00
0.000000000000000000e+00
0.000000000000000000e+00
0.000000000000000000e+00
0.000000000000000000e+00
0.000000000000000000e+00
0.000000000000000000e+00
0.000000000000000000e+00
0.000000000000000000e+00
0.000000000000000000e+00
0.000000000000000000e+00
0.000000000000000000e+00
0.000000000000000000e+00
0.000000000000000000e+00
0.000000000000000000e+00
0.000000000000000000e+00
0.000000000000000000e+00
0.000000000000000000e+00
0.000000000000000000e+00
0.000000000000000000e+00
0.000000000000000000e+00
0.000000000000000000e+00
0.000000000000000000e+00
0.000000000000000000e+00
0.000000000000000000e+00
0.000000000000000000e+00
0.000000000000000000e+00
0.000000000000000000e+00
0.000000000000000000e+00
0.000000000000000000e+00
0.000000000000000000e+00
0.000000000000000000e+00
0.000000000000000000e+00
0.000000000000000000e+00
0.000000000000000000e+00
0.000000000000000000e+00
0.000000000000000000e+00
0.000000000000000000e+00
0.000000000000000000e+00
0.000000000000000000e+00
0.000000000000000000e+00
0.000000000000000000e+00
0.000000000000000000e+00
0.000000000000000000e+00
0.000000000000000000e+00
0.000000000000000000e+00
0.000000000000000000e+00
0.000000000000000000e+00
0.000000000000000000e+00
0.000000000000000000e+00
0.000000000000000000e+00
0.000000000000000000e+00
0.000000000000000000e+00
0.000000000000000000e+00
0.000000000000000000e+00
0.000000000000000000e+00
0.000000000000000000e+00
0.000000000000000000e+00
0.000000000000000000e+00
0.000000000000000000e+00
0.000000000000000000e+00
0.000000000000000000e+00
0.000000000000000000e+00
0.000000000000000000e+00
0.000000000000000000e+00
0.000000000000000000e+00
0.000000000000000000e+00
0.000000000000000000e+00
0.000000000000000000e+00
0.000000000000000000e+00
0.000000000000000000e+00
0.000000000000000000e+00
0.000000000000000000e+00
0.000000000000000000e+00
0.000000000000000000e+00
0.000000000000000000e+00
0.000000000000000000e+00
0.000000000000000000e+00
0.000000000000000000e+00
0.000000000000000000e+00
0.000000000000000000e+00
0.000000000000000000e+00
0.000000000000000000e+00
0.000000000000000000e+00
0.000000000000000000e+00
0.000000000000000000e+00
0.000000000000000000e+00
0.000000000000000000e+00
0.000000000000000000e+00
0.000000000000000000e+00
0.000000000000000000e+00
0.000000000000000000e+00
0.000000000000000000e+00
0.000000000000000000e+00
0.000000000000000000e+00
0.000000000000000000e+00
0.000000000000000000e+00
0.000000000000000000e+00
0.000000000000000000e+00
0.000000000000000000e+00
0.000000000000000000e+00
0.000000000000000000e+00
0.000000000000000000e+00
0.000000000000000000e+00
0.000000000000000000e+00
0.000000000000000000e+00
0.000000000000000000e+00
0.000000000000000000e+00
0.000000000000000000e+00
0.000000000000000000e+00
0.000000000000000000e+00
0.000000000000000000e+00
0.000000000000000000e+00
0.000000000000000000e+00
0.000000000000000000e+00
0.000000000000000000e+00
0.000000000000000000e+00
0.000000000000000000e+00
0.000000000000000000e+00
0.000000000000000000e+00
0.000000000000000000e+00
0.000000000000000000e+00
0.000000000000000000e+00
0.000000000000000000e+00
0.000000000000000000e+00
0.000000000000000000e+00
0.000000000000000000e+00
0.000000000000000000e+00
0.000000000000000000e+00
0.000000000000000000e+00
0.000000000000000000e+00
0.000000000000000000e+00
0.000000000000000000e+00
0.000000000000000000e+00
0.000000000000000000e+00
0.000000000000000000e+00
0.000000000000000000e+00
0.000000000000000000e+00
0.000000000000000000e+00
0.000000000000000000e+00
0.000000000000000000e+00
0.000000000000000000e+00
0.000000000000000000e+00
0.000000000000000000e+00
0.000000000000000000e+00
0.000000000000000000e+00
0.000000000000000000e+00
0.000000000000000000e+00
0.000000000000000000e+00
0.000000000000000000e+00
0.000000000000000000e+00
0.000000000000000000e+00
0.000000000000000000e+00
0.000000000000000000e+00
0.000000000000000000e+00
0.000000000000000000e+00
0.000000000000000000e+00
0.000000000000000000e+00
0.000000000000000000e+00
0.000000000000000000e+00
0.000000000000000000e+00
0.000000000000000000e+00
0.000000000000000000e+00
0.000000000000000000e+00
0.000000000000000000e+00
0.000000000000000000e+00
0.000000000000000000e+00
0.000000000000000000e+00
0.000000000000000000e+00
0.000000000000000000e+00
0.000000000000000000e+00
0.000000000000000000e+00
0.000000000000000000e+00
0.000000000000000000e+00
0.000000000000000000e+00
0.000000000000000000e+00
0.000000000000000000e+00
0.000000000000000000e+00
0.000000000000000000e+00
0.000000000000000000e+00
0.000000000000000000e+00
0.000000000000000000e+00
0.000000000000000000e+00
0.000000000000000000e+00
0.000000000000000000e+00
0.000000000000000000e+00
0.000000000000000000e+00
0.000000000000000000e+00
0.000000000000000000e+00
0.000000000000000000e+00
0.000000000000000000e+00
0.000000000000000000e+00
0.000000000000000000e+00
0.000000000000000000e+00
0.000000000000000000e+00
0.000000000000000000e+00
0.000000000000000000e+00
0.000000000000000000e+00
0.000000000000000000e+00
0.000000000000000000e+00
0.000000000000000000e+00
0.000000000000000000e+00
0.000000000000000000e+00
0.000000000000000000e+00
0.000000000000000000e+00
0.000000000000000000e+00
0.000000000000000000e+00
0.000000000000000000e+00
0.000000000000000000e+00
0.000000000000000000e+00
0.000000000000000000e+00
0.000000000000000000e+00
0.000000000000000000e+00
0.000000000000000000e+00
0.000000000000000000e+00
0.000000000000000000e+00
0.000000000000000000e+00
0.000000000000000000e+00
0.000000000000000000e+00
0.000000000000000000e+00
0.000000000000000000e+00
0.000000000000000000e+00
0.000000000000000000e+00
0.000000000000000000e+00
0.000000000000000000e+00
0.000000000000000000e+00
0.000000000000000000e+00
0.000000000000000000e+00
0.000000000000000000e+00
0.000000000000000000e+00
0.000000000000000000e+00
0.000000000000000000e+00
0.000000000000000000e+00
0.000000000000000000e+00
0.000000000000000000e+00
0.000000000000000000e+00
0.000000000000000000e+00
0.000000000000000000e+00
0.000000000000000000e+00
0.000000000000000000e+00
0.000000000000000000e+00
0.000000000000000000e+00
0.000000000000000000e+00
0.000000000000000000e+00
0.000000000000000000e+00
0.000000000000000000e+00
0.000000000000000000e+00
0.000000000000000000e+00
0.000000000000000000e+00
0.000000000000000000e+00
0.000000000000000000e+00
0.000000000000000000e+00
0.000000000000000000e+00
0.000000000000000000e+00
0.000000000000000000e+00
0.000000000000000000e+00
0.000000000000000000e+00
0.000000000000000000e+00
0.000000000000000000e+00
0.000000000000000000e+00
0.000000000000000000e+00
0.000000000000000000e+00
0.000000000000000000e+00
0.000000000000000000e+00
0.000000000000000000e+00
0.000000000000000000e+00
0.000000000000000000e+00
0.000000000000000000e+00
0.000000000000000000e+00
0.000000000000000000e+00
0.000000000000000000e+00
0.000000000000000000e+00
0.000000000000000000e+00
0.000000000000000000e+00
0.000000000000000000e+00
0.000000000000000000e+00
0.000000000000000000e+00
0.000000000000000000e+00
0.000000000000000000e+00
0.000000000000000000e+00
0.000000000000000000e+00
0.000000000000000000e+00
0.000000000000000000e+00
0.000000000000000000e+00
0.000000000000000000e+00
0.000000000000000000e+00
0.000000000000000000e+00
0.000000000000000000e+00
0.000000000000000000e+00
0.000000000000000000e+00
0.000000000000000000e+00
0.000000000000000000e+00
0.000000000000000000e+00
0.000000000000000000e+00
0.000000000000000000e+00
0.000000000000000000e+00
0.000000000000000000e+00
0.000000000000000000e+00
0.000000000000000000e+00
0.000000000000000000e+00
0.000000000000000000e+00
0.000000000000000000e+00
0.000000000000000000e+00
0.000000000000000000e+00
0.000000000000000000e+00
0.000000000000000000e+00
0.000000000000000000e+00
0.000000000000000000e+00
0.000000000000000000e+00
0.000000000000000000e+00
0.000000000000000000e+00
0.000000000000000000e+00
0.000000000000000000e+00
0.000000000000000000e+00
0.000000000000000000e+00
0.000000000000000000e+00
0.000000000000000000e+00
0.000000000000000000e+00
0.000000000000000000e+00
0.000000000000000000e+00
0.000000000000000000e+00
0.000000000000000000e+00
0.000000000000000000e+00
0.000000000000000000e+00
0.000000000000000000e+00
0.000000000000000000e+00
0.000000000000000000e+00
