0.000000000000000000e+00
8.539541122451166063e-04
8.539541122451166063e-04
8.539541122451166063e-04
1.510369192940501587e-03
1.510369192940501587e-03
1.510369192940501587e-03
3.467874607679916066e-03
3.467874607679916066e-03
3.467874607679916066e-03
6.691505969719731099e-03
6.691505969719731099e-03
6.691505969719731099e-03
1.112363043757664226e-02
1.112363043757664226e-02
1.112363043757664226e-02
1.668505949362796004e-02
1.668505949362796004e-02
1.668505949362796004e-02
2.327642536759136002e-02
2.327642536759136002e-02
2.327642536759136002e-02
3.077997086862566470e-02
3.077997086862566470e-02
3.077997086862566470e-02
3.906166283200017408e-02
3.906166283200017408e-02
3.906166283200017408e-02
4.797359574580265656e-02
4.797359574580265656e-02
4.797359574580265656e-02
5.735663164823946725e-02
5.735663164823946725e-02
5.735663164823946725e-02
6.704325666576872733e-02
6.704325666576872733e-02
6.704325666576872733e-02
7.686056956543256546e-02
7.686056956543256546e-02
7.686056956543256546e-02
8.663336828135106971e-02
8.663336828135106971e-02
8.663336828135106971e-02
9.618728792319995724e-02
9.618728792319995724e-02
9.618728792319995724e-02
1.053518951256231934e-01
1.053518951256231934e-01
1.053518951256231934e-01
1.139637398154993292e-01
1.139637398154993292e-01
1.139637398154993292e-01
1.218692538644437495e-01
1.218692538644437495e-01
1.218692538644437495e-01
1.289274907640907408e-01
1.289274907640907408e-01
1.289274907640907408e-01
1.350126298737133190e-01
1.350126298737133190e-01
1.350126298737133190e-01
1.400162108370786862e-01
1.400162108370786862e-01
1.400162108370786862e-01
1.438490613946539765e-01
1.438490613946539765e-01
1.438490613946539765e-01
1.464428799673505033e-01
1.464428799673505033e-01
1.464428799673505033e-01
1.477514474282937695e-01
1.477514474282937695e-01
1.477514474282937695e-01
1.477514474282937695e-01
1.477514474282937695e-01
1.477514474282937695e-01
1.464428799673505033e-01
1.464428799673505033e-01
1.464428799673505033e-01
1.438490613946539765e-01
1.438490613946539765e-01
1.438490613946539765e-01
1.400162108370786862e-01
1.400162108370786862e-01
1.400162108370786862e-01
1.350126298737133190e-01
1.350126298737133190e-01
1.350126298737133190e-01
1.289274907640907408e-01
1.289274907640907408e-01
1.289274907640907408e-01
1.218692538644437495e-01
1.218692538644437495e-01
1.218692538644437495e-01
1.139637398154993292e-01
1.139637398154993292e-01
1.139637398154993292e-01
1.053518951256231934e-01
1.053518951256231934e-01
1.053518951256231934e-01
9.618728792319995724e-02
9.618728792319995724e-02
9.618728792319995724e-02
8.663336828135106971e-02
8.663336828135106971e-02
8.663336828135106971e-02
7.686056956543256546e-02
7.686056956543256546e-02
7.686056956543256546e-02
6.704325666576872733e-02
6.704325666576872733e-02
6.704325666576872733e-02
5.735663164823946725e-02
5.735663164823946725e-02
5.735663164823946725e-02
4.797359574580242758e-02
4.797359574580242758e-02
4.797359574580242758e-02
3.906166283200017408e-02
3.906166283200017408e-02
3.906166283200017408e-02
3.077997086862566470e-02
3.077997086862566470e-02
3.077997086862566470e-02
2.327642536759136002e-02
2.327642536759136002e-02
2.327642536759136002e-02
1.668505949362796004e-02
1.668505949362796004e-02
1.668505949362796004e-02
1.112363043757664226e-02
1.112363043757664226e-02
1.112363043757664226e-02
6.691505969719731099e-03
6.691505969719731099e-03
6.691505969719731099e-03
3.467874607679916066e-03
3.467874607679916066e-03
3.467874607679916066e-03
1.510369192940501587e-03
1.510369192940501587e-03
1.510369192940501587e-03
8.539541122451166063e-04
8.539541122451166063e-04
8.539541122451166063e-04
8.539541122451166063e-04
8.539541122451166063e-04
8.539541122451166063e-04
8.539541122451166063e-04
8.539541122451166063e-04
8.539541122451166063e-04
8.539541122451166063e-04
8.539541122451166063e-04
8.539541122451166063e-04
8.539541122451166063e-04
8.539541122451166063e-04
8.539541122451166063e-04
1.253221444673796592e-02
1.253221444673796592e-02
1.253221444673796592e-02
1.253221444673796592e-02
1.253221444673796592e-02
1.253221444673796592e-02
1.253221444673796592e-02
1.253221444673796592e-02
1.253221444673796592e-02
1.253221444673796592e-02
1.253221444673796592e-02
1.253221444673796592e-02
4.385452332364343092e-02
4.385452332364343092e-02
4.385452332364343092e-02
4.385452332364343092e-02
4.385452332364343092e-02
4.385452332364343092e-02
4.385452332364343092e-02
4.385452332364343092e-02
4.385452332364343092e-02
4.385452332364343092e-02
4.385452332364343092e-02
4.385452332364343092e-02
8.486770128447021500e-02
8.486770128447021500e-02
8.486770128447021500e-02
8.486770128447021500e-02
8.486770128447021500e-02
8.486770128447021500e-02
8.486770128447021500e-02
8.486770128447021500e-02
8.486770128447021500e-02
8.486770128447021500e-02
8.486770128447021500e-02
8.486770128447021500e-02
1.225479294606506703e-01
1.225479294606506703e-01
1.225479294606506703e-01
1.225479294606506703e-01
1.225479294606506703e-01
1.225479294606506703e-01
1.225479294606506703e-01
1.225479294606506703e-01
1.225479294606506703e-01
1.225479294606506703e-01
1.225479294606506703e-01
1.225479294606506703e-01
1.449385438420122407e-01
1.449385438420122407e-01
1.449385438420122407e-01
1.449385438420122407e-01
1.449385438420122407e-01
1.449385438420122407e-01
1.449385438420122407e-01
1.449385438420122407e-01
1.449385438420122407e-01
1.449385438420122407e-01
1.449385438420122407e-01
1.449385438420122407e-01
1.449385438420122407e-01
1.449385438420122407e-01
1.449385438420122407e-01
1.449385438420122407e-01
1.449385438420122407e-01
1.449385438420122407e-01
1.449385438420122407e-01
1.449385438420122407e-01
1.449385438420122407e-01
1.449385438420122407e-01
1.449385438420122407e-01
1.449385438420122407e-01
1.225479294606506703e-01
1.225479294606506703e-01
1.225479294606506703e-01
1.225479294606506703e-01
1.225479294606506703e-01
1.225479294606506703e-01
1.225479294606506703e-01
1.225479294606506703e-01
1.225479294606506703e-01
1.225479294606506703e-01
1.225479294606506703e-01
1.225479294606506703e-01
8.486770128447071460e-02
8.486770128447071460e-02
8.486770128447071460e-02
8.486770128447071460e-02
8.486770128447071460e-02
8.486770128447071460e-02
8.486770128447071460e-02
8.486770128447071460e-02
8.486770128447071460e-02
8.486770128447071460e-02
8.486770128447071460e-02
8.486770128447071460e-02
4.385452332364343092e-02
4.385452332364343092e-02
4.385452332364343092e-02
4.385452332364343092e-02
4.385452332364343092e-02
4.385452332364343092e-02
4.385452332364343092e-02
4.385452332364343092e-02
4.385452332364343092e-02
4.385452332364343092e-02
4.385452332364343092e-02
4.385452332364343092e-02
1.253221444673796592e-02
1.253221444673796592e-02
1.253221444673796592e-02
1.253221444673796592e-02
1.253221444673796592e-02
1.253221444673796592e-02
1.253221444673796592e-02
1.253221444673796592e-02
1.253221444673796592e-02
1.253221444673796592e-02
1.253221444673796592e-02
1.253221444673796592e-02
8.539541122451166063e-04
8.539541122451166063e-04
8.539541122451166063e-04
8.539541122451166063e-04
8.539541122451166063e-04
8.539541122451166063e-04
8.539541122451166063e-04
8.539541122451166063e-04
8.539541122451166063e-04
8.539541122451166063e-04
8.539541122451166063e-04
8.539541122451166063e-04
8.539541122451166063e-04
8.539541122451166063e-04
8.539541122451166063e-04
1.510369192940501587e-03
1.510369192940501587e-03
1.510369192940501587e-03
3.467874607679916066e-03
3.467874607679916066e-03
3.467874607679916066e-03
6.691505969719731099e-03
6.691505969719731099e-03
6.691505969719731099e-03
1.112363043757664226e-02
1.112363043757664226e-02
1.112363043757664226e-02
1.668505949362796004e-02
1.668505949362796004e-02
1.668505949362796004e-02
2.327642536759136002e-02
2.327642536759136002e-02
2.327642536759136002e-02
3.077997086862566470e-02
3.077997086862566470e-02
3.077997086862566470e-02
3.906166283200017408e-02
3.906166283200017408e-02
3.906166283200017408e-02
4.797359574580265656e-02
4.797359574580265656e-02
4.797359574580265656e-02
5.735663164823946725e-02
5.735663164823946725e-02
5.735663164823946725e-02
6.704325666576872733e-02
6.704325666576872733e-02
6.704325666576872733e-02
7.686056956543256546e-02
7.686056956543256546e-02
7.686056956543256546e-02
8.663336828135106971e-02
8.663336828135106971e-02
8.663336828135106971e-02
9.618728792319995724e-02
9.618728792319995724e-02
9.618728792319995724e-02
1.053518951256231934e-01
1.053518951256231934e-01
1.053518951256231934e-01
1.139637398154993292e-01
1.139637398154993292e-01
1.139637398154993292e-01
1.218692538644437495e-01
1.218692538644437495e-01
1.218692538644437495e-01
1.289274907640907408e-01
1.289274907640907408e-01
1.289274907640907408e-01
1.350126298737133190e-01
1.350126298737133190e-01
1.350126298737133190e-01
1.400162108370786862e-01
1.400162108370786862e-01
1.400162108370786862e-01
1.438490613946539765e-01
1.438490613946539765e-01
1.438490613946539765e-01
1.464428799673505033e-01
1.464428799673505033e-01
1.464428799673505033e-01
1.477514474282937695e-01
1.477514474282937695e-01
1.477514474282937695e-01
1.477514474282937695e-01
1.477514474282937695e-01
1.477514474282937695e-01
1.464428799673505033e-01
1.464428799673505033e-01
1.464428799673505033e-01
1.438490613946539765e-01
1.438490613946539765e-01
1.438490613946539765e-01
1.400162108370786862e-01
1.400162108370786862e-01
1.400162108370786862e-01
1.350126298737133190e-01
1.350126298737133190e-01
1.350126298737133190e-01
1.289274907640907408e-01
1.289274907640907408e-01
1.289274907640907408e-01
1.218692538644437495e-01
1.218692538644437495e-01
1.218692538644437495e-01
1.139637398154993292e-01
1.139637398154993292e-01
1.139637398154993292e-01
1.053518951256231934e-01
1.053518951256231934e-01
1.053518951256231934e-01
9.618728792319995724e-02
9.618728792319995724e-02
9.618728792319995724e-02
8.663336828135106971e-02
8.663336828135106971e-02
8.663336828135106971e-02
7.686056956543256546e-02
7.686056956543256546e-02
7.686056956543256546e-02
6.704325666576872733e-02
6.704325666576872733e-02
6.704325666576872733e-02
5.735663164823946725e-02
5.735663164823946725e-02
5.735663164823946725e-02
4.797359574580242758e-02
4.797359574580242758e-02
4.797359574580242758e-02
3.906166283200017408e-02
3.906166283200017408e-02
3.906166283200017408e-02
3.077997086862566470e-02
3.077997086862566470e-02
3.077997086862566470e-02
2.327642536759136002e-02
2.327642536759136002e-02
2.327642536759136002e-02
1.668505949362796004e-02
1.668505949362796004e-02
1.668505949362796004e-02
1.112363043757664226e-02
1.112363043757664226e-02
1.112363043757664226e-02
6.691505969719731099e-03
6.691505969719731099e-03
6.691505969719731099e-03
3.467874607679916066e-03
3.467874607679916066e-03
3.467874607679916066e-03
1.510369192940501587e-03
1.510369192940501587e-03
1.510369192940501587e-03
8.539541122451166063e-04
8.539541122451166063e-04
8.539541122451166063e-04
8.539541122451166063e-04
8.539541122451166063e-04
8.539541122451166063e-04
8.539541122451166063e-04
8.539541122451166063e-04
8.539541122451166063e-04
8.539541122451166063e-04
8.539541122451166063e-04
8.539541122451166063e-04
8.539541122451166063e-04
8.539541122451166063e-04
8.539541122451166063e-04
1.253221444673796592e-02
1.253221444673796592e-02
1.253221444673796592e-02
1.253221444673796592e-02
1.253221444673796592e-02
1.253221444673796592e-02
1.253221444673796592e-02
1.253221444673796592e-02
1.253221444673796592e-02
1.253221444673796592e-02
1.253221444673796592e-02
1.253221444673796592e-02
4.385452332364343092e-02
4.385452332364343092e-02
4.385452332364343092e-02
4.385452332364343092e-02
4.385452332364343092e-02
4.385452332364343092e-02
4.385452332364343092e-02
4.385452332364343092e-02
4.385452332364343092e-02
4.385452332364343092e-02
4.385452332364343092e-02
4.385452332364343092e-02
8.486770128447021500e-02
8.486770128447021500e-02
8.486770128447021500e-02
8.486770128447021500e-02
8.486770128447021500e-02
8.486770128447021500e-02
8.486770128447021500e-02
8.486770128447021500e-02
8.486770128447021500e-02
8.486770128447021500e-02
8.486770128447021500e-02
8.486770128447021500e-02
1.225479294606506703e-01
1.225479294606506703e-01
1.225479294606506703e-01
1.225479294606506703e-01
1.225479294606506703e-01
1.225479294606506703e-01
1.225479294606506703e-01
1.225479294606506703e-01
1.225479294606506703e-01
1.225479294606506703e-01
1.225479294606506703e-01
1.225479294606506703e-01
1.449385438420122407e-01
1.449385438420122407e-01
1.449385438420122407e-01
1.449385438420122407e-01
1.449385438420122407e-01
1.449385438420122407e-01
1.449385438420122407e-01
1.449385438420122407e-01
1.449385438420122407e-01
1.449385438420122407e-01
1.449385438420122407e-01
1.449385438420122407e-01
1.449385438420122407e-01
1.449385438420122407e-01
1.449385438420122407e-01
1.449385438420122407e-01
1.449385438420122407e-01
1.449385438420122407e-01
1.449385438420122407e-01
1.449385438420122407e-01
1.449385438420122407e-01
1.449385438420122407e-01
1.449385438420122407e-01
1.449385438420122407e-01
1.225479294606506703e-01
1.225479294606506703e-01
1.225479294606506703e-01
1.225479294606506703e-01
1.225479294606506703e-01
1.225479294606506703e-01
1.225479294606506703e-01
1.225479294606506703e-01
1.225479294606506703e-01
1.225479294606506703e-01
1.225479294606506703e-01
1.225479294606506703e-01
8.486770128447071460e-02
8.486770128447071460e-02
8.486770128447071460e-02
8.486770128447071460e-02
8.486770128447071460e-02
8.486770128447071460e-02
8.486770128447071460e-02
8.486770128447071460e-02
8.486770128447071460e-02
8.486770128447071460e-02
8.486770128447071460e-02
8.486770128447071460e-02
4.385452332364343092e-02
4.385452332364343092e-02
4.385452332364343092e-02
4.385452332364343092e-02
4.385452332364343092e-02
4.385452332364343092e-02
4.385452332364343092e-02
4.385452332364343092e-02
4.385452332364343092e-02
4.385452332364343092e-02
4.385452332364343092e-02
4.385452332364343092e-02
1.253221444673796592e-02
1.253221444673796592e-02
1.253221444673796592e-02
1.253221444673796592e-02
1.253221444673796592e-02
1.253221444673796592e-02
1.253221444673796592e-02
1.253221444673796592e-02
1.253221444673796592e-02
1.253221444673796592e-02
1.253221444673796592e-02
1.253221444673796592e-02
8.539541122451166063e-04
8.539541122451166063e-04
8.539541122451166063e-04
8.539541122451166063e-04
8.539541122451166063e-04
8.539541122451166063e-04
8.539541122451166063e-04
8.539541122451166063e-04
8.539541122451166063e-04
8.539541122451166063e-04
8.539541122451166063e-04
8.539541122451166063e-04
