0.000000000000000000e+00
3.717066113819010587e-02
7.340430082231395870e-02
1.087327604538314008e-01
1.431859187412072854e-01
1.767914441557706662e-01
2.095767267986722027e-01
2.415689903636190350e-01
2.727931795616043709e-01
3.032721344372509842e-01
3.330284882044223793e-01
3.620848469393737057e-01
3.904625453054898498e-01
4.181815608575955023e-01
4.452610209791198481e-01
4.717193612554358428e-01
4.975742920507978395e-01
5.228428276286887222e-01
5.475413527215056142e-01
5.716856216191652518e-01
5.952908076953403738e-01
